FileName: C:\TRAWLS~3\GP077A1
Local Time: Wed Aug 15 07:01:42 2012

Ship: August 15, 2012 Trip: GP077A1 Tow: tow 2
Comments: Zone 12 banc brandelle
 Date    Time     Latitude       Longitude    Speed    Primary  Secondary DoorSpread      Depth 
120815  100144  47  32.5354 N  63  39.9355 W   2.7        2.2*       0.0        0.0        0.0 
120815  100145  47  32.5351 N  63  39.9364 W   2.7        2.2        0.0        0.0        0.0 
120815  100146  47  32.5347 N  63  39.9373 W   2.7        2.2        2.7*       0.0        0.0 
120815  100147  47  32.5343 N  63  39.9381 W   2.7        2.2        2.7        0.0        0.0 
120815  100148  47  32.5340 N  63  39.9390 W   2.6        2.2        2.7        0.0        0.0 
120815  100149  47  32.5336 N  63  39.9399 W   2.6        2.2        2.7        0.0        0.0 
120815  100150  47  32.5332 N  63  39.9409 W   2.6        2.2        2.7        0.0        0.0 
120815  100151  47  32.5329 N  63  39.9418 W   2.6        2.2        2.7        0.0        0.0 
120815  100152  47  32.5326 N  63  39.9427 W   2.6        2.2        2.7        0.0        0.0 
120815  100153  47  32.5323 N  63  39.9435 W   2.6        3.5*       2.7        0.0        0.0 
120815  100154  47  32.5319 N  63  39.9444 W   2.6        3.5        2.7        0.0        0.0 
120815  100155  47  32.5316 N  63  39.9453 W   2.6        3.5        2.7        0.0        0.0 
120815  100156  47  32.5312 N  63  39.9462 W   2.6        3.5        2.7        0.0        0.0 
120815  100157  47  32.5309 N  63  39.9471 W   2.5        3.5        2.7        0.0        0.0 
120815  100158  47  32.5305 N  63  39.9480 W   2.6        3.5        2.7        0.0        0.0 
120815  100159  47  32.5301 N  63  39.9489 W   2.6        3.5        2.7        0.0        0.0 
120815  100200  47  32.5297 N  63  39.9499 W   2.6        3.5        2.7        0.0        0.0 
120815  100201  47  32.5293 N  63  39.9509 W   2.7        3.5        2.7        0.0        0.0 
120815  100202  47  32.5289 N  63  39.9520 W   2.8        3.5        2.7        0.0        0.0 
120815  100203  47  32.5284 N  63  39.9534 W   2.9        3.5        2.7        0.0        0.9*
120815  100204  47  32.5278 N  63  39.9547 W   3.1        3.5        2.7        0.0        0.9 
120815  100205  47  32.5271 N  63  39.9562 W   3.3        3.5        2.7        0.0        0.9 
120815  100206  47  32.5265 N  63  39.9578 W   3.5        3.5        2.7        0.0        0.9 
120815  100207  47  32.5258 N  63  39.9594 W   3.7        3.5        2.7        0.0        0.9 
120815  100208  47  32.5252 N  63  39.9611 W   3.8        3.5        2.7        0.0        0.9 
120815  100209  47  32.5245 N  63  39.9628 W   4.0        3.5        2.7        0.0        0.9 
120815  100210  47  32.5237 N  63  39.9646 W   4.2        3.5        2.7        0.0        0.9 
120815  100211  47  32.5229 N  63  39.9666 W   4.5        3.5        2.7        0.0        0.9 
120815  100212  47  32.5220 N  63  39.9687 W   4.7        3.5        2.7        0.0        0.9 
120815  100213  47  32.5211 N  63  39.9709 W   5.0        3.5        2.7        0.0        1.8*
120815  100214  47  32.5202 N  63  39.9731 W   5.2        3.5        2.7        0.0        1.8 
120815  100215  47  32.5194 N  63  39.9752 W   5.3        3.5        2.7        0.0        1.8 
120815  100216  47  32.5186 N  63  39.9774 W   5.4        3.5        2.7        0.0        1.8 
120815  100217  47  32.5178 N  63  39.9794 W   5.4        3.5        2.7        0.0        1.8 
120815  100218  47  32.5170 N  63  39.9814 W   5.5        3.5        2.7        0.0        1.8 
120815  100219  47  32.5160 N  63  39.9835 W   5.6        3.5        2.7        0.0        1.8 
120815  100220  47  32.5150 N  63  39.9857 W   5.7        3.5        2.7        0.0        1.8 
120815  100221  47  32.5140 N  63  39.9880 W   5.8        3.5        2.7        0.0        1.8 
120815  100222  47  32.5130 N  63  39.9904 W   6.0        3.5        2.7        0.0        1.8 
120815  100223  47  32.5120 N  63  39.9929 W   6.2        3.5        2.7        0.0        1.8 
120815  100224  47  32.5110 N  63  39.9952 W   6.3        3.5        2.7        0.0        1.8 
120815  100225  47  32.5100 N  63  39.9976 W   6.4        3.5        2.7        0.0        1.8 
120815  100226  47  32.5090 N  63  39.9999 W   6.4        3.5        2.7        0.0        1.8 
120815  100227  47  32.5081 N  63  40.0021 W   6.4        3.5        2.7        0.0        1.8 
120815  100228  47  32.5071 N  63  40.0044 W   6.4        3.5        2.7        0.0        1.8 
120815  100229  47  32.5061 N  63  40.0066 W   6.4        3.5        2.7        0.0        1.8 
120815  100230  47  32.5051 N  63  40.0090 W   6.5        3.5        2.7        0.0        1.8 
120815  100231  47  32.5041 N  63  40.0115 W   6.6        3.5        2.7        0.0        1.8 
120815  100232  47  32.5031 N  63  40.0139 W   6.6        3.5        2.7        0.0        1.8 
120815  100233  47  32.5021 N  63  40.0165 W   6.7        3.5        2.7        0.0        1.8 
120815  100234  47  32.5011 N  63  40.0192 W   6.8        3.5        2.7        0.0        1.8 
120815  100235  47  32.5001 N  63  40.0217 W   6.8        3.5        2.7        0.0        1.8 
120815  100236  47  32.4992 N  63  40.0241 W   6.8        3.5        2.7        0.0        1.8 
120815  100237  47  32.4982 N  63  40.0265 W   6.8        3.5        2.7        0.0        1.8 
120815  100238  47  32.4972 N  63  40.0288 W   6.8        3.5        2.7        0.0        1.8 
120815  100239  47  32.4963 N  63  40.0312 W   6.8        3.5        2.7        0.0        1.8 
120815  100240  47  32.4953 N  63  40.0337 W   6.8        3.5        2.7        0.0        1.8 
120815  100241  47  32.4944 N  63  40.0361 W   6.8        3.5        2.7        0.0        1.8 
120815  100242  47  32.4933 N  63  40.0387 W   6.9        3.5        2.7        0.0        1.8 
120815  100243  47  32.4923 N  63  40.0413 W   7.0        3.5        2.7        0.0        1.8 
120815  100244  47  32.4912 N  63  40.0439 W   7.0        3.5        2.7        0.0        1.8 
120815  100245  47  32.4903 N  63  40.0465 W   7.1        3.5        2.7        0.0        1.8 
120815  100246  47  32.4894 N  63  40.0492 W   7.1        3.5        2.7        0.0        1.8 
120815  100247  47  32.4885 N  63  40.0517 W   7.1        3.5        2.7        0.0        1.8 
120815  100248  47  32.4875 N  63  40.0541 W   7.0        3.5        2.7        0.0        1.8 
120815  100249  47  32.4865 N  63  40.0565 W   7.0        3.5        2.7        0.0        1.8 
120815  100250  47  32.4854 N  63  40.0589 W   7.0        3.5        2.7        0.0        1.8 
120815  100251  47  32.4844 N  63  40.0614 W   7.0        3.5        2.7        0.0        1.8 
120815  100252  47  32.4834 N  63  40.0639 W   7.1        3.5        2.7        0.0        1.8 
120815  100253  47  32.4824 N  63  40.0666 W   7.1        3.5        2.7        0.0        1.8 
120815  100254  47  32.4814 N  63  40.0693 W   7.2        3.5        2.7        0.0        1.8 
120815  100255  47  32.4804 N  63  40.0719 W   7.2        3.5        2.7        0.0        1.8 
120815  100256  47  32.4795 N  63  40.0744 W   7.1        3.5        2.7        0.0        1.8 
120815  100257  47  32.4786 N  63  40.0768 W   7.1        3.5        2.7        0.0        1.8 
120815  100258  47  32.4775 N  63  40.0792 W   7.1        3.5        2.7        0.0        1.8 
120815  100259  47  32.4764 N  63  40.0817 W   7.1        3.5        2.7        0.0        1.8 
120815  100300  47  32.4753 N  63  40.0843 W   7.1        3.5        2.7        0.0        1.8 
120815  100301  47  32.4742 N  63  40.0868 W   7.2        3.5        2.7        0.0        1.8 
120815  100302  47  32.4732 N  63  40.0894 W   7.2        3.5        2.7        0.0        1.8 
120815  100303  47  32.4722 N  63  40.0919 W   7.2        3.5        2.7        0.0        1.8 
120815  100304  47  32.4711 N  63  40.0944 W   7.2        3.5        2.7        0.0        1.8 
120815  100305  47  32.4701 N  63  40.0968 W   7.2        3.5        2.7        0.0        1.8 
120815  100306  47  32.4691 N  63  40.0992 W   7.2        3.5        2.7        0.0        1.8 
120815  100307  47  32.4680 N  63  40.1017 W   7.2        3.5        2.7        0.0        1.8 
120815  100308  47  32.4669 N  63  40.1042 W   7.2        3.5        2.7        0.0        1.8 
120815  100309  47  32.4658 N  63  40.1067 W   7.2        3.5        2.7        0.0        1.8 
120815  100310  47  32.4647 N  63  40.1091 W   7.2        3.5        2.7        0.0        1.8 
120815  100311  47  32.4635 N  63  40.1114 W   7.2        3.5        2.7        0.0        1.8 
120815  100312  47  32.4624 N  63  40.1138 W   7.2        3.5        2.7        0.0        1.8 
120815  100313  47  32.4614 N  63  40.1162 W   7.1        3.5        2.7        0.0        1.8 
120815  100314  47  32.4604 N  63  40.1186 W   7.1        3.5        2.7        0.0        1.8 
120815  100315  47  32.4594 N  63  40.1210 W   7.1        3.5        2.7        0.0        1.8 
120815  100316  47  32.4583 N  63  40.1235 W   7.1        3.5        2.7        0.0        1.8 
120815  100317  47  32.4574 N  63  40.1259 W   7.1        3.5        2.7        0.0        1.8 
120815  100318  47  32.4563 N  63  40.1284 W   7.1        3.5        2.7        0.0        1.8 
120815  100319  47  32.4553 N  63  40.1308 W   7.1        3.5        2.7        0.0        1.8 
120815  100320  47  32.4542 N  63  40.1332 W   7.1        3.5        2.7        0.0        1.8 
120815  100321  47  32.4531 N  63  40.1355 W   7.0        3.5        2.7        0.0        1.8 
120815  100322  47  32.4520 N  63  40.1379 W   7.0        3.5        2.7        0.0        1.8 
120815  100323  47  32.4509 N  63  40.1402 W   7.0        3.5        2.7        0.0        1.8 
120815  100324  47  32.4498 N  63  40.1426 W   7.0        3.5        2.7        0.0        1.8 
120815  100325  47  32.4488 N  63  40.1450 W   7.0        3.5        2.7        0.0        1.8 
120815  100326  47  32.4478 N  63  40.1474 W   7.0        3.5        2.7        0.0        1.8 
120815  100327  47  32.4467 N  63  40.1498 W   7.0        3.5        2.7        0.0        1.8 
120815  100328  47  32.4457 N  63  40.1522 W   7.0        3.5        2.7        0.0        1.8 
120815  100329  47  32.4445 N  63  40.1546 W   7.0        3.5        2.7        0.0        1.8 
120815  100330  47  32.4434 N  63  40.1571 W   7.0        3.5        2.7        0.0        1.8 
120815  100331  47  32.4423 N  63  40.1595 W   7.1        3.5        2.7        0.0        1.8 
120815  100332  47  32.4412 N  63  40.1620 W   7.1        3.5        2.7        0.0        1.8 
120815  100333  47  32.4401 N  63  40.1643 W   7.1        3.5        2.7        0.0      622.4*
120815  100334  47  32.4391 N  63  40.1667 W   7.0        3.5        2.7        0.0      622.4 
120815  100335  47  32.4380 N  63  40.1691 W   7.0        3.5        2.7        0.0      622.4 
120815  100336  47  32.4371 N  63  40.1714 W   7.0        3.5        2.7        0.0      622.4 
120815  100337  47  32.4361 N  63  40.1739 W   7.0        3.5        2.7        0.0      622.4 
120815  100338  47  32.4350 N  63  40.1763 W   7.0        3.5        2.7      125.9*     622.4 
120815  100339  47  32.4339 N  63  40.1787 W   7.0        3.5        2.7      125.9      622.4 
120815  100340  47  32.4329 N  63  40.1811 W   7.0        3.5        2.7      125.9      622.4 
120815  100341  47  32.4317 N  63  40.1834 W   7.0        3.5        2.7      125.9      622.4 
120815  100342  47  32.4306 N  63  40.1858 W   7.0        3.5        2.7      125.9      622.4 
120815  100343  47  32.4296 N  63  40.1883 W   7.0        3.5        2.7      125.9      622.4 
120815  100344  47  32.4286 N  63  40.1906 W   7.0        3.5        2.7      125.9      622.4 
120815  100345  47  32.4276 N  63  40.1930 W   6.9        3.5        2.7      125.9      622.4 
120815  100346  47  32.4267 N  63  40.1953 W   6.9        3.5        2.7      125.9      622.4 
120815  100347  47  32.4257 N  63  40.1977 W   6.8        3.5        2.7      125.9      622.4 
120815  100348  47  32.4249 N  63  40.1999 W   6.8        3.5        2.7      125.9      622.4 
120815  100349  47  32.4239 N  63  40.2021 W   6.7        3.5        2.7      125.9      622.4 
120815  100350  47  32.4230 N  63  40.2041 W   6.6        3.5        2.7      125.9      622.4 
120815  100351  47  32.4220 N  63  40.2061 W   6.5        3.5        2.7      125.9      622.4 
120815  100352  47  32.4210 N  63  40.2082 W   6.4        3.5        2.7      125.9      622.4 
120815  100353  47  32.4202 N  63  40.2102 W   6.3        3.5        2.7      125.9      622.4 
120815  100354  47  32.4193 N  63  40.2122 W   6.2        3.5        2.7      125.9      622.4 
120815  100355  47  32.4185 N  63  40.2141 W   6.1        3.5        2.7      125.9      622.4 
120815  100356  47  32.4176 N  63  40.2159 W   6.0        3.5        2.7      125.9      622.4 
120815  100357  47  32.4168 N  63  40.2176 W   5.9        3.5        2.7      125.9      622.4 
120815  100358  47  32.4159 N  63  40.2194 W   5.8        3.5        2.7      125.9      622.4 
120815  100359  47  32.4150 N  63  40.2213 W   5.8        3.5        2.7      125.9      622.4 
120815  100400  47  32.4142 N  63  40.2232 W   5.7        3.5        2.7      125.9      622.4 
120815  100401  47  32.4134 N  63  40.2251 W   5.7        3.5        2.7      125.9      622.4 
120815  100402  47  32.4125 N  63  40.2269 W   5.7        3.5        2.7      125.9      622.4 
120815  100403  47  32.4116 N  63  40.2288 W   5.6        3.5        2.7      125.9       32.6*
120815  100404  47  32.4108 N  63  40.2305 W   5.6        3.5        2.7      125.9       32.6 
120815  100405  47  32.4101 N  63  40.2322 W   5.5        3.5        2.7      125.9       32.6 
120815  100406  47  32.4094 N  63  40.2339 W   5.4        3.5        2.7      125.9       32.6 
120815  100407  47  32.4086 N  63  40.2354 W   5.2        3.5        2.7      125.9       32.6 
120815  100408  47  32.4079 N  63  40.2369 W   5.1        3.5        2.7      125.9       32.6 
120815  100409  47  32.4072 N  63  40.2384 W   5.0        3.5        2.7      125.9       30.4*
120815  100410  47  32.4066 N  63  40.2397 W   4.9        3.5        2.7      125.9       30.4 
120815  100411  47  32.4061 N  63  40.2410 W   4.7        3.5        2.7      125.9       30.4 
120815  100412  47  32.4055 N  63  40.2422 W   4.5        3.5        2.7      125.9       30.4 
120815  100413  47  32.4050 N  63  40.2432 W   4.3        3.5        2.7      125.9       30.4 
120815  100414  47  32.4044 N  63  40.2443 W   4.1        3.5        2.7      125.9       27.3*
120815  100415  47  32.4040 N  63  40.2453 W   4.0        3.5        2.7      125.9       27.3 
120815  100416  47  32.4036 N  63  40.2463 W   3.8        3.5        2.7      125.9       27.3 
120815  100417  47  32.4031 N  63  40.2472 W   3.7        3.5        2.7      125.9       27.3 
120815  100418  47  32.4026 N  63  40.2482 W   3.6        3.5        2.7      125.9       27.3 
120815  100419  47  32.4022 N  63  40.2490 W   3.4        3.5        2.7      125.9       38.7*
120815  100420  47  32.4018 N  63  40.2498 W   3.3        3.5        2.7      125.9       38.7 
120815  100421  47  32.4014 N  63  40.2506 W   3.2        3.5        2.7      125.9       38.7 
120815  100422  47  32.4010 N  63  40.2514 W   3.1        3.5        2.7      125.9       38.7 
120815  100423  47  32.4007 N  63  40.2522 W   3.0        3.5        2.7      125.9       38.7 
120815  100424  47  32.4002 N  63  40.2530 W   2.9        3.5        2.7      125.9       31.2*
120815  100425  47  32.3997 N  63  40.2538 W   2.9        3.5        2.7      125.9       31.2 
120815  100426  47  32.3992 N  63  40.2545 W   2.8        3.5        2.7      125.9       31.2 
120815  100427  47  32.3989 N  63  40.2553 W   2.7        3.5        2.7      125.9       31.2 
120815  100428  47  32.3985 N  63  40.2560 W   2.6        3.5        2.7      125.9       31.2 
120815  100429  47  32.3981 N  63  40.2567 W   2.6        3.5        2.7      125.9       31.2 
120815  100430  47  32.3977 N  63  40.2574 W   2.5        3.5        2.7      125.9       33.4*
120815  100431  47  32.3974 N  63  40.2581 W   2.4        3.5        2.7      125.9       33.4 
120815  100432  47  32.3970 N  63  40.2586 W   2.4        3.5        2.7      125.9       33.4 
120815  100433  47  32.3967 N  63  40.2593 W   2.4        3.5        2.7      125.9       33.4 
120815  100434  47  32.3962 N  63  40.2600 W   2.4        3.5        2.7      125.9       33.4 
120815  100435  47  32.3958 N  63  40.2606 W   2.3        3.5        2.7      125.9       38.3*
120815  100436  47  32.3955 N  63  40.2613 W   2.3        3.5        2.7      125.9       38.3 
120815  100437  47  32.3951 N  63  40.2619 W   2.2        3.5        2.7      125.9       38.3 
120815  100438  47  32.3947 N  63  40.2624 W   2.2        3.5        2.7      125.9       38.3 
120815  100439  47  32.3943 N  63  40.2630 W   2.2        3.5        2.7      125.9       38.3 
120815  100440  47  32.3939 N  63  40.2635 W   2.1        3.5        2.7      125.9       39.1*
120815  100441  47  32.3936 N  63  40.2641 W   2.1        3.5       11.2*     125.9       39.1 
120815  100442  47  32.3932 N  63  40.2647 W   2.1        3.5       11.2      125.9       39.1 
120815  100443  47  32.3928 N  63  40.2653 W   2.1        3.5       11.2      125.9       39.1 
120815  100444  47  32.3924 N  63  40.2659 W   2.1        3.5       11.2      125.9       39.1 
120815  100445  47  32.3920 N  63  40.2665 W   2.1        3.5       11.2      125.9       39.1 
120815  100446  47  32.3917 N  63  40.2671 W   2.1        3.5       11.2      125.9       37.8*
120815  100447  47  32.3914 N  63  40.2677 W   2.1        3.5       11.2      125.9       37.8 
120815  100448  47  32.3911 N  63  40.2682 W   2.0        3.5       11.2      125.9       37.8 
120815  100449  47  32.3907 N  63  40.2686 W   2.0        3.5       11.2      125.9       37.8 
120815  100450  47  32.3903 N  63  40.2692 W   2.0        3.5       11.2      125.9       37.8 
120815  100451  47  32.3899 N  63  40.2698 W   2.0        3.5       11.2      125.9       35.2*
120815  100452  47  32.3896 N  63  40.2704 W   2.0        3.5       11.2      125.9       35.2 
120815  100453  47  32.3891 N  63  40.2710 W   2.1        3.5       12.0*     125.9       35.2 
120815  100454  47  32.3887 N  63  40.2715 W   2.1        3.5       12.0      125.9       35.2 
120815  100455  47  32.3883 N  63  40.2719 W   2.0        3.5       12.0      125.9       35.2 
120815  100456  47  32.3879 N  63  40.2725 W   2.0        3.5       12.0      125.9       55.9*
120815  100457  47  32.3876 N  63  40.2729 W   1.9        3.5       12.0      125.9       55.9 
120815  100458  47  32.3872 N  63  40.2735 W   1.9        3.5       12.0      125.9       55.9 
120815  100459  47  32.3867 N  63  40.2740 W   2.0        3.5       12.0      125.9       55.9 
120815  100500  47  32.3862 N  63  40.2744 W   2.0        3.5       12.0      125.9       55.9 
120815  100501  47  32.3858 N  63  40.2749 W   2.0        3.5       12.0      125.9       49.3*
120815  100502  47  32.3854 N  63  40.2754 W   2.0        3.5       12.0      125.9       49.3 
120815  100503  47  32.3850 N  63  40.2760 W   2.0        3.5       12.0      125.9       49.3 
120815  100504  47  32.3845 N  63  40.2766 W   2.0        3.5       12.0      125.9       49.3 
120815  100505  47  32.3842 N  63  40.2770 W   1.9        3.5       11.5*     125.9       49.3 
120815  100506  47  32.3839 N  63  40.2774 W   1.9        3.5       11.5      125.9       49.3 
120815  100507  47  32.3834 N  63  40.2780 W   1.9        3.5       11.5      125.9       67.7*
120815  100508  47  32.3830 N  63  40.2785 W   2.0        3.5       11.5      125.9       67.7 
120815  100509  47  32.3825 N  63  40.2790 W   1.9        3.5       11.5      125.9       67.7 
120815  100510  47  32.3821 N  63  40.2796 W   1.9        3.5       11.5      125.9       67.7 
120815  100511  47  32.3817 N  63  40.2801 W   1.9        3.5       11.5      125.9       67.7 
120815  100512  47  32.3813 N  63  40.2805 W   1.9        3.5       11.5      125.9       22.0*
120815  100513  47  32.3809 N  63  40.2810 W   1.9        3.5       11.5      125.9       22.0 
120815  100514  47  32.3805 N  63  40.2815 W   1.9        3.5       11.5      125.9       22.0 
120815  100515  47  32.3802 N  63  40.2819 W   1.9        3.5       11.5      125.9       22.0 
120815  100516  47  32.3798 N  63  40.2824 W   1.9        3.5       11.5      125.9       22.0 
120815  100517  47  32.3793 N  63  40.2829 W   1.9        3.5       11.3*     125.9       54.1*
120815  100518  47  32.3788 N  63  40.2834 W   1.9        3.5       11.3      125.9       54.1 
120815  100519  47  32.3784 N  63  40.2839 W   1.9        3.5       11.3      125.9       54.1 
120815  100520  47  32.3779 N  63  40.2845 W   2.0        3.5       11.3      125.9       54.1 
120815  100521  47  32.3774 N  63  40.2851 W   2.0        3.5       11.3      125.9       54.1 
120815  100522  47  32.3770 N  63  40.2856 W   2.0        3.5       11.3      125.9       54.1 
120815  100523  47  32.3766 N  63  40.2860 W   2.0        3.5       11.3      125.9       47.9*
120815  100524  47  32.3762 N  63  40.2865 W   1.9        3.5       11.3      125.9       47.9 
120815  100525  47  32.3757 N  63  40.2870 W   2.0        3.5       11.3      125.9       47.9 
120815  100526  47  32.3751 N  63  40.2876 W   2.1        3.5       11.3      125.9       47.9 
120815  100527  47  32.3747 N  63  40.2881 W   2.1        3.5       11.3      125.9       47.9 
120815  100528  47  32.3741 N  63  40.2887 W   2.1        3.5       11.3      125.9       61.1*
120815  100529  47  32.3737 N  63  40.2893 W   2.1        3.5       11.3      125.9       61.1 
120815  100530  47  32.3732 N  63  40.2899 W   2.1        3.5       11.3      125.9       61.1 
120815  100531  47  32.3728 N  63  40.2906 W   2.1        3.5       11.3      125.9       61.1 
120815  100532  47  32.3724 N  63  40.2910 W   2.1        3.5       11.3      125.9       61.1 
120815  100533  47  32.3719 N  63  40.2915 W   2.1        3.5       11.3      125.9       56.3*
120815  100534  47  32.3715 N  63  40.2921 W   2.1        7.4*      11.3      125.9       56.3 
120815  100535  47  32.3710 N  63  40.2927 W   2.1        7.4       11.3      125.9       56.3 
120815  100536  47  32.3705 N  63  40.2933 W   2.2        7.4       11.3      125.9       56.3 
120815  100537  47  32.3701 N  63  40.2939 W   2.1        7.4       11.3      125.9       56.3 
120815  100538  47  32.3697 N  63  40.2945 W   2.1        7.4       11.3      125.9       56.3 
120815  100539  47  32.3692 N  63  40.2950 W   2.1        7.4       11.3      125.9       60.3*
120815  100540  47  32.3687 N  63  40.2956 W   2.1        7.4       11.3      125.9       60.3 
120815  100541  47  32.3683 N  63  40.2962 W   2.1        2.8*      11.3      125.9       60.3 
120815  100542  47  32.3679 N  63  40.2967 W   2.0        2.8       11.3      125.9       60.3 
120815  100543  47  32.3676 N  63  40.2973 W   2.0        2.8       11.3      125.9       60.3 
120815  100544  47  32.3670 N  63  40.2980 W   2.1        2.8       11.3      125.9       63.8*
120815  100545  47  32.3666 N  63  40.2987 W   2.1        2.8       11.3      125.9       63.8 
120815  100546  47  32.3662 N  63  40.2993 W   2.1        2.8       11.3      125.9       63.8 
120815  100547  47  32.3659 N  63  40.2999 W   2.1        2.8       11.3      125.9       63.8 
120815  100548  47  32.3654 N  63  40.3004 W   2.1        2.8       11.3      125.9       63.8 
120815  100549  47  32.3650 N  63  40.3010 W   2.1        2.8       11.3      125.9       66.0*
120815  100550  47  32.3646 N  63  40.3015 W   2.0        2.8       11.3      125.9       66.0 
120815  100551  47  32.3642 N  63  40.3022 W   2.0        2.8       11.3      125.9       66.0 
120815  100552  47  32.3638 N  63  40.3029 W   2.1        2.8       11.3      125.9       66.0 
120815  100553  47  32.3634 N  63  40.3035 W   2.0        2.8       11.9*     125.9       66.0 
120815  100554  47  32.3630 N  63  40.3041 W   2.0        2.8       11.9      125.9       66.0 
120815  100555  47  32.3626 N  63  40.3047 W   2.0        2.8       11.9      125.9       66.0 
120815  100556  47  32.3621 N  63  40.3052 W   2.0        2.8       11.9      125.9       66.0 
120815  100557  47  32.3618 N  63  40.3058 W   2.0        2.8       11.9      125.9       66.0 
120815  100558  47  32.3615 N  63  40.3063 W   1.9        2.8       11.9      125.9       66.0 
120815  100559  47  32.3611 N  63  40.3069 W   1.9        2.8        2.8*     125.9       66.0 
120815  100600  47  32.3607 N  63  40.3075 W   2.0        2.8        2.8      125.9      344.0*
120815  100601  47  32.3604 N  63  40.3082 W   2.0        2.8        2.8      125.9      344.0 
120815  100602  47  32.3600 N  63  40.3088 W   2.0        2.8        2.8      125.9      344.0 
120815  100603  47  32.3596 N  63  40.3093 W   2.0        2.8        2.8      125.9      344.0 
120815  100604  47  32.3592 N  63  40.3100 W   2.0        2.8        2.8      125.9      344.0 
120815  100605  47  32.3588 N  63  40.3106 W   2.0        2.8        2.8      125.9      344.0 
120815  100606  47  32.3586 N  63  40.3112 W   2.0        4.4*       2.8      125.9      344.0 
120815  100607  47  32.3582 N  63  40.3117 W   1.9        4.4        2.8      125.9      344.0 
120815  100608  47  32.3578 N  63  40.3122 W   1.9        4.4        2.8      125.9      344.0 
120815  100609  47  32.3574 N  63  40.3129 W   1.9        4.4        2.8      125.9      344.0 
120815  100610  47  32.3571 N  63  40.3136 W   2.0        4.4        2.8      125.9      344.0 
120815  100611  47  32.3567 N  63  40.3142 W   2.0        4.4        2.8      125.9      497.5*
120815  100612  47  32.3563 N  63  40.3147 W   2.0        4.4        2.8      125.9      497.5 
120815  100613  47  32.3560 N  63  40.3153 W   2.0        4.4        2.8      125.9      497.5 
120815  100614  47  32.3556 N  63  40.3158 W   1.9        4.4        2.8      125.9      497.5 
120815  100615  47  32.3552 N  63  40.3164 W   1.9        4.4        2.8      125.9      497.5 
120815  100616  47  32.3549 N  63  40.3171 W   2.0        4.4        2.8      125.9       55.9*
120815  100617  47  32.3544 N  63  40.3176 W   2.0        4.4        2.8      125.9       55.9 
120815  100618  47  32.3540 N  63  40.3180 W   2.0        4.4       10.5*     125.9       55.9 
120815  100619  47  32.3535 N  63  40.3187 W   2.0        4.4       10.5      125.9       55.9 
120815  100620  47  32.3532 N  63  40.3194 W   2.0        4.4       10.5      125.9       55.9 
120815  100621  47  32.3528 N  63  40.3199 W   2.0        4.4       10.5      125.9       55.9 
120815  100622  47  32.3524 N  63  40.3204 W   2.0        4.4       10.5      125.9       73.5*
120815  100623  47  32.3519 N  63  40.3210 W   2.0        4.4       10.5      125.9       73.5 
120815  100624  47  32.3515 N  63  40.3216 W   2.0        4.4       10.5      125.9       73.5 
120815  100625  47  32.3512 N  63  40.3221 W   2.0        4.4       10.5      125.9       73.5 
120815  100626  47  32.3508 N  63  40.3227 W   2.0        4.4       10.5      125.9       73.5 
120815  100627  47  32.3503 N  63  40.3233 W   2.0        4.4       10.5      125.9       69.9*
120815  100628  47  32.3499 N  63  40.3239 W   2.1        4.4       10.5      125.9       69.9 
120815  100629  47  32.3496 N  63  40.3245 W   2.0        4.4       10.5      125.9       69.9 
120815  100630  47  32.3492 N  63  40.3250 W   2.0        4.4       10.6*     125.9       69.9 
120815  100631  47  32.3487 N  63  40.3256 W   2.0        4.4       10.6      125.9       69.9 
120815  100632  47  32.3482 N  63  40.3262 W   2.0        4.4       10.6      125.9       69.9*
120815  100633  47  32.3479 N  63  40.3267 W   2.0        4.4       10.6      125.9       69.9 
120815  100634  47  32.3475 N  63  40.3273 W   2.0        4.4       10.6      125.9       69.9 
120815  100635  47  32.3470 N  63  40.3279 W   2.0        4.4       10.6      125.9       69.9 
120815  100636  47  32.3466 N  63  40.3285 W   2.0        4.4       10.6      125.9       69.9 
120815  100637  47  32.3461 N  63  40.3290 W   2.0        4.4       10.6      125.9       69.9 
120815  100638  47  32.3457 N  63  40.3296 W   2.1        4.4       10.6      125.9       69.9 
120815  100639  47  32.3452 N  63  40.3303 W   2.1        4.4       10.6      125.9       69.9 
120815  100640  47  32.3448 N  63  40.3310 W   2.1        4.4       10.6      125.9       69.9 
120815  100641  47  32.3445 N  63  40.3315 W   2.1        4.4       10.6      125.9       69.9 
120815  100642  47  32.3441 N  63  40.3321 W   2.0        4.4       11.3*     125.9       69.9 
120815  100643  47  32.3435 N  63  40.3327 W   2.1        4.4       11.3      125.9      388.0*
120815  100644  47  32.3429 N  63  40.3335 W   2.2        4.4       11.3      125.9      388.0 
120815  100645  47  32.3425 N  63  40.3341 W   2.2        4.4       11.3      125.9      388.0 
120815  100646  47  32.3421 N  63  40.3347 W   2.2        4.4       11.3      125.9      388.0 
120815  100647  47  32.3416 N  63  40.3354 W   2.2        4.4       11.3      125.9      388.0 
120815  100648  47  32.3410 N  63  40.3360 W   2.3        4.4       11.3      125.9       72.1*
120815  100649  47  32.3405 N  63  40.3366 W   2.3        4.4       11.3      125.9       72.1 
120815  100650  47  32.3400 N  63  40.3372 W   2.3        4.4       11.3      125.9       72.1 
120815  100651  47  32.3396 N  63  40.3379 W   2.2        4.4       11.3      125.9       72.1 
120815  100652  47  32.3392 N  63  40.3385 W   2.2        4.4       11.3      125.9       72.1 
120815  100653  47  32.3386 N  63  40.3392 W   2.3        4.4       11.3      125.9       72.1 
120815  100654  47  32.3381 N  63  40.3399 W   2.3        4.4       11.3      125.9       76.1*
120815  100655  47  32.3376 N  63  40.3405 W   2.3        4.4       11.3      125.9       76.1 
120815  100656  47  32.3372 N  63  40.3410 W   2.3        4.4       11.3      125.9       76.1 
120815  100657  47  32.3367 N  63  40.3417 W   2.3        4.4       11.3      125.9       76.1 
120815  100658  47  32.3362 N  63  40.3423 W   2.3        4.4       11.3      125.9       76.1 
120815  100659  47  32.3357 N  63  40.3430 W   2.3        4.4       11.3      125.9       74.8*
120815  100700  47  32.3354 N  63  40.3438 W   2.3        4.4       11.3      125.9       74.8 
120815  100701  47  32.3350 N  63  40.3445 W   2.3        4.4       11.3      125.9       74.8 
120815  100702  47  32.3346 N  63  40.3451 W   2.3        4.4       11.3      125.9       74.8 
120815  100703  47  32.3341 N  63  40.3459 W   2.3        4.4       11.3      125.9       74.8 
120815  100704  47  32.3336 N  63  40.3464 W   2.3        4.4       11.3      125.9       74.8 
120815  100705  47  32.3332 N  63  40.3471 W   2.3        4.4       11.3      125.9       71.3*
120815  100706  47  32.3328 N  63  40.3478 W   2.3        4.4       11.3      125.9       71.3 
120815  100707  47  32.3324 N  63  40.3485 W   2.3        4.4       11.3      125.9       71.3 
120815  100708  47  32.3320 N  63  40.3492 W   2.3        4.4       11.3      125.9       71.3 
120815  100709  47  32.3316 N  63  40.3498 W   2.3        4.4       11.3      125.9       71.3 
120815  100710  47  32.3312 N  63  40.3504 W   2.2        4.4       11.3      125.9       70.8*
120815  100711  47  32.3308 N  63  40.3509 W   2.2        4.4       11.3      125.9       70.8 
120815  100712  47  32.3304 N  63  40.3515 W   2.1        4.4       11.3      125.9       70.8 
120815  100713  47  32.3300 N  63  40.3522 W   2.1        4.4       11.3      125.9       70.8 
120815  100714  47  32.3294 N  63  40.3527 W   2.2        4.4       11.3      125.9       70.8 
120815  100715  47  32.3288 N  63  40.3532 W   2.2        4.4       11.3      125.9       73.0*
120815  100716  47  32.3285 N  63  40.3539 W   2.2        4.4       11.3      125.9       73.0 
120815  100717  47  32.3282 N  63  40.3546 W   2.1        4.4       11.3      125.9       73.0 
120815  100718  47  32.3277 N  63  40.3551 W   2.1        4.4       10.7*     125.9       73.0 
120815  100719  47  32.3273 N  63  40.3555 W   2.1        4.4       10.7      125.9       73.0 
120815  100720  47  32.3268 N  63  40.3560 W   2.1        4.4       10.7      125.9       73.0 
120815  100721  47  32.3263 N  63  40.3565 W   2.1        4.4       10.7      125.9       80.5*
120815  100722  47  32.3258 N  63  40.3571 W   2.1        4.4       10.7      125.9       80.5 
120815  100723  47  32.3253 N  63  40.3577 W   2.1        4.4       10.7      125.9       80.5 
120815  100724  47  32.3247 N  63  40.3583 W   2.2        4.4       10.7      125.9       80.5 
120815  100725  47  32.3243 N  63  40.3588 W   2.1        4.4       10.7      125.9       80.5 
120815  100726  47  32.3238 N  63  40.3592 W   2.1        4.4       10.7      125.9       65.1*
120815  100727  47  32.3234 N  63  40.3596 W   2.0        4.4       10.7      125.9       65.1 
120815  100728  47  32.3231 N  63  40.3600 W   2.0        4.4       10.7      125.9       65.1 
120815  100729  47  32.3225 N  63  40.3606 W   2.0        4.4       10.7      125.9       65.1 
120815  100730  47  32.3219 N  63  40.3611 W   2.1        4.4       11.0*     125.9       65.1 
120815  100731  47  32.3214 N  63  40.3617 W   2.1        4.4       11.0      125.9       65.1 
120815  100732  47  32.3209 N  63  40.3623 W   2.1        4.4       11.0      125.9       73.5*
120815  100733  47  32.3206 N  63  40.3629 W   2.1        4.4       11.0      125.9       73.5 
120815  100734  47  32.3202 N  63  40.3634 W   2.1        4.4       11.0      125.9       73.5 
120815  100735  47  32.3197 N  63  40.3639 W   2.0        4.4       11.0      125.9       73.5 
120815  100736  47  32.3193 N  63  40.3644 W   2.0        4.4       11.0      125.9       73.5 
120815  100737  47  32.3188 N  63  40.3649 W   2.0        4.4       11.0      125.9       71.7*
120815  100738  47  32.3183 N  63  40.3655 W   2.1        4.4       11.0      125.9       71.7 
120815  100739  47  32.3178 N  63  40.3660 W   2.1        4.4       11.0      125.9       71.7 
120815  100740  47  32.3173 N  63  40.3666 W   2.1        4.4       11.0      125.9       71.7 
120815  100741  47  32.3169 N  63  40.3672 W   2.1        4.4       11.0      125.9       71.7 
120815  100742  47  32.3165 N  63  40.3677 W   2.1        4.4       11.0      125.9       74.3*
120815  100743  47  32.3161 N  63  40.3680 W   2.0        4.4       11.0      125.9       74.3 
120815  100744  47  32.3157 N  63  40.3684 W   1.9        4.4       11.0      125.9       74.3 
120815  100745  47  32.3152 N  63  40.3690 W   2.0        4.4       11.0      125.9       74.3 
120815  100746  47  32.3147 N  63  40.3694 W   2.0        4.4       11.0      125.9       74.3 
120815  100747  47  32.3142 N  63  40.3699 W   2.0        4.4       11.0      125.9       74.3 
120815  100748  47  32.3137 N  63  40.3705 W   2.0        4.4       11.0      125.9       68.6*
120815  100749  47  32.3134 N  63  40.3711 W   2.0        4.4       11.0      125.9       68.6 
120815  100750  47  32.3131 N  63  40.3715 W   2.0        4.4       11.0      125.9       68.6 
120815  100751  47  32.3126 N  63  40.3720 W   1.9        4.4       11.0      125.9       68.6 
120815  100752  47  32.3122 N  63  40.3725 W   1.9        4.4       11.0      125.9       68.6 
120815  100753  47  32.3119 N  63  40.3729 W   1.9        4.4       11.0      125.9       74.3*
120815  100754  47  32.3114 N  63  40.3734 W   1.9        4.4       11.1*     125.9       74.3 
120815  100755  47  32.3109 N  63  40.3740 W   2.0        4.4       11.1      125.9       74.3 
120815  100756  47  32.3104 N  63  40.3746 W   2.0        4.4       11.1      125.9       74.3 
120815  100757  47  32.3099 N  63  40.3752 W   2.0        4.4       11.1      125.9       74.3 
120815  100758  47  32.3095 N  63  40.3757 W   2.0        4.4       11.1      125.9       72.1*
120815  100759  47  32.3091 N  63  40.3763 W   2.0        4.4       11.1      125.9       72.1 
120815  100800  47  32.3086 N  63  40.3768 W   2.0        4.4       11.1      125.9       72.1 
120815  100801  47  32.3081 N  63  40.3772 W   2.0        4.4       11.1      125.9       72.1 
120815  100802  47  32.3075 N  63  40.3779 W   2.0        4.4       11.1      125.9       72.1 
120815  100803  47  32.3071 N  63  40.3785 W   2.0        4.4       11.1      125.9       72.1 
120815  100804  47  32.3067 N  63  40.3791 W   2.0        4.4       11.1      125.9       74.3*
120815  100805  47  32.3062 N  63  40.3796 W   2.0        4.4       11.1      125.9       74.3 
120815  100806  47  32.3057 N  63  40.3802 W   2.0        4.4       11.4*     125.9       74.3 
120815  100807  47  32.3051 N  63  40.3809 W   2.1        4.4       11.4      125.9       74.3 
120815  100808  47  32.3046 N  63  40.3816 W   2.2        4.4       11.4      125.9       74.3 
120815  100809  47  32.3041 N  63  40.3822 W   2.1        4.4       11.4      125.9       69.9*
120815  100810  47  32.3038 N  63  40.3828 W   2.1        4.4       11.4      125.9       69.9 
120815  100811  47  32.3034 N  63  40.3835 W   2.1        4.4       11.4      125.9       69.9 
120815  100812  47  32.3029 N  63  40.3841 W   2.2        4.4       11.4      125.9       69.9 
120815  100813  47  32.3024 N  63  40.3846 W   2.2        4.4       11.4      125.9       69.9 
120815  100814  47  32.3020 N  63  40.3852 W   2.2        4.4       11.4      125.9       73.9*
120815  100815  47  32.3015 N  63  40.3860 W   2.2        4.4       11.4       48.2*      73.9 
120815  100816  47  32.3011 N  63  40.3867 W   2.3        4.4       11.4       48.2       73.9 
120815  100817  47  32.3005 N  63  40.3873 W   2.3        4.4       11.4       48.2       73.9 
120815  100818  47  32.3000 N  63  40.3878 W   2.3        4.4       11.4       48.2       73.9 
120815  100819  47  32.2996 N  63  40.3884 W   2.2        4.4       11.4       48.2       73.9 
120815  100820  47  32.2991 N  63  40.3889 W   2.2        4.4       11.4       48.2       88.4*
120815  100821  47  32.2986 N  63  40.3895 W   2.2        4.4       11.4       48.2       88.4 
120815  100822  47  32.2982 N  63  40.3900 W   2.2        4.4       11.4       48.2       88.4 
120815  100823  47  32.2977 N  63  40.3905 W   2.2        4.4       11.4       48.2       88.4 
120815  100824  47  32.2971 N  63  40.3911 W   2.2        4.4       11.4       48.2       88.4 
120815  100825  47  32.2966 N  63  40.3917 W   2.2        4.4       11.4       48.2       58.5*
120815  100826  47  32.2961 N  63  40.3922 W   2.2        4.4       11.4       48.2       58.5 
120815  100827  47  32.2957 N  63  40.3928 W   2.2        4.4       11.4       48.2       58.5 
120815  100828  47  32.2953 N  63  40.3933 W   2.2        4.4       11.4       48.2       58.5 
120815  100829  47  32.2947 N  63  40.3938 W   2.2        4.4       11.4       48.2       58.5 
120815  100830  47  32.2943 N  63  40.3944 W   2.2        4.4       11.4       48.2       72.1*
120815  100831  47  32.2939 N  63  40.3949 W   2.1        4.4       11.4       48.2       72.1 
120815  100832  47  32.2934 N  63  40.3954 W   2.1        4.4       11.4       48.2       72.1 
120815  100833  47  32.2929 N  63  40.3960 W   2.2        4.4       11.4       48.2       72.1 
120815  100834  47  32.2924 N  63  40.3966 W   2.2        4.4       11.4       48.2       72.1 
120815  100835  47  32.2920 N  63  40.3972 W   2.2        4.4       11.4       48.2       72.1 
120815  100836  47  32.2916 N  63  40.3976 W   2.1        4.4       11.4       48.2       72.1 
120815  100837  47  32.2912 N  63  40.3982 W   2.1        4.4       11.4       48.2       72.1 
120815  100838  47  32.2907 N  63  40.3987 W   2.1        4.4       11.4       48.2       72.1 
120815  100839  47  32.2904 N  63  40.3991 W   2.0        4.4       11.4       48.2       72.1 
120815  100840  47  32.2899 N  63  40.3995 W   2.0        4.4       11.4       48.2       72.1 
120815  100841  47  32.2894 N  63  40.4001 W   2.1        4.4       11.4       48.2       72.1 
120815  100842  47  32.2889 N  63  40.4005 W   2.1        4.4       10.5*      48.2       72.1 
120815  100843  47  32.2884 N  63  40.4010 W   2.1        4.4       10.5       48.2       72.1 
120815  100844  47  32.2880 N  63  40.4014 W   2.0        4.4       10.5       48.2       72.1 
120815  100845  47  32.2876 N  63  40.4019 W   2.0        4.4       10.5       48.2       72.1 
120815  100846  47  32.2871 N  63  40.4025 W   2.1        4.4       10.5       48.2       72.1 
120815  100847  47  32.2867 N  63  40.4029 W   2.0        4.4       10.5       48.2      109.1*
120815  100848  47  32.2863 N  63  40.4033 W   2.0        4.4       10.5       48.2      109.1 
120815  100849  47  32.2858 N  63  40.4038 W   2.0        4.4       10.5       48.2      109.1 
120815  100850  47  32.2854 N  63  40.4042 W   2.0        4.4       10.5       48.2      109.1 
120815  100851  47  32.2849 N  63  40.4046 W   2.0        4.4       10.5       48.2      109.1 
120815  100852  47  32.2844 N  63  40.4051 W   2.0        4.4       10.5       48.2       37.4*
120815  100853  47  32.2839 N  63  40.4056 W   2.1        4.4       10.5       48.2       37.4 
120815  100854  47  32.2834 N  63  40.4060 W   2.0        4.4       10.5       48.2       37.4 
120815  100855  47  32.2830 N  63  40.4065 W   2.0        4.4       10.5       48.2       37.4 
120815  100856  47  32.2826 N  63  40.4070 W   2.0        4.4       10.5       48.2       37.4 
120815  100857  47  32.2822 N  63  40.4074 W   2.0        4.4       10.5       48.2       72.1*
120815  100858  47  32.2818 N  63  40.4077 W   1.9        4.4       10.5       48.2       72.1 
120815  100859  47  32.2814 N  63  40.4081 W   1.9        4.4       10.5       48.2       72.1 
120815  100900  47  32.2808 N  63  40.4087 W   2.0        4.4       10.5       48.2       72.1 
120815  100901  47  32.2803 N  63  40.4092 W   2.0        4.4       10.5       48.2       72.1 
120815  100902  47  32.2799 N  63  40.4097 W   2.1        4.4       10.5       48.2       72.1 
120815  100903  47  32.2794 N  63  40.4102 W   2.0        4.4       10.5       48.2       77.0*
120815  100904  47  32.2790 N  63  40.4106 W   2.0        4.4       10.5       48.2       77.0 
120815  100905  47  32.2786 N  63  40.4110 W   2.0        4.4       10.5       48.2       77.0 
120815  100906  47  32.2782 N  63  40.4114 W   1.9        4.4        9.4*      48.2       77.0 
120815  100907  47  32.2777 N  63  40.4117 W   1.9        4.4        9.4       48.2       77.0 
120815  100908  47  32.2772 N  63  40.4121 W   2.0        4.4        9.4       48.2       69.5*
120815  100909  47  32.2766 N  63  40.4126 W   2.0        4.4        9.4       48.2       69.5 
120815  100910  47  32.2761 N  63  40.4131 W   2.0        4.4        9.4       48.2       69.5 
120815  100911  47  32.2757 N  63  40.4136 W   2.0        4.4        9.4       48.2       69.5 
120815  100912  47  32.2753 N  63  40.4141 W   2.0        4.4        9.4       48.2       69.5 
120815  100913  47  32.2747 N  63  40.4145 W   2.0        4.4        9.4       48.2       72.6*
120815  100914  47  32.2743 N  63  40.4149 W   2.0        4.4        9.4       48.2       72.6 
120815  100915  47  32.2740 N  63  40.4152 W   1.9        4.4        9.4       48.2       72.6 
120815  100916  47  32.2735 N  63  40.4157 W   1.9        4.4        9.4       48.2       72.6 
120815  100917  47  32.2730 N  63  40.4163 W   2.0        4.4       10.5*      48.2       72.6 
120815  100918  47  32.2725 N  63  40.4168 W   2.0        4.4       10.5       48.2       72.6 
120815  100919  47  32.2721 N  63  40.4172 W   2.0        4.4       10.5       48.2       74.3*
120815  100920  47  32.2716 N  63  40.4177 W   2.0        4.4       10.5       48.2       74.3 
120815  100921  47  32.2711 N  63  40.4183 W   2.1        4.4       10.5       48.2       74.3 
120815  100922  47  32.2707 N  63  40.4189 W   2.1        4.4       10.5       48.2       74.3 
120815  100923  47  32.2704 N  63  40.4193 W   2.0        4.4       10.5       48.2       74.3 
120815  100924  47  32.2700 N  63  40.4196 W   2.0        4.4       10.5       48.2       72.1*
120815  100925  47  32.2695 N  63  40.4201 W   2.0        4.4       10.5       48.2       72.1 
120815  100926  47  32.2691 N  63  40.4205 W   2.0        4.4       10.5       48.2       72.1 
120815  100927  47  32.2686 N  63  40.4210 W   2.0        4.4       10.5       48.2       72.1 
120815  100928  47  32.2681 N  63  40.4214 W   2.0        4.4       10.5       48.2       72.1 
120815  100929  47  32.2676 N  63  40.4219 W   2.0        4.4       11.7*      48.2       72.1 
120815  100930  47  32.2672 N  63  40.4225 W   2.0        4.4       11.7       48.2       73.0*
120815  100931  47  32.2668 N  63  40.4230 W   2.0        4.4       11.7       48.2       73.0 
120815  100932  47  32.2664 N  63  40.4233 W   1.9        4.4       11.7       48.2       73.0 
120815  100933  47  32.2660 N  63  40.4237 W   1.9        4.4       11.7       48.2       73.0 
120815  100934  47  32.2656 N  63  40.4242 W   1.9        4.4       11.7       48.2       73.0 
120815  100935  47  32.2652 N  63  40.4246 W   1.9        4.4       11.7       48.2       72.6*
120815  100936  47  32.2647 N  63  40.4251 W   1.9        4.4       11.7       48.2       72.6 
120815  100937  47  32.2642 N  63  40.4256 W   2.0        4.4       11.7       48.2       72.6 
120815  100938  47  32.2638 N  63  40.4261 W   2.0        4.4       11.7       48.2       72.6 
120815  100939  47  32.2635 N  63  40.4266 W   1.9        4.4       11.7       48.2       72.6 
120815  100940  47  32.2631 N  63  40.4271 W   1.9        4.4       11.7       48.2       70.8*
120815  100941  47  32.2626 N  63  40.4276 W   2.0        4.4       11.7       48.2       70.8 
120815  100942  47  32.2621 N  63  40.4280 W   2.0        4.4       11.7       48.2       70.8 
120815  100943  47  32.2617 N  63  40.4285 W   2.0        4.4       11.7       48.2       70.8 
120815  100944  47  32.2613 N  63  40.4290 W   1.9        4.4       11.7       48.2       70.8 
120815  100945  47  32.2609 N  63  40.4295 W   2.0        4.4       11.7       48.2       70.8 
120815  100946  47  32.2604 N  63  40.4300 W   2.0        4.4       11.7       48.2       75.7*
120815  100947  47  32.2600 N  63  40.4305 W   2.0        4.4       11.7       48.2       75.7 
120815  100948  47  32.2596 N  63  40.4310 W   2.0        4.4       11.7       48.2       75.7 
120815  100949  47  32.2592 N  63  40.4315 W   2.0        4.4       11.7       48.2       75.7 
120815  100950  47  32.2588 N  63  40.4322 W   2.1        4.4       11.7       48.2       75.7 
120815  100951  47  32.2584 N  63  40.4326 W   2.0        4.4       11.7       48.2       73.0*
120815  100952  47  32.2580 N  63  40.4331 W   2.0        4.4       11.7       48.2       73.0 
120815  100953  47  32.2576 N  63  40.4336 W   2.0        4.4       11.4*      48.2       73.0 
120815  100954  47  32.2572 N  63  40.4341 W   2.0        4.4       11.4       48.2       73.0 
120815  100955  47  32.2568 N  63  40.4346 W   2.0        4.4       11.4       48.2       73.0 
120815  100956  47  32.2563 N  63  40.4351 W   2.0        4.4       11.4       48.2       73.0*
120815  100957  47  32.2559 N  63  40.4356 W   2.0        4.4       11.4       48.2       73.0 
120815  100958  47  32.2556 N  63  40.4361 W   2.0        4.4       11.4       48.2       73.0 
120815  100959  47  32.2552 N  63  40.4366 W   2.0        4.4       11.4       48.2       73.0 
120815  101000  47  32.2547 N  63  40.4372 W   2.0        4.4       11.4       48.2       73.0 
120815  101001  47  32.2543 N  63  40.4376 W   2.0        4.4       11.4       48.2       73.0 
120815  101002  47  32.2539 N  63  40.4380 W   2.0        4.4       11.4       48.2       74.3*
120815  101003  47  32.2535 N  63  40.4386 W   2.0        4.4       11.4       48.2       74.3 
120815  101004  47  32.2530 N  63  40.4392 W   2.1        4.4       11.4       48.2       74.3 
120815  101005  47  32.2525 N  63  40.4396 W   2.0        4.4       12.0*      48.2       74.3 
120815  101006  47  32.2521 N  63  40.4400 W   2.0        4.4       12.0       48.2       74.3 
120815  101007  47  32.2517 N  63  40.4405 W   2.0        4.4       12.0       48.2       68.2*
120815  101008  47  32.2512 N  63  40.4410 W   2.0        4.4       12.0       48.2       68.2 
120815  101009  47  32.2508 N  63  40.4415 W   2.0        4.4       12.0       48.2       68.2 
120815  101010  47  32.2504 N  63  40.4419 W   2.0        4.4       12.0       48.2       68.2 
120815  101011  47  32.2499 N  63  40.4424 W   2.0        4.4       12.0       48.2       68.2 
120815  101012  47  32.2494 N  63  40.4429 W   2.0        4.4       12.0       48.2       68.2 
120815  101013  47  32.2490 N  63  40.4433 W   2.0        4.4       12.0       48.2       76.1*
120815  101014  47  32.2486 N  63  40.4437 W   2.0        4.4       12.0       48.2       76.1 
120815  101015  47  32.2481 N  63  40.4442 W   2.0        4.4       12.0       48.2       76.1 
120815  101016  47  32.2476 N  63  40.4446 W   2.0        4.4       12.0       48.2       76.1 
120815  101017  47  32.2472 N  63  40.4452 W   2.0        4.4       12.1*      48.2       76.1 
120815  101018  47  32.2467 N  63  40.4456 W   2.0        4.4       12.1       48.2       71.7*
120815  101019  47  32.2463 N  63  40.4460 W   2.0        4.4       12.1       48.2       71.7 
120815  101020  47  32.2459 N  63  40.4465 W   2.0        4.4       12.1       48.2       71.7 
120815  101021  47  32.2454 N  63  40.4471 W   2.0        4.4       12.1       48.2       71.7 
120815  101022  47  32.2450 N  63  40.4476 W   2.0        4.4       12.1       48.2       71.7 
120815  101023  47  32.2445 N  63  40.4480 W   2.0        4.4       12.1       48.2       71.7 
120815  101024  47  32.2440 N  63  40.4485 W   2.0        4.4       12.1       48.2       71.7 
120815  101025  47  32.2435 N  63  40.4490 W   2.0        4.4       12.1       48.2       71.7 
120815  101026  47  32.2430 N  63  40.4495 W   2.1        4.4       12.1       48.2       71.7 
120815  101027  47  32.2425 N  63  40.4500 W   2.1        4.4       12.1       48.2       71.7 
120815  101028  47  32.2421 N  63  40.4505 W   2.0        4.4       12.1       48.2       71.7 
120815  101029  47  32.2416 N  63  40.4510 W   2.0        4.4       12.1       48.2      228.7*
120815  101030  47  32.2411 N  63  40.4516 W   2.0        4.4       12.1       48.2      228.7 
120815  101031  47  32.2406 N  63  40.4522 W   2.0        4.4       12.1       48.2      228.7 
120815  101032  47  32.2402 N  63  40.4527 W   2.0        4.4       12.1       48.2      228.7 
120815  101033  47  32.2397 N  63  40.4532 W   2.0        4.4       12.1       48.2      228.7 
120815  101034  47  32.2392 N  63  40.4537 W   2.0        4.4       12.1       48.2       69.9*
120815  101035  47  32.2388 N  63  40.4543 W   2.0        4.4       12.1       48.2       69.9 
120815  101036  47  32.2383 N  63  40.4548 W   2.0        4.4       12.1       48.2       69.9 
120815  101037  47  32.2378 N  63  40.4553 W   2.0        4.4       12.1       48.2       69.9 
120815  101038  47  32.2375 N  63  40.4558 W   2.0        4.4       12.1       48.2       69.9 
120815  101039  47  32.2371 N  63  40.4562 W   1.9        4.4       12.1       48.2       74.8*
120815  101040  47  32.2367 N  63  40.4567 W   1.9        4.4       12.1       48.2       74.8 
120815  101041  47  32.2363 N  63  40.4572 W   1.9        4.4       12.1       48.2       74.8 
120815  101042  47  32.2358 N  63  40.4577 W   1.9        4.4       12.1       48.2       74.8 
120815  101043  47  32.2354 N  63  40.4582 W   1.9        4.4       12.1       48.2       74.8 
120815  101044  47  32.2350 N  63  40.4588 W   1.9        4.4       12.1       48.2       74.8 
120815  101045  47  32.2345 N  63  40.4594 W   2.0        4.4       12.1       48.2       73.5*
120815  101046  47  32.2340 N  63  40.4599 W   2.0        4.4       12.1       48.2       73.5 
120815  101047  47  32.2336 N  63  40.4604 W   1.9        4.4       12.1       48.2       73.5 
120815  101048  47  32.2334 N  63  40.4608 W   1.8        4.4       12.1       48.2       73.5 
120815  101049  47  32.2330 N  63  40.4613 W   1.8        4.4       12.1       48.2       73.5 
120815  101050  47  32.2325 N  63  40.4618 W   1.9        4.4       12.1       48.2       74.3*
120815  101051  47  32.2319 N  63  40.4624 W   1.9        4.4       12.1       48.2       74.3 
120815  101052  47  32.2315 N  63  40.4629 W   2.0        4.4       12.1       48.2       74.3 
120815  101053  47  32.2311 N  63  40.4635 W   2.0        4.4       12.1       48.2       74.3 
120815  101054  47  32.2306 N  63  40.4640 W   2.0        4.4       12.1       48.2       74.3 
120815  101055  47  32.2302 N  63  40.4646 W   2.0        4.4       12.1       48.2       74.3 
120815  101056  47  32.2298 N  63  40.4651 W   2.0        4.4       12.1       48.2       69.1*
120815  101057  47  32.2294 N  63  40.4656 W   1.9        4.4       12.1       48.2       69.1 
120815  101058  47  32.2289 N  63  40.4661 W   2.0        8.0*      12.1       48.2       69.1 
120815  101059  47  32.2284 N  63  40.4667 W   2.0        8.0       12.1       48.2       69.1 
120815  101100  47  32.2280 N  63  40.4673 W   2.0        8.0       12.1       48.2       69.1 
120815  101101  47  32.2275 N  63  40.4679 W   2.1        8.0       12.1       48.2       71.7*
120815  101102  47  32.2270 N  63  40.4684 W   2.1        8.0       12.1       48.2       71.7 
120815  101103  47  32.2266 N  63  40.4690 W   2.0        8.0       12.1       48.2       71.7 
120815  101104  47  32.2262 N  63  40.4697 W   2.1        8.0       12.1       48.2       71.7 
120815  101105  47  32.2256 N  63  40.4703 W   2.1        2.1*      12.1       48.2       71.7 
120815  101106  47  32.2252 N  63  40.4709 W   2.1        2.1       12.1       48.2       83.1*
120815  101107  47  32.2248 N  63  40.4713 W   2.1        2.1       12.1       48.2       83.1 
120815  101108  47  32.2244 N  63  40.4720 W   2.1        2.1       12.1       48.2       83.1 
120815  101109  47  32.2239 N  63  40.4726 W   2.1        2.1       12.1       48.2       83.1 
120815  101110  47  32.2235 N  63  40.4731 W   2.1        2.1       12.1       48.2       83.1 
120815  101111  47  32.2231 N  63  40.4735 W   2.0        2.1       12.1       48.2       83.1 
120815  101112  47  32.2227 N  63  40.4741 W   2.0        2.1       12.1       48.2       64.2*
120815  101113  47  32.2222 N  63  40.4747 W   2.1        2.1       12.1       48.2       64.2 
120815  101114  47  32.2218 N  63  40.4752 W   2.1        2.1       12.1       48.2       64.2 
120815  101115  47  32.2213 N  63  40.4758 W   2.1        2.1       12.1       48.2       64.2 
120815  101116  47  32.2209 N  63  40.4763 W   2.0        2.1       12.1       48.2       64.2 
120815  101117  47  32.2205 N  63  40.4768 W   2.0        2.1       12.1       48.2       66.0*
120815  101118  47  32.2200 N  63  40.4773 W   2.0        2.1       12.1       48.2       66.0 
120815  101119  47  32.2196 N  63  40.4777 W   2.0        2.1       12.1       48.2       66.0 
120815  101120  47  32.2191 N  63  40.4782 W   2.0        2.1       12.1       48.2       66.0 
120815  101121  47  32.2187 N  63  40.4787 W   2.0        2.1       12.1       48.2       66.0 
120815  101122  47  32.2182 N  63  40.4792 W   2.0        2.1       12.1       48.2       78.3*
120815  101123  47  32.2178 N  63  40.4797 W   2.0        2.1       12.1       48.2       78.3 
120815  101124  47  32.2174 N  63  40.4802 W   1.9        2.1       12.1       48.2       78.3 
120815  101125  47  32.2170 N  63  40.4806 W   1.9        9.8*      12.1       48.2       78.3 
120815  101126  47  32.2165 N  63  40.4811 W   1.9        9.8       12.1       48.2       78.3 
120815  101127  47  32.2162 N  63  40.4815 W   1.9        9.8       12.1       48.2       78.3 
120815  101128  47  32.2158 N  63  40.4820 W   1.9        9.8       12.1       48.2       77.9*
120815  101129  47  32.2153 N  63  40.4824 W   1.9        9.8       12.1       48.2       77.9 
120815  101130  47  32.2149 N  63  40.4828 W   1.9        9.8       12.1       48.2       77.9 
120815  101131  47  32.2145 N  63  40.4832 W   1.9        9.8       12.1       48.2       77.9 
120815  101132  47  32.2140 N  63  40.4836 W   1.9        9.8       12.1       48.2       77.9 
120815  101133  47  32.2136 N  63  40.4841 W   1.9        9.8       12.1       48.2       72.6*
120815  101134  47  32.2131 N  63  40.4846 W   2.0        9.8       12.1       48.2       72.6 
120815  101135  47  32.2126 N  63  40.4851 W   2.0        9.8       12.1       48.2       72.6 
120815  101136  47  32.2122 N  63  40.4855 W   2.0        9.8       12.1       48.2       72.6 
120815  101137  47  32.2117 N  63  40.4860 W   2.0        9.8       12.1       48.2       72.6 
120815  101138  47  32.2112 N  63  40.4864 W   2.0        9.8       12.1       48.2       68.2*
120815  101139  47  32.2108 N  63  40.4868 W   2.0        9.8       12.1       48.2       68.2 
120815  101140  47  32.2104 N  63  40.4873 W   2.0        9.8       12.1       48.2       68.2 
120815  101141  47  32.2099 N  63  40.4878 W   2.0        9.8       12.1       48.2       68.2 
120815  101142  47  32.2094 N  63  40.4883 W   2.0        9.8       12.1       48.2       68.2 
120815  101143  47  32.2089 N  63  40.4887 W   2.0        9.8       12.1       48.2       68.2 
120815  101144  47  32.2085 N  63  40.4892 W   2.0        9.8       12.1       48.2      103.4*
120815  101145  47  32.2082 N  63  40.4894 W   1.9        9.8       12.1       48.2      103.4 
120815  101146  47  32.2083 N  63  40.4897 W   1.7        9.8       12.1       48.2      103.4 
120815  101147  47  32.2083 N  63  40.4901 W   1.6        9.8       12.1       48.2      103.4 
120815  101148  47  32.2082 N  63  40.4904 W   1.5        9.8       12.1       48.2      103.4 
120815  101149  47  32.2081 N  63  40.4906 W   1.4        9.8       12.1       48.2      103.4 
120815  101150  47  32.2080 N  63  40.4908 W   1.3        9.8       12.1       48.2      103.4 
120815  101151  47  32.2079 N  63  40.4910 W   1.3        9.8       12.1       48.2      103.4 
120815  101152  47  32.2078 N  63  40.4913 W   1.2        9.8       12.1       48.2      103.4 
120815  101153  47  32.2076 N  63  40.4916 W   1.2        9.8       13.0*      48.2      103.4 
120815  101154  47  32.2076 N  63  40.4916 W   1.0        9.8       13.0       48.2      103.4 
120815  101155  47  32.2076 N  63  40.4916 W   0.8        9.8       13.0       48.2      103.4 
120815  101156  47  32.2075 N  63  40.4918 W   0.8        9.8       13.0       48.2      103.4 
120815  101157  47  32.2073 N  63  40.4920 W   0.8        9.8       13.0       48.2      103.4 
120815  101158  47  32.2072 N  63  40.4921 W   0.8        9.8       13.0       48.2      103.4 
120815  101159  47  32.2072 N  63  40.4922 W   0.7        9.8       13.0       48.2      103.4 
120815  101200  47  32.2071 N  63  40.4925 W   0.7        9.8       13.0       48.2      103.4 
120815  101201  47  32.2070 N  63  40.4928 W   0.7        9.8       13.0       48.2      103.4 
120815  101202  47  32.2070 N  63  40.4928 W   0.6        9.8       13.0       48.2      103.4 
120815  101203  47  32.2070 N  63  40.4927 W   0.5        9.8       13.0       48.2      103.4 
120815  101204  47  32.2070 N  63  40.4929 W   0.5        9.8       13.0       48.2      103.4 
120815  101205  47  32.2069 N  63  40.4931 W   0.5        9.8       13.0       48.2      103.4 
120815  101206  47  32.2068 N  63  40.4930 W   0.5        9.8       13.0       48.2      103.4 
120815  101207  47  32.2068 N  63  40.4930 W   0.4        9.8       13.0       48.2      103.4 
120815  101208  47  32.2068 N  63  40.4931 W   0.3        9.8       13.0       48.2      103.4 
120815  101209  47  32.2068 N  63  40.4933 W   0.4        9.8       13.0       48.2      103.4 
120815  101210  47  32.2067 N  63  40.4933 W   0.4        9.8       13.0       48.2      103.4 
120815  101211  47  32.2067 N  63  40.4933 W   0.3        9.8        2.5*      48.2       42.2*
120815  101212  47  32.2068 N  63  40.4933 W   0.2        9.8        2.5       48.2       42.2 
120815  101213  47  32.2068 N  63  40.4934 W   0.2        9.8        2.5       48.2       42.2 
120815  101214  47  32.2068 N  63  40.4935 W   0.2        9.8        2.5       48.2       42.2 
120815  101215  47  32.2068 N  63  40.4935 W   0.2        9.8        2.5       48.2       42.2 
120815  101216  47  32.2070 N  63  40.4935 W   0.1        9.8        2.5       48.2       93.7*
120815  101217  47  32.2071 N  63  40.4937 W   0.2        9.8        2.5       48.2       93.7 
120815  101218  47  32.2071 N  63  40.4939 W   0.2        3.1*       2.5       48.2       93.7 
120815  101219  47  32.2071 N  63  40.4939 W   0.2        3.1        2.5       48.2       93.7 
120815  101220  47  32.2073 N  63  40.4937 W   0.1        3.1        2.5       48.2       93.7 
120815  101221  47  32.2074 N  63  40.4938 W   0.1        3.1        2.5       48.2       88.0*
120815  101222  47  32.2074 N  63  40.4940 W   0.2        3.1        2.5       48.2       88.0 
120815  101223  47  32.2075 N  63  40.4939 W   0.1        3.1        2.5       48.2       88.0 
120815  101224  47  32.2075 N  63  40.4937 W   0.0        3.1        2.5       48.2       88.0 
120815  101225  47  32.2076 N  63  40.4938 W   0.0        3.1        2.5       48.2       88.0 
120815  101226  47  32.2076 N  63  40.4940 W   0.1        3.1        2.5       48.2       88.0 
120815  101227  47  32.2077 N  63  40.4939 W   0.1        3.1        2.5       48.2       88.0 
120815  101228  47  32.2079 N  63  40.4938 W   0.1        3.1        2.5       48.2       88.0 
120815  101229  47  32.2079 N  63  40.4937 W   0.1        3.1        2.5       48.2       88.0 
120815  101230  47  32.2080 N  63  40.4937 W   0.1        3.1        2.5       48.2       88.0 
120815  101231  47  32.2080 N  63  40.4936 W   0.1        3.1        2.5       48.2       88.0 
120815  101232  47  32.2082 N  63  40.4936 W   0.2        3.1        2.5       48.2      420.1*
120815  101233  47  32.2082 N  63  40.4936 W   0.2        3.1        2.5       48.2      420.1 
120815  101234  47  32.2083 N  63  40.4936 W   0.2        3.1        2.5       48.2      420.1 
120815  101235  47  32.2084 N  63  40.4934 W   0.3        3.1        2.5       48.2      420.1 
120815  101236  47  32.2085 N  63  40.4933 W   0.3        3.1        2.5       48.2      420.1 
120815  101237  47  32.2086 N  63  40.4933 W   0.3        3.1        2.5       48.2      420.1 
120815  101238  47  32.2087 N  63  40.4932 W   0.3        3.1        2.5       48.2       79.2*
120815  101239  47  32.2087 N  63  40.4931 W   0.3        3.1        2.5       48.2       79.2 
120815  101240  47  32.2088 N  63  40.4930 W   0.3        3.1        2.5       48.2       79.2 
120815  101241  47  32.2089 N  63  40.4928 W   0.3        3.1        2.5       48.2       79.2 
120815  101242  47  32.2090 N  63  40.4927 W   0.3        3.1        2.5       48.2       79.2 
120815  101243  47  32.2090 N  63  40.4927 W   0.3        3.1        2.5       48.2       79.2 
120815  101244  47  32.2091 N  63  40.4926 W   0.3        3.1        2.5       48.2       79.2 
120815  101245  47  32.2092 N  63  40.4924 W   0.4        3.1        2.5       48.2       79.2 
120815  101246  47  32.2093 N  63  40.4923 W   0.4        3.1        2.5       48.2       79.2 
120815  101247  47  32.2093 N  63  40.4923 W   0.3        3.1        2.5       48.2       79.2 
120815  101248  47  32.2094 N  63  40.4922 W   0.4        3.1        2.5       48.2       79.2 
120815  101249  47  32.2095 N  63  40.4919 W   0.4        3.1        2.5       48.2       79.2 
120815  101250  47  32.2095 N  63  40.4918 W   0.4        3.1        2.5       48.2       79.2 
120815  101251  47  32.2095 N  63  40.4918 W   0.3        3.1        2.5       48.2       79.2 
120815  101252  47  32.2096 N  63  40.4916 W   0.4        3.1        2.5       48.2       79.2 
120815  101253  47  32.2097 N  63  40.4915 W   0.4        3.1        2.5       48.2       79.2 
120815  101254  47  32.2097 N  63  40.4914 W   0.4        3.1        2.5       48.2      138.1*
120815  101255  47  32.2097 N  63  40.4913 W   0.4        3.1        2.5       48.2      138.1 
120815  101256  47  32.2098 N  63  40.4911 W   0.4        3.1        2.5       48.2      138.1 
120815  101257  47  32.2099 N  63  40.4911 W   0.4        3.1        2.5       48.2      138.1 
120815  101258  47  32.2099 N  63  40.4910 W   0.3        3.1        2.5       48.2      138.1 
120815  101259  47  32.2099 N  63  40.4909 W   0.3        3.1        2.5       48.2      138.1 
120815  101300  47  32.2099 N  63  40.4908 W   0.3        3.1        2.5       48.2      138.1 
120815  101301  47  32.2100 N  63  40.4905 W   0.4        3.1        2.5       48.2      138.1 
120815  101302  47  32.2102 N  63  40.4903 W   0.4        3.1        2.5       48.2      138.1 
120815  101303  47  32.2102 N  63  40.4902 W   0.4        3.1        2.5       48.2      138.1 
120815  101304  47  32.2102 N  63  40.4900 W   0.4        3.1        2.5       48.2      138.1 
120815  101305  47  32.2102 N  63  40.4899 W   0.4        3.1        2.5       48.2      138.1 
120815  101306  47  32.2103 N  63  40.4898 W   0.4        3.1        2.5       48.2      138.1 
120815  101307  47  32.2104 N  63  40.4897 W   0.4        3.1        2.5       48.2      138.1 
120815  101308  47  32.2105 N  63  40.4897 W   0.4        3.1        2.5       48.2      138.1 
120815  101309  47  32.2105 N  63  40.4895 W   0.4        3.1        2.5       48.2      138.1 
120815  101310  47  32.2105 N  63  40.4893 W   0.4        3.1        2.5       48.2       57.2*
120815  101311  47  32.2106 N  63  40.4891 W   0.4        9.8*       2.5       48.2       57.2 
120815  101312  47  32.2107 N  63  40.4890 W   0.4        9.8        2.5       48.2       57.2 
120815  101313  47  32.2107 N  63  40.4890 W   0.4        9.8        2.5       48.2       57.2 
120815  101314  47  32.2107 N  63  40.4890 W   0.3        9.8        2.5       48.2       57.2 
120815  101315  47  32.2108 N  63  40.4888 W   0.3        9.8        2.5       48.2       24.2*
120815  101316  47  32.2109 N  63  40.4886 W   0.4        9.8        2.5       48.2       24.2 
120815  101317  47  32.2109 N  63  40.4885 W   0.4        9.8        2.5       48.2       24.2 
120815  101318  47  32.2109 N  63  40.4885 W   0.3        5.1*       2.5       48.2       24.2 
120815  101319  47  32.2110 N  63  40.4883 W   0.3        5.1        2.5       48.2       24.2 
120815  101320  47  32.2111 N  63  40.4882 W   0.4        5.1        2.5       48.2      123.6*
120815  101321  47  32.2111 N  63  40.4880 W   0.4        5.1        2.5       48.2      123.6 
120815  101322  47  32.2112 N  63  40.4879 W   0.4        5.1        2.5       48.2      123.6 
120815  101323  47  32.2112 N  63  40.4879 W   0.3        5.1        2.5       48.2      123.6 
120815  101324  47  32.2112 N  63  40.4878 W   0.3        5.1        2.5       48.2      123.6 
120815  101325  47  32.2113 N  63  40.4876 W   0.3        5.1        2.5       48.2      123.6 
120815  101326  47  32.2114 N  63  40.4876 W   0.3        5.1        2.5       48.2       17.2*
120815  101327  47  32.2115 N  63  40.4875 W   0.3        5.1        2.5       48.2       17.2 
120815  101328  47  32.2115 N  63  40.4874 W   0.3        5.1        2.5       48.2       17.2 
120815  101329  47  32.2115 N  63  40.4873 W   0.3        5.1        2.5       48.2       17.2 
120815  101330  47  32.2116 N  63  40.4872 W   0.3        5.1        2.5       48.2       17.2 
120815  101331  47  32.2116 N  63  40.4871 W   0.3        5.1        2.5       48.2       74.8*
120815  101332  47  32.2116 N  63  40.4871 W   0.2        5.1        2.5       48.2       74.8 
120815  101333  47  32.2116 N  63  40.4872 W   0.2        5.1        2.5       48.2       74.8 
120815  101334  47  32.2117 N  63  40.4871 W   0.2        5.1        2.5       48.2       74.8 
120815  101335  47  32.2117 N  63  40.4870 W   0.3        5.1        2.5       48.2       74.8 
120815  101336  47  32.2117 N  63  40.4870 W   0.2        5.1        2.5       48.2       88.4*
120815  101337  47  32.2118 N  63  40.4871 W   0.2        5.1        2.5       48.2       88.4 
120815  101338  47  32.2120 N  63  40.4870 W   0.3        5.1        2.5       48.2       88.4 
120815  101339  47  32.2120 N  63  40.4870 W   0.2        5.1        2.5       48.2       88.4 
120815  101340  47  32.2119 N  63  40.4871 W   0.2        5.1        2.5       48.2       88.4 
120815  101341  47  32.2119 N  63  40.4871 W   0.1        5.1        2.5       48.2       88.4 
120815  101342  47  32.2119 N  63  40.4871 W   0.1        5.1       12.2*      48.2       88.4 
120815  101343  47  32.2120 N  63  40.4871 W   0.2        5.1       12.2       48.2       88.4 
120815  101344  47  32.2120 N  63  40.4873 W   0.2        5.1       12.2       48.2       88.4 
120815  101345  47  32.2120 N  63  40.4873 W   0.1        5.1       12.2       48.2       88.4 
120815  101346  47  32.2120 N  63  40.4872 W   0.1        5.1       12.2       48.2       88.4 
120815  101347  47  32.2121 N  63  40.4871 W   0.2        5.1       12.2       48.2       96.8*
120815  101348  47  32.2120 N  63  40.4873 W   0.1        5.1       12.2       48.2       96.8 
120815  101349  47  32.2119 N  63  40.4874 W   0.1        5.1       12.2       48.2       96.8 
120815  101350  47  32.2120 N  63  40.4874 W   0.1        5.1       12.2       48.2       96.8 
120815  101351  47  32.2120 N  63  40.4875 W   0.1        5.1       12.2       48.2       96.8 
120815  101352  47  32.2121 N  63  40.4876 W   0.2        5.1       12.2       48.2       96.8 
120815  101353  47  32.2121 N  63  40.4877 W   0.2        5.1       12.2       48.2       96.8 
120815  101354  47  32.2121 N  63  40.4876 W   0.2        5.1       12.2       48.2       96.8 
120815  101355  47  32.2121 N  63  40.4876 W   0.1        5.1       12.2       48.2       96.8 
120815  101356  47  32.2120 N  63  40.4878 W   0.2        5.1       12.2       48.2       96.8 
120815  101357  47  32.2119 N  63  40.4881 W   0.2        5.1       12.2       48.2       11.9*
120815  101358  47  32.2118 N  63  40.4882 W   0.2        5.1       12.2       48.2       11.9 
120815  101359  47  32.2118 N  63  40.4882 W   0.2        5.1       12.2       48.2       11.9 
120815  101400  47  32.2118 N  63  40.4884 W   0.2        5.1       12.2       48.2       11.9 
120815  101401  47  32.2118 N  63  40.4886 W   0.3        5.1       12.2       48.2       11.9 
120815  101402  47  32.2117 N  63  40.4886 W   0.3        5.1       12.2       48.2        7.9*
120815  101403  47  32.2116 N  63  40.4887 W   0.3        5.1       12.2       48.2        7.9 
120815  101404  47  32.2115 N  63  40.4889 W   0.3        5.1       12.2       48.2        7.9 
120815  101405  47  32.2113 N  63  40.4892 W   0.4        5.1       12.2       48.2        7.9 
120815  101406  47  32.2112 N  63  40.4894 W   0.5        5.1       12.2       48.2        7.9 
120815  101407  47  32.2111 N  63  40.4897 W   0.5        5.1       12.2       48.2        7.9 
