FileName: C:\TRAWLS~3\GP206F
Local Time: Thu Jul 19 16:10:20 2012

Ship: July 19, 2012 Trip: GP206F Tow: tow 7
Comments: Zone 12 east point pei
 Date    Time     Latitude       Longitude    Speed    Primary  Secondary DoorSpread      Depth 
120719  191017  46  38.2136 N  62  16.0106 W   6.6       12.9*      11.7*      56.1*     475.5*
120719  191018  46  38.2148 N  62  16.0083 W   6.6       12.9       11.7       56.1      475.5 
120719  191019  46  38.2162 N  62  16.0061 W   6.8       12.9       11.7       56.1      475.5 
120719  191020  46  38.2176 N  62  16.0040 W   6.8       12.9       11.7       56.1      475.5 
120719  191021  46  38.2190 N  62  16.0018 W   6.9       12.9       11.7       56.1      475.5 
120719  191022  46  38.2203 N  62  15.9995 W   6.9       12.9       11.7       56.1      475.5 
120719  191023  46  38.2216 N  62  15.9972 W   7.0       12.9       11.7       56.1      475.5 
120719  191024  46  38.2228 N  62  15.9952 W   6.9       12.9       11.7       56.1      475.5 
120719  191025  46  38.2241 N  62  15.9933 W   6.9       12.9       11.7       56.1      475.5 
120719  191026  46  38.2256 N  62  15.9915 W   6.8       12.9       11.7       56.1      475.5 
120719  191027  46  38.2267 N  62  15.9896 W   6.7       12.9       11.7       56.1      475.5 
120719  191028  46  38.2278 N  62  15.9875 W   6.7       12.9       11.7       56.1      475.5 
120719  191029  46  38.2288 N  62  15.9856 W   6.5       12.9       11.7       56.1      475.5 
120719  191030  46  38.2299 N  62  15.9840 W   6.4       12.9       11.7       56.1      475.5 
120719  191031  46  38.2309 N  62  15.9825 W   6.2       12.9       11.7       56.1      475.5 
120719  191032  46  38.2319 N  62  15.9810 W   6.0       12.9       11.7       56.1      475.5 
120719  191033  46  38.2328 N  62  15.9796 W   5.8       12.9       11.7       56.1      475.5 
120719  191034  46  38.2335 N  62  15.9781 W   5.6       12.9       11.7       56.1      475.5 
120719  191035  46  38.2343 N  62  15.9766 W   5.4       12.9       11.7       56.1      475.5 
120719  191036  46  38.2351 N  62  15.9752 W   5.3       12.9       11.7        5.7*     475.5 
120719  191037  46  38.2358 N  62  15.9739 W   5.1       12.9       11.7        5.7      475.5 
120719  191038  46  38.2366 N  62  15.9727 W   5.0       12.9       11.7        5.7      475.5 
120719  191039  46  38.2374 N  62  15.9714 W   4.8       12.9       11.7        5.7      475.5 
120719  191040  46  38.2382 N  62  15.9701 W   4.7       12.9       10.9*       5.7      475.5 
120719  191041  46  38.2389 N  62  15.9686 W   4.7       12.9       10.9        5.7      475.5 
120719  191042  46  38.2396 N  62  15.9672 W   4.6       12.9       10.9        1.8*     475.5 
120719  191043  46  38.2403 N  62  15.9660 W   4.5       12.9       10.9        1.8      475.5 
120719  191044  46  38.2411 N  62  15.9649 W   4.3       12.9       10.9        1.8      475.5 
120719  191045  46  38.2418 N  62  15.9637 W   4.3       12.9       10.9        1.8      475.5 
120719  191046  46  38.2424 N  62  15.9624 W   4.2       12.9       10.9        1.8      475.5 
120719  191047  46  38.2430 N  62  15.9611 W   4.2       12.9       10.9        1.8      475.5 
120719  191048  46  38.2436 N  62  15.9600 W   4.1       12.9       10.9        1.8      475.5 
120719  191049  46  38.2442 N  62  15.9589 W   4.0       12.9       10.9        1.8      475.5 
120719  191050  46  38.2448 N  62  15.9580 W   3.9       12.9       10.9        1.8      475.5 
120719  191051  46  38.2455 N  62  15.9568 W   3.8       12.9       10.9        1.8      475.5 
120719  191052  46  38.2459 N  62  15.9557 W   3.8       12.9       11.1*       1.8      475.5 
120719  191053  46  38.2464 N  62  15.9546 W   3.7       12.9       11.1        1.8        0.0*
120719  191054  46  38.2469 N  62  15.9535 W   3.6       12.9       11.1        1.8        0.0 
120719  191055  46  38.2475 N  62  15.9526 W   3.6       12.9       11.1        1.8        0.0 
120719  191056  46  38.2481 N  62  15.9517 W   3.5       12.9       11.1        1.8        0.0 
120719  191057  46  38.2488 N  62  15.9505 W   3.6       12.9       11.1        1.8        0.0 
120719  191058  46  38.2494 N  62  15.9492 W   3.6       12.9       11.1        1.8        0.0 
120719  191059  46  38.2500 N  62  15.9480 W   3.6       12.9       11.1        1.8        0.0 
120719  191100  46  38.2507 N  62  15.9468 W   3.7       12.9       11.1        1.8        0.0 
120719  191101  46  38.2516 N  62  15.9455 W   3.9       12.9       11.1        1.8        0.0 
120719  191102  46  38.2526 N  62  15.9441 W   4.0       12.9       11.1        1.8        0.0 
120719  191103  46  38.2535 N  62  15.9428 W   4.1       12.9       11.1        1.8        0.0 
120719  191104  46  38.2545 N  62  15.9412 W   4.3       12.9       11.1        1.8        0.0 
120719  191105  46  38.2556 N  62  15.9393 W   4.6       12.9       11.1        1.8        0.0 
120719  191106  46  38.2567 N  62  15.9378 W   4.7       12.9       11.1        1.8        0.0 
120719  191107  46  38.2577 N  62  15.9364 W   4.8       12.9       11.1       10.7*       0.0 
120719  191108  46  38.2590 N  62  15.9348 W   5.0       12.9       11.1       10.7        0.0 
120719  191109  46  38.2602 N  62  15.9331 W   5.2       12.9       11.1       10.7        0.0 
120719  191110  46  38.2615 N  62  15.9315 W   5.3       12.9       11.1       10.7        0.0 
120719  191111  46  38.2626 N  62  15.9297 W   5.5       12.9       11.1       10.7        0.0 
120719  191112  46  38.2639 N  62  15.9278 W   5.6       12.9       11.1       10.7        0.0 
120719  191113  46  38.2653 N  62  15.9261 W   5.7       12.9       11.1       43.4*       0.0 
120719  191114  46  38.2667 N  62  15.9246 W   5.8       12.9       11.1       43.4        0.0 
120719  191115  46  38.2681 N  62  15.9229 W   6.0       12.9       11.1       43.4        0.0 
120719  191116  46  38.2695 N  62  15.9209 W   6.1       12.9       11.1       43.4        0.0 
120719  191117  46  38.2709 N  62  15.9190 W   6.2       12.9       11.1       43.4        0.0 
120719  191118  46  38.2722 N  62  15.9174 W   6.3       12.9       11.1       43.4        0.0 
120719  191119  46  38.2736 N  62  15.9157 W   6.3       12.9       11.1       50.8*       0.0 
120719  191120  46  38.2751 N  62  15.9140 W   6.4       12.9       11.1       50.8        0.0 
120719  191121  46  38.2765 N  62  15.9123 W   6.5       12.9       11.1       50.8        0.0 
120719  191122  46  38.2779 N  62  15.9107 W   6.5       12.9       11.1       50.8        0.0 
120719  191123  46  38.2794 N  62  15.9090 W   6.5       12.9       11.1       50.8        0.0 
120719  191124  46  38.2810 N  62  15.9073 W   6.6       12.9       11.1       50.8        0.0 
120719  191125  46  38.2826 N  62  15.9055 W   6.7       12.9       11.1       50.8        0.0 
120719  191126  46  38.2841 N  62  15.9038 W   6.7       12.9       11.1       50.8        0.0 
120719  191127  46  38.2857 N  62  15.9022 W   6.7       12.9       11.1       50.8        0.0 
120719  191128  46  38.2874 N  62  15.9007 W   6.8       12.9       11.1       50.8        0.0 
120719  191129  46  38.2890 N  62  15.8991 W   6.8       12.9       11.1       50.8        4.8*
120719  191130  46  38.2905 N  62  15.8975 W   6.8       12.9       11.1       50.8        4.8 
120719  191131  46  38.2920 N  62  15.8958 W   6.8       12.9       11.1       50.8        4.8 
120719  191132  46  38.2938 N  62  15.8942 W   6.9       12.9       11.1       50.8        4.8 
120719  191133  46  38.2955 N  62  15.8928 W   6.9       12.9       11.1       50.8        4.8 
120719  191134  46  38.2971 N  62  15.8911 W   6.9       12.9       11.1       50.8        5.3*
120719  191135  46  38.2987 N  62  15.8894 W   6.9       12.9       11.1       50.8        5.3 
120719  191136  46  38.3003 N  62  15.8879 W   6.9       12.9       11.1       50.8        5.3 
120719  191137  46  38.3019 N  62  15.8865 W   6.8       12.9       11.1       50.8        5.3 
120719  191138  46  38.3036 N  62  15.8848 W   6.9       12.9       11.1       50.8        5.3 
120719  191139  46  38.3052 N  62  15.8831 W   6.9       12.9       11.1       50.8        5.3 
120719  191140  46  38.3068 N  62  15.8815 W   6.9       12.9       11.1       50.8       44.9*
120719  191141  46  38.3084 N  62  15.8801 W   6.8       12.9       11.1       50.8       44.9 
120719  191142  46  38.3101 N  62  15.8787 W   6.9       12.9       11.1       50.8       44.9 
120719  191143  46  38.3118 N  62  15.8772 W   6.9       12.9       11.1       50.8       44.9 
120719  191144  46  38.3134 N  62  15.8756 W   6.9       12.9       11.1       50.8       44.9 
120719  191145  46  38.3150 N  62  15.8740 W   6.9       12.9       11.1       50.8       44.9 
120719  191146  46  38.3166 N  62  15.8725 W   6.9       12.9        3.5*      50.8       44.9 
120719  191147  46  38.3183 N  62  15.8711 W   6.9       12.9        3.5       50.8       44.9 
120719  191148  46  38.3199 N  62  15.8696 W   6.8       12.9        3.5       50.8       44.9 
120719  191149  46  38.3216 N  62  15.8681 W   6.9       12.9        3.5       50.8       44.9 
120719  191150  46  38.3233 N  62  15.8664 W   6.9       12.9        3.5       50.8       16.3*
120719  191151  46  38.3249 N  62  15.8648 W   6.9       12.9        3.5       50.8       16.3 
120719  191152  46  38.3266 N  62  15.8634 W   6.9       12.9        3.5       50.8       16.3 
120719  191153  46  38.3282 N  62  15.8620 W   6.9       12.9        3.5       50.8       16.3 
120719  191154  46  38.3299 N  62  15.8605 W   6.9       12.9        3.5       50.8       16.3 
120719  191155  46  38.3315 N  62  15.8589 W   6.9       12.9        3.5       50.8       16.3 
120719  191156  46  38.3332 N  62  15.8573 W   7.0       12.9        3.5       50.8       16.3 
120719  191157  46  38.3347 N  62  15.8557 W   7.0       12.9        3.5       50.8       16.3 
120719  191158  46  38.3363 N  62  15.8542 W   7.0       12.9        3.5       50.8       16.3 
120719  191159  46  38.3379 N  62  15.8528 W   6.9       12.9        3.5       50.8       16.3 
120719  191200  46  38.3395 N  62  15.8513 W   6.9       12.9        3.5       50.8       16.3 
120719  191201  46  38.3412 N  62  15.8498 W   7.0       12.9        3.5       50.8       20.2*
120719  191202  46  38.3428 N  62  15.8482 W   7.0       12.9        3.5       50.8       20.2 
120719  191203  46  38.3444 N  62  15.8466 W   7.0       12.9        3.5       50.8       20.2 
120719  191204  46  38.3460 N  62  15.8449 W   7.0       12.9        3.5       50.8       20.2 
120719  191205  46  38.3477 N  62  15.8434 W   7.0       12.9        3.5       50.8       20.2 
120719  191206  46  38.3493 N  62  15.8422 W   6.9       12.9        3.5       50.8       20.2 
120719  191207  46  38.3509 N  62  15.8408 W   6.9       12.9        3.5       50.8       20.2 
120719  191208  46  38.3526 N  62  15.8392 W   7.0       12.9        3.5       50.8       20.2 
120719  191209  46  38.3542 N  62  15.8377 W   7.0        7.1*       3.5       50.8       20.2 
120719  191210  46  38.3558 N  62  15.8361 W   6.9        7.1        3.5       50.8       20.2 
120719  191211  46  38.3574 N  62  15.8346 W   6.9        7.1        3.5       50.8       20.2 
120719  191212  46  38.3591 N  62  15.8332 W   6.9        7.1        3.5       50.8       20.2 
120719  191213  46  38.3608 N  62  15.8319 W   6.9        7.1        3.5       50.8       20.2 
120719  191214  46  38.3624 N  62  15.8304 W   6.9        7.1        3.5       50.8       20.2 
120719  191215  46  38.3639 N  62  15.8286 W   6.9        7.1        3.5       50.8       20.2 
120719  191216  46  38.3655 N  62  15.8268 W   6.9        2.3*       3.5       50.8       20.2 
120719  191217  46  38.3672 N  62  15.8254 W   6.9        2.3        3.5       50.8       20.2 
120719  191218  46  38.3688 N  62  15.8241 W   6.9        2.3        3.5       50.8       20.2 
120719  191219  46  38.3704 N  62  15.8227 W   6.8        2.3        3.5       50.8       20.2 
120719  191220  46  38.3719 N  62  15.8211 W   6.8        2.3        3.5       50.8       20.2 
120719  191221  46  38.3735 N  62  15.8195 W   6.8        2.3        3.5       50.8       20.2 
120719  191222  46  38.3750 N  62  15.8180 W   6.8        2.3        3.5       50.8       20.2 
120719  191223  46  38.3766 N  62  15.8168 W   6.8        2.3        3.5       50.8       20.2 
120719  191224  46  38.3783 N  62  15.8153 W   6.8        2.3        3.5       50.8       20.2 
120719  191225  46  38.3798 N  62  15.8137 W   6.8        2.3        3.5       50.8       20.2 
120719  191226  46  38.3813 N  62  15.8122 W   6.8        2.3        3.5       50.8       20.2 
120719  191227  46  38.3830 N  62  15.8108 W   6.7        2.3        3.5       50.8       20.2 
120719  191228  46  38.3846 N  62  15.8094 W   6.7        2.3        3.5       50.8       20.2 
120719  191229  46  38.3861 N  62  15.8078 W   6.7        2.3        3.5       50.8       20.2 
120719  191230  46  38.3876 N  62  15.8061 W   6.8        2.3        3.5       50.8       20.2 
120719  191231  46  38.3892 N  62  15.8046 W   6.7        2.3        3.5       50.8       20.2 
120719  191232  46  38.3907 N  62  15.8034 W   6.7        2.3        3.5       50.8       16.7*
120719  191233  46  38.3923 N  62  15.8020 W   6.7        2.3        3.5       50.8       16.7 
120719  191234  46  38.3939 N  62  15.8003 W   6.7        2.3        3.5       50.8       16.7 
120719  191235  46  38.3954 N  62  15.7989 W   6.7        2.3        3.5       50.8       16.7 
120719  191236  46  38.3970 N  62  15.7975 W   6.7        2.3        3.5       50.8       16.7 
120719  191237  46  38.3985 N  62  15.7961 W   6.7        2.3        3.5       50.8       26.8*
120719  191238  46  38.4001 N  62  15.7946 W   6.7        2.3        3.5       50.8       26.8 
120719  191239  46  38.4015 N  62  15.7933 W   6.6        2.3        3.5       50.8       26.8 
120719  191240  46  38.4031 N  62  15.7918 W   6.6        2.3        3.5       50.8       26.8 
120719  191241  46  38.4048 N  62  15.7905 W   6.7        2.3        3.5       50.8       26.8 
120719  191242  46  38.4062 N  62  15.7890 W   6.6        2.3        3.5       50.8       26.8 
120719  191243  46  38.4077 N  62  15.7874 W   6.6        2.3        3.5       50.8       26.8 
120719  191244  46  38.4092 N  62  15.7859 W   6.6        2.3        3.5       50.8       26.8 
120719  191245  46  38.4108 N  62  15.7846 W   6.6        2.3        4.5*      50.8       26.8 
120719  191246  46  38.4123 N  62  15.7834 W   6.6        2.3        4.5       73.0*      26.8 
120719  191247  46  38.4139 N  62  15.7818 W   6.6        2.3        4.5       73.0       26.8 
120719  191248  46  38.4153 N  62  15.7800 W   6.7        2.3        4.5       73.0      251.6*
120719  191249  46  38.4168 N  62  15.7783 W   6.7        2.3        4.5       73.0      251.6 
120719  191250  46  38.4185 N  62  15.7770 W   6.7        2.3        4.5       73.0      251.6 
120719  191251  46  38.4200 N  62  15.7758 W   6.6        2.3        4.5       73.0      251.6 
120719  191252  46  38.4216 N  62  15.7743 W   6.6        2.3*       4.5       73.0      251.6 
120719  191253  46  38.4231 N  62  15.7727 W   6.7        2.3        4.5       73.0       18.5*
120719  191254  46  38.4246 N  62  15.7710 W   6.7        2.3        4.5       73.0       18.5 
120719  191255  46  38.4261 N  62  15.7695 W   6.7        2.3        4.5       73.0       18.5 
120719  191256  46  38.4277 N  62  15.7682 W   6.6        2.3        4.5       73.0       18.5 
120719  191257  46  38.4293 N  62  15.7669 W   6.7        2.3        4.5       73.0       18.5 
120719  191258  46  38.4310 N  62  15.7656 W   6.7        2.3        4.5       73.0       40.0*
120719  191259  46  38.4325 N  62  15.7640 W   6.7        2.3        4.5       73.0       40.0 
120719  191300  46  38.4339 N  62  15.7622 W   6.7        2.3        4.5       73.0       40.0 
120719  191301  46  38.4353 N  62  15.7605 W   6.7        2.3        4.5       73.0       40.0 
120719  191302  46  38.4368 N  62  15.7591 W   6.6        2.3        4.5       73.0       40.0 
120719  191303  46  38.4384 N  62  15.7579 W   6.6        2.3        4.5       73.0       40.0 
120719  191304  46  38.4400 N  62  15.7566 W   6.6        2.3        4.5       73.0       17.6*
120719  191305  46  38.4413 N  62  15.7548 W   6.6        2.3        4.5       73.0       17.6 
120719  191306  46  38.4427 N  62  15.7528 W   6.6        2.3        4.5       73.0       17.6 
120719  191307  46  38.4441 N  62  15.7511 W   6.6        2.3        4.5       73.0       17.6 
120719  191308  46  38.4456 N  62  15.7499 W   6.6        2.3        4.5       73.0       17.6 
120719  191309  46  38.4472 N  62  15.7487 W   6.5        2.3        4.5       73.0       27.7*
120719  191310  46  38.4487 N  62  15.7472 W   6.5        2.3        4.5       73.0       27.7 
120719  191311  46  38.4502 N  62  15.7455 W   6.6        2.3        4.5       73.0       27.7 
120719  191312  46  38.4516 N  62  15.7439 W   6.6        2.3        4.5       73.0       27.7 
120719  191313  46  38.4532 N  62  15.7424 W   6.5        2.3        4.5       11.3*      27.7 
120719  191314  46  38.4547 N  62  15.7412 W   6.5        2.3        4.5       11.3       20.2*
120719  191315  46  38.4562 N  62  15.7398 W   6.5        2.3        4.5       11.3       20.2 
120719  191316  46  38.4578 N  62  15.7383 W   6.5        2.3        4.5       11.3       20.2 
120719  191317  46  38.4593 N  62  15.7369 W   6.5        2.3        4.5       11.3       20.2 
120719  191318  46  38.4607 N  62  15.7355 W   6.5        2.3        4.5        5.8*      20.2 
120719  191319  46  38.4621 N  62  15.7340 W   6.4        2.3        4.5        5.8       27.7*
120719  191320  46  38.4634 N  62  15.7326 W   6.3        2.3        4.5        5.8       27.7 
120719  191321  46  38.4646 N  62  15.7314 W   6.2        2.3        4.5        5.8       27.7 
120719  191322  46  38.4659 N  62  15.7303 W   6.0        2.3        4.5        5.8       27.7 
120719  191323  46  38.4670 N  62  15.7292 W   5.9        2.3        4.5        7.1*      27.7 
120719  191324  46  38.4680 N  62  15.7280 W   5.7        2.3        4.5        7.1       27.7 
120719  191325  46  38.4689 N  62  15.7267 W   5.5        2.3        4.5        7.1       28.6*
120719  191326  46  38.4698 N  62  15.7258 W   5.3        2.3        4.5        7.1       28.6 
120719  191327  46  38.4708 N  62  15.7249 W   5.1        2.3        4.5        7.1       28.6 
120719  191328  46  38.4716 N  62  15.7240 W   4.9        2.7*       4.5        7.1       28.6 
120719  191329  46  38.4723 N  62  15.7230 W   4.7        2.7        4.5        6.9*      28.6 
120719  191330  46  38.4730 N  62  15.7220 W   4.5        2.7        4.5        6.9       24.2*
120719  191331  46  38.4736 N  62  15.7210 W   4.3        2.7        4.5        6.9       24.2 
120719  191332  46  38.4744 N  62  15.7201 W   4.1        2.7        4.5        6.9       24.2 
120719  191333  46  38.4749 N  62  15.7194 W   3.9        2.7        4.5        6.9       24.2 
120719  191334  46  38.4756 N  62  15.7184 W   3.8        2.7        4.5        7.7*      24.2 
120719  191335  46  38.4761 N  62  15.7175 W   3.7        2.7        4.5        7.7       36.5*
120719  191336  46  38.4766 N  62  15.7167 W   3.5        2.7        4.5        7.7       36.5 
120719  191337  46  38.4771 N  62  15.7160 W   3.4        2.7        4.5        7.7       36.5 
120719  191338  46  38.4777 N  62  15.7151 W   3.3        2.7        4.5        7.7       36.5 
120719  191339  46  38.4782 N  62  15.7142 W   3.2        2.7        4.5        7.8*      36.5 
120719  191340  46  38.4786 N  62  15.7134 W   3.1        2.7       11.6*       7.8       33.4*
120719  191341  46  38.4791 N  62  15.7127 W   3.0        2.7       11.6        7.8       33.4 
120719  191342  46  38.4796 N  62  15.7120 W   2.9        2.7       11.6        7.8       33.4 
120719  191343  46  38.4800 N  62  15.7112 W   2.9        2.7       11.6        7.8       33.4 
120719  191344  46  38.4804 N  62  15.7104 W   2.8        2.7       11.6        8.0*      33.4 
120719  191345  46  38.4808 N  62  15.7097 W   2.7        2.7       11.6        8.0       33.4 
120719  191346  46  38.4812 N  62  15.7091 W   2.6        2.7       11.6        8.0      207.6*
120719  191347  46  38.4816 N  62  15.7083 W   2.6        2.7       11.6        8.0      207.6 
120719  191348  46  38.4821 N  62  15.7075 W   2.6        2.7       11.6        8.0      207.6 
120719  191349  46  38.4824 N  62  15.7068 W   2.5        2.7       11.6        8.0      207.6 
120719  191350  46  38.4828 N  62  15.7063 W   2.4        2.7       11.6        6.9*     207.6 
120719  191351  46  38.4832 N  62  15.7056 W   2.4        2.7       11.6        6.9      207.6 
120719  191352  46  38.4834 N  62  15.7047 W   2.4        2.7       10.6*       6.9      207.6 
120719  191353  46  38.4836 N  62  15.7039 W   2.4        2.7       10.6        6.9      207.6 
120719  191354  46  38.4840 N  62  15.7032 W   2.3        2.7       10.6        6.9      207.6 
120719  191355  46  38.4843 N  62  15.7026 W   2.3        2.7       10.6        9.4*     207.6 
120719  191356  46  38.4847 N  62  15.7021 W   2.2        2.7       10.6        9.4       40.5*
120719  191357  46  38.4851 N  62  15.7015 W   2.2        2.7       10.6        9.4       40.5 
120719  191358  46  38.4854 N  62  15.7006 W   2.3        2.7       10.6        9.4       40.5 
120719  191359  46  38.4857 N  62  15.6997 W   2.3        2.7       10.6        9.4       40.5 
120719  191400  46  38.4859 N  62  15.6991 W   2.2        2.7       10.6        4.5*      40.5 
120719  191401  46  38.4864 N  62  15.6987 W   2.1        2.7       10.6        4.5       40.5 
120719  191402  46  38.4868 N  62  15.6980 W   2.1        2.7       10.6        4.5       54.5*
120719  191403  46  38.4871 N  62  15.6973 W   2.2        2.7       10.6        4.5       54.5 
120719  191404  46  38.4871 N  62  15.6963 W   2.2        2.7       11.0*       4.5       54.5 
120719  191405  46  38.4874 N  62  15.6955 W   2.2        2.7       11.0        9.5*      54.5 
120719  191406  46  38.4878 N  62  15.6950 W   2.1        2.7       11.0        9.5       54.5 
120719  191407  46  38.4883 N  62  15.6945 W   2.1        2.7       11.0        9.5       22.4*
120719  191408  46  38.4886 N  62  15.6939 W   2.1        2.7       11.0        9.5       22.4 
120719  191409  46  38.4888 N  62  15.6929 W   2.1        2.7       11.0        9.5       22.4 
120719  191410  46  38.4889 N  62  15.6920 W   2.1        2.7       11.0        9.5       22.4 
120719  191411  46  38.4893 N  62  15.6912 W   2.2        2.7       11.0        4.0*      22.4 
120719  191412  46  38.4897 N  62  15.6909 W   2.1        2.7       11.0        4.0       43.1*
120719  191413  46  38.4900 N  62  15.6904 W   2.0        2.7       11.0        4.0       43.1 
120719  191414  46  38.4903 N  62  15.6894 W   2.1        2.7       11.0        4.0       43.1 
120719  191415  46  38.4905 N  62  15.6884 W   2.2        2.7       11.0        4.0       43.1 
120719  191416  46  38.4907 N  62  15.6878 W   2.2        2.7       11.1*       7.1*      43.1 
120719  191417  46  38.4911 N  62  15.6873 W   2.1        2.7       11.1        7.1       46.2*
120719  191418  46  38.4914 N  62  15.6868 W   2.1        2.7       11.1        7.1       46.2 
120719  191419  46  38.4917 N  62  15.6860 W   2.1        2.7       11.1        7.1       46.2 
120719  191420  46  38.4921 N  62  15.6852 W   2.1        2.7       11.1        7.1       46.2 
120719  191421  46  38.4924 N  62  15.6844 W   2.2        2.7       11.1        7.0*      46.2 
120719  191422  46  38.4928 N  62  15.6837 W   2.2        2.7        6.6*       7.0       46.2 
120719  191423  46  38.4931 N  62  15.6830 W   2.2        2.7        6.6        7.0       48.4*
120719  191424  46  38.4935 N  62  15.6823 W   2.1        2.7        6.6        7.0       48.4 
120719  191425  46  38.4939 N  62  15.6817 W   2.2        2.7        6.6        7.0       48.4 
120719  191426  46  38.4943 N  62  15.6810 W   2.2        2.7        6.6        8.7*      48.4 
120719  191427  46  38.4946 N  62  15.6802 W   2.2        2.7        6.6        8.7       48.4 
120719  191428  46  38.4948 N  62  15.6793 W   2.2        2.7        6.6        8.7       56.3*
120719  191429  46  38.4952 N  62  15.6786 W   2.2        2.7        6.6        8.7       56.3 
120719  191430  46  38.4956 N  62  15.6779 W   2.2        7.9*       6.6        8.7       56.3 
120719  191431  46  38.4960 N  62  15.6774 W   2.2        7.9        6.6        8.7       56.3 
120719  191432  46  38.4963 N  62  15.6767 W   2.1        7.9        6.6        7.8*      56.3 
120719  191433  46  38.4966 N  62  15.6758 W   2.2        7.9        6.6        7.8       45.7*
120719  191434  46  38.4969 N  62  15.6749 W   2.2        7.9        6.6        7.8       45.7 
120719  191435  46  38.4972 N  62  15.6743 W   2.2        7.9        6.6        7.8       45.7 
120719  191436  46  38.4977 N  62  15.6739 W   2.1        7.9        6.6        7.8       45.7 
120719  191437  46  38.4980 N  62  15.6733 W   2.1        7.9        6.6        8.4*      45.7 
120719  191438  46  38.4983 N  62  15.6725 W   2.2        7.9        6.6        8.4       45.7 
120719  191439  46  38.4986 N  62  15.6717 W   2.2        7.9        6.6        8.4       53.7*
120719  191440  46  38.4989 N  62  15.6710 W   2.2        7.9        6.6        8.4       53.7 
120719  191441  46  38.4993 N  62  15.6706 W   2.1        7.9        6.6        8.4       53.7 
120719  191442  46  38.4997 N  62  15.6701 W   2.1        7.9       11.6*       8.9*      53.7 
120719  191443  46  38.5001 N  62  15.6693 W   2.1        7.9       11.6        8.9       53.7 
120719  191444  46  38.5003 N  62  15.6685 W   2.1        7.9       11.6        8.9       51.0*
120719  191445  46  38.5006 N  62  15.6677 W   2.1        7.9       11.6        8.9       51.0 
120719  191446  46  38.5010 N  62  15.6671 W   2.1        7.9       11.6        8.9       51.0 
120719  191447  46  38.5014 N  62  15.6666 W   2.1        7.9       11.6        8.9       51.0 
120719  191448  46  38.5017 N  62  15.6659 W   2.1        7.9       11.6        8.9       51.0 
120719  191449  46  38.5020 N  62  15.6651 W   2.1        7.9       11.6        8.9       54.1*
120719  191450  46  38.5024 N  62  15.6643 W   2.1        7.9       11.6        8.9       54.1 
120719  191451  46  38.5027 N  62  15.6636 W   2.1        7.9       11.6        8.9       54.1 
120719  191452  46  38.5030 N  62  15.6630 W   2.1        7.9       11.6        8.9       54.1 
120719  191453  46  38.5034 N  62  15.6624 W   2.1        7.9       11.6        8.9       54.1 
120719  191454  46  38.5038 N  62  15.6618 W   2.1        7.9       11.2*       8.9       54.1 
120719  191455  46  38.5041 N  62  15.6610 W   2.1        7.9       11.2        8.9       52.8*
120719  191456  46  38.5043 N  62  15.6602 W   2.1        7.9       11.2        8.9       52.8 
120719  191457  46  38.5046 N  62  15.6595 W   2.1        7.9       11.2        8.9       52.8 
120719  191458  46  38.5051 N  62  15.6589 W   2.1        7.9       11.2        8.8*      52.8 
120719  191459  46  38.5054 N  62  15.6582 W   2.1        7.9       11.2        8.8       52.8 
120719  191500  46  38.5057 N  62  15.6575 W   2.1        7.9       11.2        8.8       55.0*
120719  191501  46  38.5059 N  62  15.6566 W   2.1        7.9       11.2        8.8       55.0 
120719  191502  46  38.5063 N  62  15.6558 W   2.1        7.9       11.2        8.8       55.0 
120719  191503  46  38.5067 N  62  15.6551 W   2.1        7.9       11.2        8.8       55.0 
120719  191504  46  38.5071 N  62  15.6544 W   2.1        7.9       11.2        9.5*      55.0 
120719  191505  46  38.5075 N  62  15.6537 W   2.1        7.9       11.2*       9.5       54.1*
120719  191506  46  38.5078 N  62  15.6530 W   2.1        7.9       11.2        9.5       54.1 
120719  191507  46  38.5081 N  62  15.6522 W   2.1        7.9       11.2        9.5       54.1 
120719  191508  46  38.5084 N  62  15.6515 W   2.1        7.9       11.2        9.5       54.1 
120719  191509  46  38.5088 N  62  15.6508 W   2.1        7.9       11.2        9.9*      54.1 
120719  191510  46  38.5091 N  62  15.6502 W   2.1        7.9       11.2        9.9       54.1 
120719  191511  46  38.5094 N  62  15.6495 W   2.1        7.9       11.2        9.9       54.1*
120719  191512  46  38.5098 N  62  15.6489 W   2.1        7.9       11.2        9.9       54.1 
120719  191513  46  38.5102 N  62  15.6482 W   2.1        7.9       11.2        9.9       54.1 
120719  191514  46  38.5105 N  62  15.6474 W   2.1        7.9       11.2        9.9       54.1 
120719  191515  46  38.5108 N  62  15.6466 W   2.1        7.9       11.2        9.9       54.1 
120719  191516  46  38.5111 N  62  15.6460 W   2.1        7.9       11.2        9.9       53.7*
120719  191517  46  38.5115 N  62  15.6454 W   2.1        7.9       11.2        9.9       53.7 
120719  191518  46  38.5118 N  62  15.6446 W   2.1        7.9       11.2        9.9       53.7 
120719  191519  46  38.5121 N  62  15.6439 W   2.1        7.9       11.2       10.4*      53.7 
120719  191520  46  38.5124 N  62  15.6431 W   2.1        7.9       11.2       10.4       53.7 
120719  191521  46  38.5127 N  62  15.6425 W   2.1        7.9       11.2       10.4       52.8*
120719  191522  46  38.5131 N  62  15.6418 W   2.1        7.9       11.2       10.4       52.8 
120719  191523  46  38.5135 N  62  15.6413 W   2.1        7.9       11.2       10.4       52.8 
120719  191524  46  38.5137 N  62  15.6406 W   2.0        7.9       11.2       10.4       52.8 
120719  191525  46  38.5141 N  62  15.6398 W   2.1        7.9       11.2       11.7*      52.8 
120719  191526  46  38.5144 N  62  15.6391 W   2.1        7.9       11.2       11.7       52.8 
120719  191527  46  38.5146 N  62  15.6384 W   2.1        7.9       11.2       11.7       56.3*
120719  191528  46  38.5149 N  62  15.6377 W   2.0        7.9       11.2       11.7       56.3 
120719  191529  46  38.5153 N  62  15.6373 W   2.0        7.9       11.7*      11.7       56.3 
120719  191530  46  38.5157 N  62  15.6365 W   2.0        7.9       11.7       11.0*      56.3 
120719  191531  46  38.5159 N  62  15.6355 W   2.0        7.9       11.7       11.0       56.3 
120719  191532  46  38.5160 N  62  15.6346 W   2.1        7.9       11.7       11.0       55.0*
120719  191533  46  38.5164 N  62  15.6341 W   2.0        7.9       11.7       11.0       55.0 
120719  191534  46  38.5167 N  62  15.6336 W   2.0        7.9       11.7       11.0       55.0 
120719  191535  46  38.5171 N  62  15.6329 W   2.0        7.9       11.7       10.8*      55.0 
120719  191536  46  38.5172 N  62  15.6320 W   2.0        7.9        2.9*      10.8       55.0 
120719  191537  46  38.5174 N  62  15.6313 W   2.0        7.9        2.9       10.8       55.0*
120719  191538  46  38.5177 N  62  15.6308 W   1.9        7.9        2.9       10.8       55.0 
120719  191539  46  38.5181 N  62  15.6302 W   1.9        7.9        2.9       10.8       55.0 
120719  191540  46  38.5184 N  62  15.6294 W   1.9        7.9        2.9        9.9*      55.0 
120719  191541  46  38.5185 N  62  15.6288 W   1.9        7.9        2.9        9.9       55.0 
120719  191542  46  38.5188 N  62  15.6281 W   1.9        7.9        2.9        9.9       55.0 
120719  191543  46  38.5191 N  62  15.6274 W   1.9        5.4*       2.9        9.9       52.3*
120719  191544  46  38.5194 N  62  15.6267 W   1.9        5.4        2.9        9.9       52.3 
120719  191545  46  38.5196 N  62  15.6261 W   1.9        5.4        2.9        9.9       52.3 
120719  191546  46  38.5198 N  62  15.6254 W   1.9        5.4        2.9        8.3*      52.3 
120719  191547  46  38.5201 N  62  15.6248 W   1.9        5.4        2.9        8.3       52.3 
120719  191548  46  38.5203 N  62  15.6242 W   1.9        5.4        2.9        8.3       52.3*
120719  191549  46  38.5204 N  62  15.6236 W   1.8        5.4        2.9        8.3       52.3 
120719  191550  46  38.5206 N  62  15.6228 W   1.9        5.4        2.9        8.3       52.3 
120719  191551  46  38.5208 N  62  15.6221 W   1.9        5.4        2.9        7.1*      52.3 
120719  191552  46  38.5211 N  62  15.6215 W   1.9        5.4        2.9        7.1       52.3 
120719  191553  46  38.5214 N  62  15.6209 W   1.8        5.4        2.9        7.1       55.9*
120719  191554  46  38.5216 N  62  15.6201 W   1.8        5.4        2.9        7.1       55.9 
120719  191555  46  38.5219 N  62  15.6193 W   1.9        5.4        2.9        7.1       55.9 
120719  191556  46  38.5222 N  62  15.6186 W   1.8        5.4        2.9        5.9*      55.9 
120719  191557  46  38.5224 N  62  15.6180 W   1.8        5.4        2.9        5.9       55.9 
120719  191558  46  38.5226 N  62  15.6173 W   1.8        5.4        2.9        5.9       55.9 
120719  191559  46  38.5228 N  62  15.6165 W   1.8        5.4        2.9        5.9       54.5*
120719  191600  46  38.5230 N  62  15.6158 W   1.8        5.4        2.9        5.9       54.5 
120719  191601  46  38.5232 N  62  15.6151 W   1.8        5.4        2.9        6.0*      54.5 
120719  191602  46  38.5235 N  62  15.6144 W   1.8        5.4        2.9        6.0       54.5 
120719  191603  46  38.5237 N  62  15.6137 W   1.8        5.4        2.9        6.0       54.5 
120719  191604  46  38.5240 N  62  15.6130 W   1.8        5.4        2.9        6.0       52.8*
120719  191605  46  38.5242 N  62  15.6122 W   1.8        5.4        2.9        6.0       52.8 
120719  191606  46  38.5245 N  62  15.6113 W   1.9        5.4        2.9        6.0       52.8 
120719  191607  46  38.5247 N  62  15.6106 W   1.9        4.1*       2.9        4.2*      52.8 
120719  191608  46  38.5251 N  62  15.6100 W   1.9        4.1        2.9        4.2       52.8 
120719  191609  46  38.5254 N  62  15.6094 W   1.8        4.1        2.9        4.2       53.7*
120719  191610  46  38.5256 N  62  15.6086 W   1.9        4.1        2.9        4.2       53.7 
120719  191611  46  38.5258 N  62  15.6078 W   2.0        4.1        2.9        4.2       53.7 
120719  191612  46  38.5260 N  62  15.6070 W   2.0        4.1        2.9        7.0*      53.7 
120719  191613  46  38.5264 N  62  15.6065 W   1.9        4.1        2.9        7.0       53.7 
120719  191614  46  38.5268 N  62  15.6059 W   2.0        4.1        2.9        7.0       53.7 
120719  191615  46  38.5271 N  62  15.6051 W   2.0        4.1        2.9        7.0       53.2*
120719  191616  46  38.5272 N  62  15.6043 W   2.0        4.1        2.9        7.0       53.2 
120719  191617  46  38.5274 N  62  15.6035 W   2.0        4.1        2.9        3.0*      53.2 
120719  191618  46  38.5277 N  62  15.6028 W   2.1        4.1        2.9        3.0       53.2 
120719  191619  46  38.5280 N  62  15.6022 W   2.0        4.1       11.4*       3.0       53.2 
120719  191620  46  38.5284 N  62  15.6017 W   2.0        4.1       11.4        3.0       52.8*
120719  191621  46  38.5287 N  62  15.6010 W   2.0        4.1       11.4        3.0       52.8 
120719  191622  46  38.5289 N  62  15.6000 W   2.1        4.1       11.4        5.2*      52.8 
120719  191623  46  38.5291 N  62  15.5993 W   2.1        4.1       11.4        5.2       52.8 
120719  191624  46  38.5294 N  62  15.5986 W   2.1        4.1       11.4        5.2       52.8 
120719  191625  46  38.5298 N  62  15.5980 W   2.1        4.1        3.3*       5.2       74.8*
120719  191626  46  38.5302 N  62  15.5972 W   2.1        4.1        3.3        5.2       74.8 
120719  191627  46  38.5305 N  62  15.5965 W   2.1        4.1        3.3        5.2       74.8 
120719  191628  46  38.5307 N  62  15.5957 W   2.1        4.1        3.3        5.5*      74.8 
120719  191629  46  38.5310 N  62  15.5950 W   2.1        4.1        3.3        5.5       74.8 
120719  191630  46  38.5313 N  62  15.5943 W   2.1        4.1        3.3        5.5       74.8 
120719  191631  46  38.5316 N  62  15.5937 W   2.1        4.1        3.3        5.5       32.1*
120719  191632  46  38.5320 N  62  15.5931 W   2.1        4.1        3.3        5.5       32.1 
120719  191633  46  38.5323 N  62  15.5924 W   2.1       12.7*       3.3        5.8*      32.1 
120719  191634  46  38.5324 N  62  15.5916 W   2.2       12.7        3.3        5.8       32.1 
120719  191635  46  38.5326 N  62  15.5908 W   2.1       12.7        3.3        5.8       32.1 
120719  191636  46  38.5330 N  62  15.5902 W   2.1       12.7        3.3        5.8       54.1*
120719  191637  46  38.5334 N  62  15.5895 W   2.1       12.7        3.3        5.8       54.1 
120719  191638  46  38.5337 N  62  15.5888 W   2.1       12.7        3.3        6.2*      54.1 
120719  191639  46  38.5340 N  62  15.5879 W   2.1       12.7        3.6*       6.2       54.1 
120719  191640  46  38.5342 N  62  15.5872 W   2.1       12.7        3.6        6.2       54.1 
120719  191641  46  38.5345 N  62  15.5865 W   2.1       12.7        3.6        6.2       52.3*
120719  191642  46  38.5349 N  62  15.5858 W   2.1       12.7        3.6        6.2       52.3 
120719  191643  46  38.5352 N  62  15.5852 W   2.0       12.7        3.6        5.8*      52.3 
120719  191644  46  38.5354 N  62  15.5845 W   2.0       12.7        3.6        5.8       52.3 
120719  191645  46  38.5357 N  62  15.5836 W   2.1       12.7        3.6        5.8       52.3 
120719  191646  46  38.5360 N  62  15.5826 W   2.1       12.7        3.6        5.8       51.5*
120719  191647  46  38.5362 N  62  15.5819 W   2.1       13.3*       3.6        5.8       51.5 
120719  191648  46  38.5365 N  62  15.5817 W   2.0       13.3        3.6        5.8       51.5 
120719  191649  46  38.5369 N  62  15.5810 W   2.0       13.3        3.6        6.8*      51.5 
120719  191650  46  38.5371 N  62  15.5799 W   2.1       13.3        3.6        6.8       51.5 
120719  191651  46  38.5372 N  62  15.5789 W   2.1       13.3        3.6        6.8       51.5 
120719  191652  46  38.5374 N  62  15.5782 W   2.0       13.3        3.6        6.8       55.4*
120719  191653  46  38.5378 N  62  15.5777 W   2.0       13.3        3.6        6.8       55.4 
120719  191654  46  38.5382 N  62  15.5768 W   2.0       13.3        3.6        7.5*      55.4 
120719  191655  46  38.5384 N  62  15.5759 W   2.0       13.3        3.6        7.5       55.4 
120719  191656  46  38.5384 N  62  15.5752 W   2.0       13.3        3.6        7.5       55.4 
120719  191657  46  38.5387 N  62  15.5744 W   2.0       13.3        3.6        7.5       51.0*
120719  191658  46  38.5389 N  62  15.5737 W   2.0       13.3        3.6        7.5       51.0 
120719  191659  46  38.5393 N  62  15.5731 W   2.0       13.3       12.9*       4.1*      51.0 
120719  191700  46  38.5395 N  62  15.5724 W   2.0       13.3       12.9        4.1       51.0 
120719  191701  46  38.5396 N  62  15.5715 W   2.0       13.3       12.9        4.1       51.0 
120719  191702  46  38.5398 N  62  15.5706 W   2.0       13.3       12.9        4.1       51.9*
120719  191703  46  38.5400 N  62  15.5699 W   2.1       13.3       12.9        4.1       51.9 
120719  191704  46  38.5404 N  62  15.5693 W   2.0       13.3       12.9        9.5*      51.9 
120719  191705  46  38.5407 N  62  15.5688 W   2.0       13.3       12.9        9.5       51.9 
120719  191706  46  38.5409 N  62  15.5680 W   2.0       13.3       12.9        9.5       51.9 
120719  191707  46  38.5410 N  62  15.5672 W   2.1       13.3       12.9        9.5       51.9 
120719  191708  46  38.5412 N  62  15.5666 W   2.1       13.3       12.9        9.5       55.0*
120719  191709  46  38.5415 N  62  15.5659 W   2.1       13.3       12.9        9.5       55.0 
120719  191710  46  38.5418 N  62  15.5652 W   2.0       13.3       12.9        3.3*      55.0 
120719  191711  46  38.5420 N  62  15.5645 W   2.0       13.3       12.9        3.3       55.0 
120719  191712  46  38.5422 N  62  15.5637 W   2.1       13.3       12.9        3.3       55.0 
120719  191713  46  38.5425 N  62  15.5630 W   2.1       13.3       12.9        3.3       51.9*
120719  191714  46  38.5428 N  62  15.5623 W   2.1       13.3       12.9        3.3       51.9 
120719  191715  46  38.5430 N  62  15.5616 W   2.1       13.3       12.9        6.1*      51.9 
120719  191716  46  38.5433 N  62  15.5610 W   2.1       13.3       12.9        6.1       51.9 
120719  191717  46  38.5436 N  62  15.5602 W   2.1       13.3       12.9        6.1       51.9 
120719  191718  46  38.5439 N  62  15.5594 W   2.2       13.3       12.9        6.1       52.3*
120719  191719  46  38.5442 N  62  15.5586 W   2.2       13.3       12.9        6.1       52.3 
120719  191720  46  38.5444 N  62  15.5579 W   2.2       13.3       12.9        7.0*      52.3 
120719  191721  46  38.5448 N  62  15.5571 W   2.2       13.3       12.9        7.0       52.3 
120719  191722  46  38.5452 N  62  15.5564 W   2.2       13.3       12.9        7.0       52.3 
120719  191723  46  38.5455 N  62  15.5556 W   2.2       13.3       12.9        7.0       52.3 
120719  191724  46  38.5458 N  62  15.5548 W   2.2       13.3       11.2*       7.0       55.4*
120719  191725  46  38.5461 N  62  15.5540 W   2.2       13.3       11.2        7.7*      55.4 
120719  191726  46  38.5465 N  62  15.5532 W   2.2       13.3       11.2        7.7       55.4 
120719  191727  46  38.5468 N  62  15.5525 W   2.2       13.3       11.2        7.7       55.4 
120719  191728  46  38.5472 N  62  15.5517 W   2.2       13.3       11.2        7.7       55.4 
120719  191729  46  38.5475 N  62  15.5510 W   2.2       13.3       11.2        7.7       54.5*
120719  191730  46  38.5478 N  62  15.5502 W   2.2       13.3       11.2        7.7       54.5 
120719  191731  46  38.5482 N  62  15.5493 W   2.2       13.3       11.2        8.7*      54.5 
120719  191732  46  38.5485 N  62  15.5485 W   2.3       13.3       11.2        8.7       54.5 
120719  191733  46  38.5489 N  62  15.5478 W   2.2       13.3       11.2        8.7       54.5 
120719  191734  46  38.5493 N  62  15.5471 W   2.2       13.3       11.2        8.7       49.7*
120719  191735  46  38.5496 N  62  15.5463 W   2.3       13.3       11.2        8.7       49.7 
120719  191736  46  38.5499 N  62  15.5453 W   2.3       13.3       11.7*       6.2*      49.7 
120719  191737  46  38.5501 N  62  15.5445 W   2.3       13.3       11.7        6.2       49.7 
120719  191738  46  38.5505 N  62  15.5438 W   2.2       13.3       11.7        6.2       49.7 
120719  191739  46  38.5510 N  62  15.5431 W   2.2       13.3       11.7        6.2       49.7 
120719  191740  46  38.5513 N  62  15.5422 W   2.2       13.3       11.7        6.2       51.9*
120719  191741  46  38.5514 N  62  15.5414 W   2.2       13.3       11.7        9.8*      51.9 
120719  191742  46  38.5517 N  62  15.5406 W   2.2       13.3       11.7        9.8       51.9 
120719  191743  46  38.5520 N  62  15.5400 W   2.2       13.3       11.7        9.8       51.9 
120719  191744  46  38.5524 N  62  15.5391 W   2.2       13.3       11.7        9.8       51.9 
120719  191745  46  38.5526 N  62  15.5383 W   2.2       13.3       11.7        9.8       54.1*
120719  191746  46  38.5529 N  62  15.5375 W   2.2       13.3       11.7        7.5*      54.1 
120719  191747  46  38.5532 N  62  15.5367 W   2.1       13.3       11.7        7.5       54.1 
120719  191748  46  38.5535 N  62  15.5360 W   2.2       13.3       11.6*       7.5       54.1 
120719  191749  46  38.5538 N  62  15.5353 W   2.1       13.3       11.6        7.5       54.1 
120719  191750  46  38.5540 N  62  15.5346 W   2.1       13.3       11.6        7.5       52.8*
120719  191751  46  38.5542 N  62  15.5339 W   2.1       13.3       11.6        7.5       52.8 
120719  191752  46  38.5544 N  62  15.5332 W   2.1       13.3       11.6        8.9*      52.8 
120719  191753  46  38.5547 N  62  15.5324 W   2.1       13.3       11.6        8.9       52.8 
120719  191754  46  38.5550 N  62  15.5318 W   2.1       13.3       11.6        8.9       52.8 
120719  191755  46  38.5552 N  62  15.5311 W   2.1       13.3       11.6        8.9       52.8 
120719  191756  46  38.5554 N  62  15.5303 W   2.1       13.3       11.6        8.9       52.8*
120719  191757  46  38.5557 N  62  15.5295 W   2.1       13.3       11.6        8.3*      52.8 
120719  191758  46  38.5559 N  62  15.5287 W   2.1       13.3       11.6        8.3       52.8 
120719  191759  46  38.5562 N  62  15.5281 W   2.1       13.3       11.6        8.3       52.8 
120719  191800  46  38.5565 N  62  15.5275 W   2.0       13.3       11.2*       8.3       52.8 
120719  191801  46  38.5568 N  62  15.5268 W   2.0       13.3       11.2        8.3       52.3*
120719  191802  46  38.5569 N  62  15.5259 W   2.1       13.3       11.2        8.3*      52.3 
120719  191803  46  38.5571 N  62  15.5250 W   2.2       13.3       11.2        8.3       52.3 
120719  191804  46  38.5573 N  62  15.5242 W   2.1       13.3       11.2        8.3       52.3 
120719  191805  46  38.5577 N  62  15.5237 W   2.1       13.3       11.2        8.3       52.3 
120719  191806  46  38.5580 N  62  15.5230 W   2.1       13.3       11.2        8.3       51.0*
120719  191807  46  38.5583 N  62  15.5221 W   2.2       13.3       11.2        8.3       51.0 
120719  191808  46  38.5585 N  62  15.5211 W   2.2       13.3       11.2        8.0*      51.0 
120719  191809  46  38.5587 N  62  15.5205 W   2.2       13.3       11.2        8.0       51.0 
120719  191810  46  38.5591 N  62  15.5198 W   2.1       13.3       11.2        8.0       51.0 
120719  191811  46  38.5594 N  62  15.5190 W   2.2       13.3       11.2        8.0       51.0 
120719  191812  46  38.5597 N  62  15.5182 W   2.2       13.3       11.3*       8.0       54.5*
120719  191813  46  38.5598 N  62  15.5175 W   2.2       13.3       11.3        9.8*      54.5 
120719  191814  46  38.5601 N  62  15.5167 W   2.2       13.3       11.3        9.8       54.5 
120719  191815  46  38.5604 N  62  15.5159 W   2.2       13.3       11.3        9.8       54.5 
120719  191816  46  38.5608 N  62  15.5152 W   2.1       13.3       11.3        9.8       54.5 
120719  191817  46  38.5611 N  62  15.5144 W   2.1       13.3       11.3        9.8       51.0*
120719  191818  46  38.5613 N  62  15.5137 W   2.1       13.3       11.3        9.2*      51.0 
120719  191819  46  38.5615 N  62  15.5129 W   2.1       13.3       11.3        9.2       51.0 
120719  191820  46  38.5618 N  62  15.5122 W   2.1       13.3       11.3        9.2       51.0 
120719  191821  46  38.5621 N  62  15.5115 W   2.1       13.3       11.3        9.2       51.0 
120719  191822  46  38.5624 N  62  15.5109 W   2.1       13.3       11.3        9.2       52.3*
120719  191823  46  38.5626 N  62  15.5102 W   2.1       13.3       11.3        9.2       52.3 
120719  191824  46  38.5628 N  62  15.5094 W   2.1       13.3       11.4*      12.9*      52.3 
120719  191825  46  38.5631 N  62  15.5088 W   2.1       13.3       11.4       12.9       52.3 
120719  191826  46  38.5634 N  62  15.5081 W   2.1       13.3       11.4       12.9       52.3 
120719  191827  46  38.5636 N  62  15.5074 W   2.1       13.3       11.4       12.9       52.3 
120719  191828  46  38.5638 N  62  15.5066 W   2.1       13.3       11.4       12.9       52.3*
120719  191829  46  38.5642 N  62  15.5059 W   2.1       13.3       11.4        4.4*      52.3 
120719  191830  46  38.5645 N  62  15.5053 W   2.1       13.3       11.4        4.4       52.3 
120719  191831  46  38.5648 N  62  15.5046 W   2.1       13.3       11.4        4.4       52.3 
120719  191832  46  38.5650 N  62  15.5038 W   2.1       13.3       11.4        4.4       52.3 
120719  191833  46  38.5652 N  62  15.5030 W   2.1       13.3       11.4        4.4       51.5*
120719  191834  46  38.5656 N  62  15.5023 W   2.1       13.3       11.4        9.2*      51.5 
120719  191835  46  38.5660 N  62  15.5016 W   2.1       13.3       10.6*       9.2       51.5 
120719  191836  46  38.5663 N  62  15.5009 W   2.1       13.3       10.6        9.2       51.5 
120719  191837  46  38.5665 N  62  15.5001 W   2.1       13.3       10.6        9.2       51.5 
120719  191838  46  38.5667 N  62  15.4994 W   2.1       13.3       10.6        9.2       53.2*
120719  191839  46  38.5670 N  62  15.4987 W   2.1       13.3       10.6        9.2       53.2 
120719  191840  46  38.5674 N  62  15.4980 W   2.1       13.3       10.6        8.9*      53.2 
120719  191841  46  38.5677 N  62  15.4972 W   2.1       13.3       10.6        8.9       53.2 
120719  191842  46  38.5680 N  62  15.4965 W   2.1       13.3       10.6        8.9       53.2 
120719  191843  46  38.5682 N  62  15.4958 W   2.1       13.3       10.6        8.9       53.2 
120719  191844  46  38.5685 N  62  15.4950 W   2.1       13.3       10.6        8.9       51.5*
120719  191845  46  38.5688 N  62  15.4942 W   2.1       13.3       10.6       10.9*      51.5 
120719  191846  46  38.5691 N  62  15.4934 W   2.1       13.3       10.6       10.9       51.5 
120719  191847  46  38.5694 N  62  15.4928 W   2.1       13.3       11.4*      10.9       51.5 
120719  191848  46  38.5698 N  62  15.4920 W   2.1       13.3       11.4       10.9       51.5 
120719  191849  46  38.5701 N  62  15.4911 W   2.1       13.3       11.4       10.9       53.7*
120719  191850  46  38.5703 N  62  15.4903 W   2.1       13.3       11.4       10.3*      53.7 
120719  191851  46  38.5706 N  62  15.4897 W   2.1       13.3       11.4       10.3       53.7 
120719  191852  46  38.5709 N  62  15.4891 W   2.1       13.3       11.4       10.3       53.7 
120719  191853  46  38.5713 N  62  15.4884 W   2.1       13.3       11.4       10.3       53.7 
120719  191854  46  38.5715 N  62  15.4875 W   2.1       13.3       11.4       10.3       51.0*
120719  191855  46  38.5718 N  62  15.4866 W   2.1       13.3       11.4        9.9*      51.0 
120719  191856  46  38.5722 N  62  15.4859 W   2.1       13.3       11.4        9.9       51.0 
120719  191857  46  38.5726 N  62  15.4852 W   2.1       13.3       11.4        9.9       51.0 
120719  191858  46  38.5729 N  62  15.4842 W   2.1       13.3       11.4        9.9       51.0 
120719  191859  46  38.5732 N  62  15.4834 W   2.1       13.3       11.1*       9.9       51.0 
120719  191900  46  38.5735 N  62  15.4827 W   2.1       13.3       11.1        9.9       52.8*
120719  191901  46  38.5738 N  62  15.4821 W   2.1       13.3       11.1       11.1*      52.8 
120719  191902  46  38.5742 N  62  15.4813 W   2.1       13.3       11.1       11.1       52.8 
120719  191903  46  38.5744 N  62  15.4805 W   2.1       13.3       11.1       11.1       52.8 
120719  191904  46  38.5747 N  62  15.4797 W   2.1       13.3       11.1       11.1       52.8 
120719  191905  46  38.5750 N  62  15.4790 W   2.2       13.3       11.1       11.1       51.9*
120719  191906  46  38.5754 N  62  15.4782 W   2.2       13.3        7.6*       9.1*      51.9 
120719  191907  46  38.5757 N  62  15.4775 W   2.1       13.3        7.6        9.1       51.9 
120719  191908  46  38.5760 N  62  15.4768 W   2.1       13.3        7.6        9.1       51.9 
120719  191909  46  38.5764 N  62  15.4760 W   2.2       13.3        7.6        9.1       51.9 
120719  191910  46  38.5767 N  62  15.4752 W   2.2       13.3        7.6        9.1       51.5*
120719  191911  46  38.5770 N  62  15.4745 W   2.2       13.3        7.6        7.7*      51.5 
120719  191912  46  38.5773 N  62  15.4739 W   2.1       13.3        7.6        7.7       51.5 
120719  191913  46  38.5776 N  62  15.4731 W   2.1       10.1*       7.6        7.7       51.5 
120719  191914  46  38.5780 N  62  15.4722 W   2.2       10.1        7.6        7.7       51.5 
120719  191915  46  38.5783 N  62  15.4716 W   2.1       10.1        7.6        7.7       51.5 
120719  191916  46  38.5786 N  62  15.4708 W   2.1       10.1        7.6        7.7       53.7*
120719  191917  46  38.5789 N  62  15.4700 W   2.1       10.1        7.6        7.7       53.7 
120719  191918  46  38.5792 N  62  15.4691 W   2.2       10.1        7.6        7.7       53.7 
120719  191919  46  38.5794 N  62  15.4684 W   2.1       10.1        7.6        7.7       53.7 
120719  191920  46  38.5797 N  62  15.4680 W   2.1       10.1        7.6        7.7       53.7 
120719  191921  46  38.5800 N  62  15.4673 W   2.1       10.1        7.6        7.7       53.2*
120719  191922  46  38.5804 N  62  15.4663 W   2.1       10.1        7.6       12.2*      53.2 
120719  191923  46  38.5806 N  62  15.4654 W   2.1       10.1        7.6       12.2       53.2 
120719  191924  46  38.5809 N  62  15.4647 W   2.1       10.1        7.6       12.2       53.2 
120719  191925  46  38.5813 N  62  15.4641 W   2.1       10.1       10.8*      12.2       53.2 
120719  191926  46  38.5815 N  62  15.4634 W   2.1       10.1       10.8       12.2       80.1*
120719  191927  46  38.5817 N  62  15.4627 W   2.1       10.1       10.8       12.2       80.1 
120719  191928  46  38.5820 N  62  15.4621 W   2.1       10.1       10.8       12.2       80.1 
120719  191929  46  38.5823 N  62  15.4613 W   2.2       10.1       10.8       12.2       80.1 
120719  191930  46  38.5825 N  62  15.4605 W   2.2       10.1       10.8       12.2       80.1 
120719  191931  46  38.5828 N  62  15.4598 W   2.1       10.1       10.8       12.2       80.1 
120719  191932  46  38.5832 N  62  15.4591 W   2.2       10.1       10.8        8.9*      20.7*
120719  191933  46  38.5835 N  62  15.4583 W   2.2       10.1       10.8        8.9       20.7 
120719  191934  46  38.5837 N  62  15.4575 W   2.2       10.1       10.8        8.9       20.7 
120719  191935  46  38.5838 N  62  15.4567 W   2.2       10.1       10.8        8.9       20.7 
120719  191936  46  38.5840 N  62  15.4559 W   2.2       10.1       10.8        8.9       20.7 
120719  191937  46  38.5844 N  62  15.4552 W   2.2       10.1       12.3*      11.3*      64.7*
120719  191938  46  38.5847 N  62  15.4546 W   2.1       10.1       12.3       11.3       64.7 
120719  191939  46  38.5849 N  62  15.4539 W   2.1       10.1       12.3       11.3       64.7 
120719  191940  46  38.5850 N  62  15.4531 W   2.0       10.1       12.3       11.3       64.7 
120719  191941  46  38.5852 N  62  15.4522 W   2.0       10.1       12.3       11.3       64.7 
120719  191942  46  38.5854 N  62  15.4516 W   2.0       10.1       12.3       11.3       51.0*
120719  191943  46  38.5855 N  62  15.4512 W   1.8       10.1       12.3       10.4*      51.0 
120719  191944  46  38.5857 N  62  15.4507 W   1.8       10.1       12.3       10.4       51.0 
120719  191945  46  38.5859 N  62  15.4502 W   1.7       10.1       12.3       10.4       51.0 
120719  191946  46  38.5859 N  62  15.4496 W   1.7       10.1       12.3       10.4       51.0 
120719  191947  46  38.5858 N  62  15.4491 W   1.6       10.1       12.3       10.4       51.0 
120719  191948  46  38.5859 N  62  15.4486 W   1.5       10.1       12.3       13.7*      88.0*
120719  191949  46  38.5861 N  62  15.4483 W   1.5       10.1       12.3       13.7       88.0 
120719  191950  46  38.5862 N  62  15.4478 W   1.4       10.1       12.3       13.7       88.0 
120719  191951  46  38.5861 N  62  15.4474 W   1.4       10.1       12.3       13.7       88.0 
120719  191952  46  38.5860 N  62  15.4469 W   1.3       10.1       12.3       13.7       88.0 
120719  191953  46  38.5861 N  62  15.4465 W   1.2       10.1       12.3       14.6*      22.4*
120719  191954  46  38.5861 N  62  15.4462 W   1.2       10.1       12.3       14.6       22.4 
120719  191955  46  38.5861 N  62  15.4458 W   1.1       10.1       12.3       14.6       22.4 
120719  191956  46  38.5861 N  62  15.4455 W   1.1       10.1       12.3       14.6       22.4 
120719  191957  46  38.5861 N  62  15.4451 W   1.1       10.1       12.3       14.6       22.4 
120719  191958  46  38.5861 N  62  15.4447 W   1.0       10.1       12.3        4.4*      50.1*
120719  191959  46  38.5860 N  62  15.4443 W   1.0       10.1       12.3        4.4       50.1 
120719  192000  46  38.5860 N  62  15.4441 W   1.0       10.1       12.3        4.4       50.1 
120719  192001  46  38.5860 N  62  15.4438 W   0.9       10.1       12.3        4.4       50.1 
120719  192002  46  38.5860 N  62  15.4434 W   0.9       10.1       10.6*       4.4       50.1 
120719  192003  46  38.5858 N  62  15.4430 W   0.9       10.1       10.6        4.4       50.1 
120719  192004  46  38.5857 N  62  15.4428 W   0.9       10.1       10.6        8.3*      96.3*
120719  192005  46  38.5857 N  62  15.4426 W   0.9       10.1       10.6        8.3       96.3 
120719  192006  46  38.5857 N  62  15.4422 W   0.9       10.1       10.6        8.3       96.3 
120719  192007  46  38.5856 N  62  15.4420 W   0.8       10.1       10.6        8.3       96.3 
120719  192008  46  38.5855 N  62  15.4418 W   0.8       10.1       10.6        8.3       96.3 
120719  192009  46  38.5854 N  62  15.4415 W   0.8       10.1       10.6        8.3       20.2*
120719  192010  46  38.5852 N  62  15.4411 W   0.8       10.1       10.6        8.3       20.2 
120719  192011  46  38.5851 N  62  15.4408 W   0.8       10.1       10.6        8.3       20.2 
120719  192012  46  38.5851 N  62  15.4407 W   0.8       10.1       10.6        8.3       20.2 
120719  192013  46  38.5850 N  62  15.4406 W   0.7       10.1       10.6        8.3       20.2 
120719  192014  46  38.5849 N  62  15.4405 W   0.7       10.1       11.5*      44.8*      38.7*
120719  192015  46  38.5848 N  62  15.4402 W   0.7       10.1       11.5       44.8       38.7 
120719  192016  46  38.5847 N  62  15.4400 W   0.7       10.1       11.5       44.8       38.7 
120719  192017  46  38.5845 N  62  15.4399 W   0.7       10.1       11.5       44.8       38.7 
120719  192018  46  38.5844 N  62  15.4398 W   0.7       10.1       11.5       44.8       38.7 
120719  192019  46  38.5843 N  62  15.4395 W   0.6       10.1       11.5       44.8       38.7 
120719  192020  46  38.5842 N  62  15.4394 W   0.6       10.1       11.5        8.2*      38.7 
120719  192021  46  38.5841 N  62  15.4393 W   0.6       10.1       11.5        8.2       38.7 
120719  192022  46  38.5840 N  62  15.4391 W   0.6       10.1       11.5        8.2       38.7 
120719  192023  46  38.5839 N  62  15.4389 W   0.6       10.1       11.5        8.2       38.7 
120719  192024  46  38.5837 N  62  15.4387 W   0.7       10.1       11.5        8.2       38.7 
120719  192025  46  38.5836 N  62  15.4386 W   0.6       10.1       11.5        8.2       38.7 
120719  192026  46  38.5836 N  62  15.4385 W   0.6       10.1       12.6*       8.2       38.7 
120719  192027  46  38.5835 N  62  15.4383 W   0.6       10.1       12.6        8.2       38.7 
120719  192028  46  38.5832 N  62  15.4379 W   0.7       10.1       12.6        8.2       38.7 
120719  192029  46  38.5830 N  62  15.4376 W   0.7       10.1       12.6        8.2       38.7 
120719  192030  46  38.5829 N  62  15.4376 W   0.6       10.1       12.6        8.2       38.7 
120719  192031  46  38.5829 N  62  15.4374 W   0.6       10.1       12.6        8.2       38.7 
120719  192032  46  38.5828 N  62  15.4371 W   0.6       10.1       12.6        8.2       38.7 
120719  192033  46  38.5825 N  62  15.4368 W   0.7       10.1       12.6        8.2       38.7 
120719  192034  46  38.5822 N  62  15.4366 W   0.7       10.1       12.6        8.2       38.7 
120719  192035  46  38.5823 N  62  15.4364 W   0.7       10.1       12.6        8.2       38.7 
120719  192036  46  38.5823 N  62  15.4362 W   0.6       10.1       12.6        8.2       77.0*
120719  192037  46  38.5821 N  62  15.4360 W   0.6       10.1       12.6        8.2       77.0 
120719  192038  46  38.5819 N  62  15.4358 W   0.7       10.1       12.6        8.2       77.0 
120719  192039  46  38.5818 N  62  15.4355 W   0.7       10.1       12.6        8.2       77.0 
120719  192040  46  38.5816 N  62  15.4354 W   0.7       10.1       12.6        8.2       77.0 
120719  192041  46  38.5816 N  62  15.4353 W   0.6       10.1       12.6        5.3*      26.0*
120719  192042  46  38.5815 N  62  15.4351 W   0.6       10.1       12.6        5.3       26.0 
120719  192043  46  38.5813 N  62  15.4348 W   0.6       10.1       12.6        5.3       26.0 
120719  192044  46  38.5812 N  62  15.4347 W   0.6       10.1       12.6        5.3       26.0 
120719  192045  46  38.5811 N  62  15.4346 W   0.6       10.1       12.6        5.3       26.0 
120719  192046  46  38.5810 N  62  15.4344 W   0.6       10.1       12.6        3.6*      96.3*
120719  192047  46  38.5808 N  62  15.4342 W   0.6       10.1       12.6        3.6       96.3 
120719  192048  46  38.5807 N  62  15.4340 W   0.7       10.1       12.6        3.6       96.3 
120719  192049  46  38.5806 N  62  15.4339 W   0.6       10.1       12.6        3.6       96.3 
120719  192050  46  38.5806 N  62  15.4337 W   0.6        3.1*      12.6        3.6       96.3 
120719  192051  46  38.5804 N  62  15.4336 W   0.6        3.1       12.6        3.6       96.3 
120719  192052  46  38.5803 N  62  15.4333 W   0.7        3.1       12.6        3.6       96.3 
120719  192053  46  38.5802 N  62  15.4331 W   0.7        3.1       12.6        3.6       96.3 
120719  192054  46  38.5802 N  62  15.4329 W   0.6        3.1       12.6        3.6       96.3 
120719  192055  46  38.5801 N  62  15.4328 W   0.6        3.1       12.6        3.6       96.3 
120719  192056  46  38.5799 N  62  15.4325 W   0.6        3.1        7.6*       3.6       96.3 
120719  192057  46  38.5797 N  62  15.4323 W   0.7        3.1        7.6        3.6       63.8*
120719  192058  46  38.5796 N  62  15.4320 W   0.7        3.1        7.6        3.6       63.8 
120719  192059  46  38.5796 N  62  15.4318 W   0.6        3.1        7.6        3.6       63.8 
120719  192100  46  38.5795 N  62  15.4317 W   0.6        3.1        7.6        3.6       63.8 
120719  192101  46  38.5794 N  62  15.4314 W   0.6        3.1        7.6        3.6       63.8 
120719  192102  46  38.5792 N  62  15.4311 W   0.7        3.1        7.6        3.6       23.3*
120719  192103  46  38.5792 N  62  15.4309 W   0.7        3.1        7.6        3.6       23.3 
120719  192104  46  38.5792 N  62  15.4307 W   0.6        9.5*       7.6        3.6       23.3 
120719  192105  46  38.5792 N  62  15.4304 W   0.6        9.5        7.6        3.6       23.3 
120719  192106  46  38.5790 N  62  15.4301 W   0.7        9.5        7.6        3.6       23.3 
120719  192107  46  38.5789 N  62  15.4298 W   0.7        9.5        7.6        8.4*      87.5*
120719  192108  46  38.5788 N  62  15.4296 W   0.7        9.5        7.6        8.4       87.5 
120719  192109  46  38.5789 N  62  15.4293 W   0.6        9.5        7.6        8.4       87.5 
120719  192110  46  38.5788 N  62  15.4289 W   0.7        9.5        7.6        8.4       87.5 
120719  192111  46  38.5787 N  62  15.4287 W   0.7        9.5        7.6        8.4       87.5 
120719  192112  46  38.5785 N  62  15.4286 W   0.7        9.5        7.6        7.0*      87.5 
120719  192113  46  38.5784 N  62  15.4282 W   0.7        9.5        7.6        7.0       45.7*
120719  192114  46  38.5784 N  62  15.4280 W   0.7        9.5        7.6        7.0       45.7 
120719  192115  46  38.5783 N  62  15.4278 W   0.7        9.5        7.6        7.0       45.7 
120719  192116  46  38.5781 N  62  15.4276 W   0.7        9.5        7.6        7.0       45.7 
120719  192117  46  38.5781 N  62  15.4273 W   0.7        9.5        7.6        5.9*      45.7 
120719  192118  46  38.5779 N  62  15.4269 W   0.7        9.5        7.6        5.9       45.7 
120719  192119  46  38.5779 N  62  15.4266 W   0.7        9.5        7.6        5.9       45.7 
120719  192120  46  38.5778 N  62  15.4264 W   0.7        9.5        7.6        5.9       45.7 
120719  192121  46  38.5777 N  62  15.4261 W   0.7        9.5        7.6        5.9       45.7 
120719  192122  46  38.5777 N  62  15.4258 W   0.7        9.5        7.6        5.9       45.7 
120719  192123  46  38.5776 N  62  15.4255 W   0.7        9.5        7.6        5.3*      26.0*
120719  192124  46  38.5776 N  62  15.4252 W   0.7        9.5        7.6        5.3       26.0 
120719  192125  46  38.5775 N  62  15.4248 W   0.7        9.5        7.6        5.3       26.0 
120719  192126  46  38.5775 N  62  15.4244 W   0.8        9.5        7.6        5.3       26.0 
120719  192127  46  38.5775 N  62  15.4242 W   0.8        9.5        7.6        5.3       26.0 
120719  192128  46  38.5774 N  62  15.4238 W   0.8        9.5        8.7*       5.3        4.4*
120719  192129  46  38.5774 N  62  15.4233 W   0.9        9.5        8.7        5.3        4.4 
120719  192130  46  38.5774 N  62  15.4229 W   0.9        9.5        8.7        5.3        4.4 
120719  192131  46  38.5775 N  62  15.4224 W   0.9        9.5        8.7        5.3        4.4 
