FileName: C:\TRAWLS~3\GP266FR2
Local Time: Thu Jul 12 06:32:02 2012

Ship: July 12, 2012 Trip: GP266Fr2 Tow: tow 3
Comments: Zone 12 nord de l ile brion
 Date    Time     Latitude       Longitude    Speed    Primary  Secondary DoorSpread      Depth 
120712  093205  47  54.9510 N  61  31.5925 W   6.5       10.1*       7.2*      12.0*     376.5*
120712  093206  47  54.9515 N  61  31.5898 W   6.5       10.1        7.2       12.0      376.5 
120712  093207  47  54.9520 N  61  31.5871 W   6.6       10.1        7.2       12.0      376.5 
120712  093208  47  54.9524 N  61  31.5843 W   6.6       10.1        7.2       12.0      376.5 
120712  093209  47  54.9528 N  61  31.5815 W   6.7       10.1        7.2       12.0      376.5 
120712  093210  47  54.9533 N  61  31.5787 W   6.7       10.1        7.2       12.0      376.5 
120712  093211  47  54.9538 N  61  31.5761 W   6.7       10.1        7.2       12.0      376.5 
120712  093212  47  54.9544 N  61  31.5734 W   6.7       10.1        7.2       12.0      376.5 
120712  093213  47  54.9549 N  61  31.5708 W   6.6       10.1        7.2       12.0      376.5 
120712  093214  47  54.9554 N  61  31.5684 W   6.6       10.1        7.2       12.0      376.5 
120712  093215  47  54.9558 N  61  31.5660 W   6.5       10.1        7.2       12.0      376.5 
120712  093216  47  54.9561 N  61  31.5637 W   6.3       10.1        7.2       12.0      376.5 
120712  093217  47  54.9565 N  61  31.5615 W   6.2       10.1        7.2       12.0      376.5 
120712  093218  47  54.9570 N  61  31.5596 W   6.0       10.1        7.2       12.0      376.5 
120712  093219  47  54.9574 N  61  31.5577 W   5.8       10.1        7.2       12.0      376.5 
120712  093220  47  54.9577 N  61  31.5559 W   5.6       10.1        7.2       12.0      376.5 
120712  093221  47  54.9581 N  61  31.5541 W   5.4       10.1        7.2       12.0      376.5 
120712  093222  47  54.9585 N  61  31.5524 W   5.2       10.1        7.2       12.0      376.5 
120712  093223  47  54.9588 N  61  31.5509 W   5.0       10.1        7.2       12.0      376.5 
120712  093224  47  54.9591 N  61  31.5493 W   4.9       10.1        7.2       12.0      376.5 
120712  093225  47  54.9595 N  61  31.5476 W   4.8       10.1        7.2       12.0      376.5 
120712  093226  47  54.9599 N  61  31.5462 W   4.6       10.1        7.2       12.0      376.5 
120712  093227  47  54.9603 N  61  31.5447 W   4.5       10.1        7.2       12.0      376.5 
120712  093228  47  54.9606 N  61  31.5433 W   4.4       10.1        7.2       12.0      376.5 
120712  093229  47  54.9608 N  61  31.5419 W   4.2       10.1        7.2       12.0      376.5 
120712  093230  47  54.9611 N  61  31.5405 W   4.1       10.1        7.2       12.0      376.5 
120712  093231  47  54.9615 N  61  31.5392 W   4.0       10.1        7.2       12.0      376.5 
120712  093232  47  54.9619 N  61  31.5379 W   3.9       10.1        7.2       12.0      376.5 
120712  093233  47  54.9623 N  61  31.5368 W   3.8       10.1        7.2       12.0      376.5 
120712  093234  47  54.9625 N  61  31.5355 W   3.7       10.1        7.2       12.0      376.5 
120712  093235  47  54.9627 N  61  31.5343 W   3.6       10.1        7.2       12.0      376.5 
120712  093236  47  54.9631 N  61  31.5331 W   3.5       10.1        7.2       12.0      376.5 
120712  093237  47  54.9634 N  61  31.5319 W   3.4       10.1        7.2        2.0*     376.5 
120712  093238  47  54.9638 N  61  31.5308 W   3.4       10.1        7.2        2.0      376.5 
120712  093239  47  54.9641 N  61  31.5297 W   3.3       10.1        7.2        2.0      376.5 
120712  093240  47  54.9644 N  61  31.5286 W   3.2       10.1        7.2        2.0      376.5 
120712  093241  47  54.9646 N  61  31.5275 W   3.2       10.1        7.2        2.0      376.5 
120712  093242  47  54.9649 N  61  31.5264 W   3.1       10.1        7.2        2.0      376.5 
120712  093243  47  54.9652 N  61  31.5253 W   3.1       10.1        7.2        2.0      376.5 
120712  093244  47  54.9655 N  61  31.5242 W   3.1       10.1        7.2        2.0      376.5 
120712  093245  47  54.9658 N  61  31.5230 W   3.1       10.1        7.2        2.0      376.5 
120712  093246  47  54.9661 N  61  31.5218 W   3.1       10.1        7.2        2.0      376.5 
120712  093247  47  54.9664 N  61  31.5205 W   3.1       10.1        7.2        2.0      376.5 
120712  093248  47  54.9668 N  61  31.5190 W   3.2        3.6*       7.2        5.9*     376.5 
120712  093249  47  54.9671 N  61  31.5175 W   3.3        3.6        7.2        5.9      376.5 
120712  093250  47  54.9675 N  61  31.5158 W   3.5        3.6        7.2        5.9      376.5 
120712  093251  47  54.9680 N  61  31.5140 W   3.7        3.6        7.2        5.9      376.5 
120712  093252  47  54.9684 N  61  31.5121 W   3.9        3.6        7.2        5.9      376.5 
120712  093253  47  54.9687 N  61  31.5102 W   4.0        3.6        7.2        3.2*     376.5 
120712  093254  47  54.9691 N  61  31.5082 W   4.2        3.6        7.2        3.2      376.5 
120712  093255  47  54.9695 N  61  31.5061 W   4.3        3.6       13.4*       3.2      376.5 
120712  093256  47  54.9699 N  61  31.5039 W   4.5        3.6       13.4        3.2      376.5 
120712  093257  47  54.9702 N  61  31.5018 W   4.7        3.6       13.4        3.2      376.5 
120712  093258  47  54.9705 N  61  31.4994 W   4.9        3.6       13.4        3.2      376.5 
120712  093259  47  54.9708 N  61  31.4970 W   5.0        3.6       13.4        3.2      376.5 
120712  093300  47  54.9711 N  61  31.4945 W   5.2        3.6       13.4        3.2      376.5 
120712  093301  47  54.9714 N  61  31.4920 W   5.3        3.6       13.4        3.2      376.5 
120712  093302  47  54.9718 N  61  31.4895 W   5.5        3.6       13.4        3.2      376.5 
120712  093303  47  54.9721 N  61  31.4870 W   5.6        3.6       13.4        3.2      376.5 
120712  093304  47  54.9724 N  61  31.4844 W   5.7        3.6       13.4        3.2      376.5 
120712  093305  47  54.9728 N  61  31.4819 W   5.8        3.6       13.4        3.2      376.5 
120712  093306  47  54.9731 N  61  31.4792 W   5.9        3.6       13.4        3.2      376.5 
120712  093307  47  54.9735 N  61  31.4766 W   6.0        3.6       13.4        3.2      376.5 
120712  093308  47  54.9739 N  61  31.4739 W   6.1        3.6       13.4      140.9*     376.5 
120712  093309  47  54.9743 N  61  31.4713 W   6.2        3.6       13.4      140.9      376.5 
120712  093310  47  54.9747 N  61  31.4685 W   6.3        3.6       13.4      140.9      376.5 
120712  093311  47  54.9750 N  61  31.4659 W   6.3        3.6       13.4      140.9      376.5 
120712  093312  47  54.9754 N  61  31.4633 W   6.3        3.6       13.4      140.9      376.5 
120712  093313  47  54.9758 N  61  31.4606 W   6.4        3.6       13.4      140.9      376.5 
120712  093314  47  54.9762 N  61  31.4580 W   6.4        3.6       13.4      140.9      376.5 
120712  093315  47  54.9765 N  61  31.4553 W   6.4        3.6       13.4      140.9      376.5 
120712  093316  47  54.9768 N  61  31.4526 W   6.5        3.6       13.4      140.9      376.5 
120712  093317  47  54.9772 N  61  31.4498 W   6.5        3.6       13.4      140.9      376.5 
120712  093318  47  54.9776 N  61  31.4471 W   6.6        3.6       13.4      140.9      376.5 
120712  093319  47  54.9781 N  61  31.4444 W   6.6        3.6       13.4      140.9      376.5 
120712  093320  47  54.9785 N  61  31.4418 W   6.6        3.6       13.4      140.9      376.5 
120712  093321  47  54.9788 N  61  31.4393 W   6.5        3.6       13.4      140.9        2.2*
120712  093322  47  54.9790 N  61  31.4366 W   6.5        3.6       13.4      140.9        2.2 
120712  093323  47  54.9794 N  61  31.4340 W   6.5        3.6       13.4      140.9        2.2 
120712  093324  47  54.9798 N  61  31.4314 W   6.5        3.6       13.4       20.3*       2.2 
120712  093325  47  54.9802 N  61  31.4288 W   6.5        3.6       13.4       20.3        2.2 
120712  093326  47  54.9807 N  61  31.4262 W   6.5        3.6       13.4       20.3       12.3*
120712  093327  47  54.9812 N  61  31.4235 W   6.6        8.4*      13.4       20.3       12.3 
120712  093328  47  54.9815 N  61  31.4208 W   6.6        8.4       13.4       20.3       12.3 
120712  093329  47  54.9818 N  61  31.4181 W   6.6        8.4       13.4       20.3       12.3 
120712  093330  47  54.9822 N  61  31.4156 W   6.5        8.4       13.4       20.3       12.3 
120712  093331  47  54.9826 N  61  31.4130 W   6.5        8.4       13.4       20.3       12.3 
120712  093332  47  54.9830 N  61  31.4105 W   6.5        8.4       13.4       20.3       12.3 
120712  093333  47  54.9834 N  61  31.4079 W   6.5        8.4       13.4       20.3       12.3 
120712  093334  47  54.9838 N  61  31.4052 W   6.5        8.4       13.4       20.3       12.3 
120712  093335  47  54.9842 N  61  31.4025 W   6.5        8.4       13.4       20.3       12.3 
120712  093336  47  54.9846 N  61  31.3998 W   6.5        8.4       13.4       20.3       12.3 
120712  093337  47  54.9849 N  61  31.3971 W   6.6        8.4       13.4       20.3       12.3 
120712  093338  47  54.9851 N  61  31.3945 W   6.6        8.4       13.4       20.3       12.3 
120712  093339  47  54.9855 N  61  31.3918 W   6.5        8.4       13.4       20.3       12.3 
120712  093340  47  54.9859 N  61  31.3893 W   6.5        2.2*      13.4       20.3       12.3 
120712  093341  47  54.9863 N  61  31.3866 W   6.5        2.2       13.4       20.3       12.3 
120712  093342  47  54.9866 N  61  31.3840 W   6.5        2.2       13.4       20.3       12.3 
120712  093343  47  54.9871 N  61  31.3812 W   6.5        2.2       13.4       20.3       12.3 
120712  093344  47  54.9875 N  61  31.3784 W   6.6        2.2       13.4       20.3       12.3 
120712  093345  47  54.9879 N  61  31.3757 W   6.6        2.2       13.4       20.3       12.3 
120712  093346  47  54.9881 N  61  31.3730 W   6.6        2.2       13.4       20.3       12.3 
120712  093347  47  54.9883 N  61  31.3704 W   6.5        2.2       13.4       20.3       12.3 
120712  093348  47  54.9885 N  61  31.3678 W   6.5        2.2       13.4       20.3       12.3 
120712  093349  47  54.9889 N  61  31.3652 W   6.5        2.2       13.4       20.3       12.3 
120712  093350  47  54.9893 N  61  31.3626 W   6.5        2.2       13.4       20.3       12.3 
120712  093351  47  54.9897 N  61  31.3598 W   6.5        2.2       13.4       20.3       12.3 
120712  093352  47  54.9901 N  61  31.3570 W   6.6        2.2       13.4       20.3       13.2*
120712  093353  47  54.9903 N  61  31.3543 W   6.6        2.2       13.4       20.3       13.2 
120712  093354  47  54.9905 N  61  31.3516 W   6.6        2.2       13.4       20.3       13.2 
120712  093355  47  54.9907 N  61  31.3490 W   6.5        2.2       13.4       20.3       13.2 
120712  093356  47  54.9910 N  61  31.3464 W   6.5        2.2       13.4       20.3       13.2 
120712  093357  47  54.9913 N  61  31.3439 W   6.4        2.2       13.4       20.3       12.8*
120712  093358  47  54.9917 N  61  31.3411 W   6.5        2.2       13.4       20.3       12.8 
120712  093359  47  54.9921 N  61  31.3384 W   6.5        2.2       13.4       20.3       12.8 
120712  093400  47  54.9924 N  61  31.3356 W   6.5        2.2       13.4       20.3       12.8 
120712  093401  47  54.9927 N  61  31.3328 W   6.6        2.2       13.4       20.3       12.8 
120712  093402  47  54.9929 N  61  31.3301 W   6.6        2.2       13.4       20.3       23.3*
120712  093403  47  54.9930 N  61  31.3275 W   6.5        2.2       13.4       20.3       23.3 
120712  093404  47  54.9932 N  61  31.3250 W   6.5        2.2       13.4       20.3       23.3 
120712  093405  47  54.9935 N  61  31.3224 W   6.4        2.2       13.4       20.3       23.3 
120712  093406  47  54.9940 N  61  31.3197 W   6.4        2.2       13.4       20.3       23.3 
120712  093407  47  54.9942 N  61  31.3170 W   6.5        2.2       13.4       20.3       23.3 
120712  093408  47  54.9945 N  61  31.3142 W   6.5        2.2       13.4       20.3       26.8*
120712  093409  47  54.9947 N  61  31.3114 W   6.6        2.2       13.4       20.3       26.8 
120712  093410  47  54.9948 N  61  31.3087 W   6.6        2.2       13.4       20.3       26.8 
120712  093411  47  54.9947 N  61  31.3060 W   6.5        2.2       13.4       20.3       26.8 
120712  093412  47  54.9948 N  61  31.3034 W   6.5        2.2       13.4       20.3       26.8 
120712  093413  47  54.9947 N  61  31.3007 W   6.5        2.2       13.4       20.3       18.9*
120712  093414  47  54.9949 N  61  31.2981 W   6.5        2.2       13.4       20.3       18.9 
120712  093415  47  54.9951 N  61  31.2954 W   6.5        2.2       13.4        9.8*      18.9 
120712  093416  47  54.9952 N  61  31.2926 W   6.5        2.2       13.4        9.8       18.9 
120712  093417  47  54.9952 N  61  31.2899 W   6.5        2.2       13.4        9.8       18.9 
120712  093418  47  54.9950 N  61  31.2872 W   6.5        2.2       13.4        9.8       19.4*
120712  093419  47  54.9949 N  61  31.2845 W   6.5        2.5*      13.4        9.8       19.4 
120712  093420  47  54.9947 N  61  31.2818 W   6.5        2.5       13.4        7.7*      19.4 
120712  093421  47  54.9948 N  61  31.2791 W   6.5        2.5       13.4        7.7       19.4 
120712  093422  47  54.9948 N  61  31.2763 W   6.5        2.5       13.4        7.7       19.4 
120712  093423  47  54.9948 N  61  31.2737 W   6.5        2.5       13.4        7.7       13.2*
120712  093424  47  54.9947 N  61  31.2710 W   6.5        2.5       13.4        7.7       13.2 
120712  093425  47  54.9945 N  61  31.2684 W   6.5        2.5       13.4        6.6*      13.2 
120712  093426  47  54.9943 N  61  31.2657 W   6.5        2.5       13.4        6.6       13.2 
120712  093427  47  54.9942 N  61  31.2630 W   6.5        2.5       13.4        6.6       13.2 
120712  093428  47  54.9941 N  61  31.2602 W   6.5        2.5       13.4        6.6       13.2 
120712  093429  47  54.9940 N  61  31.2575 W   6.5        2.5       13.4        6.6       30.4*
120712  093430  47  54.9940 N  61  31.2548 W   6.5        2.5       13.4        6.6       30.4 
120712  093431  47  54.9938 N  61  31.2521 W   6.5        2.5       13.4        7.4*      30.4 
120712  093432  47  54.9936 N  61  31.2494 W   6.5        2.5       13.4        7.4       30.4 
120712  093433  47  54.9934 N  61  31.2466 W   6.5        2.5       13.4        7.4       30.4 
120712  093434  47  54.9933 N  61  31.2439 W   6.5        2.5       13.4        7.4       27.7*
120712  093435  47  54.9932 N  61  31.2411 W   6.6        2.5       13.4        7.4       27.7 
120712  093436  47  54.9933 N  61  31.2383 W   6.6        2.5       13.4        7.4       27.7 
120712  093437  47  54.9933 N  61  31.2355 W   6.6        2.5       13.4        7.4       27.7 
120712  093438  47  54.9932 N  61  31.2327 W   6.6        2.5       13.4        7.4       27.7 
120712  093439  47  54.9931 N  61  31.2300 W   6.6        2.5       13.4        7.4       27.7 
120712  093440  47  54.9931 N  61  31.2272 W   6.6        2.5       13.4        7.4       27.7 
120712  093441  47  54.9932 N  61  31.2245 W   6.6        2.5       13.4        7.4       27.7 
120712  093442  47  54.9933 N  61  31.2218 W   6.6        2.5       13.4        7.4       27.7 
120712  093443  47  54.9932 N  61  31.2191 W   6.6        2.5       13.4        7.4       27.7 
120712  093444  47  54.9931 N  61  31.2163 W   6.6        2.5       13.4        7.4      395.4*
120712  093445  47  54.9932 N  61  31.2135 W   6.6        2.5       13.4        7.4      395.4 
120712  093446  47  54.9935 N  61  31.2107 W   6.6        2.5       13.4        3.5*     395.4 
120712  093447  47  54.9936 N  61  31.2080 W   6.6        2.5       13.4        3.5      395.4 
120712  093448  47  54.9937 N  61  31.2052 W   6.6        2.5       13.4        3.5      395.4 
120712  093449  47  54.9938 N  61  31.2025 W   6.6        2.5       13.4        3.5      395.4 
120712  093450  47  54.9938 N  61  31.1998 W   6.6        2.5       13.4        3.5       37.4*
120712  093451  47  54.9938 N  61  31.1971 W   6.5        2.5       13.4        3.5       37.4 
120712  093452  47  54.9938 N  61  31.1945 W   6.5        2.5       13.4        3.2*      37.4 
120712  093453  47  54.9938 N  61  31.1919 W   6.5        2.5       13.4        3.2       37.4 
120712  093454  47  54.9939 N  61  31.1893 W   6.4        2.5       13.4        3.2       37.4 
120712  093455  47  54.9940 N  61  31.1869 W   6.3        2.5       13.4        3.2        5.7*
120712  093456  47  54.9942 N  61  31.1848 W   6.1        2.5       13.4        3.2        5.7 
120712  093457  47  54.9943 N  61  31.1828 W   5.9        2.5       13.4        7.7*       5.7 
120712  093458  47  54.9944 N  61  31.1808 W   5.7        3.9*      13.4        7.7        5.7 
120712  093459  47  54.9945 N  61  31.1789 W   5.5        3.9       13.4        7.7        5.7 
120712  093500  47  54.9945 N  61  31.1772 W   5.3        3.9       13.4        7.7       27.3*
120712  093501  47  54.9947 N  61  31.1755 W   5.1        3.9       13.4        7.7       27.3 
120712  093502  47  54.9949 N  61  31.1739 W   4.9        3.9       13.4        7.1*      27.3 
120712  093503  47  54.9949 N  61  31.1723 W   4.7        3.9       13.4        7.1       27.3 
120712  093504  47  54.9949 N  61  31.1709 W   4.5        3.9       13.4        7.1       27.3 
120712  093505  47  54.9951 N  61  31.1696 W   4.3        3.9       13.4        7.1       37.4*
120712  093506  47  54.9953 N  61  31.1683 W   4.1        3.9       13.4        7.1       37.4 
120712  093507  47  54.9954 N  61  31.1670 W   3.9        3.9       13.4        6.4*      37.4 
120712  093508  47  54.9956 N  61  31.1658 W   3.8        3.9       13.4        6.4       37.4 
120712  093509  47  54.9957 N  61  31.1646 W   3.6        3.9       13.4        6.4       37.4 
120712  093510  47  54.9959 N  61  31.1635 W   3.5        3.9       13.4        6.4       37.4 
120712  093511  47  54.9960 N  61  31.1623 W   3.4        2.6*      13.4        6.4       30.4*
120712  093512  47  54.9962 N  61  31.1612 W   3.3        2.6       13.4        6.4       30.4 
120712  093513  47  54.9963 N  61  31.1601 W   3.2        2.6       13.4        7.7*      30.4 
120712  093514  47  54.9964 N  61  31.1591 W   3.1        2.6       13.4        7.7       30.4 
120712  093515  47  54.9966 N  61  31.1581 W   3.0        2.6       13.4        7.7       30.4 
120712  093516  47  54.9968 N  61  31.1571 W   2.9        2.6       13.4        7.7       28.6*
120712  093517  47  54.9970 N  61  31.1560 W   2.8        2.6       13.4        7.7       28.6 
120712  093518  47  54.9972 N  61  31.1551 W   2.8        2.6       13.4        7.5*      28.6 
120712  093519  47  54.9973 N  61  31.1542 W   2.7        2.6       13.4        7.5       28.6 
120712  093520  47  54.9974 N  61  31.1533 W   2.6        2.6       13.4        7.5       28.6 
120712  093521  47  54.9976 N  61  31.1523 W   2.6        2.6       13.4        7.5       33.0*
120712  093522  47  54.9978 N  61  31.1514 W   2.6        2.6       13.4        7.5       33.0 
120712  093523  47  54.9981 N  61  31.1506 W   2.5        2.6       13.4        7.9*      33.0 
120712  093524  47  54.9982 N  61  31.1497 W   2.5        2.6       13.4        7.9       33.0 
120712  093525  47  54.9983 N  61  31.1488 W   2.4        2.6       13.4        7.9       33.0 
120712  093526  47  54.9984 N  61  31.1480 W   2.4        2.6       13.4        7.9       33.0 
120712  093527  47  54.9986 N  61  31.1470 W   2.4        2.6       13.4        7.9       36.5*
120712  093528  47  54.9988 N  61  31.1462 W   2.4        2.6       13.4        7.9       36.5 
120712  093529  47  54.9990 N  61  31.1453 W   2.3        2.6       13.4        6.0*      36.5 
120712  093530  47  54.9992 N  61  31.1446 W   2.3        2.6        5.7*       6.0       36.5 
120712  093531  47  54.9992 N  61  31.1438 W   2.2        2.6        5.7        6.0       36.5 
120712  093532  47  54.9993 N  61  31.1428 W   2.3        2.6        5.7        6.0       42.7*
120712  093533  47  54.9996 N  61  31.1418 W   2.3        2.6        5.7        6.0       42.7 
120712  093534  47  55.0000 N  61  31.1410 W   2.3        2.6        5.7        6.5*      42.7 
120712  093535  47  55.0002 N  61  31.1402 W   2.2        2.6        5.7        6.5       42.7 
120712  093536  47  55.0003 N  61  31.1392 W   2.3        2.6       10.0*       6.5       42.7 
120712  093537  47  55.0004 N  61  31.1382 W   2.3        2.6       10.0        6.5       35.6*
120712  093538  47  55.0007 N  61  31.1374 W   2.3        2.6       10.0        6.5       35.6 
120712  093539  47  55.0009 N  61  31.1367 W   2.2        2.6       10.0        7.1*      35.6 
120712  093540  47  55.0011 N  61  31.1358 W   2.3        2.6       10.0        7.1       35.6 
120712  093541  47  55.0013 N  61  31.1350 W   2.3        2.6       10.0        7.1       35.6 
120712  093542  47  55.0014 N  61  31.1343 W   2.3        2.6       10.0        7.1       47.9*
120712  093543  47  55.0014 N  61  31.1336 W   2.2        2.6       10.0        7.1       47.9 
120712  093544  47  55.0015 N  61  31.1329 W   2.2        2.6       10.0        7.4*      47.9 
120712  093545  47  55.0017 N  61  31.1320 W   2.2        2.6       10.0        7.4       47.9 
120712  093546  47  55.0021 N  61  31.1312 W   2.3        2.6       10.0        7.4       47.9 
120712  093547  47  55.0024 N  61  31.1305 W   2.3        2.6       10.0        7.4       47.9 
120712  093548  47  55.0025 N  61  31.1297 W   2.2        2.6       10.0        7.4       38.7*
120712  093549  47  55.0024 N  61  31.1288 W   2.2        2.3*      10.0        7.4       38.7 
120712  093550  47  55.0025 N  61  31.1279 W   2.2        2.3       10.0        5.6*      38.7 
120712  093551  47  55.0029 N  61  31.1271 W   2.2        2.3       10.0        5.6       38.7 
120712  093552  47  55.0032 N  61  31.1264 W   2.2        2.3       10.0        5.6       38.7 
120712  093553  47  55.0034 N  61  31.1256 W   2.2        2.3       10.0        5.6       45.7*
120712  093554  47  55.0034 N  61  31.1248 W   2.2        2.3       10.0        5.6       45.7 
120712  093555  47  55.0035 N  61  31.1240 W   2.2        2.3       10.0        7.0*      45.7 
120712  093556  47  55.0036 N  61  31.1231 W   2.2        2.3       10.0        7.0       45.7 
120712  093557  47  55.0039 N  61  31.1223 W   2.2        2.3       10.0        7.0       45.7 
120712  093558  47  55.0043 N  61  31.1216 W   2.2        2.3       10.0        7.0       53.7*
120712  093559  47  55.0044 N  61  31.1208 W   2.2        2.3       10.0        7.0       53.7 
120712  093600  47  55.0045 N  61  31.1199 W   2.1        2.3       10.0        7.3*      53.7 
120712  093601  47  55.0045 N  61  31.1190 W   2.1        2.3       10.0        7.3       53.7 
120712  093602  47  55.0048 N  61  31.1182 W   2.2        2.3       10.0        7.3       53.7 
120712  093603  47  55.0051 N  61  31.1174 W   2.2        2.3       10.0        7.3       53.7 
120712  093604  47  55.0054 N  61  31.1166 W   2.2        2.3       10.0        7.3       44.9*
120712  093605  47  55.0054 N  61  31.1158 W   2.1        2.3       10.0        6.9*      44.9 
120712  093606  47  55.0055 N  61  31.1150 W   2.2        2.3       10.0        6.9       44.9 
120712  093607  47  55.0057 N  61  31.1142 W   2.2        2.3       10.0        6.9       44.9 
120712  093608  47  55.0059 N  61  31.1134 W   2.2        2.3       10.0        6.9       44.9 
120712  093609  47  55.0061 N  61  31.1128 W   2.1        2.3       10.0        6.9       52.8*
120712  093610  47  55.0062 N  61  31.1120 W   2.1        2.3       10.0        6.9       52.8 
120712  093611  47  55.0063 N  61  31.1111 W   2.2        2.3       10.0       10.3*      52.8 
120712  093612  47  55.0065 N  61  31.1103 W   2.2        2.3       10.0       10.3       52.8 
120712  093613  47  55.0067 N  61  31.1096 W   2.1        2.3       10.0       10.3       52.8 
120712  093614  47  55.0068 N  61  31.1089 W   2.1        2.3       10.0       10.3       53.2*
120712  093615  47  55.0068 N  61  31.1081 W   2.1        2.1*      10.0       10.3       53.2 
120712  093616  47  55.0069 N  61  31.1073 W   2.1        2.1       10.0        3.3*      53.2 
120712  093617  47  55.0071 N  61  31.1064 W   2.1        2.1       10.0        3.3       53.2 
120712  093618  47  55.0073 N  61  31.1056 W   2.1        2.1       10.0        3.3       53.2 
120712  093619  47  55.0074 N  61  31.1049 W   2.1        2.1       10.0        3.3       53.2 
120712  093620  47  55.0075 N  61  31.1041 W   2.1        2.1       10.0        3.3       54.5*
120712  093621  47  55.0075 N  61  31.1032 W   2.1        2.1        2.9*       6.4*      54.5 
120712  093622  47  55.0077 N  61  31.1024 W   2.1        2.1        2.9        6.4       54.5 
120712  093623  47  55.0078 N  61  31.1016 W   2.1        2.1        2.9        6.4       54.5 
120712  093624  47  55.0080 N  61  31.1009 W   2.0        2.1        2.9        6.4       54.5 
120712  093625  47  55.0081 N  61  31.1000 W   2.1        2.1        2.9        6.4       54.1*
120712  093626  47  55.0082 N  61  31.0991 W   2.1        2.1        2.9        6.8*      54.1 
120712  093627  47  55.0083 N  61  31.0983 W   2.1        2.1        2.9        6.8       54.1 
120712  093628  47  55.0085 N  61  31.0976 W   2.0        3.3*       2.9        6.8       54.1 
120712  093629  47  55.0086 N  61  31.0968 W   2.0        3.3        2.9        6.8       54.1 
120712  093630  47  55.0087 N  61  31.0960 W   2.0        3.3        2.9        6.8       58.9*
120712  093631  47  55.0088 N  61  31.0950 W   2.1        3.3        2.9        6.8       58.9 
120712  093632  47  55.0089 N  61  31.0942 W   2.1        3.3        2.9        7.5*      58.9 
120712  093633  47  55.0090 N  61  31.0935 W   2.0        3.3        2.9        7.5       58.9 
120712  093634  47  55.0092 N  61  31.0927 W   2.0        3.3        2.9        7.5       58.9 
120712  093635  47  55.0093 N  61  31.0920 W   2.0        3.3        2.9        7.5       58.9 
120712  093636  47  55.0094 N  61  31.0911 W   2.0        3.3        2.9        7.5       56.7*
120712  093637  47  55.0095 N  61  31.0903 W   2.0        3.3        2.9        8.5*      56.7 
120712  093638  47  55.0096 N  61  31.0895 W   2.0        3.3        2.9        8.5       56.7 
120712  093639  47  55.0096 N  61  31.0887 W   2.0        3.3        2.9        8.5       56.7 
120712  093640  47  55.0097 N  61  31.0879 W   2.0        3.3        2.9        8.5       56.7 
120712  093641  47  55.0099 N  61  31.0871 W   2.0        3.3        2.9        8.5       55.4*
120712  093642  47  55.0100 N  61  31.0864 W   2.0        3.3        2.9        8.5       55.4 
120712  093643  47  55.0101 N  61  31.0856 W   2.0        3.3        2.9        8.5       55.4 
120712  093644  47  55.0103 N  61  31.0848 W   2.0        3.3        2.9        8.5       55.4 
120712  093645  47  55.0104 N  61  31.0841 W   2.0        3.3        2.9        8.5       55.4 
120712  093646  47  55.0104 N  61  31.0833 W   1.9        3.3        2.9        8.5       58.1*
120712  093647  47  55.0104 N  61  31.0825 W   1.9        3.3        2.9       10.2*      58.1 
120712  093648  47  55.0105 N  61  31.0817 W   2.0        3.3        2.9       10.2       58.1 
120712  093649  47  55.0107 N  61  31.0811 W   1.9        3.3        2.9       10.2       58.1 
120712  093650  47  55.0108 N  61  31.0803 W   1.9        3.3        2.9       10.2       58.1 
120712  093651  47  55.0107 N  61  31.0795 W   1.9        3.3        2.9       10.2       58.1 
120712  093652  47  55.0108 N  61  31.0787 W   1.9        3.3        2.9       10.2       56.7*
120712  093653  47  55.0110 N  61  31.0780 W   1.9        3.3        2.9       10.2       56.7 
120712  093654  47  55.0112 N  61  31.0773 W   1.9        3.3        2.9       10.2       56.7 
120712  093655  47  55.0114 N  61  31.0765 W   1.9        3.3        2.9       10.2       56.7 
120712  093656  47  55.0114 N  61  31.0757 W   1.9        3.3        2.9       10.2       56.7 
120712  093657  47  55.0116 N  61  31.0750 W   1.9        3.3        2.9       10.2       55.9*
120712  093658  47  55.0117 N  61  31.0741 W   1.9        3.3        2.9       11.7*      55.9 
120712  093659  47  55.0119 N  61  31.0734 W   1.9        3.3        2.9       11.7       55.9 
120712  093700  47  55.0121 N  61  31.0726 W   1.9        3.3        2.9       11.7       55.9 
120712  093701  47  55.0122 N  61  31.0718 W   1.9        3.3        2.9       11.7       55.9 
120712  093702  47  55.0125 N  61  31.0709 W   2.0        3.3        2.9       11.7       58.5*
120712  093703  47  55.0127 N  61  31.0701 W   2.0        3.3        2.9        9.8*      58.5 
120712  093704  47  55.0128 N  61  31.0694 W   1.9        3.3        2.9        9.8       58.5 
120712  093705  47  55.0129 N  61  31.0686 W   1.9        3.3        2.9        9.8       58.5 
120712  093706  47  55.0131 N  61  31.0676 W   2.0        3.3        2.9        9.8       58.5 
120712  093707  47  55.0134 N  61  31.0667 W   2.1        2.1*       2.9        9.8       58.5 
120712  093708  47  55.0138 N  61  31.0659 W   2.1        2.1        2.9        9.2*      57.6*
120712  093709  47  55.0140 N  61  31.0650 W   2.1        2.1        2.9        9.2       57.6 
120712  093710  47  55.0140 N  61  31.0642 W   2.1        2.1        2.9        9.2       57.6 
120712  093711  47  55.0141 N  61  31.0632 W   2.2        2.1        2.9        9.2       57.6 
120712  093712  47  55.0145 N  61  31.0624 W   2.2        2.1        2.9        9.2       57.6 
120712  093713  47  55.0149 N  61  31.0616 W   2.2        2.1        2.9        9.2       58.1*
120712  093714  47  55.0153 N  61  31.0607 W   2.2        2.1        2.9       10.4*      58.1 
120712  093715  47  55.0155 N  61  31.0597 W   2.3        2.1        2.9       10.4       58.1 
120712  093716  47  55.0157 N  61  31.0588 W   2.3        2.1        2.9       10.4       58.1 
120712  093717  47  55.0160 N  61  31.0581 W   2.2        2.1        2.9       10.4       58.1 
120712  093718  47  55.0162 N  61  31.0573 W   2.2        2.1        2.9       10.4       59.4*
120712  093719  47  55.0165 N  61  31.0565 W   2.2        2.1        2.9       10.4*      59.4 
120712  093720  47  55.0168 N  61  31.0556 W   2.2        2.1        2.9       10.4       59.4 
120712  093721  47  55.0170 N  61  31.0549 W   2.2        2.1        2.9       10.4       59.4 
120712  093722  47  55.0173 N  61  31.0541 W   2.2        2.1        2.9       10.4       59.4 
120712  093723  47  55.0175 N  61  31.0533 W   2.2        2.1        2.9       10.4       59.4 
120712  093724  47  55.0177 N  61  31.0525 W   2.2        2.1        2.9       10.8*      53.2*
120712  093725  47  55.0179 N  61  31.0518 W   2.1        2.1        2.9       10.8       53.2 
120712  093726  47  55.0181 N  61  31.0511 W   2.1        2.1        2.9       10.8       53.2 
120712  093727  47  55.0184 N  61  31.0502 W   2.1        2.1        2.9       10.8       53.2 
120712  093728  47  55.0187 N  61  31.0494 W   2.2        2.1        2.9       10.8       53.2 
120712  093729  47  55.0190 N  61  31.0486 W   2.2        2.1        2.9       10.8       59.8*
120712  093730  47  55.0192 N  61  31.0479 W   2.1        2.1        2.9       11.9*      59.8 
120712  093731  47  55.0193 N  61  31.0471 W   2.1        2.1        2.9       11.9       59.8 
120712  093732  47  55.0195 N  61  31.0462 W   2.1        2.1        2.9       11.9       59.8 
120712  093733  47  55.0198 N  61  31.0455 W   2.1        2.2*       2.9       11.9       59.8 
120712  093734  47  55.0200 N  61  31.0447 W   2.1        2.2        2.9       11.9       55.9*
120712  093735  47  55.0203 N  61  31.0439 W   2.1        2.2        2.9       11.9       55.9 
120712  093736  47  55.0205 N  61  31.0431 W   2.1        2.2        2.9       11.9       55.9 
120712  093737  47  55.0207 N  61  31.0424 W   2.1        2.2        2.9       11.9       55.9 
120712  093738  47  55.0209 N  61  31.0416 W   2.1        2.2        2.9       11.9       55.9 
120712  093739  47  55.0212 N  61  31.0408 W   2.1        2.2        2.9       11.9       55.9 
120712  093740  47  55.0215 N  61  31.0401 W   2.1        2.2        2.9       14.2*      57.2*
120712  093741  47  55.0217 N  61  31.0394 W   2.1        2.2        2.9       14.2       57.2 
120712  093742  47  55.0219 N  61  31.0386 W   2.1        2.2        2.9       14.2       57.2 
120712  093743  47  55.0220 N  61  31.0379 W   2.0        2.2        2.9       14.2       57.2 
120712  093744  47  55.0223 N  61  31.0372 W   2.0        2.2        2.9       14.2       57.2 
120712  093745  47  55.0227 N  61  31.0364 W   2.1        2.2        2.9       14.2       57.6*
120712  093746  47  55.0229 N  61  31.0357 W   2.0        2.1*       2.9       14.2       57.6 
120712  093747  47  55.0231 N  61  31.0350 W   2.0        2.1        2.9       14.2       57.6 
120712  093748  47  55.0233 N  61  31.0343 W   1.9        2.1        2.9       14.2       57.6 
120712  093749  47  55.0235 N  61  31.0335 W   2.0        2.1        2.9       14.2       57.6 
120712  093750  47  55.0239 N  61  31.0327 W   2.0        2.1        2.9       14.2       58.1*
120712  093751  47  55.0243 N  61  31.0320 W   2.0        2.1        2.9       39.5*      58.1 
120712  093752  47  55.0245 N  61  31.0313 W   2.0        2.1        2.9       39.5       58.1 
120712  093753  47  55.0246 N  61  31.0305 W   2.0        2.1        2.9       39.5       58.1 
120712  093754  47  55.0249 N  61  31.0296 W   2.0        2.1        2.9       39.5       58.1 
120712  093755  47  55.0252 N  61  31.0288 W   2.0        2.1        2.9       39.5       58.1 
120712  093756  47  55.0256 N  61  31.0281 W   2.0        2.1        2.9       10.4*      58.9*
120712  093757  47  55.0259 N  61  31.0272 W   2.1        2.1        2.9       10.4       58.9 
120712  093758  47  55.0259 N  61  31.0264 W   2.1        2.1        2.9       10.4       58.9 
120712  093759  47  55.0259 N  61  31.0256 W   2.0        2.5*       2.9       10.4       58.9 
120712  093800  47  55.0260 N  61  31.0249 W   2.0        2.5        2.9       10.4       58.9 
120712  093801  47  55.0263 N  61  31.0242 W   2.1        2.5        2.9       12.3*      56.3*
120712  093802  47  55.0266 N  61  31.0234 W   2.1        2.5        2.9       12.3       56.3 
120712  093803  47  55.0267 N  61  31.0227 W   2.0        2.5        2.9       12.3       56.3 
120712  093804  47  55.0268 N  61  31.0219 W   2.0        2.5        2.9       12.3       56.3 
120712  093805  47  55.0270 N  61  31.0211 W   2.0        2.5        2.9       12.3       56.3 
120712  093806  47  55.0272 N  61  31.0203 W   2.1        2.5        2.9       12.3       73.0*
120712  093807  47  55.0275 N  61  31.0195 W   2.1        2.5        2.9       12.2*      73.0 
120712  093808  47  55.0277 N  61  31.0187 W   2.1        2.5        2.9       12.2       73.0 
120712  093809  47  55.0279 N  61  31.0180 W   2.1        2.5        2.9       12.2       73.0 
120712  093810  47  55.0280 N  61  31.0171 W   2.1        2.5        2.9       12.2       73.0 
120712  093811  47  55.0282 N  61  31.0163 W   2.1        2.5        2.9       12.2       73.0 
120712  093812  47  55.0285 N  61  31.0155 W   2.1        2.1*       2.9       12.2       39.1*
120712  093813  47  55.0287 N  61  31.0146 W   2.1        2.1        2.9       12.2       39.1 
120712  093814  47  55.0289 N  61  31.0138 W   2.1        2.1        2.9       12.2       39.1 
120712  093815  47  55.0292 N  61  31.0130 W   2.1        2.1        2.9       12.2       39.1 
120712  093816  47  55.0293 N  61  31.0122 W   2.1        2.1        2.9       12.2       39.1 
120712  093817  47  55.0295 N  61  31.0113 W   2.1        2.1        2.9       34.2*      57.6*
120712  093818  47  55.0296 N  61  31.0103 W   2.2        2.1        4.4*      34.2       57.6 
120712  093819  47  55.0299 N  61  31.0093 W   2.2        2.1        4.4       34.2       57.6 
120712  093820  47  55.0302 N  61  31.0084 W   2.2        2.1        4.4       34.2       57.6 
120712  093821  47  55.0303 N  61  31.0076 W   2.2        2.1        4.4       34.2       57.6 
120712  093822  47  55.0304 N  61  31.0067 W   2.2        2.1        4.4       34.2       57.6*
120712  093823  47  55.0306 N  61  31.0059 W   2.2        2.1        4.4       14.6*      57.6 
120712  093824  47  55.0308 N  61  31.0050 W   2.2        2.1        4.4       14.6       57.6 
120712  093825  47  55.0311 N  61  31.0042 W   2.2        2.1       10.9*      14.6       57.6 
120712  093826  47  55.0313 N  61  31.0033 W   2.2        2.1       10.9       14.6       57.6 
120712  093827  47  55.0314 N  61  31.0024 W   2.2        2.1       10.9       14.6       57.6 
120712  093828  47  55.0314 N  61  31.0015 W   2.2        2.1       10.9       14.6       66.9*
120712  093829  47  55.0317 N  61  31.0007 W   2.2        2.1       10.9       14.6       66.9 
120712  093830  47  55.0320 N  61  30.9999 W   2.2        2.1       10.9       14.6       66.9 
120712  093831  47  55.0323 N  61  30.9991 W   2.2        2.1       10.9       14.6       66.9 
120712  093832  47  55.0324 N  61  30.9982 W   2.2        2.1       10.9       14.6       66.9 
120712  093833  47  55.0325 N  61  30.9973 W   2.2        2.1       10.9       11.0*      50.1*
120712  093834  47  55.0327 N  61  30.9965 W   2.1        2.1       10.9       11.0       50.1 
120712  093835  47  55.0329 N  61  30.9959 W   2.1        2.1       10.9       11.0       50.1 
120712  093836  47  55.0332 N  61  30.9950 W   2.1        2.1       10.9       11.0       50.1 
120712  093837  47  55.0335 N  61  30.9941 W   2.2        2.1       10.9       11.0       50.1 
120712  093838  47  55.0338 N  61  30.9933 W   2.1        2.1       10.9       11.0*      54.1*
120712  093839  47  55.0339 N  61  30.9925 W   2.1        2.1       10.9       11.0       54.1 
120712  093840  47  55.0341 N  61  30.9917 W   2.1        2.1       10.9       11.0       54.1 
120712  093841  47  55.0345 N  61  30.9909 W   2.1        2.1       10.9       11.0       54.1 
120712  093842  47  55.0348 N  61  30.9902 W   2.1        2.1       10.9       11.0       54.1 
120712  093843  47  55.0350 N  61  30.9895 W   2.1        2.1       10.9        9.0*      54.1 
120712  093844  47  55.0351 N  61  30.9886 W   2.0        2.1       10.9        9.0       60.3*
120712  093845  47  55.0353 N  61  30.9879 W   2.0        2.1       10.9        9.0       60.3 
120712  093846  47  55.0355 N  61  30.9871 W   2.0        2.1       10.9        9.0       60.3 
120712  093847  47  55.0357 N  61  30.9864 W   2.0        2.1       10.9        9.0       60.3 
120712  093848  47  55.0360 N  61  30.9857 W   2.0        2.1       10.9        9.0       60.3 
120712  093849  47  55.0361 N  61  30.9849 W   2.0        2.1       10.9       10.4*      52.3*
120712  093850  47  55.0362 N  61  30.9840 W   2.0        2.1       10.9       10.4       52.3 
120712  093851  47  55.0364 N  61  30.9831 W   2.0        2.1       10.9       10.4       52.3 
120712  093852  47  55.0367 N  61  30.9824 W   2.0        2.1       10.9       10.4       52.3 
120712  093853  47  55.0369 N  61  30.9817 W   2.0        2.1       10.9       10.4       52.3 
120712  093854  47  55.0371 N  61  30.9809 W   2.0        2.1       10.9       10.2*      52.3 
120712  093855  47  55.0372 N  61  30.9801 W   2.0        2.1       10.9       10.2       52.3 
120712  093856  47  55.0373 N  61  30.9794 W   2.0        2.1       10.9       10.2       52.3 
120712  093857  47  55.0375 N  61  30.9786 W   2.0        2.1       10.9       10.2       52.3 
120712  093858  47  55.0377 N  61  30.9778 W   2.1        2.1       10.9       10.2       52.3 
120712  093859  47  55.0380 N  61  30.9770 W   2.1        2.1       10.9       10.6*      52.3 
120712  093900  47  55.0381 N  61  30.9762 W   2.1        2.1       10.9       10.6      257.3*
120712  093901  47  55.0382 N  61  30.9753 W   2.1        2.1       10.9       10.6      257.3 
120712  093902  47  55.0384 N  61  30.9744 W   2.1        2.1       10.9       10.6      257.3 
120712  093903  47  55.0387 N  61  30.9735 W   2.1        2.1       10.9       10.6      257.3 
120712  093904  47  55.0391 N  61  30.9728 W   2.2        2.1*      10.9       10.6      257.3 
120712  093905  47  55.0394 N  61  30.9719 W   2.2        2.1       10.9       11.3*      56.3*
120712  093906  47  55.0396 N  61  30.9710 W   2.2        2.1       10.9       11.3       56.3 
120712  093907  47  55.0397 N  61  30.9701 W   2.2        2.1       10.9       11.3       56.3 
120712  093908  47  55.0401 N  61  30.9693 W   2.2        2.1       10.9       11.3       56.3 
120712  093909  47  55.0404 N  61  30.9684 W   2.3        2.1       10.9       11.3       56.3 
120712  093910  47  55.0408 N  61  30.9675 W   2.3        2.1       10.9       10.4*      59.8*
120712  093911  47  55.0410 N  61  30.9666 W   2.3        2.1       10.9       10.4       59.8 
120712  093912  47  55.0412 N  61  30.9657 W   2.3        2.1       10.9       10.4       59.8 
120712  093913  47  55.0414 N  61  30.9649 W   2.3        2.1       10.9       10.4       59.8 
120712  093914  47  55.0417 N  61  30.9641 W   2.3        2.1       10.9       10.4       59.8 
120712  093915  47  55.0420 N  61  30.9633 W   2.2        2.1       10.9       10.7*      59.8 
120712  093916  47  55.0422 N  61  30.9625 W   2.2        2.1       10.9       10.7       54.5*
120712  093917  47  55.0424 N  61  30.9617 W   2.2        2.1       10.9       10.7       54.5 
120712  093918  47  55.0427 N  61  30.9607 W   2.2        2.1       10.9       10.7       54.5 
120712  093919  47  55.0430 N  61  30.9599 W   2.3        2.1       10.9       10.7       54.5 
120712  093920  47  55.0433 N  61  30.9591 W   2.2        2.1       10.9       10.7       54.5 
120712  093921  47  55.0434 N  61  30.9583 W   2.2        2.1       10.9       10.7       58.1*
120712  093922  47  55.0437 N  61  30.9575 W   2.2        2.1       10.9       10.7       58.1 
120712  093923  47  55.0440 N  61  30.9566 W   2.2        2.1       10.9       10.7       58.1 
120712  093924  47  55.0443 N  61  30.9559 W   2.2        2.1       10.9       10.7       58.1 
120712  093925  47  55.0446 N  61  30.9552 W   2.1        2.1       10.9       10.7       58.1 
120712  093926  47  55.0448 N  61  30.9543 W   2.2        2.1       10.9       10.7       56.3*
120712  093927  47  55.0451 N  61  30.9534 W   2.2        2.1       10.9       10.7       56.3 
120712  093928  47  55.0453 N  61  30.9527 W   2.1        2.1       10.9       10.7       56.3 
120712  093929  47  55.0455 N  61  30.9519 W   2.1        2.1       10.9       10.7       56.3 
120712  093930  47  55.0459 N  61  30.9512 W   2.1        2.1*      10.9       10.7       56.3 
120712  093931  47  55.0462 N  61  30.9505 W   2.1        2.1       10.9       10.7       56.3 
120712  093932  47  55.0464 N  61  30.9497 W   2.1        2.1       10.9       10.7       58.5*
120712  093933  47  55.0466 N  61  30.9488 W   2.1        2.1       10.9       10.7       58.5 
120712  093934  47  55.0470 N  61  30.9480 W   2.1        2.1       10.9       10.7       58.5 
120712  093935  47  55.0474 N  61  30.9473 W   2.1        2.1       10.9       10.7       58.5 
120712  093936  47  55.0477 N  61  30.9467 W   2.1        2.1       10.9       10.7       58.5 
120712  093937  47  55.0480 N  61  30.9459 W   2.1        2.1       10.9       10.7       59.4*
120712  093938  47  55.0482 N  61  30.9450 W   2.1        2.1       10.9       10.7       59.4 
120712  093939  47  55.0484 N  61  30.9442 W   2.1        2.1       10.9       10.7       59.4 
120712  093940  47  55.0487 N  61  30.9435 W   2.1        2.1       10.9       10.7       59.4 
120712  093941  47  55.0492 N  61  30.9429 W   2.1        2.1       10.9       11.1*      59.4 
120712  093942  47  55.0495 N  61  30.9422 W   2.1        2.1       10.9       11.1       50.6*
120712  093943  47  55.0497 N  61  30.9414 W   2.1        2.1       13.4*      11.1       50.6 
120712  093944  47  55.0499 N  61  30.9406 W   2.1        2.1       13.4       11.1       50.6 
120712  093945  47  55.0502 N  61  30.9400 W   2.0        2.1       13.4       11.1       50.6 
120712  093946  47  55.0507 N  61  30.9394 W   2.0        2.1       13.4       11.1       50.6 
120712  093947  47  55.0511 N  61  30.9388 W   2.0        2.1       13.4       11.1       50.6 
120712  093948  47  55.0513 N  61  30.9380 W   2.0        2.1       13.4       11.1       57.6*
120712  093949  47  55.0515 N  61  30.9373 W   2.0        2.1       13.4       11.1       57.6 
120712  093950  47  55.0518 N  61  30.9366 W   2.0        2.1       13.4       11.1       57.6 
120712  093951  47  55.0521 N  61  30.9360 W   1.9        2.1       13.4       11.1       57.6 
120712  093952  47  55.0525 N  61  30.9354 W   1.9        2.1       13.4       11.1       57.6 
120712  093953  47  55.0529 N  61  30.9348 W   1.9        2.1       13.4       11.1       68.2*
120712  093954  47  55.0530 N  61  30.9342 W   1.9        2.1       13.4       11.1       68.2 
120712  093955  47  55.0532 N  61  30.9335 W   1.9        2.1       13.4       11.1       68.2 
120712  093956  47  55.0535 N  61  30.9328 W   1.9        2.1*      13.4       11.1       68.2 
120712  093957  47  55.0538 N  61  30.9322 W   1.9        2.1       13.4       11.1       68.2 
120712  093958  47  55.0541 N  61  30.9317 W   1.9        2.1       13.4       11.1       44.0*
120712  093959  47  55.0544 N  61  30.9311 W   1.8        2.1       13.4       11.1       44.0 
120712  094000  47  55.0546 N  61  30.9304 W   1.8        2.1       13.4       11.1       44.0 
120712  094001  47  55.0548 N  61  30.9298 W   1.8        2.1       13.4       11.1       44.0 
120712  094002  47  55.0551 N  61  30.9291 W   1.8        2.1       13.4       11.1       44.0 
120712  094003  47  55.0554 N  61  30.9284 W   1.8        2.1       13.4       11.1       44.0 
120712  094004  47  55.0557 N  61  30.9277 W   1.9        2.1       13.4       11.1       58.5*
120712  094005  47  55.0559 N  61  30.9270 W   1.9        2.1       13.4       11.1       58.5 
120712  094006  47  55.0562 N  61  30.9263 W   1.9        2.1       13.4       11.1       58.5 
120712  094007  47  55.0564 N  61  30.9255 W   1.9        2.1       13.4       11.1       58.5 
120712  094008  47  55.0567 N  61  30.9248 W   1.9        2.1       13.4       11.1       58.5 
120712  094009  47  55.0569 N  61  30.9240 W   1.9        2.1       13.4       11.1       59.4*
120712  094010  47  55.0572 N  61  30.9232 W   1.9        2.1       13.4       11.1       59.4 
120712  094011  47  55.0575 N  61  30.9226 W   1.9        2.1       13.4       11.1       59.4 
120712  094012  47  55.0578 N  61  30.9220 W   1.9        2.1       13.4       11.1       59.4 
120712  094013  47  55.0579 N  61  30.9212 W   1.9        2.1       13.4       11.1       59.4 
120712  094014  47  55.0582 N  61  30.9204 W   2.0        2.1       13.4       11.1       56.7*
120712  094015  47  55.0585 N  61  30.9197 W   2.0        2.1       13.4       11.1       56.7 
120712  094016  47  55.0588 N  61  30.9190 W   2.0        2.1       13.4       11.1       56.7 
120712  094017  47  55.0591 N  61  30.9183 W   2.0        2.1       13.4       11.1       56.7 
120712  094018  47  55.0593 N  61  30.9174 W   2.0        2.1       13.4       11.1       56.7 
120712  094019  47  55.0595 N  61  30.9166 W   2.0        2.1       13.4       11.1       56.7 
120712  094020  47  55.0599 N  61  30.9159 W   2.0        2.1       13.4       11.1       56.3*
120712  094021  47  55.0602 N  61  30.9153 W   2.0        2.1       13.4       11.1       56.3 
120712  094022  47  55.0604 N  61  30.9145 W   2.0        2.5*      13.4       13.9*      56.3 
120712  094023  47  55.0606 N  61  30.9136 W   2.1        2.5       13.4       13.9       56.3 
120712  094024  47  55.0609 N  61  30.9128 W   2.1        2.5       13.4       13.9       56.3 
120712  094025  47  55.0612 N  61  30.9122 W   2.0        2.5       13.4       13.9       56.3*
120712  094026  47  55.0615 N  61  30.9114 W   2.0        2.5       13.4       13.9       56.3 
120712  094027  47  55.0618 N  61  30.9107 W   2.0        2.5       13.4       13.9       56.3 
120712  094028  47  55.0621 N  61  30.9099 W   2.0        2.5       13.4       13.9       56.3 
120712  094029  47  55.0623 N  61  30.9092 W   2.0        2.5       13.4       13.9       56.3 
120712  094030  47  55.0625 N  61  30.9084 W   2.0        2.5       13.4       13.9       58.5*
120712  094031  47  55.0627 N  61  30.9077 W   2.0        2.5       13.4       13.9       58.5 
120712  094032  47  55.0630 N  61  30.9071 W   1.9        2.5       13.4       13.0*      58.5 
120712  094033  47  55.0633 N  61  30.9064 W   1.9        2.5       13.4       13.0       58.5 
120712  094034  47  55.0636 N  61  30.9056 W   2.0        2.5       13.4       13.0       58.5 
120712  094035  47  55.0638 N  61  30.9049 W   1.9        2.2*      13.4       13.0       58.5 
120712  094036  47  55.0639 N  61  30.9043 W   1.8        2.2       13.4       13.0       58.1*
120712  094037  47  55.0641 N  61  30.9037 W   1.8        2.2       13.4       19.3*      58.1 
120712  094038  47  55.0643 N  61  30.9031 W   1.8        2.2       13.4       19.3       58.1 
120712  094039  47  55.0646 N  61  30.9026 W   1.7        2.2       13.4       19.3       58.1 
120712  094040  47  55.0649 N  61  30.9023 W   1.6        2.2       13.4       19.3       58.1 
120712  094041  47  55.0650 N  61  30.9020 W   1.5        2.2        2.5*      19.3       58.1 
120712  094042  47  55.0651 N  61  30.9015 W   1.4        2.2        2.5       19.3       58.1 
120712  094043  47  55.0653 N  61  30.9011 W   1.4        2.2        2.5       19.3       58.1 
120712  094044  47  55.0655 N  61  30.9009 W   1.3        2.2        2.5       19.3       58.1 
120712  094045  47  55.0657 N  61  30.9007 W   1.2        2.2        2.5       19.3       58.1 
120712  094046  47  55.0659 N  61  30.9004 W   1.2        2.2        2.5       19.3       58.1 
120712  094047  47  55.0661 N  61  30.9000 W   1.2        2.2       12.8*      19.3       58.1 
120712  094048  47  55.0663 N  61  30.8999 W   1.1        2.2       12.8        8.5*      58.1 
120712  094049  47  55.0664 N  61  30.8998 W   1.0        2.2       12.8        8.5       58.1 
120712  094050  47  55.0666 N  61  30.8996 W   1.0        2.2       12.8        8.5       58.1 
120712  094051  47  55.0668 N  61  30.8994 W   1.0        2.2       12.8        8.5       58.1 
120712  094052  47  55.0670 N  61  30.8991 W   1.0        2.2       12.8        8.5       30.8*
120712  094053  47  55.0671 N  61  30.8990 W   0.9        2.2       12.8        4.4*      30.8 
120712  094054  47  55.0673 N  61  30.8989 W   0.8        2.2       12.8        4.4       30.8 
120712  094055  47  55.0676 N  61  30.8987 W   0.9        2.2       12.8        4.4       30.8 
120712  094056  47  55.0678 N  61  30.8986 W   0.9        2.2       12.8        4.4       30.8 
120712  094057  47  55.0679 N  61  30.8985 W   0.8        2.2       12.8        4.4       94.6*
120712  094058  47  55.0681 N  61  30.8984 W   0.7        2.2       12.8       16.0*      94.6 
120712  094059  47  55.0682 N  61  30.8982 W   0.7        2.2       12.8       16.0       94.6 
120712  094100  47  55.0685 N  61  30.8981 W   0.8        2.2       12.8       16.0       94.6 
120712  094101  47  55.0687 N  61  30.8982 W   0.7        3.1*      12.8       16.0       94.6 
120712  094102  47  55.0688 N  61  30.8981 W   0.7        3.1       12.8       16.0       42.7*
120712  094103  47  55.0690 N  61  30.8979 W   0.7        3.1       12.8       16.0       42.7 
120712  094104  47  55.0692 N  61  30.8977 W   0.7        3.1       12.8       15.0*      42.7 
120712  094105  47  55.0694 N  61  30.8976 W   0.7        3.1       12.8       15.0       42.7 
120712  094106  47  55.0696 N  61  30.8977 W   0.7        3.1       12.8       15.0       42.7 
120712  094107  47  55.0697 N  61  30.8976 W   0.6        3.1       12.8       15.0       42.7 
120712  094108  47  55.0698 N  61  30.8973 W   0.7        3.1       12.8       15.0       87.5*
120712  094109  47  55.0700 N  61  30.8970 W   0.8        3.1       12.8        1.7*      87.5 
120712  094110  47  55.0702 N  61  30.8970 W   0.8        3.1       12.8        1.7       87.5 
120712  094111  47  55.0704 N  61  30.8969 W   0.7        3.1       12.8        1.7       87.5 
120712  094112  47  55.0706 N  61  30.8965 W   0.8        3.1       12.8        1.7       87.5 
120712  094113  47  55.0708 N  61  30.8962 W   0.9        3.1       12.8        1.7       33.4*
120712  094114  47  55.0711 N  61  30.8961 W   0.9        3.6*      12.8        7.7*      33.4 
120712  094115  47  55.0713 N  61  30.8961 W   0.9        3.6       12.8        7.7       33.4 
120712  094116  47  55.0715 N  61  30.8959 W   0.9        3.6       12.8        7.7       33.4 
120712  094117  47  55.0716 N  61  30.8957 W   0.8        3.6       12.8        7.7       33.4 
120712  094118  47  55.0717 N  61  30.8956 W   0.8        3.6       12.8        7.7       29.5*
120712  094119  47  55.0719 N  61  30.8955 W   0.8        3.6       12.8       12.2*      29.5 
120712  094120  47  55.0722 N  61  30.8955 W   0.8        3.6       12.8       12.2       29.5 
120712  094121  47  55.0724 N  61  30.8954 W   0.8        3.6       12.8       12.2       29.5 
120712  094122  47  55.0726 N  61  30.8953 W   0.8        3.6       12.8       12.2       29.5 
120712  094123  47  55.0727 N  61  30.8952 W   0.8        3.6       12.8       12.2       29.5 
120712  094124  47  55.0728 N  61  30.8951 W   0.7        3.6       12.8       12.2       61.6*
120712  094125  47  55.0730 N  61  30.8949 W   0.7        3.6       12.8       12.5*      61.6 
120712  094126  47  55.0732 N  61  30.8948 W   0.8        3.6       12.8       12.5       61.6 
120712  094127  47  55.0735 N  61  30.8948 W   0.8        3.6       12.8       12.5       61.6 
120712  094128  47  55.0737 N  61  30.8948 W   0.8        3.6       12.8       12.5       61.6 
120712  094129  47  55.0739 N  61  30.8946 W   0.8        3.6       12.8       12.5       68.2*
120712  094130  47  55.0740 N  61  30.8944 W   0.8        3.6       12.8        9.2*      68.2 
120712  094131  47  55.0742 N  61  30.8944 W   0.7        3.6       12.8        9.2       68.2 
120712  094132  47  55.0744 N  61  30.8944 W   0.7        3.6       12.8        9.2       68.2 
120712  094133  47  55.0746 N  61  30.8942 W   0.7        3.6       11.7*       9.2       68.2 
120712  094134  47  55.0749 N  61  30.8940 W   0.8        3.6       11.7        9.2       68.2 
120712  094135  47  55.0752 N  61  30.8940 W   0.8        3.6       11.7        7.4*      68.2 
120712  094136  47  55.0753 N  61  30.8940 W   0.7        3.6       11.7        7.4       68.2 
120712  094137  47  55.0755 N  61  30.8937 W   0.8        3.6       11.7        7.4       68.2 
120712  094138  47  55.0758 N  61  30.8934 W   0.8        3.6       11.7        7.4       68.2 
120712  094139  47  55.0761 N  61  30.8934 W   0.8        3.6       11.7        7.4       68.2 
120712  094140  47  55.0763 N  61  30.8933 W   0.8        3.6       11.7        7.4       49.7*
120712  094141  47  55.0766 N  61  30.8931 W   0.8        3.6       11.7        9.2*      49.7 
120712  094142  47  55.0768 N  61  30.8928 W   0.9        3.6       11.7        9.2       49.7 
120712  094143  47  55.0770 N  61  30.8925 W   0.9        3.6       11.7        9.2       49.7 
120712  094144  47  55.0771 N  61  30.8923 W   0.8        3.6       11.7        9.2       49.7 
120712  094145  47  55.0773 N  61  30.8919 W   0.9        3.6       11.7        9.2       15.8*
120712  094146  47  55.0775 N  61  30.8917 W   0.9        3.6       11.7        9.2       15.8 
120712  094147  47  55.0776 N  61  30.8916 W   0.8        3.6       11.7        9.2       15.8 
120712  094148  47  55.0778 N  61  30.8913 W   0.8        3.6       11.7        9.2       15.8 
120712  094149  47  55.0781 N  61  30.8911 W   0.8        3.6       11.7        9.2       15.8 
120712  094150  47  55.0783 N  61  30.8910 W   0.9        3.6       11.7        9.2       68.2*
120712  094151  47  55.0786 N  61  30.8909 W   0.8        3.6       11.7        9.2       68.2 
120712  094152  47  55.0787 N  61  30.8908 W   0.8        3.6       11.7        9.2       68.2 
120712  094153  47  55.0788 N  61  30.8906 W   0.8        3.6       13.3*       9.2       68.2 
120712  094154  47  55.0791 N  61  30.8904 W   0.8        3.6       13.3        9.2       68.2 
120712  094155  47  55.0793 N  61  30.8901 W   0.9        3.6       13.3        9.2       17.2*
120712  094156  47  55.0796 N  61  30.8901 W   0.8        3.6       13.3        9.2       17.2 
120712  094157  47  55.0797 N  61  30.8901 W   0.8        3.6       13.3        9.2       17.2 
120712  094158  47  55.0799 N  61  30.8899 W   0.8        3.6       13.3        9.2       17.2 
120712  094159  47  55.0801 N  61  30.8895 W   0.9        3.6       13.3        9.2       17.2 
120712  094200  47  55.0804 N  61  30.8894 W   0.9        3.6       13.3        9.2       17.2 
120712  094201  47  55.0805 N  61  30.8893 W   0.8        3.6       13.3       31.2*      58.5*
120712  094202  47  55.0808 N  61  30.8891 W   0.8        3.6       13.3       31.2       58.5 
120712  094203  47  55.0810 N  61  30.8889 W   0.9        3.6       13.3       31.2       58.5 
120712  094204  47  55.0812 N  61  30.8886 W   0.9        3.6       13.3       31.2       58.5 
120712  094205  47  55.0815 N  61  30.8885 W   0.9        3.6       13.3       31.2       58.5 
120712  094206  47  55.0817 N  61  30.8885 W   0.8        3.6       13.3       31.2       58.5 
120712  094207  47  55.0819 N  61  30.8882 W   0.9        3.6       13.3       31.2       58.5 
120712  094208  47  55.0821 N  61  30.8879 W   0.9        3.6       13.3       31.2       58.5 
120712  094209  47  55.0823 N  61  30.8878 W   0.8        3.6       13.3       31.2       58.5 
120712  094210  47  55.0825 N  61  30.8877 W   0.8        3.6       13.3       31.2       58.5 
120712  094211  47  55.0828 N  61  30.8874 W   0.9        3.6       13.3        3.5*      58.5 
120712  094212  47  55.0830 N  61  30.8871 W   0.9        4.3*      13.3        3.5       58.5 
120712  094213  47  55.0831 N  61  30.8871 W   0.8        4.3       13.3        3.5       58.5 
120712  094214  47  55.0832 N  61  30.8870 W   0.8        4.3       13.3        3.5       58.5 
120712  094215  47  55.0835 N  61  30.8867 W   0.8        4.3       13.3        3.5       58.5 
120712  094216  47  55.0838 N  61  30.8864 W   0.9        4.3       13.3        3.5       58.5 
120712  094217  47  55.0840 N  61  30.8863 W   0.9        4.3       13.3        3.8*      44.9*
120712  094218  47  55.0842 N  61  30.8862 W   0.8        4.3       13.3        3.8       44.9 
120712  094219  47  55.0844 N  61  30.8859 W   0.8        3.7*      13.3        3.8       44.9 
120712  094220  47  55.0845 N  61  30.8858 W   0.8        3.7       13.3        3.8       44.9 
120712  094221  47  55.0847 N  61  30.8858 W   0.8        3.7       13.3        3.8       44.9 
120712  094222  47  55.0849 N  61  30.8856 W   0.9        3.7       13.3        5.6*      28.2*
120712  094223  47  55.0851 N  61  30.8854 W   0.9        3.7       13.3        5.6       28.2 
120712  094224  47  55.0852 N  61  30.8852 W   0.9        3.7       13.3        5.6       28.2 
120712  094225  47  55.0854 N  61  30.8850 W   0.8        3.7       13.3        5.6       28.2 
120712  094226  47  55.0855 N  61  30.8847 W   0.8        3.7       13.3        5.6       28.2 
120712  094227  47  55.0858 N  61  30.8844 W   0.9        3.7       13.3        5.0*      44.4*
120712  094228  47  55.0861 N  61  30.8841 W   1.0        3.7       13.3        5.0       44.4 
120712  094229  47  55.0865 N  61  30.8839 W   1.1        3.7       13.3        5.0       44.4 
120712  094230  47  55.0867 N  61  30.8836 W   1.1        3.7       13.3        5.0       44.4 
120712  094231  47  55.0868 N  61  30.8832 W   1.1        3.7       13.3        5.0       44.4 
120712  094232  47  55.0870 N  61  30.8827 W   1.1        3.7       13.2*       5.0        1.8*
120712  094233  47  55.0873 N  61  30.8822 W   1.2        3.7       13.2       33.4*       1.8 
