FileName: C:\TRAWLS~3\GP309F
Local Time: Mon Sep 03 12:45:48 2012

Ship: September 03, 2012 Trip: GP309F Tow: tow 6
Comments: Zone 12 est iles de la madeleine
 Date    Time     Latitude       Longitude    Speed    Primary  Secondary DoorSpread      Depth 
120903  154551  47  20.9881 N  60  52.4490 W   5.7        4.0*       5.1*      28.3*     651.5*
120903  154552  47  20.9898 N  60  52.4502 W   5.9        4.0        5.1       28.3      651.5 
120903  154553  47  20.9916 N  60  52.4514 W   6.0        4.0        5.1       28.3      651.5 
120903  154554  47  20.9934 N  60  52.4526 W   6.2        4.0        5.1       28.3      651.5 
120903  154555  47  20.9951 N  60  52.4540 W   6.3        4.0        5.1       28.3      651.5 
120903  154556  47  20.9969 N  60  52.4552 W   6.4        4.0        5.1      144.8*     651.5 
120903  154557  47  20.9986 N  60  52.4563 W   6.4        4.0        5.1      144.8      651.5 
120903  154558  47  21.0003 N  60  52.4575 W   6.5        4.0        5.1      144.8      651.5 
120903  154559  47  21.0020 N  60  52.4587 W   6.5        4.0        5.1      144.8      651.5 
120903  154600  47  21.0037 N  60  52.4599 W   6.6        4.0        5.1      144.8      651.5 
120903  154601  47  21.0055 N  60  52.4611 W   6.6        4.0        5.1      144.8      651.5 
120903  154602  47  21.0071 N  60  52.4622 W   6.6        4.0        5.1       58.1*     651.5 
120903  154603  47  21.0087 N  60  52.4634 W   6.6        4.0        5.1       58.1      651.5 
120903  154604  47  21.0103 N  60  52.4646 W   6.5        4.0        5.1       58.1      651.5 
120903  154605  47  21.0118 N  60  52.4656 W   6.5        4.0        5.1       58.1      651.5 
120903  154606  47  21.0133 N  60  52.4667 W   6.4        4.0        5.1       58.1      651.5 
120903  154607  47  21.0147 N  60  52.4677 W   6.2        4.0        5.1       58.1      651.5 
120903  154608  47  21.0160 N  60  52.4687 W   6.1        4.0        5.1       58.1      651.5 
120903  154609  47  21.0174 N  60  52.4696 W   5.9        4.0        5.1       58.1      651.5 
120903  154610  47  21.0186 N  60  52.4704 W   5.8        4.0        5.1       58.1      651.5 
120903  154611  47  21.0197 N  60  52.4713 W   5.6        4.0        5.1       58.1      651.5 
120903  154612  47  21.0209 N  60  52.4721 W   5.4        4.0        5.1       58.1      651.5 
120903  154613  47  21.0220 N  60  52.4729 W   5.3        4.0        5.1       58.1      651.5 
120903  154614  47  21.0231 N  60  52.4736 W   5.1        4.0        5.1       58.1      651.5 
120903  154615  47  21.0240 N  60  52.4745 W   4.9        4.0        5.1       58.1      651.5 
120903  154616  47  21.0250 N  60  52.4753 W   4.8        4.0        5.1       58.1      651.5 
120903  154617  47  21.0261 N  60  52.4761 W   4.7        2.3*       5.1       58.1      651.5 
120903  154618  47  21.0270 N  60  52.4767 W   4.5        2.3        5.1       58.1      651.5 
120903  154619  47  21.0279 N  60  52.4774 W   4.4        2.3        5.1       58.1      651.5 
120903  154620  47  21.0288 N  60  52.4781 W   4.3        2.3        5.1       58.1      651.5 
120903  154621  47  21.0298 N  60  52.4788 W   4.2        2.3        5.1       58.1      651.5 
120903  154622  47  21.0307 N  60  52.4795 W   4.1        2.3        5.1        2.6*     651.5 
120903  154623  47  21.0315 N  60  52.4802 W   4.0        2.3        5.1        2.6      651.5 
120903  154624  47  21.0323 N  60  52.4808 W   3.9        2.3        5.1        2.6      651.5 
120903  154625  47  21.0331 N  60  52.4815 W   3.8        2.3        5.1        2.6      651.5 
120903  154626  47  21.0339 N  60  52.4821 W   3.7        2.3        5.1        2.6      651.5 
120903  154627  47  21.0347 N  60  52.4827 W   3.6        2.3        5.1        2.6      651.5 
120903  154628  47  21.0355 N  60  52.4833 W   3.6        2.3        5.1        2.6      651.5 
120903  154629  47  21.0362 N  60  52.4839 W   3.5        2.3        5.1        2.6      651.5 
120903  154630  47  21.0370 N  60  52.4844 W   3.4        2.4*       5.1        2.6      651.5 
120903  154631  47  21.0378 N  60  52.4850 W   3.4        2.4        5.1        2.6      651.5 
120903  154632  47  21.0385 N  60  52.4856 W   3.3        2.4        5.1        2.6      651.5 
120903  154633  47  21.0392 N  60  52.4861 W   3.3        2.4        5.1        2.6      651.5 
120903  154634  47  21.0400 N  60  52.4867 W   3.2        2.4        5.1        2.6      651.5 
120903  154635  47  21.0407 N  60  52.4872 W   3.2        2.4        5.1        2.6      651.5 
120903  154636  47  21.0414 N  60  52.4877 W   3.1        2.4        5.1        2.6      651.5 
120903  154637  47  21.0421 N  60  52.4882 W   3.1        2.4        5.1        2.6        4.0*
120903  154638  47  21.0428 N  60  52.4888 W   3.0        2.4        5.1        2.6        4.0 
120903  154639  47  21.0436 N  60  52.4893 W   3.0        2.4        5.1        2.6        4.0 
120903  154640  47  21.0444 N  60  52.4899 W   3.1        2.4        5.1        2.6        4.0 
120903  154641  47  21.0453 N  60  52.4905 W   3.2        2.4        5.1        2.6        4.0 
120903  154642  47  21.0463 N  60  52.4912 W   3.3        2.4        5.1        2.6        4.0 
120903  154643  47  21.0474 N  60  52.4920 W   3.4        2.4        5.1        2.6        4.0 
120903  154644  47  21.0485 N  60  52.4929 W   3.6        2.4        5.1        2.6        4.0 
120903  154645  47  21.0497 N  60  52.4938 W   3.8        2.4        5.1        2.6        4.0 
120903  154646  47  21.0509 N  60  52.4947 W   4.0        2.4        5.1        2.6        4.0 
120903  154647  47  21.0522 N  60  52.4956 W   4.2        2.4        5.1        2.6        4.0 
120903  154648  47  21.0535 N  60  52.4966 W   4.3        2.4        5.1        2.6        4.0 
120903  154649  47  21.0548 N  60  52.4976 W   4.5        2.4        5.1        2.6        4.0 
120903  154650  47  21.0562 N  60  52.4986 W   4.7        2.4        5.1        2.6        4.0 
120903  154651  47  21.0577 N  60  52.4996 W   4.8        2.4        5.1        2.6        4.0 
120903  154652  47  21.0591 N  60  52.5006 W   5.0        2.4        5.1        2.6        4.0 
120903  154653  47  21.0607 N  60  52.5017 W   5.2        2.4        5.1        2.6        4.0 
120903  154654  47  21.0622 N  60  52.5028 W   5.3        2.4        5.1        2.6        4.0 
120903  154655  47  21.0638 N  60  52.5040 W   5.5        2.4        5.1        2.6        4.0 
120903  154656  47  21.0654 N  60  52.5051 W   5.7        2.4        5.1        2.6        4.0 
120903  154657  47  21.0670 N  60  52.5062 W   5.8        2.4        5.1        2.6        4.0 
120903  154658  47  21.0687 N  60  52.5073 W   5.9        2.4        5.1        2.6        4.0 
120903  154659  47  21.0703 N  60  52.5085 W   6.1        2.4        5.1        2.6        4.0 
120903  154700  47  21.0720 N  60  52.5096 W   6.2        2.4        5.1        2.6        4.0 
120903  154701  47  21.0737 N  60  52.5108 W   6.2        2.4        5.1        2.6        4.0 
120903  154702  47  21.0754 N  60  52.5119 W   6.3        2.4        5.1        2.6        4.0 
120903  154703  47  21.0771 N  60  52.5130 W   6.4        2.4        5.1        2.6        4.0 
120903  154704  47  21.0789 N  60  52.5141 W   6.5        2.4        5.1        2.6        4.0 
120903  154705  47  21.0807 N  60  52.5153 W   6.6        2.4        5.1        2.6        4.0 
120903  154706  47  21.0825 N  60  52.5166 W   6.7        2.4        5.1      144.8*       4.0 
120903  154707  47  21.0843 N  60  52.5178 W   6.7        2.4        5.1      144.8        4.0 
120903  154708  47  21.0861 N  60  52.5190 W   6.8        2.4        5.1      144.8      236.2*
120903  154709  47  21.0880 N  60  52.5202 W   6.9        2.4        5.1      144.8      236.2 
120903  154710  47  21.0898 N  60  52.5214 W   6.9        2.4        5.1      144.8      236.2 
120903  154711  47  21.0917 N  60  52.5226 W   7.0        2.4        5.1      144.8      236.2 
120903  154712  47  21.0935 N  60  52.5239 W   7.0        2.4        5.1      144.8      236.2 
120903  154713  47  21.0954 N  60  52.5252 W   7.1        2.4        5.1      144.8      236.2 
120903  154714  47  21.0973 N  60  52.5264 W   7.1        2.4        5.1      144.8      236.2 
120903  154715  47  21.0992 N  60  52.5277 W   7.2        2.4        5.1      144.8      236.2 
120903  154716  47  21.1011 N  60  52.5291 W   7.2        2.4        5.1      144.8      236.2 
120903  154717  47  21.1029 N  60  52.5304 W   7.2        2.4        5.1      144.8      236.2 
120903  154718  47  21.1048 N  60  52.5318 W   7.2        2.4        5.1      144.8      236.2 
120903  154719  47  21.1066 N  60  52.5332 W   7.3        2.4        5.1      144.8      236.2 
120903  154720  47  21.1085 N  60  52.5347 W   7.3        2.4        5.1      144.8      236.2 
120903  154721  47  21.1103 N  60  52.5362 W   7.3        2.4        5.1      144.8      236.2 
120903  154722  47  21.1122 N  60  52.5375 W   7.3        2.4        5.1      144.8      236.2 
120903  154723  47  21.1140 N  60  52.5389 W   7.3        2.4        5.1      144.8      236.2 
120903  154724  47  21.1158 N  60  52.5404 W   7.4        2.4        5.1      144.8      236.2 
120903  154725  47  21.1177 N  60  52.5419 W   7.4        2.4        5.1      144.8      236.2 
120903  154726  47  21.1195 N  60  52.5434 W   7.4        2.4        5.1      144.8      236.2 
120903  154727  47  21.1213 N  60  52.5450 W   7.4        2.4        5.1      144.8      236.2 
120903  154728  47  21.1232 N  60  52.5466 W   7.5        2.4        2.2*     144.8      236.2 
120903  154729  47  21.1250 N  60  52.5481 W   7.5        2.4        2.2      144.8      236.2 
120903  154730  47  21.1268 N  60  52.5498 W   7.5        2.4        2.2      144.8      236.2 
120903  154731  47  21.1285 N  60  52.5514 W   7.5        2.4        2.2      144.8      236.2 
120903  154732  47  21.1304 N  60  52.5530 W   7.5        2.4        2.2      144.8      236.2 
120903  154733  47  21.1322 N  60  52.5545 W   7.5        2.4        2.2      144.8      236.2 
120903  154734  47  21.1340 N  60  52.5560 W   7.5        2.4        2.2      144.8      236.2 
120903  154735  47  21.1358 N  60  52.5576 W   7.5        2.4        2.2      144.8      236.2 
120903  154736  47  21.1375 N  60  52.5593 W   7.5        2.4        2.2      144.8      236.2 
120903  154737  47  21.1393 N  60  52.5610 W   7.5        2.4        2.2      144.8      236.2 
120903  154738  47  21.1411 N  60  52.5625 W   7.5        2.4        2.2      144.8      236.2 
120903  154739  47  21.1429 N  60  52.5640 W   7.6        2.4        2.2      144.8      236.2 
120903  154740  47  21.1447 N  60  52.5656 W   7.6        2.4        2.2      144.8      236.2 
120903  154741  47  21.1466 N  60  52.5672 W   7.6        2.4        2.2      144.8      236.2 
120903  154742  47  21.1483 N  60  52.5688 W   7.6        2.4        2.2      144.8      236.2 
120903  154743  47  21.1501 N  60  52.5704 W   7.5        2.4        2.2      144.8      236.2 
120903  154744  47  21.1519 N  60  52.5720 W   7.5        2.4        2.2      144.8      236.2 
120903  154745  47  21.1536 N  60  52.5737 W   7.5        2.4        2.2      144.8      236.2 
120903  154746  47  21.1554 N  60  52.5753 W   7.5        2.4        2.2      144.8      236.2 
120903  154747  47  21.1571 N  60  52.5769 W   7.6        2.4        2.2      144.8      236.2 
120903  154748  47  21.1589 N  60  52.5785 W   7.5        2.4        2.2      144.8      236.2 
120903  154749  47  21.1606 N  60  52.5802 W   7.5        2.4        2.2      144.8      236.2 
120903  154750  47  21.1623 N  60  52.5818 W   7.5        2.4        2.2      144.8      236.2 
120903  154751  47  21.1641 N  60  52.5835 W   7.5        2.4        2.2      144.8      236.2 
120903  154752  47  21.1658 N  60  52.5852 W   7.5        2.4        2.2      144.8      236.2 
120903  154753  47  21.1676 N  60  52.5868 W   7.6        2.4        2.2      144.8      236.2 
120903  154754  47  21.1694 N  60  52.5883 W   7.6        2.4        2.2      144.8      236.2 
120903  154755  47  21.1712 N  60  52.5899 W   7.5        2.4        2.2      144.8      236.2 
120903  154756  47  21.1728 N  60  52.5916 W   7.5        2.4        2.2      144.8       63.3*
120903  154757  47  21.1745 N  60  52.5933 W   7.5        2.4        2.2      144.8       63.3 
120903  154758  47  21.1762 N  60  52.5948 W   7.5        2.4        2.2      144.8       63.3 
120903  154759  47  21.1780 N  60  52.5964 W   7.5        2.4        2.2      144.8       63.3 
120903  154800  47  21.1798 N  60  52.5979 W   7.5        2.4        2.2      144.8       63.3 
120903  154801  47  21.1815 N  60  52.5997 W   7.5        2.4        2.2      144.8       63.3 
120903  154802  47  21.1833 N  60  52.6014 W   7.5        2.4        2.2      144.8       63.3 
120903  154803  47  21.1850 N  60  52.6031 W   7.5        2.4        2.2      144.8       63.3 
120903  154804  47  21.1868 N  60  52.6048 W   7.5        2.4        2.2      144.8       63.3 
120903  154805  47  21.1885 N  60  52.6065 W   7.5        2.4        2.2      144.8       63.3 
120903  154806  47  21.1902 N  60  52.6081 W   7.5        2.4        2.2      144.8       63.3 
120903  154807  47  21.1919 N  60  52.6096 W   7.4        2.4        2.2      144.8       63.3 
120903  154808  47  21.1934 N  60  52.6111 W   7.3        2.4        2.2      144.8       63.3 
120903  154809  47  21.1950 N  60  52.6126 W   7.2        2.4        2.2      144.8       63.3 
120903  154810  47  21.1965 N  60  52.6140 W   7.1        2.4        2.2      144.8       11.0*
120903  154811  47  21.1980 N  60  52.6154 W   7.0        2.4        2.2      144.8       11.0 
120903  154812  47  21.1995 N  60  52.6167 W   6.9        2.4        2.2      144.8       11.0 
120903  154813  47  21.2010 N  60  52.6181 W   6.8        2.4        2.2      144.8       11.0 
120903  154814  47  21.2024 N  60  52.6195 W   6.7        2.4        2.2      144.8       11.0 
120903  154815  47  21.2039 N  60  52.6208 W   6.6        2.4        2.2      144.8       12.3*
120903  154816  47  21.2053 N  60  52.6220 W   6.5        2.4        2.2      144.8       12.3 
120903  154817  47  21.2068 N  60  52.6233 W   6.4        2.4        2.2      144.8       12.3 
120903  154818  47  21.2081 N  60  52.6246 W   6.4        2.4        2.2      144.8       12.3 
120903  154819  47  21.2095 N  60  52.6258 W   6.3        2.4        2.2        6.7*      12.3 
120903  154820  47  21.2109 N  60  52.6271 W   6.2        2.4        2.2        6.7       12.3 
120903  154821  47  21.2122 N  60  52.6283 W   6.1        2.4        2.2        6.7       14.5*
120903  154822  47  21.2136 N  60  52.6296 W   6.1        2.4        2.2        6.7       14.5 
120903  154823  47  21.2150 N  60  52.6308 W   6.0        2.4        2.2        6.7       14.5 
120903  154824  47  21.2163 N  60  52.6321 W   6.0        2.4        2.2        6.7       14.5 
120903  154825  47  21.2176 N  60  52.6333 W   5.9        2.4        2.2        7.7*      14.5 
120903  154826  47  21.2189 N  60  52.6343 W   5.8        2.4        2.2        7.7       18.0*
120903  154827  47  21.2202 N  60  52.6355 W   5.8        2.4        2.2        7.7       18.0 
120903  154828  47  21.2215 N  60  52.6368 W   5.8        2.4        2.2        7.7       18.0 
120903  154829  47  21.2228 N  60  52.6380 W   5.7        2.4        2.2        7.7       18.0 
120903  154830  47  21.2241 N  60  52.6392 W   5.7        2.4        2.2        7.4*      18.0 
120903  154831  47  21.2254 N  60  52.6404 W   5.7        2.4        2.2        7.4       14.1*
120903  154832  47  21.2267 N  60  52.6416 W   5.7        2.4        2.2        7.4       14.1 
120903  154833  47  21.2281 N  60  52.6427 W   5.7        2.4        2.2        7.4       14.1 
120903  154834  47  21.2293 N  60  52.6438 W   5.6        2.4        2.2        7.4       14.1 
120903  154835  47  21.2306 N  60  52.6451 W   5.6        2.4        2.2        7.4       14.1 
120903  154836  47  21.2319 N  60  52.6463 W   5.6        2.4        2.2        7.4       17.2*
120903  154837  47  21.2332 N  60  52.6473 W   5.6        2.4        2.2        7.4       17.2 
120903  154838  47  21.2345 N  60  52.6485 W   5.6        2.4        2.2        7.4       17.2 
120903  154839  47  21.2358 N  60  52.6497 W   5.5        2.4        2.2        7.4       17.2 
120903  154840  47  21.2370 N  60  52.6509 W   5.5        2.2*       2.2        7.4       17.2 
120903  154841  47  21.2382 N  60  52.6520 W   5.5        2.2        2.2        7.4       17.2 
120903  154842  47  21.2395 N  60  52.6531 W   5.5        2.2        2.2        7.4        7.5*
120903  154843  47  21.2406 N  60  52.6540 W   5.4        2.2        2.2        7.4        7.5 
120903  154844  47  21.2416 N  60  52.6550 W   5.2        2.2        2.2        7.4        7.5 
120903  154845  47  21.2426 N  60  52.6560 W   5.1        2.2        2.2        7.4        7.5 
120903  154846  47  21.2436 N  60  52.6568 W   4.9        2.2        2.2        7.4*       7.5 
120903  154847  47  21.2445 N  60  52.6575 W   4.7        2.2        2.2        7.4       15.0*
120903  154848  47  21.2453 N  60  52.6582 W   4.5        2.2        2.2        7.4       15.0 
120903  154849  47  21.2461 N  60  52.6590 W   4.4        2.2        2.2        7.4       15.0 
120903  154850  47  21.2469 N  60  52.6597 W   4.2        2.2        2.2        7.4       15.0 
120903  154851  47  21.2476 N  60  52.6604 W   4.1        2.2        2.2        7.2*      15.0 
120903  154852  47  21.2483 N  60  52.6611 W   3.9        2.2        2.2        7.2       15.4*
120903  154853  47  21.2491 N  60  52.6617 W   3.8        2.2*       2.2        7.2       15.4 
120903  154854  47  21.2498 N  60  52.6623 W   3.6        2.2        2.2        7.2       15.4 
120903  154855  47  21.2505 N  60  52.6629 W   3.5        2.2        2.2        7.2       15.4 
120903  154856  47  21.2511 N  60  52.6635 W   3.4        2.2        2.2        7.5*      15.4 
120903  154857  47  21.2517 N  60  52.6641 W   3.3        2.2        2.2        7.5       12.3*
120903  154858  47  21.2523 N  60  52.6646 W   3.2        2.2        2.2        7.5       12.3 
120903  154859  47  21.2529 N  60  52.6651 W   3.0        2.2        2.2        7.5       12.3 
120903  154900  47  21.2535 N  60  52.6656 W   3.0        2.2        2.2        7.5       12.3 
120903  154901  47  21.2541 N  60  52.6662 W   2.9        2.2        2.2        6.0*      12.3 
120903  154902  47  21.2547 N  60  52.6668 W   2.8        2.2        2.2        6.0       12.3 
120903  154903  47  21.2553 N  60  52.6672 W   2.7        2.2        2.2        6.0       17.6*
120903  154904  47  21.2558 N  60  52.6677 W   2.7        2.2        2.2        6.0       17.6 
120903  154905  47  21.2564 N  60  52.6682 W   2.6        2.2        2.2        6.0       17.6 
120903  154906  47  21.2570 N  60  52.6687 W   2.6        2.2        2.2        6.0       17.6 
120903  154907  47  21.2575 N  60  52.6691 W   2.5        2.2        2.2        6.1*      17.6 
120903  154908  47  21.2580 N  60  52.6696 W   2.5        2.2        2.2        6.1       15.8*
120903  154909  47  21.2585 N  60  52.6701 W   2.5        2.2        2.2        6.1       15.8 
120903  154910  47  21.2590 N  60  52.6705 W   2.4        2.2        2.2        6.1       15.8 
120903  154911  47  21.2595 N  60  52.6709 W   2.4        2.2        2.2        6.1       15.8 
120903  154912  47  21.2600 N  60  52.6714 W   2.3        2.2        2.2        6.2*      15.8 
120903  154913  47  21.2605 N  60  52.6719 W   2.3        2.2        2.2        6.2       23.8*
120903  154914  47  21.2610 N  60  52.6723 W   2.3        2.2        2.2        6.2       23.8 
120903  154915  47  21.2615 N  60  52.6727 W   2.3        2.2        2.2        6.2       23.8 
120903  154916  47  21.2620 N  60  52.6730 W   2.2        2.2        2.2        6.2       23.8 
120903  154917  47  21.2624 N  60  52.6734 W   2.2        2.2        2.2        6.2*      23.8 
120903  154918  47  21.2629 N  60  52.6739 W   2.2        2.2        2.2        6.2       20.2*
120903  154919  47  21.2633 N  60  52.6743 W   2.1        2.1*       2.2        6.2       20.2 
120903  154920  47  21.2638 N  60  52.6748 W   2.1        2.1        2.2        6.2       20.2 
120903  154921  47  21.2642 N  60  52.6752 W   2.1        2.1        2.2        6.2       20.2 
120903  154922  47  21.2647 N  60  52.6756 W   2.1        2.1        2.2        5.5*      20.2 
120903  154923  47  21.2652 N  60  52.6761 W   2.1        2.1        2.2        5.5       20.2 
120903  154924  47  21.2656 N  60  52.6765 W   2.1        2.1        2.2        5.5       23.8*
120903  154925  47  21.2660 N  60  52.6768 W   2.1        2.1        2.2        5.5       23.8 
120903  154926  47  21.2665 N  60  52.6772 W   2.1        2.1        2.2        5.5       23.8 
120903  154927  47  21.2670 N  60  52.6776 W   2.1        2.1        2.2        5.5       23.8 
120903  154928  47  21.2674 N  60  52.6781 W   2.1        2.1        2.2        5.4*      23.8 
120903  154929  47  21.2678 N  60  52.6785 W   2.0        2.1        2.2        5.4       22.4*
120903  154930  47  21.2683 N  60  52.6789 W   2.0        2.1        2.2        5.4       22.4 
120903  154931  47  21.2687 N  60  52.6794 W   2.0        2.1        2.2        5.4       22.4 
120903  154932  47  21.2692 N  60  52.6798 W   2.0        2.4*       2.2        5.4       22.4 
120903  154933  47  21.2697 N  60  52.6802 W   2.1        2.4        2.2        4.7*      22.4 
120903  154934  47  21.2702 N  60  52.6807 W   2.1        2.4        2.2        4.7       26.8*
120903  154935  47  21.2707 N  60  52.6811 W   2.1        2.4        2.2        4.7       26.8 
120903  154936  47  21.2711 N  60  52.6816 W   2.1        2.4        2.2        4.7       26.8 
120903  154937  47  21.2715 N  60  52.6820 W   2.1        2.4        2.2        4.7       26.8 
120903  154938  47  21.2720 N  60  52.6824 W   2.0        2.4        2.2        4.7       26.8 
120903  154939  47  21.2725 N  60  52.6828 W   2.0        2.4        2.2        4.7       22.4*
120903  154940  47  21.2729 N  60  52.6833 W   2.0        2.4        2.2        4.7       22.4 
120903  154941  47  21.2734 N  60  52.6838 W   2.0        2.4        2.2        4.7       22.4 
120903  154942  47  21.2739 N  60  52.6843 W   2.1        2.4        2.2        4.7       22.4 
120903  154943  47  21.2743 N  60  52.6848 W   2.1        2.4        2.2        4.7       22.4 
120903  154944  47  21.2748 N  60  52.6852 W   2.1        2.4        2.2        4.7       22.4 
120903  154945  47  21.2752 N  60  52.6857 W   2.1        3.1*       2.2        4.7       34.3*
120903  154946  47  21.2757 N  60  52.6862 W   2.1        3.1        2.2        4.7       34.3 
120903  154947  47  21.2761 N  60  52.6867 W   2.1        3.1        2.2        4.7       34.3 
120903  154948  47  21.2766 N  60  52.6872 W   2.0        3.1        2.2        5.6*      34.3 
120903  154949  47  21.2770 N  60  52.6876 W   2.0        3.1        2.2        5.6       34.3 
120903  154950  47  21.2775 N  60  52.6882 W   2.0        3.1        2.2        5.6       26.8*
120903  154951  47  21.2779 N  60  52.6887 W   2.1        3.1        2.2        5.6       26.8 
120903  154952  47  21.2784 N  60  52.6892 W   2.1        3.1        2.2        5.6       26.8 
120903  154953  47  21.2789 N  60  52.6896 W   2.1        3.1        2.2        5.6       26.8 
120903  154954  47  21.2794 N  60  52.6901 W   2.1        3.1        2.2        5.6       26.8 
120903  154955  47  21.2798 N  60  52.6907 W   2.1        3.1        2.2        5.6       34.8*
120903  154956  47  21.2803 N  60  52.6912 W   2.1        3.1        2.2        5.6       34.8 
120903  154957  47  21.2807 N  60  52.6916 W   2.1        3.1        2.2        5.6       34.8 
120903  154958  47  21.2812 N  60  52.6921 W   2.1        3.1        2.2        5.6       34.8 
120903  154959  47  21.2816 N  60  52.6926 W   2.1        3.1        2.2        7.8*      34.8 
120903  155000  47  21.2821 N  60  52.6931 W   2.1        3.1        2.2        7.8       35.6*
120903  155001  47  21.2826 N  60  52.6936 W   2.1        3.1        2.2        7.8       35.6 
120903  155002  47  21.2830 N  60  52.6940 W   2.1        3.1        2.2        7.8       35.6 
120903  155003  47  21.2836 N  60  52.6946 W   2.1        3.1        2.2        7.8       35.6 
120903  155004  47  21.2840 N  60  52.6951 W   2.1        3.1        2.2        7.8       35.6 
120903  155005  47  21.2845 N  60  52.6957 W   2.1        3.1        2.2        7.8       35.6 
120903  155006  47  21.2849 N  60  52.6962 W   2.1        3.1        2.2        7.8       41.3*
120903  155007  47  21.2854 N  60  52.6968 W   2.2        3.1        2.2        7.8       41.3 
120903  155008  47  21.2859 N  60  52.6972 W   2.1        3.1        2.2        7.8       41.3 
120903  155009  47  21.2863 N  60  52.6976 W   2.1        3.1        2.2        7.8       41.3 
120903  155010  47  21.2868 N  60  52.6982 W   2.1        3.1        2.2        7.8       41.3 
120903  155011  47  21.2873 N  60  52.6986 W   2.1        2.2*       2.2        7.8       38.7*
120903  155012  47  21.2878 N  60  52.6990 W   2.1        2.2        2.2        7.8       38.7 
120903  155013  47  21.2883 N  60  52.6994 W   2.1        2.2        2.2        7.8       38.7 
120903  155014  47  21.2887 N  60  52.7000 W   2.1        2.2        2.2        7.8       38.7 
120903  155015  47  21.2892 N  60  52.7005 W   2.1        2.2        2.2        7.8       38.7 
120903  155016  47  21.2897 N  60  52.7009 W   2.1        2.2        2.2        7.8       45.7*
120903  155017  47  21.2902 N  60  52.7012 W   2.1        2.2        2.2        7.8       45.7 
120903  155018  47  21.2906 N  60  52.7017 W   2.1        2.2        2.2        7.8       45.7 
120903  155019  47  21.2911 N  60  52.7023 W   2.1        2.2        2.2        7.8       45.7 
120903  155020  47  21.2916 N  60  52.7027 W   2.1        2.2        2.2        7.8       45.7 
120903  155021  47  21.2920 N  60  52.7031 W   2.1        2.2        2.2        7.8       45.7 
120903  155022  47  21.2925 N  60  52.7035 W   2.1        2.2        2.2        7.8       45.7*
120903  155023  47  21.2929 N  60  52.7040 W   2.1        2.2*       2.2        7.8       45.7 
120903  155024  47  21.2934 N  60  52.7046 W   2.1        2.2        2.2        7.8       45.7 
120903  155025  47  21.2939 N  60  52.7050 W   2.1        2.2        2.2        7.8       45.7 
120903  155026  47  21.2944 N  60  52.7055 W   2.1        2.2        2.2        7.8       45.7 
120903  155027  47  21.2949 N  60  52.7059 W   2.1        2.2        2.2        7.8       44.4*
120903  155028  47  21.2953 N  60  52.7064 W   2.1        2.2        2.2        7.8       44.4 
120903  155029  47  21.2958 N  60  52.7069 W   2.1        2.2        2.2        6.6*      44.4 
120903  155030  47  21.2963 N  60  52.7073 W   2.1        2.2        2.7*       6.6       44.4 
120903  155031  47  21.2968 N  60  52.7077 W   2.1        2.2        2.7        6.6       44.4 
120903  155032  47  21.2973 N  60  52.7081 W   2.1        2.2        2.7        6.6       48.4*
120903  155033  47  21.2978 N  60  52.7086 W   2.1        2.2        2.7        6.6       48.4 
120903  155034  47  21.2983 N  60  52.7092 W   2.1        2.2        2.7        6.6       48.4 
120903  155035  47  21.2988 N  60  52.7096 W   2.1        2.2        2.7        6.6       48.4 
120903  155036  47  21.2993 N  60  52.7100 W   2.1        2.2        2.7        6.6       48.4 
120903  155037  47  21.2998 N  60  52.7105 W   2.1        3.1*       2.7        6.6       48.4 
120903  155038  47  21.3003 N  60  52.7110 W   2.1        3.1        2.7        6.6       94.6*
120903  155039  47  21.3007 N  60  52.7114 W   2.1        3.1        2.7        6.4*      94.6 
120903  155040  47  21.3012 N  60  52.7118 W   2.1        3.1        2.7        6.4       94.6 
120903  155041  47  21.3016 N  60  52.7122 W   2.1        3.1        2.7        6.4       94.6 
120903  155042  47  21.3022 N  60  52.7127 W   2.1        3.1        2.7        6.4       94.6 
120903  155043  47  21.3026 N  60  52.7131 W   2.1        3.1        2.7        6.4       94.6 
120903  155044  47  21.3031 N  60  52.7136 W   2.0        3.1        2.7        6.4       94.6 
120903  155045  47  21.3035 N  60  52.7140 W   2.0        3.1        2.7        7.1*      94.6 
120903  155046  47  21.3040 N  60  52.7145 W   2.1        3.1        2.7        7.1       94.6 
120903  155047  47  21.3045 N  60  52.7150 W   2.1        3.1        2.7        7.1       94.6 
120903  155048  47  21.3050 N  60  52.7154 W   2.1        3.1        2.7        7.1       47.5*
120903  155049  47  21.3054 N  60  52.7158 W   2.1        3.1        2.7        7.1       47.5 
120903  155050  47  21.3059 N  60  52.7162 W   2.1        3.1        2.7        6.8*      47.5 
120903  155051  47  21.3063 N  60  52.7166 W   2.1        3.1        2.7        6.8       47.5 
120903  155052  47  21.3067 N  60  52.7171 W   2.0        3.1        2.7        6.8       47.5 
120903  155053  47  21.3072 N  60  52.7175 W   2.0        3.1        2.7        6.8       50.6*
120903  155054  47  21.3076 N  60  52.7179 W   2.0        3.1        2.7        6.8       50.6 
120903  155055  47  21.3081 N  60  52.7185 W   2.1        3.1        2.7        7.0*      50.6 
120903  155056  47  21.3086 N  60  52.7190 W   2.1        3.1        2.7        7.0       50.6 
120903  155057  47  21.3091 N  60  52.7195 W   2.1        3.1        2.7        7.0       50.6 
120903  155058  47  21.3096 N  60  52.7200 W   2.1        3.1        2.7        7.0       50.6 
120903  155059  47  21.3101 N  60  52.7204 W   2.1        3.1        2.7        7.0       47.1*
120903  155100  47  21.3106 N  60  52.7209 W   2.1        3.1        2.7        7.5*      47.1 
120903  155101  47  21.3110 N  60  52.7214 W   2.1        3.1        2.7        7.5       47.1 
120903  155102  47  21.3115 N  60  52.7218 W   2.0        3.1        2.7        7.5       47.1 
120903  155103  47  21.3119 N  60  52.7222 W   2.0        3.1        2.7        7.5       47.1 
120903  155104  47  21.3124 N  60  52.7228 W   2.1        3.1        2.7        7.5       46.2*
120903  155105  47  21.3128 N  60  52.7232 W   2.1        3.1        2.7        7.5       46.2 
120903  155106  47  21.3133 N  60  52.7237 W   2.1        3.1        2.7        7.7*      46.2 
120903  155107  47  21.3138 N  60  52.7242 W   2.1        3.1        2.7        7.7       46.2 
120903  155108  47  21.3144 N  60  52.7247 W   2.1        3.1        2.7        7.7       46.2 
120903  155109  47  21.3148 N  60  52.7252 W   2.1        3.1        2.7        7.7       48.8*
120903  155110  47  21.3153 N  60  52.7257 W   2.1        3.1        2.7        7.7       48.8 
120903  155111  47  21.3158 N  60  52.7261 W   2.1        3.1        2.7        8.0*      48.8 
120903  155112  47  21.3163 N  60  52.7267 W   2.1        3.1        2.7        8.0       48.8 
120903  155113  47  21.3168 N  60  52.7272 W   2.1        3.1        2.7        8.0       48.8 
120903  155114  47  21.3172 N  60  52.7276 W   2.1        3.1        2.7        8.0       48.8 
120903  155115  47  21.3177 N  60  52.7282 W   2.1        2.1*       2.7        8.0       47.1*
120903  155116  47  21.3182 N  60  52.7286 W   2.1        2.1        2.7        8.0*      47.1 
120903  155117  47  21.3187 N  60  52.7291 W   2.1        2.1        2.7        8.0       47.1 
120903  155118  47  21.3191 N  60  52.7296 W   2.1        2.1        2.7        8.0       47.1 
120903  155119  47  21.3196 N  60  52.7301 W   2.1        2.1        2.7        8.0       47.1 
120903  155120  47  21.3201 N  60  52.7306 W   2.1        2.1        2.7        8.0       50.6*
120903  155121  47  21.3206 N  60  52.7312 W   2.1        2.1        2.7        8.0       50.6 
120903  155122  47  21.3211 N  60  52.7317 W   2.1        2.1        2.7        8.0       50.6 
120903  155123  47  21.3216 N  60  52.7321 W   2.1        2.1        2.7        8.0       50.6 
120903  155124  47  21.3220 N  60  52.7327 W   2.1        2.1        2.7        8.3*      50.6 
120903  155125  47  21.3225 N  60  52.7333 W   2.1        2.1        2.7        8.3       46.2*
120903  155126  47  21.3230 N  60  52.7337 W   2.1        2.1        2.7        8.3       46.2 
120903  155127  47  21.3235 N  60  52.7341 W   2.1        2.1        2.7        8.3       46.2 
120903  155128  47  21.3240 N  60  52.7346 W   2.1        2.1        2.7        8.3       46.2 
120903  155129  47  21.3245 N  60  52.7351 W   2.1        2.1        2.7        8.3       46.2 
120903  155130  47  21.3249 N  60  52.7357 W   2.1        2.1        2.7        8.3       46.2 
120903  155131  47  21.3254 N  60  52.7362 W   2.1        2.1        2.7        8.3       49.7*
120903  155132  47  21.3260 N  60  52.7366 W   2.1        2.1        2.7        8.3       49.7 
120903  155133  47  21.3264 N  60  52.7371 W   2.1        2.1        2.7        8.3       49.7 
120903  155134  47  21.3268 N  60  52.7377 W   2.1        2.1        2.7        8.3       49.7 
120903  155135  47  21.3274 N  60  52.7382 W   2.1        2.1        2.7        8.3       49.7 
120903  155136  47  21.3279 N  60  52.7386 W   2.1        2.1        2.7        8.3       45.3*
120903  155137  47  21.3283 N  60  52.7390 W   2.1        2.1        2.7        8.3       45.3 
120903  155138  47  21.3287 N  60  52.7395 W   2.0        2.1        2.7        8.3       45.3 
120903  155139  47  21.3292 N  60  52.7401 W   2.1        2.1        2.7        8.3       45.3 
120903  155140  47  21.3297 N  60  52.7406 W   2.1        2.1        2.7        8.3       45.3 
120903  155141  47  21.3302 N  60  52.7410 W   2.1        2.1*       2.7        8.3       46.6*
120903  155142  47  21.3306 N  60  52.7416 W   2.0        2.1        2.7        8.3       46.6 
120903  155143  47  21.3311 N  60  52.7421 W   2.1        2.1        2.7        8.3       46.6 
120903  155144  47  21.3316 N  60  52.7426 W   2.1        2.1        2.7        8.3       46.6 
120903  155145  47  21.3320 N  60  52.7431 W   2.0        2.1        2.7        8.3       46.6 
120903  155146  47  21.3325 N  60  52.7434 W   2.0        2.1        2.7        8.3       46.6 
120903  155147  47  21.3329 N  60  52.7439 W   2.0        2.1        2.7       73.1*      49.7*
120903  155148  47  21.3334 N  60  52.7443 W   2.0        2.1        2.7       73.1       49.7 
120903  155149  47  21.3339 N  60  52.7448 W   2.0        2.1        2.7       73.1       49.7 
120903  155150  47  21.3343 N  60  52.7453 W   2.0        2.1        2.7       73.1       49.7 
120903  155151  47  21.3348 N  60  52.7458 W   2.0        2.1        2.7       73.1       49.7 
120903  155152  47  21.3353 N  60  52.7463 W   2.0        2.1        2.7        8.9*      46.2*
120903  155153  47  21.3357 N  60  52.7468 W   2.0        2.1        2.7        8.9       46.2 
120903  155154  47  21.3362 N  60  52.7474 W   2.1        2.1*       2.7        8.9       46.2 
120903  155155  47  21.3367 N  60  52.7478 W   2.0        2.1        2.7        8.9       46.2 
120903  155156  47  21.3371 N  60  52.7481 W   2.0        2.1        2.7        8.9       46.2 
120903  155157  47  21.3376 N  60  52.7487 W   2.0        2.1        2.7        8.9       48.4*
120903  155158  47  21.3381 N  60  52.7492 W   2.0        2.1        2.7        8.9*      48.4 
120903  155159  47  21.3386 N  60  52.7496 W   2.0        2.1        2.7        8.9       48.4 
120903  155200  47  21.3390 N  60  52.7500 W   2.0        2.1        2.7        8.9       48.4 
120903  155201  47  21.3395 N  60  52.7505 W   2.0        2.1        2.7        8.9       48.4 
120903  155202  47  21.3400 N  60  52.7510 W   2.1        2.1        2.7        8.9       48.4 
120903  155203  47  21.3405 N  60  52.7514 W   2.1        2.1        2.7        9.1*      46.2*
120903  155204  47  21.3410 N  60  52.7518 W   2.0        2.1        2.7        9.1       46.2 
120903  155205  47  21.3415 N  60  52.7523 W   2.1        2.1        2.7        9.1       46.2 
120903  155206  47  21.3419 N  60  52.7528 W   2.1        2.1        2.7        9.1       46.2 
120903  155207  47  21.3424 N  60  52.7533 W   2.1        2.1*       2.7        9.1       46.2 
120903  155208  47  21.3429 N  60  52.7536 W   2.1        2.1        2.7        8.4*      47.1*
120903  155209  47  21.3434 N  60  52.7540 W   2.1        2.1        2.7        8.4       47.1 
120903  155210  47  21.3439 N  60  52.7546 W   2.1        2.1        2.7        8.4       47.1 
120903  155211  47  21.3443 N  60  52.7550 W   2.1        2.1        2.7        8.4       47.1 
120903  155212  47  21.3448 N  60  52.7554 W   2.1        2.1        2.7        8.4       47.1 
120903  155213  47  21.3453 N  60  52.7557 W   2.1        2.1        2.7        8.4       48.4*
120903  155214  47  21.3458 N  60  52.7562 W   2.1        2.1        2.7        9.0*      48.4 
120903  155215  47  21.3462 N  60  52.7566 W   2.1        2.1        2.7        9.0       48.4 
120903  155216  47  21.3468 N  60  52.7571 W   2.1        2.1        2.7        9.0       48.4 
120903  155217  47  21.3473 N  60  52.7576 W   2.1        2.1        2.7        9.0       48.4 
120903  155218  47  21.3478 N  60  52.7581 W   2.1        2.1        2.7        9.0       46.2*
120903  155219  47  21.3483 N  60  52.7586 W   2.1        2.1        2.7        9.0       46.2 
120903  155220  47  21.3487 N  60  52.7590 W   2.1        2.1        2.7        9.0       46.2 
120903  155221  47  21.3492 N  60  52.7595 W   2.1        2.1        2.7      147.8*      46.2 
120903  155222  47  21.3497 N  60  52.7600 W   2.1        2.1        2.7      147.8       46.2 
120903  155223  47  21.3502 N  60  52.7604 W   2.1        2.1        2.7      147.8       46.2 
120903  155224  47  21.3507 N  60  52.7608 W   2.1        2.1        2.7      147.8       49.7*
120903  155225  47  21.3512 N  60  52.7613 W   2.1        2.1        2.7      147.8       49.7 
120903  155226  47  21.3517 N  60  52.7619 W   2.1        2.1        2.7      147.8       49.7 
120903  155227  47  21.3522 N  60  52.7622 W   2.1        2.1        2.7      147.8       49.7 
120903  155228  47  21.3527 N  60  52.7626 W   2.0        2.1        2.7      147.8       49.7 
120903  155229  47  21.3532 N  60  52.7630 W   2.1        2.1        2.7      147.8       44.9*
120903  155230  47  21.3537 N  60  52.7635 W   2.1        2.1        2.7      147.8       44.9 
120903  155231  47  21.3542 N  60  52.7640 W   2.1        2.1        2.7        8.6*      44.9 
120903  155232  47  21.3547 N  60  52.7644 W   2.1        2.1        2.7        8.6       44.9 
120903  155233  47  21.3552 N  60  52.7649 W   2.1        2.1*       2.7        8.6       44.9 
120903  155234  47  21.3557 N  60  52.7654 W   2.1        2.1        2.7        8.6       47.9*
120903  155235  47  21.3562 N  60  52.7659 W   2.1        2.1        2.7        8.6       47.9 
120903  155236  47  21.3567 N  60  52.7662 W   2.1        2.1        2.7        8.6       47.9 
120903  155237  47  21.3571 N  60  52.7666 W   2.1        2.1        2.7        8.6       47.9 
120903  155238  47  21.3576 N  60  52.7671 W   2.0        2.1        2.7        8.6       47.9 
120903  155239  47  21.3581 N  60  52.7676 W   2.1        2.1        2.7        8.6       47.9 
120903  155240  47  21.3586 N  60  52.7680 W   2.0        2.1        2.7        8.6       48.8*
120903  155241  47  21.3590 N  60  52.7684 W   2.0        2.1        2.7        9.8*      48.8 
120903  155242  47  21.3595 N  60  52.7689 W   2.1        2.1        2.7        9.8       48.8 
120903  155243  47  21.3600 N  60  52.7694 W   2.1        2.1        2.7        9.8       48.8 
120903  155244  47  21.3605 N  60  52.7698 W   2.1        2.1        2.7        9.8       48.8 
120903  155245  47  21.3610 N  60  52.7702 W   2.1        2.1        2.7        9.8       45.3*
120903  155246  47  21.3615 N  60  52.7706 W   2.1        2.1        2.7        9.8       45.3 
120903  155247  47  21.3620 N  60  52.7711 W   2.1        2.1        2.7       15.4*      45.3 
120903  155248  47  21.3625 N  60  52.7716 W   2.1        2.1        2.7       15.4       45.3 
120903  155249  47  21.3629 N  60  52.7719 W   2.0        2.1        2.7       15.4       45.3 
120903  155250  47  21.3633 N  60  52.7724 W   2.0        2.1        2.7       15.4       48.8*
120903  155251  47  21.3638 N  60  52.7728 W   2.1        2.1        2.7       15.4       48.8 
120903  155252  47  21.3643 N  60  52.7733 W   2.0        2.1        2.7       10.3*      48.8 
120903  155253  47  21.3647 N  60  52.7737 W   2.0        2.1        2.7       10.3       48.8 
120903  155254  47  21.3652 N  60  52.7742 W   2.1        2.1        2.7       10.3       48.8 
120903  155255  47  21.3657 N  60  52.7745 W   2.1        2.1        2.7       10.3       48.8 
120903  155256  47  21.3662 N  60  52.7750 W   2.1        2.1        2.7       10.3       48.4*
120903  155257  47  21.3666 N  60  52.7756 W   2.1        2.1        2.7        8.0*      48.4 
120903  155258  47  21.3671 N  60  52.7761 W   2.1        2.1        2.7        8.0       48.4 
120903  155259  47  21.3675 N  60  52.7765 W   2.1        2.1*       2.7        8.0       48.4 
120903  155300  47  21.3680 N  60  52.7770 W   2.1        2.1        2.7        8.0       48.4 
120903  155301  47  21.3685 N  60  52.7774 W   2.1        2.1        2.7        8.0       46.2*
120903  155302  47  21.3689 N  60  52.7779 W   2.1        2.1        2.7        8.0       46.2 
120903  155303  47  21.3694 N  60  52.7784 W   2.1        2.1        2.7        8.6*      46.2 
120903  155304  47  21.3699 N  60  52.7788 W   2.1        2.1        2.7        8.6       46.2 
120903  155305  47  21.3704 N  60  52.7792 W   2.1        2.1        2.7        8.6       46.2 
120903  155306  47  21.3708 N  60  52.7797 W   2.0        2.1        2.7        8.6       47.1*
120903  155307  47  21.3713 N  60  52.7802 W   2.1        2.1        2.7        8.6       47.1 
120903  155308  47  21.3718 N  60  52.7807 W   2.1        2.1        2.7       11.4*      47.1 
120903  155309  47  21.3723 N  60  52.7810 W   2.1        2.1        2.7       11.4       47.1 
120903  155310  47  21.3727 N  60  52.7815 W   2.1        2.1        2.7       11.4       47.1 
120903  155311  47  21.3732 N  60  52.7821 W   2.1        2.1        2.7       11.4       47.1 
120903  155312  47  21.3737 N  60  52.7826 W   2.1        2.1*       2.7       11.4       49.7*
120903  155313  47  21.3741 N  60  52.7831 W   2.1        2.1        2.7       11.4       49.7 
120903  155314  47  21.3747 N  60  52.7834 W   2.1        2.1        2.7       11.4       49.7 
120903  155315  47  21.3751 N  60  52.7839 W   2.1        2.1        2.7       11.4       49.7 
120903  155316  47  21.3755 N  60  52.7844 W   2.1        2.1        2.7       11.4       49.7 
120903  155317  47  21.3760 N  60  52.7848 W   2.1        2.1        2.7       11.4       46.6*
120903  155318  47  21.3765 N  60  52.7853 W   2.1        2.1        2.7        8.5*      46.6 
120903  155319  47  21.3770 N  60  52.7857 W   2.1        2.1        2.7        8.5       46.6 
120903  155320  47  21.3774 N  60  52.7862 W   2.1        2.1        2.7        8.5       46.6 
120903  155321  47  21.3779 N  60  52.7867 W   2.1        2.1        2.7        8.5       46.6 
120903  155322  47  21.3784 N  60  52.7871 W   2.1        2.1        2.7        8.5       46.2*
120903  155323  47  21.3789 N  60  52.7875 W   2.1        2.1        2.7        8.5       46.2 
120903  155324  47  21.3793 N  60  52.7880 W   2.0        2.1        2.7        9.4*      46.2 
120903  155325  47  21.3798 N  60  52.7885 W   2.0        2.1*       2.7        9.4       46.2 
120903  155326  47  21.3803 N  60  52.7890 W   2.1        2.1        2.7        9.4       46.2 
120903  155327  47  21.3808 N  60  52.7895 W   2.1        2.1        2.7        9.4       46.2 
120903  155328  47  21.3813 N  60  52.7900 W   2.1        2.1        2.7        9.4       46.6*
120903  155329  47  21.3817 N  60  52.7905 W   2.1        2.1        2.7        9.7*      46.6 
120903  155330  47  21.3822 N  60  52.7909 W   2.1        2.1        2.7        9.7       46.6 
120903  155331  47  21.3827 N  60  52.7914 W   2.1        2.1        2.7        9.7       46.6 
120903  155332  47  21.3832 N  60  52.7919 W   2.1        2.1        2.7        9.7       46.6 
120903  155333  47  21.3836 N  60  52.7924 W   2.1        2.1        2.7        9.7       47.1*
120903  155334  47  21.3841 N  60  52.7929 W   2.1        2.1        2.7        9.7       47.1 
120903  155335  47  21.3846 N  60  52.7933 W   2.1        2.1        2.7        9.7       47.1 
120903  155336  47  21.3850 N  60  52.7937 W   2.1        2.1        2.7        9.7       47.1 
120903  155337  47  21.3855 N  60  52.7943 W   2.0        2.1        2.7        9.7       47.1 
120903  155338  47  21.3860 N  60  52.7948 W   2.1        2.1        2.7        9.7       47.9*
120903  155339  47  21.3865 N  60  52.7952 W   2.1        2.1        2.7        9.7       47.9 
120903  155340  47  21.3870 N  60  52.7957 W   2.1        2.1        2.7       32.5*      47.9 
120903  155341  47  21.3874 N  60  52.7962 W   2.1        2.1        2.7       32.5       47.9 
120903  155342  47  21.3878 N  60  52.7967 W   2.1        2.1        2.7       32.5       47.9 
120903  155343  47  21.3884 N  60  52.7972 W   2.1        2.1        2.7       32.5       47.1*
120903  155344  47  21.3888 N  60  52.7975 W   2.1        2.1        2.7       32.5       47.1 
120903  155345  47  21.3892 N  60  52.7979 W   2.0        2.1        2.7        8.8*      47.1 
120903  155346  47  21.3897 N  60  52.7984 W   2.0        2.1        2.7        8.8       47.1 
120903  155347  47  21.3902 N  60  52.7989 W   2.0        2.1        2.7        8.8       47.1 
120903  155348  47  21.3906 N  60  52.7994 W   2.0        2.1        2.7        8.8       47.1 
120903  155349  47  21.3911 N  60  52.7997 W   2.0        2.1        2.7        8.8       48.4*
120903  155350  47  21.3915 N  60  52.8002 W   2.0        2.1        2.7        8.8       48.4 
120903  155351  47  21.3920 N  60  52.8008 W   2.0        2.3*       2.7        8.8       48.4 
120903  155352  47  21.3925 N  60  52.8012 W   2.1        2.3        2.7        8.8       48.4 
120903  155353  47  21.3929 N  60  52.8016 W   2.0        2.3        2.7        8.8       48.4 
120903  155354  47  21.3934 N  60  52.8021 W   2.0        2.3        2.7        8.8       47.9*
120903  155355  47  21.3938 N  60  52.8026 W   2.0        2.3        2.7        8.8       47.9 
120903  155356  47  21.3943 N  60  52.8030 W   2.1        2.3        2.7        8.8       47.9 
120903  155357  47  21.3948 N  60  52.8034 W   2.1        2.3        2.7        8.8       47.9 
120903  155358  47  21.3953 N  60  52.8039 W   2.0        2.3        2.7        8.8       47.9 
120903  155359  47  21.3957 N  60  52.8045 W   2.1        2.3        2.7        8.8       46.6*
120903  155400  47  21.3962 N  60  52.8049 W   2.1        2.3        2.7        8.8       46.6 
120903  155401  47  21.3967 N  60  52.8053 W   2.1        2.3        2.7        8.8       46.6 
120903  155402  47  21.3971 N  60  52.8058 W   2.0        2.3        2.7        8.8       46.6 
120903  155403  47  21.3976 N  60  52.8063 W   2.0        2.3        2.7        8.8       46.6 
120903  155404  47  21.3980 N  60  52.8067 W   2.0        2.3        2.7        8.8       46.6 
120903  155405  47  21.3985 N  60  52.8072 W   2.0        2.3        2.7        8.8       47.5*
120903  155406  47  21.3990 N  60  52.8076 W   2.0        2.3        2.7        8.8       47.5 
120903  155407  47  21.3994 N  60  52.8081 W   2.0        2.3        2.7        8.8       47.5 
120903  155408  47  21.3999 N  60  52.8086 W   2.0        2.3        2.7        8.8       47.5 
120903  155409  47  21.4004 N  60  52.8091 W   2.1        2.3        2.7        8.8       47.5 
120903  155410  47  21.4009 N  60  52.8096 W   2.1        2.3        2.7        8.8       47.5*
120903  155411  47  21.4014 N  60  52.8101 W   2.1        2.3        2.7        8.8       47.5 
120903  155412  47  21.4018 N  60  52.8106 W   2.0        2.3        2.7        8.8       47.5 
120903  155413  47  21.4022 N  60  52.8112 W   2.0        2.3        2.7        8.8       47.5 
120903  155414  47  21.4028 N  60  52.8117 W   2.1        2.3        2.7        8.8       47.5 
120903  155415  47  21.4032 N  60  52.8121 W   2.1        2.3        2.7        8.8       45.7*
120903  155416  47  21.4036 N  60  52.8125 W   2.0        2.3        4.1*       8.8       45.7 
120903  155417  47  21.4040 N  60  52.8131 W   2.0        2.3        4.1        8.8       45.7 
120903  155418  47  21.4045 N  60  52.8137 W   2.1        2.3        4.1        8.8       45.7 
120903  155419  47  21.4050 N  60  52.8141 W   2.1        2.3        4.1        8.8       45.7 
120903  155420  47  21.4055 N  60  52.8145 W   2.0        2.3        4.1        8.8       45.7 
120903  155421  47  21.4059 N  60  52.8151 W   2.1        2.3        4.1        8.8       48.4*
120903  155422  47  21.4064 N  60  52.8156 W   2.1        2.3        4.1        8.8       48.4 
120903  155423  47  21.4069 N  60  52.8161 W   2.1        2.3       11.4*       8.8       48.4 
120903  155424  47  21.4073 N  60  52.8164 W   2.0        2.3       11.4        8.8       48.4 
120903  155425  47  21.4078 N  60  52.8169 W   2.0        2.3       11.4        8.8       48.4 
120903  155426  47  21.4082 N  60  52.8175 W   2.0        2.3       11.4        8.8       47.9*
120903  155427  47  21.4087 N  60  52.8179 W   2.0        2.3       11.4        8.8       47.9 
120903  155428  47  21.4092 N  60  52.8183 W   2.0        2.3       11.4        8.8       47.9 
120903  155429  47  21.4097 N  60  52.8187 W   2.0        2.3       11.4        8.8       47.9 
120903  155430  47  21.4101 N  60  52.8193 W   2.0        2.2*      11.4        8.8       47.9 
120903  155431  47  21.4105 N  60  52.8199 W   2.0        2.2       11.4        8.8       45.7*
120903  155432  47  21.4109 N  60  52.8205 W   2.0        2.2       11.4        8.8       45.7 
120903  155433  47  21.4114 N  60  52.8209 W   2.1        2.2       11.4        8.8       45.7 
120903  155434  47  21.4119 N  60  52.8214 W   2.0        2.2       11.4        8.8       45.7 
120903  155435  47  21.4123 N  60  52.8219 W   2.0        2.2       11.4        8.8       45.7 
120903  155436  47  21.4127 N  60  52.8224 W   2.1        2.2       11.4        8.8       45.7 
120903  155437  47  21.4132 N  60  52.8229 W   2.0        2.2       11.4        8.8       45.7*
120903  155438  47  21.4137 N  60  52.8234 W   2.1        2.2       11.4        8.8       45.7 
120903  155439  47  21.4142 N  60  52.8240 W   2.1        2.2       11.4        8.8       45.7 
120903  155440  47  21.4146 N  60  52.8245 W   2.1        2.2       11.4        8.8       45.7 
120903  155441  47  21.4151 N  60  52.8250 W   2.1        2.2       11.4        8.8       45.7 
120903  155442  47  21.4156 N  60  52.8255 W   2.1        2.2       11.4        8.8       48.8*
120903  155443  47  21.4161 N  60  52.8260 W   2.1        2.2       11.4        8.8       48.8 
120903  155444  47  21.4166 N  60  52.8265 W   2.1        2.2       11.4        8.8       48.8 
120903  155445  47  21.4170 N  60  52.8270 W   2.1        2.2       11.4        8.8       48.8 
120903  155446  47  21.4174 N  60  52.8276 W   2.1        2.2       11.4        8.8       48.8 
120903  155447  47  21.4179 N  60  52.8281 W   2.1        2.2       11.4        8.8       46.6*
120903  155448  47  21.4184 N  60  52.8286 W   2.1        2.2       11.4        8.8       46.6 
120903  155449  47  21.4189 N  60  52.8291 W   2.1        2.2       11.4        8.8       46.6 
120903  155450  47  21.4194 N  60  52.8296 W   2.1        2.2       11.4        8.8       46.6 
120903  155451  47  21.4198 N  60  52.8300 W   2.1        2.2       11.4        8.8       46.6 
120903  155452  47  21.4203 N  60  52.8305 W   2.1        2.2       11.4        8.8       43.5*
120903  155453  47  21.4208 N  60  52.8311 W   2.1        2.2       11.4        8.8       43.5 
120903  155454  47  21.4213 N  60  52.8314 W   2.1        2.2       11.4        8.8       43.5 
120903  155455  47  21.4217 N  60  52.8319 W   2.1        2.2       11.4        8.8       43.5 
120903  155456  47  21.4221 N  60  52.8324 W   2.1        2.1*      11.4        8.8       43.5 
120903  155457  47  21.4226 N  60  52.8329 W   2.1        2.1       11.4        8.8       43.5 
120903  155458  47  21.4231 N  60  52.8333 W   2.1        2.1       11.4        8.8       51.0*
120903  155459  47  21.4236 N  60  52.8338 W   2.1        2.1       11.4        8.8       51.0 
120903  155500  47  21.4241 N  60  52.8343 W   2.1        2.1       11.4        8.8       51.0 
120903  155501  47  21.4246 N  60  52.8348 W   2.1        2.1       11.4        8.8       51.0 
120903  155502  47  21.4250 N  60  52.8353 W   2.1        2.1        3.8*       8.8       51.0 
120903  155503  47  21.4255 N  60  52.8358 W   2.1        2.1        3.8        8.8       46.2*
120903  155504  47  21.4260 N  60  52.8363 W   2.1        2.1        3.8        8.8       46.2 
120903  155505  47  21.4265 N  60  52.8368 W   2.1        2.1        3.8        8.8       46.2 
120903  155506  47  21.4269 N  60  52.8373 W   2.1        2.1        3.8        8.8       46.2 
120903  155507  47  21.4274 N  60  52.8378 W   2.1        2.1        3.8        8.8       46.2 
120903  155508  47  21.4279 N  60  52.8383 W   2.1        2.1        3.8        8.8       46.6*
120903  155509  47  21.4284 N  60  52.8388 W   2.1        2.1       11.6*       8.8       46.6 
120903  155510  47  21.4288 N  60  52.8394 W   2.1        2.1       11.6        8.8       46.6 
120903  155511  47  21.4293 N  60  52.8399 W   2.1        2.1       11.6        9.4*      46.6 
120903  155512  47  21.4297 N  60  52.8403 W   2.1        2.1       11.6        9.4       46.6 
120903  155513  47  21.4302 N  60  52.8408 W   2.0        2.1       11.6        9.4       46.6 
120903  155514  47  21.4306 N  60  52.8414 W   2.0        2.1       11.6        9.4       48.4*
120903  155515  47  21.4311 N  60  52.8419 W   2.1        2.1       11.6        9.4       48.4 
120903  155516  47  21.4316 N  60  52.8424 W   2.1        2.1       11.6        9.4       48.4 
120903  155517  47  21.4320 N  60  52.8428 W   2.0        2.1       11.6        9.4       48.4 
120903  155518  47  21.4325 N  60  52.8434 W   2.1        2.1       11.6        9.4       48.4 
120903  155519  47  21.4330 N  60  52.8439 W   2.1        2.1       11.6        9.4       47.9*
120903  155520  47  21.4335 N  60  52.8443 W   2.1        2.1       11.6        9.4       47.9 
120903  155521  47  21.4340 N  60  52.8446 W   2.1        2.1       11.6        9.4       47.9 
120903  155522  47  21.4344 N  60  52.8452 W   2.1        2.2*      11.6        9.4       47.9 
120903  155523  47  21.4349 N  60  52.8458 W   2.1        2.2       11.6        9.4       47.9 
120903  155524  47  21.4354 N  60  52.8463 W   2.1        2.2       11.6        9.4       44.9*
120903  155525  47  21.4358 N  60  52.8467 W   2.1        2.2       11.6        9.4       44.9 
120903  155526  47  21.4364 N  60  52.8472 W   2.1        2.2       11.6        9.4       44.9 
120903  155527  47  21.4369 N  60  52.8477 W   2.1        2.2       11.6        9.4       44.9 
120903  155528  47  21.4373 N  60  52.8482 W   2.1        2.2       11.6        9.4       44.9 
120903  155529  47  21.4378 N  60  52.8486 W   2.0        2.2       11.6        9.4       44.9 
120903  155530  47  21.4383 N  60  52.8491 W   2.0        2.2       11.6        9.4       47.9*
120903  155531  47  21.4387 N  60  52.8496 W   2.0        2.2       11.6        9.4       47.9 
120903  155532  47  21.4391 N  60  52.8501 W   2.0        2.2       11.6        9.4       47.9 
120903  155533  47  21.4396 N  60  52.8505 W   2.0        2.2       11.6        9.4       47.9 
120903  155534  47  21.4401 N  60  52.8510 W   2.0        2.2       11.6        9.4       47.9 
120903  155535  47  21.4405 N  60  52.8515 W   2.1        2.2*      11.6        9.4       44.0*
120903  155536  47  21.4410 N  60  52.8520 W   2.1        2.2       11.6        9.4       44.0 
120903  155537  47  21.4416 N  60  52.8525 W   2.1        2.2       11.6        9.4       44.0 
120903  155538  47  21.4421 N  60  52.8530 W   2.1        2.2       11.6        9.4       44.0 
120903  155539  47  21.4425 N  60  52.8534 W   2.1        2.2       11.6        9.4       44.0 
120903  155540  47  21.4430 N  60  52.8539 W   2.1        2.2       11.6        9.4       44.0 
120903  155541  47  21.4434 N  60  52.8543 W   2.0        2.2        3.2*       9.4       44.0 
120903  155542  47  21.4438 N  60  52.8547 W   2.0        2.2        3.2       34.7*      44.0 
120903  155543  47  21.4442 N  60  52.8550 W   1.9        2.2        3.2       34.7       44.0 
120903  155544  47  21.4445 N  60  52.8554 W   1.8        2.2        3.2       34.7       44.0 
120903  155545  47  21.4449 N  60  52.8558 W   1.8        2.2        3.2       34.7       44.0 
120903  155546  47  21.4452 N  60  52.8562 W   1.8        2.2        3.2       34.7       44.0 
120903  155547  47  21.4456 N  60  52.8564 W   1.7        2.2        3.2       34.7       44.0 
120903  155548  47  21.4459 N  60  52.8567 W   1.6        2.2        3.2       34.7       44.0 
120903  155549  47  21.4462 N  60  52.8570 W   1.6        2.2        3.2       34.7       44.0 
120903  155550  47  21.4465 N  60  52.8573 W   1.5        2.2        3.2       34.7       44.0 
120903  155551  47  21.4467 N  60  52.8575 W   1.4        2.2        3.2       34.7       47.9*
120903  155552  47  21.4470 N  60  52.8577 W   1.4        2.2        3.2       34.7       47.9 
120903  155553  47  21.4472 N  60  52.8580 W   1.3        2.2        3.2       34.7       47.9 
120903  155554  47  21.4474 N  60  52.8582 W   1.3        2.2        3.2       34.7       47.9 
120903  155555  47  21.4476 N  60  52.8583 W   1.2        2.2        3.2       34.7       47.9 
120903  155556  47  21.4479 N  60  52.8584 W   1.1        2.2        3.2       34.7       40.0*
120903  155557  47  21.4481 N  60  52.8586 W   1.1        2.2        3.2        7.7*      40.0 
120903  155558  47  21.4482 N  60  52.8587 W   1.0        2.2        3.2        7.7       40.0 
120903  155559  47  21.4484 N  60  52.8589 W   1.0        2.2        3.2        7.7       40.0 
120903  155600  47  21.4486 N  60  52.8589 W   1.0        2.2       13.1*       7.7       40.0 
120903  155601  47  21.4487 N  60  52.8590 W   0.9        2.2       13.1        7.7       40.0 
120903  155602  47  21.4488 N  60  52.8592 W   0.8        2.2       13.1        7.7       48.4*
120903  155603  47  21.4491 N  60  52.8594 W   0.8        2.2       13.1        4.8*      48.4 
120903  155604  47  21.4492 N  60  52.8593 W   0.8        2.2       13.1        4.8       48.4 
120903  155605  47  21.4493 N  60  52.8593 W   0.7        2.2       13.1        4.8       48.4 
120903  155606  47  21.4494 N  60  52.8594 W   0.7        2.2       13.1        4.8       48.4 
120903  155607  47  21.4496 N  60  52.8596 W   0.7        2.2       13.1        4.8       59.8*
120903  155608  47  21.4496 N  60  52.8597 W   0.6        2.2       13.1        6.8*      59.8 
120903  155609  47  21.4498 N  60  52.8598 W   0.6        2.2       13.1        6.8       59.8 
120903  155610  47  21.4499 N  60  52.8598 W   0.6        2.2       13.1        6.8       59.8 
120903  155611  47  21.4500 N  60  52.8599 W   0.6        2.2       13.1        6.8       59.8 
120903  155612  47  21.4500 N  60  52.8600 W   0.5        2.2       13.1        6.8       37.4*
120903  155613  47  21.4502 N  60  52.8600 W   0.5        2.2       13.1        6.8       37.4 
120903  155614  47  21.4503 N  60  52.8600 W   0.5        2.2       13.1        6.8       37.4 
120903  155615  47  21.4504 N  60  52.8599 W   0.5        2.2       13.1        6.8       37.4 
120903  155616  47  21.4504 N  60  52.8600 W   0.4        2.2       13.1        6.8       37.4 
120903  155617  47  21.4505 N  60  52.8601 W   0.4        2.2       13.1        6.8       37.4 
120903  155618  47  21.4507 N  60  52.8601 W   0.4        2.2       13.1        1.6*      85.8*
120903  155619  47  21.4508 N  60  52.8600 W   0.4        2.2       13.1        1.6       85.8 
120903  155620  47  21.4508 N  60  52.8600 W   0.4        2.2       13.1        1.6       85.8 
120903  155621  47  21.4509 N  60  52.8601 W   0.4        2.2       13.1        1.6       85.8 
120903  155622  47  21.4510 N  60  52.8602 W   0.4        2.2       13.1        1.6       85.8 
120903  155623  47  21.4511 N  60  52.8601 W   0.4        2.2       13.1        1.6       26.4*
120903  155624  47  21.4512 N  60  52.8601 W   0.3        2.2       13.1        1.6       26.4 
120903  155625  47  21.4513 N  60  52.8602 W   0.4        2.2       13.1        1.6       26.4 
120903  155626  47  21.4514 N  60  52.8603 W   0.4        3.1*      13.1        1.6       26.4 
120903  155627  47  21.4514 N  60  52.8603 W   0.3        3.1       13.1        1.6       26.4 
120903  155628  47  21.4514 N  60  52.8602 W   0.3        3.1       13.1        1.6       11.0*
120903  155629  47  21.4516 N  60  52.8601 W   0.3        3.1       13.1        1.6       11.0 
120903  155630  47  21.4516 N  60  52.8601 W   0.3        3.1       13.1        1.6       11.0 
120903  155631  47  21.4516 N  60  52.8601 W   0.3        3.1       13.1        1.6       11.0 
120903  155632  47  21.4517 N  60  52.8601 W   0.3        3.1       13.1        1.6       11.0 
120903  155633  47  21.4517 N  60  52.8600 W   0.3        3.1        3.8*       1.6       27.3*
120903  155634  47  21.4518 N  60  52.8601 W   0.3        3.1        3.8        1.6       27.3 
120903  155635  47  21.4518 N  60  52.8601 W   0.3        3.1        3.8        1.6       27.3 
120903  155636  47  21.4519 N  60  52.8600 W   0.3        3.1        3.8        1.6       27.3 
120903  155637  47  21.4520 N  60  52.8600 W   0.3        3.1        3.8        1.6       27.3 
120903  155638  47  21.4521 N  60  52.8601 W   0.3        3.1        3.8        1.6       27.3 
120903  155639  47  21.4521 N  60  52.8601 W   0.3        3.1        3.8        1.6       47.1*
120903  155640  47  21.4522 N  60  52.8602 W   0.3        2.4*       3.8        1.6       47.1 
120903  155641  47  21.4523 N  60  52.8602 W   0.3        2.4        3.8        1.6       47.1 
120903  155642  47  21.4524 N  60  52.8601 W   0.3        2.4        3.8        1.6       47.1 
120903  155643  47  21.4525 N  60  52.8602 W   0.3        2.4        3.8        1.6       47.1 
120903  155644  47  21.4526 N  60  52.8603 W   0.3        2.4        3.8        1.6       28.2*
120903  155645  47  21.4527 N  60  52.8603 W   0.3        2.4        3.8        1.6       28.2 
120903  155646  47  21.4528 N  60  52.8602 W   0.3        2.4        3.8        1.6       28.2 
120903  155647  47  21.4528 N  60  52.8602 W   0.3        2.4        3.8        1.6       28.2 
120903  155648  47  21.4530 N  60  52.8604 W   0.3        2.4        3.8        1.6       28.2 
120903  155649  47  21.4531 N  60  52.8604 W   0.4        2.4        3.8        1.6       50.1*
120903  155650  47  21.4532 N  60  52.8604 W   0.4        2.4        3.8        1.6       50.1 
120903  155651  47  21.4533 N  60  52.8605 W   0.4        2.4        3.8        1.6       50.1 
120903  155652  47  21.4534 N  60  52.8606 W   0.4        2.4        3.8        1.6       50.1 
120903  155653  47  21.4536 N  60  52.8606 W   0.4        2.4        3.8        1.6       50.1 
120903  155654  47  21.4537 N  60  52.8607 W   0.4        2.4        3.8        1.6       20.7*
120903  155655  47  21.4538 N  60  52.8607 W   0.4        2.4        3.8        1.6       20.7 
120903  155656  47  21.4539 N  60  52.8608 W   0.4        2.4        3.8        1.6       20.7 
120903  155657  47  21.4540 N  60  52.8609 W   0.4        2.4        3.8        1.6       20.7 
120903  155658  47  21.4541 N  60  52.8609 W   0.4        2.4        3.8        1.6       20.7 
120903  155659  47  21.4541 N  60  52.8609 W   0.4        8.6*       3.8        1.6       20.7 
120903  155700  47  21.4543 N  60  52.8610 W   0.4        8.6        3.8        1.6       58.9*
120903  155701  47  21.4544 N  60  52.8610 W   0.4        8.6        3.8        1.6       58.9 
120903  155702  47  21.4545 N  60  52.8610 W   0.4        8.6        3.8        1.6       58.9 
120903  155703  47  21.4546 N  60  52.8610 W   0.4        8.6        3.8        1.6       58.9 
120903  155704  47  21.4548 N  60  52.8611 W   0.4        8.6        3.8        1.6       58.9 
120903  155705  47  21.4549 N  60  52.8612 W   0.4        8.6        3.8        1.6       58.9 
120903  155706  47  21.4550 N  60  52.8613 W   0.4        3.4*       3.8        1.6       58.9 
120903  155707  47  21.4552 N  60  52.8613 W   0.5        3.4        3.8        1.6       58.9 
120903  155708  47  21.4553 N  60  52.8613 W   0.5        3.4        3.8        1.6       58.9 
120903  155709  47  21.4555 N  60  52.8613 W   0.5        3.4        3.8        1.6       58.9 
120903  155710  47  21.4557 N  60  52.8614 W   0.5        3.4        3.8        1.6       58.9 
120903  155711  47  21.4559 N  60  52.8614 W   0.5        3.4        3.8        1.6       58.9 
120903  155712  47  21.4560 N  60  52.8613 W   0.5        3.4        3.8        1.6       58.9 
120903  155713  47  21.4562 N  60  52.8614 W   0.5        3.4        3.8        1.6       58.9 
120903  155714  47  21.4564 N  60  52.8614 W   0.5        3.4        3.8        1.6       58.9 
120903  155715  47  21.4565 N  60  52.8615 W   0.5        3.4        3.8        1.6       58.9 
120903  155716  47  21.4567 N  60  52.8615 W   0.5        3.4        3.8        1.6       58.9 
120903  155717  47  21.4569 N  60  52.8616 W   0.5        3.4        3.8        1.6       58.9 
120903  155718  47  21.4571 N  60  52.8616 W   0.6        3.4       11.8*       1.6       58.9 
120903  155719  47  21.4573 N  60  52.8617 W   0.6        3.4       11.8        1.6       58.9 
120903  155720  47  21.4576 N  60  52.8617 W   0.6        3.4       11.8        1.6       58.9 
120903  155721  47  21.4578 N  60  52.8617 W   0.6        3.4       11.8        1.6       19.8*
120903  155722  47  21.4579 N  60  52.8618 W   0.6        3.4       11.8        1.6       19.8 
120903  155723  47  21.4582 N  60  52.8619 W   0.6        3.4       11.8        1.6       19.8 
120903  155724  47  21.4584 N  60  52.8620 W   0.6        3.4       11.8        4.4*      19.8 
120903  155725  47  21.4586 N  60  52.8621 W   0.6        3.4       11.8        4.4       19.8 
120903  155726  47  21.4588 N  60  52.8622 W   0.6        3.4       11.8        4.4       22.9*
120903  155727  47  21.4590 N  60  52.8622 W   0.7        3.4       11.8        4.4       22.9 
120903  155728  47  21.4593 N  60  52.8623 W   0.7        3.4       11.8        4.4       22.9 
120903  155729  47  21.4595 N  60  52.8624 W   0.7        3.4       11.8        4.4       22.9 
120903  155730  47  21.4598 N  60  52.8625 W   0.7        3.4       11.8        4.4       22.9 
120903  155731  47  21.4601 N  60  52.8626 W   0.8        3.4       11.8        4.4       22.9 
120903  155732  47  21.4605 N  60  52.8628 W   0.9        3.4       11.8        4.4       22.9 
