#0	Date-time:	10/08/2016 6:32:17 AM
#1	Recorder:	20H0717
#2	File type:	1
#3	Columns:	7
#4	Channels:	5
#5	Field separation:	0
#6	Decimal point:	0
#7	Date def.:	0	0
#8	Time def.:	0
#9	Channel 1:	Temperature(°C)	Temp(°C)	2	1
#10	Channel 2:	Pressure(Bar)	Press(Bar)	2	1
#11	Reconvertion:	0
#14	Channel 3:	Tilt-X(°)	Tilt-X(°)	1	1
#18	Channel 4:	Tilt-Y(°)	Tilt-Y(°)	1	1
#19	Line color:	1	2	3	4
#22	Channel 5:	Tilt-Z(°)	Tilt-Z(°)	1	1
#30	Trend Type Number:	3
#33	Limit Temp. Corr. OTCR:	1
1	10.08.16 05:51:00	22,15	0,00	16,2	-3,4	70,4
2	10.08.16 05:51:01	22,09	0,00	18,9	-2,1	69,0
3	10.08.16 05:51:02	22,00	0,00	18,1	3,6	68,3
4	10.08.16 05:51:03	21,92	0,02	19,8	-1,6	68,5
5	10.08.16 05:51:04	21,86	0,00	16,2	2,0	71,8
6	10.08.16 05:51:05	21,80	0,00	15,6	1,8	72,6
7	10.08.16 05:51:06	21,74	0,00	15,6	10,1	64,3
8	10.08.16 05:51:07	21,68	0,00	21,6	1,3	67,1
9	10.08.16 05:51:08	21,62	0,00	11,3	8,9	69,7
10	10.08.16 05:51:09	21,57	0,00	20,6	-20,5	48,9
11	10.08.16 05:51:10	21,51	0,00	16,6	-4,7	68,7
12	10.08.16 05:51:11	21,42	0,00	13,6	-7,5	68,9
13	10.08.16 05:51:12	21,36	0,00	22,7	-5,7	61,6
14	10.08.16 05:51:13	21,30	0,00	18,8	6,1	65,0
15	10.08.16 05:51:14	21,27	0,00	19,8	10,2	59,9
16	10.08.16 05:51:15	21,24	0,00	21,8	6,1	62,1
17	10.08.16 05:51:16	21,22	0,00	16,1	-3,5	70,4
18	10.08.16 05:51:17	21,16	0,00	16,2	3,4	70,4
19	10.08.16 05:51:18	21,13	0,00	14,7	8,4	66,9
20	10.08.16 05:51:19	21,07	0,00	18,7	8,6	62,6
21	10.08.16 05:51:20	21,01	0,00	16,1	12,8	61,1
22	10.08.16 05:51:21	20,95	0,00	22,0	6,6	61,4
23	10.08.16 05:51:22	20,92	0,00	18,5	10,0	61,5
24	10.08.16 05:51:23	20,89	0,00	14,7	15,5	59,7
25	10.08.16 05:51:24	20,86	0,00	30,6	5,4	54,0
26	10.08.16 05:51:25	20,78	0,00	20,5	-8,8	60,7
27	10.08.16 05:51:26	20,75	0,00	18,8	2,1	69,1
28	10.08.16 05:51:27	20,69	0,00	29,9	5,7	54,4
29	10.08.16 05:51:28	20,66	0,00	19,4	13,2	57,4
30	10.08.16 05:51:29	20,63	0,00	19,3	6,5	64,2
31	10.08.16 05:51:30	20,60	0,00	26,2	5,2	58,5
32	10.08.16 05:51:31	20,57	0,00	13,2	7,4	69,4
33	10.08.16 05:51:32	20,54	0,00	10,9	4,6	74,5
34	10.08.16 05:51:33	20,51	0,00	19,5	-8,0	62,5
35	10.08.16 05:51:34	20,45	0,00	27,7	4,9	57,4
36	10.08.16 05:51:35	20,43	0,00	19,8	15,7	54,6
37	10.08.16 05:51:36	20,40	0,00	28,7	5,2	56,1
38	10.08.16 05:51:37	20,40	0,00	15,0	41,3	33,7
39	10.08.16 05:51:38	20,37	0,00	23,6	32,0	34,5
40	10.08.16 05:51:39	20,31	0,00	35,9	12,2	41,9
41	10.08.16 05:51:40	20,28	0,00	17,4	31,0	41,6
42	10.08.16 05:51:41	20,25	0,00	14,5	12,2	63,4
43	10.08.16 05:51:42	20,22	0,00	30,8	12,1	47,1
44	10.08.16 05:51:43	20,16	0,00	21,9	3,4	64,7
45	10.08.16 05:51:44	20,13	0,00	22,2	20,4	47,4
46	10.08.16 05:51:45	20,10	0,00	30,1	13,2	46,7
47	10.08.16 05:51:46	20,07	0,00	34,6	-3,1	52,2
48	10.08.16 05:51:47	20,04	0,00	28,3	11,4	50,3
49	10.08.16 05:51:48	20,01	0,00	19,7	19,6	50,6
50	10.08.16 05:51:49	20,01	0,00	14,4	55,2	20,3
51	10.08.16 05:51:50	19,99	0,00	19,0	16,5	54,5
52	10.08.16 05:51:51	19,96	0,00	18,7	34,0	37,2
53	10.08.16 05:51:52	19,93	0,00	17,9	36,3	35,7
54	10.08.16 05:51:53	19,90	0,00	27,1	14,1	48,9
55	10.08.16 05:51:54	19,87	0,00	17,2	26,1	46,7
56	10.08.16 05:51:55	19,87	0,00	16,1	31,1	42,8
57	10.08.16 05:51:56	19,84	0,00	11,0	27,6	51,4
58	10.08.16 05:51:57	19,81	0,00	13,4	17,9	58,7
59	10.08.16 05:51:58	19,78	0,00	14,4	24,0	51,6
60	10.08.16 05:51:59	19,75	0,00	10,3	20,5	59,2
61	10.08.16 05:52:00	19,75	0,00	14,0	7,0	68,9
62	10.08.16 05:52:01	19,72	0,00	15,5	11,1	63,4
63	10.08.16 05:52:02	19,72	0,00	21,1	15,5	53,4
64	10.08.16 05:52:03	19,72	0,00	18,1	20,7	51,1
65	10.08.16 05:52:04	19,69	0,00	20,2	18,9	50,9
66	10.08.16 05:52:05	19,69	0,00	24,1	17,5	48,5
67	10.08.16 05:52:06	19,63	0,00	15,8	4,0	70,2
68	10.08.16 05:52:07	19,60	0,00	12,2	-7,5	70,2
69	10.08.16 05:52:08	19,54	0,00	15,9	0,8	73,2
70	10.08.16 05:52:09	19,54	0,00	15,7	0,3	74,0
71	10.08.16 05:52:10	19,54	0,00	17,9	1,1	71,0
72	10.08.16 05:52:11	19,51	0,00	21,2	3,3	65,5
73	10.08.16 05:52:12	19,51	0,00	17,8	0,8	71,4
74	10.08.16 05:52:13	19,48	0,00	18,1	-1,9	69,9
75	10.08.16 05:52:14	19,46	0,00	25,6	5,3	59,1
76	10.08.16 05:52:15	19,46	0,00	19,3	1,9	68,8
77	10.08.16 05:52:16	19,46	0,00	20,0	2,8	67,2
78	10.08.16 05:52:17	19,46	0,00	19,0	-2,3	68,8
79	10.08.16 05:52:18	19,43	0,00	23,7	1,5	64,9
80	10.08.16 05:52:19	19,43	0,00	19,1	-3,5	67,3
81	10.08.16 05:52:20	19,40	0,00	18,8	-5,9	65,2
82	10.08.16 05:52:21	19,40	0,02	26,0	-0,6	63,5
83	10.08.16 05:52:22	19,37	0,05	27,8	-5,0	57,1
84	10.08.16 05:52:23	19,34	0,02	21,5	-8,5	60,0
85	10.08.16 05:52:24	19,31	0,02	15,6	-17,7	56,6
86	10.08.16 05:52:25	19,31	0,02	17,9	-12,6	59,5
87	10.08.16 05:52:26	19,31	0,05	20,7	-12,8	56,5
88	10.08.16 05:52:27	19,31	0,05	18,0	-14,2	57,8
89	10.08.16 05:52:28	19,31	0,05	16,9	-16,3	56,8
90	10.08.16 05:52:29	19,28	0,07	18,7	-15,4	55,9
91	10.08.16 05:52:30	19,28	0,10	19,9	-9,7	60,3
92	10.08.16 05:52:31	19,28	0,07	19,6	-5,0	65,4
93	10.08.16 05:52:32	19,25	0,10	20,6	-7,1	62,3
94	10.08.16 05:52:33	19,22	0,07	19,1	-3,5	67,4
95	10.08.16 05:52:34	19,19	0,12	19,5	-4,1	66,4
96	10.08.16 05:52:35	19,19	0,12	18,9	-7,5	63,5
97	10.08.16 05:52:36	19,19	0,12	18,6	-6,9	64,5
98	10.08.16 05:52:37	19,16	0,12	15,1	-9,1	65,8
99	10.08.16 05:52:38	19,16	0,12	7,1	-3,8	79,2
100	10.08.16 05:52:39	19,13	0,12	13,9	-8,5	67,6
101	10.08.16 05:52:40	19,10	0,12	19,0	-5,3	65,7
102	10.08.16 05:52:41	19,10	0,12	21,9	-2,6	65,5
103	10.08.16 05:52:42	19,10	0,10	13,5	-5,2	71,3
104	10.08.16 05:52:43	19,07	0,07	16,5	0,9	72,6
105	10.08.16 05:52:44	19,07	0,05	22,5	-1,5	65,9
106	10.08.16 05:52:45	19,07	0,05	26,4	0,2	63,4
107	10.08.16 05:52:46	19,07	0,02	20,2	-3,0	66,8
108	10.08.16 05:52:47	19,07	0,00	21,0	-2,1	66,9
109	10.08.16 05:52:48	19,07	0,00	17,5	0,2	72,2
110	10.08.16 05:52:49	19,07	0,00	18,5	-3,2	68,2
111	10.08.16 05:52:50	19,04	0,00	21,1	-5,4	63,5
112	10.08.16 05:52:51	19,04	0,00	12,7	-7,8	69,5
113	10.08.16 05:52:52	19,04	0,00	15,1	-2,0	73,0
114	10.08.16 05:52:53	19,04	0,00	9,5	-4,1	76,4
115	10.08.16 05:52:54	19,04	0,00	16,4	-2,4	71,1
116	10.08.16 05:52:55	19,01	0,00	14,7	0,7	74,7
117	10.08.16 05:52:56	19,01	0,00	10,3	0,8	78,9
118	10.08.16 05:52:57	19,01	0,00	13,4	1,6	75,1
119	10.08.16 05:52:58	18,98	0,00	10,5	3,9	75,6
120	10.08.16 05:52:59	18,98	0,00	12,9	4,9	72,2
121	10.08.16 05:53:00	18,98	0,00	16,7	1,4	71,9
122	10.08.16 05:53:01	18,98	0,00	8,3	4,6	77,1
123	10.08.16 05:53:02	18,95	0,00	11,5	8,8	69,8
124	10.08.16 05:53:03	18,95	0,00	11,5	11,7	66,8
125	10.08.16 05:53:04	18,95	0,00	11,7	10,7	67,6
126	10.08.16 05:53:05	18,92	0,00	5,9	3,9	80,3
127	10.08.16 05:53:06	18,92	0,00	11,8	5,8	72,3
128	10.08.16 05:53:07	18,92	0,00	12,1	6,1	71,8
129	10.08.16 05:53:08	18,89	0,00	9,1	-1,4	79,5
130	10.08.16 05:53:09	18,89	0,00	13,7	2,4	74,0
131	10.08.16 05:53:10	18,89	0,00	7,3	-0,6	82,1
132	10.08.16 05:53:11	18,89	0,00	12,3	-1,7	76,0
133	10.08.16 05:53:12	18,86	0,00	14,3	-6,4	69,3
134	10.08.16 05:53:13	18,86	0,00	16,3	-6,9	66,8
135	10.08.16 05:53:14	18,86	0,00	15,8	-14,1	60,1
136	10.08.16 05:53:15	18,86	0,05	18,3	-13,6	58,1
137	10.08.16 05:53:16	18,86	0,02	24,6	-0,4	65,0
138	10.08.16 05:53:17	18,84	0,07	22,8	-10,6	56,6
139	10.08.16 05:53:18	18,84	0,07	15,5	-12,3	62,2
140	10.08.16 05:53:19	18,84	0,07	16,7	-12,2	61,1
141	10.08.16 05:53:20	18,84	0,10	10,2	-6,3	73,5
142	10.08.16 05:53:21	18,84	0,12	29,4	0,5	60,1
143	10.08.16 05:53:22	18,81	0,12	31,0	5,5	53,5
144	10.08.16 05:53:23	18,81	0,14	15,5	-8,7	65,8
145	10.08.16 05:53:24	18,81	0,17	16,9	-3,1	70,0
146	10.08.16 05:53:25	18,81	0,19	17,8	-7,1	65,1
147	10.08.16 05:53:26	18,81	0,19	21,3	-5,8	63,0
148	10.08.16 05:53:27	18,78	0,21	26,3	-6,2	57,5
149	10.08.16 05:53:28	18,78	0,24	32,4	1,8	55,8
150	10.08.16 05:53:29	18,78	0,26	33,3	-0,8	55,8
151	10.08.16 05:53:30	18,78	0,26	28,3	-6,0	55,7
152	10.08.16 05:53:31	18,78	0,31	32,1	-2,7	55,2
153	10.08.16 05:53:32	18,78	0,31	35,4	1,3	53,4
154	10.08.16 05:53:33	18,78	0,33	36,9	0,8	52,4
155	10.08.16 05:53:34	18,78	0,33	33,1	-1,9	55,0
156	10.08.16 05:53:35	18,75	0,38	36,6	-0,8	52,6
157	10.08.16 05:53:36	18,75	0,42	40,9	-0,2	48,9
158	10.08.16 05:53:37	18,75	0,42	39,3	-1,1	49,6
159	10.08.16 05:53:38	18,75	0,45	41,3	-1,2	47,5
160	10.08.16 05:53:39	18,75	0,42	41,5	-0,8	47,7
161	10.08.16 05:53:40	18,75	0,48	42,9	-0,3	46,9
162	10.08.16 05:53:41	18,72	0,50	43,5	-1,9	44,6
163	10.08.16 05:53:42	18,72	0,52	47,0	-0,1	42,9
164	10.08.16 05:53:43	18,72	0,52	46,3	1,3	42,4
165	10.08.16 05:53:44	18,72	0,52	45,0	0,7	44,3
166	10.08.16 05:53:45	18,69	0,54	47,1	-1,2	41,6
167	10.08.16 05:53:46	18,69	0,52	46,6	-0,6	42,8
168	10.08.16 05:53:47	18,69	0,54	46,2	-0,6	43,2
169	10.08.16 05:53:48	18,69	0,54	41,9	2,4	45,6
170	10.08.16 05:53:49	18,72	0,55	37,9	5,7	46,4
171	10.08.16 05:53:50	18,69	0,54	39,8	5,9	44,3
172	10.08.16 05:53:51	18,69	0,57	37,8	4,5	47,7
173	10.08.16 05:53:52	18,69	0,57	36,7	5,0	48,3
174	10.08.16 05:53:53	18,69	0,59	44,9	2,4	42,7
175	10.08.16 05:53:54	18,69	0,64	53,6	-0,6	35,9
176	10.08.16 05:53:55	18,72	0,66	55,4	-2,0	32,6
177	10.08.16 05:53:56	18,72	0,69	51,3	-4,5	34,3
178	10.08.16 05:53:57	18,72	0,69	54,0	-3,5	32,5
179	10.08.16 05:53:58	18,72	0,73	55,4	-3,1	31,5
180	10.08.16 05:53:59	18,72	0,78	56,2	-2,4	31,4
181	10.08.16 05:54:00	18,72	0,80	55,8	-1,7	32,5
182	10.08.16 05:54:01	18,69	0,80	56,6	2,0	31,4
183	10.08.16 05:54:02	18,69	0,83	57,4	2,9	29,7
184	10.08.16 05:54:03	18,69	0,87	56,2	3,9	29,9
185	10.08.16 05:54:04	18,69	0,87	51,9	5,1	33,0
186	10.08.16 05:54:05	18,69	0,92	47,4	6,9	35,8
187	10.08.16 05:54:06	18,66	0,92	47,4	5,5	37,0
188	10.08.16 05:54:07	18,63	0,94	47,4	5,0	37,6
189	10.08.16 05:54:08	18,57	0,93	48,3	3,6	38,1
190	10.08.16 05:54:09	18,57	0,98	51,4	2,6	36,0
191	10.08.16 05:54:10	18,51	1,00	52,0	2,6	35,4
192	10.08.16 05:54:11	18,48	1,04	52,1	2,9	35,0
193	10.08.16 05:54:12	18,48	1,04	54,0	2,4	33,7
194	10.08.16 05:54:13	18,45	1,06	52,3	2,9	34,7
195	10.08.16 05:54:14	18,45	1,09	51,5	3,4	35,0
196	10.08.16 05:54:15	18,36	1,15	51,7	3,6	34,8
197	10.08.16 05:54:16	18,27	1,14	50,1	4,0	35,9
198	10.08.16 05:54:17	18,24	1,19	48,7	4,0	37,3
199	10.08.16 05:54:18	18,21	1,21	48,0	5,2	36,8
200	10.08.16 05:54:19	18,09	1,27	44,0	7,6	38,4
201	10.08.16 05:54:20	17,94	1,26	40,8	9,3	39,9
202	10.08.16 05:54:21	17,88	1,35	38,2	11,5	40,2
203	10.08.16 05:54:22	17,65	1,28	35,3	9,8	44,8
204	10.08.16 05:54:23	17,44	1,29	34,5	10,2	45,2
205	10.08.16 05:54:24	17,29	1,28	33,5	2,8	53,7
206	10.08.16 05:54:25	17,14	1,24	25,5	8,1	56,5
207	10.08.16 05:54:26	17,08	1,19	23,4	10,4	56,1
208	10.08.16 05:54:27	17,02	1,14	25,1	10,3	54,6
209	10.08.16 05:54:28	17,02	1,09	25,8	16,8	47,3
210	10.08.16 05:54:29	17,05	1,12	35,8	17,6	36,6
211	10.08.16 05:54:30	17,08	1,05	32,5	19,5	38,0
212	10.08.16 05:54:31	17,11	1,03	26,1	12,8	51,1
213	10.08.16 05:54:32	17,14	0,98	23,4	14,3	52,3
214	10.08.16 05:54:33	17,17	0,91	23,1	11,8	55,1
215	10.08.16 05:54:34	17,20	0,87	21,4	8,7	59,9
216	10.08.16 05:54:35	17,32	0,79	19,7	9,5	60,8
217	10.08.16 05:54:36	17,44	0,77	19,8	8,3	61,9
218	10.08.16 05:54:37	17,56	0,71	20,7	8,9	60,4
219	10.08.16 05:54:38	17,62	0,69	19,6	7,3	63,1
220	10.08.16 05:54:39	17,65	0,65	19,4	9,2	61,4
221	10.08.16 05:54:40	17,71	0,61	18,1	9,3	62,6
222	10.08.16 05:54:41	17,77	0,59	18,3	9,1	62,6
223	10.08.16 05:54:42	17,82	0,55	17,4	9,0	63,6
224	10.08.16 05:54:43	17,88	0,53	15,9	7,1	67,0
225	10.08.16 05:54:44	17,91	0,51	14,4	8,0	67,6
226	10.08.16 05:54:45	17,97	0,49	16,7	8,8	64,5
227	10.08.16 05:54:46	18,00	0,47	17,6	10,6	61,9
228	10.08.16 05:54:47	18,03	0,42	18,8	8,5	62,7
229	10.08.16 05:54:48	18,06	0,42	11,5	5,0	73,4
230	10.08.16 05:54:49	18,09	0,40	13,5	6,6	69,9
231	10.08.16 05:54:50	18,12	0,40	12,4	4,9	72,7
232	10.08.16 05:54:51	18,12	0,40	11,4	4,7	74,0
233	10.08.16 05:54:52	18,15	0,35	8,5	0,7	80,9
234	10.08.16 05:54:53	18,15	0,38	8,7	2,8	78,5
235	10.08.16 05:54:54	18,18	0,35	7,9	1,6	80,5
236	10.08.16 05:54:55	18,18	0,33	9,1	4,5	76,4
237	10.08.16 05:54:56	18,21	0,33	10,0	3,9	76,2
238	10.08.16 05:54:57	18,21	0,31	3,5	-0,1	86,3
239	10.08.16 05:54:58	18,21	0,31	3,2	-1,4	85,4
240	10.08.16 05:54:59	18,24	0,31	4,8	-2,4	82,8
241	10.08.16 05:55:00	18,24	0,31	3,2	-3,3	83,5
242	10.08.16 05:55:01	18,27	0,31	5,1	-6,6	78,4
243	10.08.16 05:55:02	18,27	0,28	5,4	-12,4	72,2
244	10.08.16 05:55:03	18,27	0,31	7,1	-15,3	67,5
245	10.08.16 05:55:04	18,27	0,31	10,7	-13,6	65,7
246	10.08.16 05:55:05	18,27	0,28	11,8	-15,0	63,2
247	10.08.16 05:55:06	18,30	0,28	12,4	-13,6	64,0
248	10.08.16 05:55:07	18,30	0,28	15,9	-10,8	63,3
249	10.08.16 05:55:08	18,30	0,31	13,5	-9,8	66,6
250	10.08.16 05:55:09	18,30	0,28	15,6	-7,8	66,5
251	10.08.16 05:55:10	18,30	0,26	16,7	-4,8	68,5
252	10.08.16 05:55:11	18,30	0,26	20,0	-5,2	64,8
253	10.08.16 05:55:12	18,30	0,24	12,1	-5,7	72,2
254	10.08.16 05:55:13	18,30	0,26	16,8	3,7	69,5
255	10.08.16 05:55:14	18,30	0,24	22,1	3,5	64,4
256	10.08.16 05:55:15	18,30	0,28	21,0	5,1	63,8
257	10.08.16 05:55:16	18,30	0,28	19,8	6,2	64,0
258	10.08.16 05:55:17	18,33	0,31	18,5	8,6	62,9
259	10.08.16 05:55:18	18,33	0,31	18,1	10,6	61,3
260	10.08.16 05:55:19	18,33	0,31	18,5	11,6	59,9
261	10.08.16 05:55:20	18,33	0,33	21,5	9,8	58,7
262	10.08.16 05:55:21	18,33	0,33	22,1	11,7	56,2
263	10.08.16 05:55:22	18,33	0,35	21,7	12,1	56,2
264	10.08.16 05:55:23	18,33	0,35	20,8	13,6	55,6
265	10.08.16 05:55:24	18,33	0,35	20,5	12,7	56,8
266	10.08.16 05:55:25	18,33	0,35	18,9	12,5	58,6
267	10.08.16 05:55:26	18,33	0,38	18,1	12,0	59,9
268	10.08.16 05:55:27	18,33	0,38	17,7	13,4	59,0
269	10.08.16 05:55:28	18,33	0,38	18,1	10,8	61,1
270	10.08.16 05:55:29	18,33	0,38	17,8	12,1	60,0
271	10.08.16 05:55:30	18,33	0,40	18,1	13,8	58,1
272	10.08.16 05:55:31	18,33	0,40	18,2	12,3	59,4
273	10.08.16 05:55:32	18,33	0,47	17,6	11,6	60,7
274	10.08.16 05:55:33	18,33	0,47	18,0	11,2	60,8
275	10.08.16 05:55:34	18,33	0,47	19,0	10,6	60,4
276	10.08.16 05:55:35	18,33	0,52	17,6	12,2	60,2
277	10.08.16 05:55:36	18,33	0,52	19,7	13,8	56,5
278	10.08.16 05:55:37	18,33	0,52	20,9	11,7	57,4
279	10.08.16 05:55:38	18,33	0,52	20,6	15,1	54,3
280	10.08.16 05:55:39	18,33	0,56	20,5	16,1	53,5
281	10.08.16 05:55:40	18,33	0,56	18,6	18,8	52,6
282	10.08.16 05:55:41	18,33	0,59	20,4	14,7	54,9
283	10.08.16 05:55:42	18,33	0,59	23,0	12,9	54,1
284	10.08.16 05:55:43	18,33	0,61	19,6	18,0	52,5
285	10.08.16 05:55:44	18,33	0,63	23,7	17,0	49,2
286	10.08.16 05:55:45	18,33	0,63	26,2	15,4	48,4
287	10.08.16 05:55:46	18,33	0,66	25,0	14,7	50,3
288	10.08.16 05:55:47	18,33	0,68	24,4	15,4	50,2
289	10.08.16 05:55:48	18,30	0,70	25,8	14,1	50,1
290	10.08.16 05:55:49	18,30	0,75	23,4	16,3	50,2
291	10.08.16 05:55:50	18,30	0,77	28,2	12,4	49,4
292	10.08.16 05:55:51	18,30	0,79	24,9	14,4	50,7
293	10.08.16 05:55:52	18,27	0,82	24,0	15,0	51,0
294	10.08.16 05:55:53	18,27	0,86	26,4	13,5	50,1
295	10.08.16 05:55:54	18,27	0,89	27,3	13,5	49,1
296	10.08.16 05:55:55	18,27	0,91	27,0	13,2	49,8
297	10.08.16 05:55:56	18,27	0,96	31,7	10,7	47,6
298	10.08.16 05:55:57	18,24	0,98	31,5	10,0	48,5
299	10.08.16 05:55:58	18,21	1,02	32,7	8,7	48,6
300	10.08.16 05:55:59	18,15	1,04	33,4	8,5	48,1
301	10.08.16 05:56:00	18,12	1,08	31,9	8,5	49,6
302	10.08.16 05:56:01	18,09	1,11	29,7	9,8	50,6
303	10.08.16 05:56:02	18,03	1,12	27,5	11,0	51,4
304	10.08.16 05:56:03	18,00	1,12	21,8	15,9	52,2
305	10.08.16 05:56:04	17,97	1,19	24,3	13,9	51,8
306	10.08.16 05:56:05	17,91	1,23	23,2	14,5	52,3
307	10.08.16 05:56:06	17,85	1,27	19,3	15,9	54,8
308	10.08.16 05:56:07	17,82	1,32	17,7	16,1	56,1
309	10.08.16 05:56:08	17,79	1,34	17,9	15,8	56,4
310	10.08.16 05:56:09	17,68	1,38	15,4	17,0	57,6
311	10.08.16 05:56:10	17,59	1,42	12,4	18,4	59,2
312	10.08.16 05:56:11	17,47	1,45	11,0	19,2	59,8
313	10.08.16 05:56:12	17,26	1,51	10,3	20,4	59,4
314	10.08.16 05:56:13	17,05	1,56	7,6	20,6	61,9
315	10.08.16 05:56:14	16,84	1,68	8,0	19,5	62,5
316	10.08.16 05:56:15	16,41	1,70	7,1	19,0	64,0
317	10.08.16 05:56:16	16,14	1,74	6,2	18,6	65,2
318	10.08.16 05:56:17	15,90	1,75	5,0	17,5	67,5
319	10.08.16 05:56:18	15,72	1,73	5,1	15,4	69,5
320	10.08.16 05:56:19	15,56	1,82	4,6	15,0	70,4
321	10.08.16 05:56:20	15,44	1,83	6,4	10,5	73,1
322	10.08.16 05:56:21	15,35	1,84	8,4	7,4	74,2
323	10.08.16 05:56:22	15,23	1,86	9,6	5,3	75,1
324	10.08.16 05:56:23	15,14	1,90	11,8	2,1	76,0
325	10.08.16 05:56:24	15,01	1,93	11,6	2,3	76,1
326	10.08.16 05:56:25	14,95	1,95	12,0	-0,4	77,6
327	10.08.16 05:56:26	14,86	1,97	14,8	-2,5	72,7
328	10.08.16 05:56:27	14,71	2,03	17,2	-5,0	67,9
329	10.08.16 05:56:28	14,62	2,07	15,1	-5,1	69,8
330	10.08.16 05:56:29	14,55	2,06	17,1	-6,8	66,1
331	10.08.16 05:56:30	14,49	2,10	17,5	-7,7	64,9
332	10.08.16 05:56:31	14,43	2,14	17,7	-8,4	63,9
333	10.08.16 05:56:32	14,34	2,14	18,6	-9,1	62,3
334	10.08.16 05:56:33	14,28	2,18	22,0	-12,7	55,3
335	10.08.16 05:56:34	14,21	2,20	24,4	-12,7	53,0
336	10.08.16 05:56:35	14,12	2,21	21,5	-12,8	55,7
337	10.08.16 05:56:36	14,06	2,23	23,2	-15,0	51,8
338	10.08.16 05:56:37	14,00	2,27	24,4	-16,0	49,6
339	10.08.16 05:56:38	13,97	2,29	23,2	-15,5	51,4
340	10.08.16 05:56:39	13,90	2,31	22,8	-15,6	51,6
341	10.08.16 05:56:40	13,84	2,33	24,1	-16,4	49,5
342	10.08.16 05:56:41	13,81	2,35	24,2	-17,5	48,2
343	10.08.16 05:56:42	13,78	2,35	25,1	-17,7	47,1
344	10.08.16 05:56:43	13,75	2,39	25,8	-18,2	45,9
345	10.08.16 05:56:44	13,69	2,41	24,8	-18,7	46,6
346	10.08.16 05:56:45	13,62	2,48	26,9	-19,5	43,6
347	10.08.16 05:56:46	13,59	2,50	26,4	-20,3	43,3
348	10.08.16 05:56:47	13,53	2,52	26,7	-21,0	42,3
349	10.08.16 05:56:48	13,47	2,49	26,4	-20,7	42,9
350	10.08.16 05:56:49	13,47	2,51	26,5	-20,9	42,6
351	10.08.16 05:56:50	13,47	2,56	26,8	-20,6	42,6
352	10.08.16 05:56:51	13,44	2,55	27,7	-22,5	39,8
353	10.08.16 05:56:52	13,41	2,58	27,2	-22,9	39,9
354	10.08.16 05:56:53	13,37	2,60	28,5	-22,8	38,7
355	10.08.16 05:56:54	13,34	2,64	28,7	-22,4	38,8
356	10.08.16 05:56:55	13,28	2,68	29,1	-24,2	36,7
357	10.08.16 05:56:56	13,19	2,70	30,0	-24,5	35,5
358	10.08.16 05:56:57	13,09	2,71	30,5	-24,8	34,7
359	10.08.16 05:56:58	13,03	2,73	31,4	-26,4	32,2
360	10.08.16 05:56:59	13,00	2,75	32,8	-26,9	30,2
361	10.08.16 05:57:00	12,97	2,77	33,3	-27,4	29,4
362	10.08.16 05:57:01	12,87	2,84	34,4	-28,2	27,4
363	10.08.16 05:57:02	12,78	2,85	34,7	-28,9	26,4
364	10.08.16 05:57:03	12,72	2,87	35,9	-28,2	25,9
365	10.08.16 05:57:04	12,65	2,87	34,4	-26,1	29,5
366	10.08.16 05:57:05	12,56	2,86	18,8	-16,4	54,8
367	10.08.16 05:57:06	12,46	2,90	12,3	-15,9	61,8
368	10.08.16 05:57:07	12,40	2,89	8,3	-8,4	73,3
369	10.08.16 05:57:08	12,30	2,93	12,0	-12,6	65,4
370	10.08.16 05:57:09	12,21	2,92	12,0	-12,5	65,4
371	10.08.16 05:57:10	12,11	2,96	12,5	-11,8	65,6
372	10.08.16 05:57:11	12,05	2,96	13,4	-13,6	63,0
373	10.08.16 05:57:12	11,99	2,95	14,9	-13,0	62,1
374	10.08.16 05:57:13	11,95	2,97	16,0	-13,4	60,6
375	10.08.16 05:57:14	11,89	2,97	15,2	-12,6	62,1
376	10.08.16 05:57:15	11,86	2,96	13,1	-11,2	65,7
377	10.08.16 05:57:16	11,79	2,96	11,6	-6,8	71,6
378	10.08.16 05:57:17	11,76	2,98	15,7	-9,2	65,2
379	10.08.16 05:57:18	11,73	2,95	12,4	-9,8	67,8
380	10.08.16 05:57:19	11,67	2,95	13,5	-8,8	67,7
381	10.08.16 05:57:20	11,63	2,95	14,1	-9,2	66,6
382	10.08.16 05:57:21	11,60	2,92	14,6	-9,4	66,0
383	10.08.16 05:57:22	11,57	2,94	15,3	-9,1	65,6
384	10.08.16 05:57:23	11,54	2,91	15,0	-8,9	66,1
385	10.08.16 05:57:24	11,51	2,91	15,4	-8,6	66,0
386	10.08.16 05:57:25	11,47	2,91	15,8	-9,0	65,2
387	10.08.16 05:57:26	11,44	2,91	10,2	-2,3	77,5
388	10.08.16 05:57:27	11,41	2,88	11,5	-0,6	77,9
389	10.08.16 05:57:28	11,41	2,88	14,4	-3,8	71,9
390	10.08.16 05:57:29	11,41	2,86	11,5	0,8	77,7
391	10.08.16 05:57:30	11,38	2,88	12,2	0,6	77,2
392	10.08.16 05:57:31	11,35	2,85	9,9	1,9	78,2
393	10.08.16 05:57:32	11,35	2,83	10,2	1,0	78,9
394	10.08.16 05:57:33	11,31	2,83	10,8	2,2	77,0
395	10.08.16 05:57:34	11,31	2,83	10,2	0,9	78,8
396	10.08.16 05:57:35	11,28	2,80	8,7	1,8	79,5
397	10.08.16 05:57:36	11,28	2,80	10,5	1,9	77,6
398	10.08.16 05:57:37	11,25	2,77	8,0	2,7	79,2
399	10.08.16 05:57:38	11,25	2,80	8,2	1,2	80,6
400	10.08.16 05:57:39	11,25	2,77	8,5	0,6	80,9
401	10.08.16 05:57:40	11,25	2,80	10,8	-2,0	77,2
402	10.08.16 05:57:41	11,28	2,80	13,0	-3,6	73,4
403	10.08.16 05:57:42	11,25	2,84	16,4	-6,3	67,3
404	10.08.16 05:57:43	11,25	2,87	19,6	-7,9	62,5
405	10.08.16 05:57:44	11,22	2,86	25,6	-10,5	53,9
406	10.08.16 05:57:45	11,18	2,91	28,0	-10,7	51,3
407	10.08.16 05:57:46	11,15	2,91	27,1	-9,6	53,3
408	10.08.16 05:57:47	11,15	2,95	30,3	-10,1	49,6
409	10.08.16 05:57:48	11,12	2,97	35,4	-11,0	43,6
410	10.08.16 05:57:49	11,09	2,97	32,9	-8,3	48,8
411	10.08.16 05:57:50	11,06	2,99	34,7	-7,7	47,6
412	10.08.16 05:57:51	11,09	3,02	40,6	-8,6	40,8
413	10.08.16 05:57:52	11,09	3,02	39,8	-8,7	41,5
414	10.08.16 05:57:53	11,09	3,04	38,2	-7,9	43,9
415	10.08.16 05:57:54	11,09	3,06	42,0	-8,2	39,8
416	10.08.16 05:57:55	11,09	3,09	42,8	-7,9	39,3
417	10.08.16 05:57:56	11,06	3,13	43,9	-8,8	37,3
418	10.08.16 05:57:57	11,06	3,18	49,3	-8,0	32,7
419	10.08.16 05:57:58	10,99	3,20	55,9	-3,5	30,6
420	10.08.16 05:57:59	10,99	3,24	59,0	-2,0	28,9
421	10.08.16 05:58:00	10,93	3,26	64,5	-1,4	24,2
422	10.08.16 05:58:01	10,86	3,33	68,6	2,2	19,2
423	10.08.16 05:58:02	10,76	3,37	64,8	3,2	22,1
424	10.08.16 05:58:03	10,63	3,40	61,5	2,0	26,5
425	10.08.16 05:58:04	10,47	3,51	60,3	2,8	26,9
426	10.08.16 05:58:05	10,31	3,49	60,9	4,2	24,9
427	10.08.16 05:58:06	10,18	3,58	60,7	5,1	24,2
428	10.08.16 05:58:07	10,01	3,61	60,2	6,1	23,7
429	10.08.16 05:58:08	9,78	3,68	59,2	6,8	24,0
430	10.08.16 05:58:09	9,55	3,76	58,9	7,2	23,9
431	10.08.16 05:58:10	9,28	3,78	59,9	6,0	24,1
432	10.08.16 05:58:11	9,12	3,82	59,2	6,5	24,3
433	10.08.16 05:58:12	8,95	3,85	56,8	9,1	24,1
434	10.08.16 05:58:13	8,82	3,93	58,9	6,2	25,0
435	10.08.16 05:58:14	8,68	3,94	60,1	5,0	24,9
436	10.08.16 05:58:15	8,55	3,96	58,8	6,2	25,0
437	10.08.16 05:58:16	8,41	3,99	60,0	4,8	25,2
438	10.08.16 05:58:17	8,31	4,01	60,5	3,7	25,8
439	10.08.16 05:58:18	8,24	4,03	62,0	2,9	25,1
440	10.08.16 05:58:19	8,17	4,07	62,6	2,1	25,3
441	10.08.16 05:58:20	8,11	4,09	64,9	-0,3	24,8
442	10.08.16 05:58:21	8,00	4,15	64,4	-1,3	24,3
443	10.08.16 05:58:22	7,94	4,14	63,4	-2,2	24,4
444	10.08.16 05:58:23	7,87	4,16	65,7	-4,0	20,3
445	10.08.16 05:58:24	7,83	4,18	63,8	-4,1	22,1
446	10.08.16 05:58:25	7,76	4,20	63,1	-5,9	21,0
447	10.08.16 05:58:26	7,70	4,22	48,2	-6,0	35,8
448	10.08.16 05:58:27	7,66	4,21	16,6	8,2	65,3
449	10.08.16 05:58:28	7,66	4,19	3,5	11,9	74,5
450	10.08.16 05:58:29	7,66	4,21	-2,4	9,7	77,9
451	10.08.16 05:58:30	7,70	4,17	-11,7	11,0	67,2
452	10.08.16 05:58:31	7,70	4,19	-14,9	7,0	68,1
453	10.08.16 05:58:32	7,70	4,19	-14,9	7,8	67,3
454	10.08.16 05:58:33	7,66	4,21	-15,7	3,3	71,0
455	10.08.16 05:58:34	7,63	4,16	-11,8	4,9	73,3
456	10.08.16 05:58:35	7,59	4,16	-16,1	6,9	67,0
457	10.08.16 05:58:36	7,59	4,18	-17,3	10,3	62,3
458	10.08.16 05:58:37	7,59	4,21	-19,3	9,3	61,4
459	10.08.16 05:58:38	7,56	4,18	-12,9	5,4	71,7
460	10.08.16 05:58:39	7,52	4,18	-15,8	7,7	66,5
461	10.08.16 05:58:40	7,49	4,15	-27,3	11,3	51,4
462	10.08.16 05:58:41	7,46	4,15	-15,6	-0,9	73,5
463	10.08.16 05:58:42	7,42	4,15	-11,2	-9,5	69,2
464	10.08.16 05:58:43	7,39	4,14	-7,9	-13,0	69,1
465	10.08.16 05:58:44	7,35	4,17	-9,5	-10,5	70,0
466	10.08.16 05:58:45	7,32	4,14	-12,2	-14,9	62,9
467	10.08.16 05:58:46	7,28	4,16	-12,1	-7,2	70,7
468	10.08.16 05:58:47	7,25	4,16	-9,4	-11,0	69,7
469	10.08.16 05:58:48	7,21	4,13	-9,0	-16,8	64,2
470	10.08.16 05:58:49	7,21	4,13	-7,9	-16,8	65,4
471	10.08.16 05:58:50	7,21	4,13	-9,4	-14,6	65,9
472	10.08.16 05:58:51	7,21	4,13	-8,8	-16,0	65,3
473	10.08.16 05:58:52	7,18	4,13	-7,7	-15,5	66,8
474	10.08.16 05:58:53	7,14	4,13	-8,9	-17,7	63,4
475	10.08.16 05:58:54	7,11	4,10	-8,3	-17,2	64,6
476	10.08.16 05:58:55	7,08	4,12	-5,4	-20,1	64,5
477	10.08.16 05:58:56	7,08	4,14	-6,4	-22,2	61,4
478	10.08.16 05:58:57	7,04	4,12	-4,9	-22,2	62,9
479	10.08.16 05:58:58	7,04	4,12	-6,6	-23,1	60,3
480	10.08.16 05:58:59	7,01	4,11	-4,7	-27,7	57,7
481	10.08.16 05:59:00	7,01	4,14	-0,9	-30,8	58,4
482	10.08.16 05:59:01	7,01	4,11	-3,9	-29,5	56,6
483	10.08.16 05:59:02	6,97	4,11	-5,1	-22,3	62,6
484	10.08.16 05:59:03	6,97	4,11	-4,2	-22,9	62,9
485	10.08.16 05:59:04	6,97	4,11	-4,6	-26,9	58,5
486	10.08.16 05:59:05	6,94	4,11	-5,0	-28,4	56,6
487	10.08.16 05:59:06	6,90	4,11	-5,6	-26,7	57,6
488	10.08.16 05:59:07	6,90	4,11	-3,7	-30,8	55,5
489	10.08.16 05:59:08	6,87	4,13	-1,8	-28,9	59,3
490	10.08.16 05:59:09	6,87	4,13	-4,4	-23,8	61,8
491	10.08.16 05:59:10	6,83	4,12	-3,8	-25,8	60,4
492	10.08.16 05:59:11	6,83	4,10	-4,6	-28,0	57,3
493	10.08.16 05:59:12	6,80	4,10	-2,3	-31,6	56,1
494	10.08.16 05:59:13	6,80	4,10	-5,8	-24,2	60,1
495	10.08.16 05:59:14	6,76	4,10	-5,1	-26,1	58,7
496	10.08.16 05:59:15	6,76	4,10	-2,7	-26,3	61,1
497	10.08.16 05:59:16	6,73	4,12	-3,1	-29,8	57,1
498	10.08.16 05:59:17	6,69	4,09	-4,9	-25,0	60,1
499	10.08.16 05:59:18	6,69	4,11	-4,7	-22,0	63,3
500	10.08.16 05:59:19	6,66	4,11	-6,2	-22,8	61,0
501	10.08.16 05:59:20	6,66	4,11	-4,6	-22,6	62,8
502	10.08.16 05:59:21	6,62	4,11	-6,3	-22,3	61,4
503	10.08.16 05:59:22	6,62	4,11	-4,7	-24,7	60,6
504	10.08.16 05:59:23	6,62	4,08	-4,7	-23,1	62,3
505	10.08.16 05:59:24	6,62	4,08	-8,2	-22,5	59,3
506	10.08.16 05:59:25	6,59	4,08	-7,2	-23,7	59,2
507	10.08.16 05:59:26	6,59	4,08	-5,5	-23,9	60,6
508	10.08.16 05:59:27	6,55	4,08	-2,0	-27,4	60,6
509	10.08.16 05:59:28	6,55	4,08	-4,5	-27,1	58,3
510	10.08.16 05:59:29	6,55	4,08	-4,1	-26,9	59,0
511	10.08.16 05:59:30	6,52	4,08	-2,4	-28,9	58,7
512	10.08.16 05:59:31	6,48	4,07	-5,4	-19,2	65,4
513	10.08.16 05:59:32	6,48	4,10	-5,4	-25,4	59,2
514	10.08.16 05:59:33	6,45	4,07	-4,0	-22,3	63,7
515	10.08.16 05:59:34	6,45	4,07	-4,8	-27,5	57,7
516	10.08.16 05:59:35	6,41	4,09	-6,6	-23,1	60,3
517	10.08.16 05:59:36	6,41	4,07	-6,2	-26,0	57,8
518	10.08.16 05:59:37	6,38	4,06	-5,0	-25,0	60,0
519	10.08.16 05:59:38	6,38	4,06	-5,0	-22,5	62,6
520	10.08.16 05:59:39	6,38	4,06	-3,7	-25,6	60,6
521	10.08.16 05:59:40	6,34	4,06	-5,6	-20,8	63,6
522	10.08.16 05:59:41	6,34	4,06	-5,1	-26,2	58,7
523	10.08.16 05:59:42	6,31	4,08	-4,2	-23,1	62,8
524	10.08.16 05:59:43	6,31	4,08	-3,9	-26,7	59,4
525	10.08.16 05:59:44	6,27	4,06	-5,0	-24,9	60,1
526	10.08.16 05:59:45	6,27	4,06	-5,7	-25,1	59,1
527	10.08.16 05:59:46	6,27	4,08	-5,3	-22,2	62,5
528	10.08.16 05:59:47	6,24	4,08	-4,2	-24,8	61,0
529	10.08.16 05:59:48	6,24	4,08	-4,9	-24,5	60,6
530	10.08.16 05:59:49	6,20	4,05	-3,8	-23,1	63,0
531	10.08.16 05:59:50	6,20	4,07	-4,4	-24,3	61,3
532	10.08.16 05:59:51	6,20	4,07	-4,9	-24,7	60,3
533	10.08.16 05:59:52	6,20	4,05	-6,3	-23,9	59,9
534	10.08.16 05:59:53	6,16	4,07	-5,4	-31,4	53,2
535	10.08.16 05:59:54	6,16	4,07	-3,3	-23,4	63,3
536	10.08.16 05:59:55	6,13	4,05	-3,0	-26,3	60,6
537	10.08.16 05:59:56	6,13	4,07	-5,0	-25,6	59,4
538	10.08.16 05:59:57	6,13	4,07	-5,1	-22,5	62,5
539	10.08.16 05:59:58	6,09	4,07	-5,5	-16,5	68,0
540	10.08.16 05:59:59	6,09	4,07	-7,5	-20,4	62,1
541	10.08.16 06:00:00	6,09	4,07	-5,6	-25,0	59,4
542	10.08.16 06:00:01	6,06	4,04	-7,2	-20,4	62,4
543	10.08.16 06:00:02	6,06	4,04	-5,3	-17,0	67,6
544	10.08.16 06:00:03	6,06	4,04	-3,5	-31,8	54,8
545	10.08.16 06:00:04	6,06	4,04	-4,6	-24,0	61,4
546	10.08.16 06:00:05	6,02	4,06	-3,1	-20,6	66,3
547	10.08.16 06:00:06	5,99	4,03	-5,9	-23,7	60,3
548	10.08.16 06:00:07	5,99	4,06	-7,2	-27,3	55,6
549	10.08.16 06:00:08	5,95	4,03	-4,5	-24,3	61,2
550	10.08.16 06:00:09	5,95	4,03	-2,0	-22,8	65,3
551	10.08.16 06:00:10	5,92	4,05	-2,9	-22,1	65,1
552	10.08.16 06:00:11	5,92	4,08	-4,3	-18,0	67,7
553	10.08.16 06:00:12	5,92	4,03	-10,6	-6,7	72,7
554	10.08.16 06:00:13	5,88	4,03	-9,0	-6,5	74,5
555	10.08.16 06:00:14	5,88	4,05	-6,3	-17,9	65,8
556	10.08.16 06:00:15	5,85	4,05	-3,6	-26,7	59,7
557	10.08.16 06:00:16	5,85	4,05	-3,9	-28,5	57,7
558	10.08.16 06:00:17	5,85	4,02	-3,5	-26,1	60,4
559	10.08.16 06:00:18	5,85	4,05	-2,8	-27,9	59,3
560	10.08.16 06:00:19	5,85	4,05	-8,9	-21,8	59,2
561	10.08.16 06:00:20	5,85	4,02	-4,9	-23,8	61,3
562	10.08.16 06:00:21	5,85	4,02	-8,8	-25,1	56,1
563	10.08.16 06:00:22	5,81	4,02	-3,1	-29,3	57,7
564	10.08.16 06:00:23	5,81	4,04	-5,1	-26,7	58,1
565	10.08.16 06:00:24	5,81	4,02	-0,3	-29,4	60,3
566	10.08.16 06:00:25	5,81	4,04	-2,7	-29,2	58,2
567	10.08.16 06:00:26	5,81	4,02	-4,9	-8,7	76,4
568	10.08.16 06:00:27	5,77	4,02	-4,0	-28,4	57,6
569	10.08.16 06:00:28	5,77	4,04	-1,5	-28,7	59,9
570	10.08.16 06:00:29	5,77	4,02	-4,5	-33,0	52,5
571	10.08.16 06:00:30	5,77	4,04	-7,8	-26,7	55,5
572	10.08.16 06:00:31	5,77	4,04	-3,8	-25,5	60,7
573	10.08.16 06:00:32	5,74	4,04	2,6	-11,3	76,1
574	10.08.16 06:00:33	5,74	4,04	-24,2	-18,9	46,8
575	10.08.16 06:00:34	5,70	4,06	-2,5	-28,9	58,6
576	10.08.16 06:00:35	5,67	4,03	-1,0	-29,7	59,3
577	10.08.16 06:00:36	5,63	4,03	1,2	-14,7	74,1
578	10.08.16 06:00:37	5,63	4,03	-4,4	-15,4	70,2
579	10.08.16 06:00:38	5,60	4,03	-1,3	-26,5	62,3
580	10.08.16 06:00:39	5,60	4,03	-3,8	-26,6	59,6
581	10.08.16 06:00:40	5,56	4,02	-2,4	-26,1	61,6
582	10.08.16 06:00:41	5,56	4,00	-10,9	-10,9	68,3
583	10.08.16 06:00:42	5,52	4,05	-3,4	-25,1	61,4
584	10.08.16 06:00:43	5,49	4,04	-2,4	-7,6	80,0
585	10.08.16 06:00:44	5,49	4,04	-6,3	-35,1	48,6
586	10.08.16 06:00:45	5,49	4,04	-0,7	-30,8	58,5
587	10.08.16 06:00:46	5,45	4,04	-5,2	-19,8	65,1
588	10.08.16 06:00:47	5,45	4,04	-2,9	-27,9	59,2
589	10.08.16 06:00:48	5,45	4,02	-0,9	-22,8	66,3
590	10.08.16 06:00:49	5,42	4,01	-1,6	-12,7	75,8
591	10.08.16 06:00:50	5,42	4,04	-2,1	-21,6	66,2
592	10.08.16 06:00:51	5,42	4,01	-6,9	-25,8	57,3
593	10.08.16 06:00:52	5,38	4,01	-5,4	-27,7	56,9
594	10.08.16 06:00:53	5,38	4,01	-4,0	-28,1	57,9
595	10.08.16 06:00:54	5,34	4,03	3,7	-34,2	52,1
596	10.08.16 06:00:55	5,34	4,01	-3,8	-6,3	80,0
597	10.08.16 06:00:56	5,34	4,03	-1,0	-28,1	60,8
598	10.08.16 06:00:57	5,31	4,01	-3,5	-20,1	66,3
599	10.08.16 06:00:58	5,31	4,03	-0,7	-24,1	65,2
600	10.08.16 06:00:59	5,31	4,01	7,9	-21,3	60,8
601	10.08.16 06:01:00	5,27	4,00	5,7	-19,9	64,4
602	10.08.16 06:01:01	5,27	4,00	-7,0	-18,4	64,6
603	10.08.16 06:01:02	5,27	4,00	-2,9	-21,2	65,9
604	10.08.16 06:01:03	5,27	4,00	-0,4	-22,1	67,5
605	10.08.16 06:01:04	5,27	4,00	-5,1	-23,9	61,0
606	10.08.16 06:01:05	5,24	3,98	-7,5	-6,6	76,0
607	10.08.16 06:01:06	5,24	4,00	-0,9	-24,1	65,0
608	10.08.16 06:01:07	5,24	4,00	2,8	-25,2	62,0
609	10.08.16 06:01:08	5,20	4,00	-1,2	-18,1	70,7
610	10.08.16 06:01:09	5,20	4,00	-6,2	-24,8	59,0
611	10.08.16 06:01:10	5,20	4,00	-2,3	-17,0	70,7
612	10.08.16 06:01:11	5,20	4,00	-2,9	-20,2	66,9
613	10.08.16 06:01:12	5,20	4,00	-3,0	-30,6	56,4
614	10.08.16 06:01:13	5,20	3,97	0,6	-30,9	58,5
615	10.08.16 06:01:14	5,16	3,99	-3,9	-23,6	62,5
616	10.08.16 06:01:15	5,16	3,97	-2,1	-27,6	60,3
617	10.08.16 06:01:16	5,13	3,99	-2,5	-29,2	58,3
618	10.08.16 06:01:17	5,13	3,97	-0,2	-28,6	61,2
619	10.08.16 06:01:18	5,13	3,97	-8,6	-26,7	54,7
620	10.08.16 06:01:19	5,09	3,99	-1,1	-28,4	60,5
621	10.08.16 06:01:20	5,09	3,97	-4,9	-29,7	55,4
622	10.08.16 06:01:21	5,09	3,97	-4,5	-25,3	60,2
623	10.08.16 06:01:22	5,09	3,99	-1,5	-30,5	58,0
624	10.08.16 06:01:23	5,06	3,99	-1,4	-27,1	61,6
625	10.08.16 06:01:24	5,06	3,99	-3,8	-29,2	57,1
626	10.08.16 06:01:25	5,06	3,96	-2,6	-31,2	56,2
627	10.08.16 06:01:26	5,06	3,96	-4,8	-27,7	57,6
628	10.08.16 06:01:27	5,02	3,96	-3,4	-27,7	59,0
629	10.08.16 06:01:28	5,02	3,96	-4,1	-26,2	59,7
630	10.08.16 06:01:29	5,02	3,98	-5,0	-23,8	61,2
631	10.08.16 06:01:30	5,02	3,96	-1,8	-27,2	61,0
632	10.08.16 06:01:31	5,02	3,98	-3,7	-27,3	58,9
633	10.08.16 06:01:32	4,98	3,96	-4,9	-29,2	56,0
634	10.08.16 06:01:33	4,98	3,96	-5,0	-23,5	61,5
635	10.08.16 06:01:34	4,98	3,96	-4,8	-27,8	57,4
636	10.08.16 06:01:35	4,98	3,98	-3,8	-22,0	64,2
637	10.08.16 06:01:36	4,98	3,96	-3,8	-25,3	60,9
638	10.08.16 06:01:37	4,98	3,96	-5,6	-21,9	62,4
639	10.08.16 06:01:38	4,98	3,96	-2,6	-30,5	56,9
640	10.08.16 06:01:39	4,98	3,96	-5,9	-24,1	59,9
641	10.08.16 06:01:40	4,95	3,95	-5,6	-24,5	60,0
642	10.08.16 06:01:41	4,95	3,95	-4,4	-24,5	61,1
643	10.08.16 06:01:42	4,95	3,93	-4,1	-27,3	58,6
644	10.08.16 06:01:43	4,95	3,95	-2,8	-29,1	58,0
645	10.08.16 06:01:44	4,95	3,95	-3,6	-27,6	58,8
646	10.08.16 06:01:45	4,95	3,95	-3,1	-26,7	60,2
647	10.08.16 06:01:46	4,95	3,95	-5,7	-20,7	63,6
648	10.08.16 06:01:47	4,95	3,95	-4,3	-26,5	59,2
649	10.08.16 06:01:48	4,95	3,95	-4,2	-22,8	63,0
650	10.08.16 06:01:49	4,95	3,98	-2,6	-30,1	57,3
651	10.08.16 06:01:50	4,95	3,95	-1,3	-30,7	58,0
652	10.08.16 06:01:51	4,95	3,95	-2,9	-31,7	55,5
653	10.08.16 06:01:52	4,95	3,95	-3,6	-29,0	57,4
654	10.08.16 06:01:53	4,91	3,95	-2,8	-28,3	58,8
655	10.08.16 06:01:54	4,95	3,93	-3,8	-23,8	62,5
656	10.08.16 06:01:55	4,91	3,93	-1,3	-30,1	58,5
657	10.08.16 06:01:56	4,91	3,95	-4,4	-25,6	60,0
658	10.08.16 06:01:57	4,91	3,93	-5,3	-26,1	58,5
659	10.08.16 06:01:58	4,91	3,95	-0,8	-32,9	56,3
660	10.08.16 06:01:59	4,91	3,95	-2,0	-28,6	59,4
661	10.08.16 06:02:00	4,91	3,95	-8,7	-27,8	53,5
662	10.08.16 06:02:01	4,91	3,93	-3,1	-27,9	59,0
663	10.08.16 06:02:02	4,91	3,93	-3,5	-23,2	63,4
664	10.08.16 06:02:03	4,91	3,95	-4,0	-22,1	63,9
665	10.08.16 06:02:04	4,91	3,93	-3,6	-26,1	60,2
666	10.08.16 06:02:05	4,91	3,93	-4,2	-25,9	59,9
667	10.08.16 06:02:06	4,91	3,93	-3,2	-29,2	57,7
668	10.08.16 06:02:07	4,91	3,93	-4,4	-29,9	55,8
669	10.08.16 06:02:08	4,91	3,95	-3,1	-30,2	56,7
670	10.08.16 06:02:09	4,91	3,93	-4,3	-25,2	60,5
671	10.08.16 06:02:10	4,91	3,93	-4,7	-27,1	58,2
672	10.08.16 06:02:11	4,91	3,95	-3,6	-27,9	58,6
673	10.08.16 06:02:12	4,91	3,93	-2,7	-29,0	58,4
674	10.08.16 06:02:13	4,91	3,93	-3,6	-28,4	58,0
675	10.08.16 06:02:14	4,91	3,95	-3,6	-31,3	55,2
676	10.08.16 06:02:15	4,91	3,93	2,5	-29,4	58,1
677	10.08.16 06:02:16	4,91	3,95	-11,8	-16,8	61,4
678	10.08.16 06:02:17	4,91	3,95	-2,5	-22,0	65,5
679	10.08.16 06:02:18	4,91	3,95	-5,7	-22,3	62,0
680	10.08.16 06:02:19	4,91	3,95	-5,2	-26,3	58,5
681	10.08.16 06:02:20	4,91	3,93	-3,3	-25,4	61,2
682	10.08.16 06:02:21	4,91	3,95	0,2	-29,5	60,3
683	10.08.16 06:02:22	4,87	3,93	-3,1	-29,1	57,8
684	10.08.16 06:02:23	4,87	3,95	-4,9	-22,4	62,7
685	10.08.16 06:02:24	4,87	3,95	2,2	-30,0	57,8
686	10.08.16 06:02:25	4,87	3,93	-5,9	-20,4	63,7
687	10.08.16 06:02:26	4,87	3,95	-6,9	-21,4	61,7
688	10.08.16 06:02:27	4,87	3,95	-4,9	-22,0	63,1
689	10.08.16 06:02:28	4,87	3,93	-1,2	-19,4	69,5
690	10.08.16 06:02:29	4,87	3,93	-1,7	-29,1	59,2
691	10.08.16 06:02:30	4,87	3,95	-1,7	-28,4	59,9
692	10.08.16 06:02:31	4,87	3,93	0,5	-11,3	78,2
693	10.08.16 06:02:32	4,87	3,93	-1,8	-20,9	67,3
694	10.08.16 06:02:33	4,87	3,95	-1,1	-27,4	61,6
695	10.08.16 06:02:34	4,84	3,92	-6,1	-24,5	59,4
696	10.08.16 06:02:35	4,84	3,92	-0,5	-25,1	64,4
697	10.08.16 06:02:36	4,84	3,92	-1,1	-28,6	60,3
698	10.08.16 06:02:37	4,84	3,92	-1,5	-26,1	62,5
699	10.08.16 06:02:38	4,84	3,92	-2,9	-30,3	56,8
700	10.08.16 06:02:39	4,84	3,90	-3,2	-26,2	60,6
701	10.08.16 06:02:40	4,84	3,92	0,9	-32,4	56,7
702	10.08.16 06:02:41	4,84	3,92	-3,4	-24,8	61,9
703	10.08.16 06:02:42	4,84	3,92	-4,1	-23,1	62,7
704	10.08.16 06:02:43	4,84	3,90	-3,1	-27,1	59,8
705	10.08.16 06:02:44	4,84	3,90	-1,2	-31,2	57,6
706	10.08.16 06:02:45	4,84	3,90	-3,5	-25,3	61,2
707	10.08.16 06:02:46	4,80	3,90	-0,1	-29,4	60,5
708	10.08.16 06:02:47	4,80	3,90	-1,1	-30,9	58,0
709	10.08.16 06:02:48	4,80	3,90	-4,2	-26,2	59,6
710	10.08.16 06:02:49	4,80	3,90	-3,9	-28,0	58,1
711	10.08.16 06:02:50	4,80	3,90	-3,0	-29,5	57,5
712	10.08.16 06:02:51	4,80	3,90	-3,2	-29,5	57,3
713	10.08.16 06:02:52	4,80	3,92	-2,5	-29,9	57,6
714	10.08.16 06:02:53	4,80	3,92	-3,9	-27,0	59,1
715	10.08.16 06:02:54	4,80	3,90	0,7	-25,0	64,3
716	10.08.16 06:02:55	4,80	3,90	-1,1	-30,9	58,1
717	10.08.16 06:02:56	4,77	3,89	-4,0	-29,7	56,2
718	10.08.16 06:02:57	4,77	3,92	-0,2	-27,5	62,3
719	10.08.16 06:02:58	4,77	3,89	-2,6	-31,0	56,4
720	10.08.16 06:02:59	4,77	3,92	-4,2	-28,0	57,8
721	10.08.16 06:03:00	4,77	3,87	-4,3	-29,1	56,6
722	10.08.16 06:03:01	4,77	3,89	-4,4	-30,6	55,0
723	10.08.16 06:03:02	4,77	3,89	-3,4	-24,4	62,2
724	10.08.16 06:03:03	4,77	3,89	-3,0	-28,1	58,9
725	10.08.16 06:03:04	4,77	3,89	-2,0	-29,8	58,2
726	10.08.16 06:03:05	4,77	3,92	-1,9	-28,6	59,5
727	10.08.16 06:03:06	4,77	3,89	-2,9	-29,5	57,6
728	10.08.16 06:03:07	4,77	3,89	4,0	-20,6	65,5
729	10.08.16 06:03:08	4,77	3,89	-3,7	-28,1	58,1
730	10.08.16 06:03:09	4,73	3,87	-2,0	-32,3	55,7
731	10.08.16 06:03:10	4,73	3,89	-4,7	-29,0	56,3
732	10.08.16 06:03:11	4,73	3,89	-1,9	-27,8	60,3
733	10.08.16 06:03:12	4,73	3,89	-2,7	-29,3	58,0
734	10.08.16 06:03:13	4,73	3,89	-1,7	-30,3	58,1
735	10.08.16 06:03:14	4,73	3,91	-5,4	-24,3	60,3
736	10.08.16 06:03:15	4,73	3,91	-2,4	-33,1	54,5
737	10.08.16 06:03:16	4,73	3,89	-1,0	-28,0	60,9
738	10.08.16 06:03:17	4,73	3,89	-2,9	-25,0	62,0
739	10.08.16 06:03:18	4,73	3,89	-3,5	-25,1	61,4
740	10.08.16 06:03:19	4,73	3,91	-0,9	-29,6	59,6
741	10.08.16 06:03:20	4,73	3,91	-2,8	-28,2	59,1
742	10.08.16 06:03:21	4,73	3,89	-3,8	-26,9	59,2
743	10.08.16 06:03:22	4,69	3,91	-3,0	-30,3	56,7
744	10.08.16 06:03:23	4,69	3,91	-3,8	-29,4	56,8
745	10.08.16 06:03:24	4,69	3,91	-3,8	-28,3	57,9
746	10.08.16 06:03:25	4,69	3,91	-7,5	-28,8	53,8
747	10.08.16 06:03:26	4,69	3,91	-2,3	-25,2	62,5
748	10.08.16 06:03:27	4,69	3,91	-2,8	-27,1	60,1
749	10.08.16 06:03:28	4,69	3,89	-1,5	-29,2	59,3
750	10.08.16 06:03:29	4,69	3,89	-2,4	-28,5	59,1
751	10.08.16 06:03:30	4,69	3,94	-2,4	-24,4	63,2
752	10.08.16 06:03:31	4,69	3,91	-2,7	-24,8	62,6
753	10.08.16 06:03:32	4,69	3,89	-4,2	-28,6	57,2
754	10.08.16 06:03:33	4,69	3,91	-2,7	-25,3	61,9
755	10.08.16 06:03:34	4,69	3,89	-1,7	-28,2	60,1
756	10.08.16 06:03:35	4,69	3,91	-2,6	-27,6	59,8
757	10.08.16 06:03:36	4,66	3,89	-2,5	-27,9	59,7
758	10.08.16 06:03:37	4,66	3,89	-3,6	-22,4	64,0
759	10.08.16 06:03:38	4,66	3,89	8,5	-25,3	56,2
760	10.08.16 06:03:39	4,66	3,91	-1,6	-31,9	56,5
761	10.08.16 06:03:40	4,66	3,91	1,8	-24,8	63,5
762	10.08.16 06:03:41	4,66	3,91	-2,8	-27,8	59,4
763	10.08.16 06:03:42	4,66	3,91	-4,0	-30,1	55,9
764	10.08.16 06:03:43	4,66	3,91	-2,0	-33,0	55,0
765	10.08.16 06:03:44	4,66	3,91	-1,0	-29,5	59,5
766	10.08.16 06:03:45	4,66	3,91	-0,8	-30,5	58,7
767	10.08.16 06:03:46	4,62	3,91	-5,6	-27,4	57,1
768	10.08.16 06:03:47	4,62	3,91	-1,6	-29,2	59,2
769	10.08.16 06:03:48	4,62	3,91	0,0	-32,8	57,2
770	10.08.16 06:03:49	4,62	3,91	0,0	-30,9	59,0
771	10.08.16 06:03:50	4,62	3,91	-2,4	-26,4	61,2
772	10.08.16 06:03:51	4,62	3,91	2,0	-27,4	60,6
773	10.08.16 06:03:52	4,62	3,91	-1,0	-20,6	68,4
774	10.08.16 06:03:53	4,62	3,88	-0,6	-20,0	69,5
775	10.08.16 06:03:54	4,62	3,88	4,1	-14,6	71,3
776	10.08.16 06:03:55	4,62	3,91	6,2	-11,7	72,1
777	10.08.16 06:03:56	4,62	3,88	7,9	-9,2	72,8
778	10.08.16 06:03:57	4,62	3,86	8,8	3,0	78,2
779	10.08.16 06:03:58	4,58	3,86	16,5	-3,2	70,3
780	10.08.16 06:03:59	4,58	3,88	19,2	-7,4	63,4
781	10.08.16 06:04:00	4,58	3,86	21,7	-6,9	61,5
782	10.08.16 06:04:01	4,58	3,88	22,4	-7,5	60,1
783	10.08.16 06:04:02	4,58	3,86	21,0	-5,0	64,0
784	10.08.16 06:04:03	4,58	3,88	22,0	-5,6	62,4
785	10.08.16 06:04:04	4,58	3,88	24,2	-4,3	61,5
786	10.08.16 06:04:05	4,58	3,88	23,6	-4,0	62,4
787	10.08.16 06:04:06	4,58	3,88	22,3	-3,3	64,5
788	10.08.16 06:04:07	4,58	3,86	22,1	-2,3	65,5
789	10.08.16 06:04:08	4,58	3,86	24,6	-0,7	64,8
790	10.08.16 06:04:09	4,55	3,85	23,8	-0,8	65,4
791	10.08.16 06:04:10	4,58	3,86	21,0	1,5	67,5
792	10.08.16 06:04:11	4,55	3,83	23,0	3,8	63,3
793	10.08.16 06:04:12	4,55	3,83	23,0	2,6	64,4
794	10.08.16 06:04:13	4,55	3,85	21,9	3,2	64,8
795	10.08.16 06:04:14	4,55	3,85	22,5	4,2	63,3
796	10.08.16 06:04:15	4,55	3,83	24,0	4,3	61,7
797	10.08.16 06:04:16	4,55	3,83	21,0	5,3	63,7
798	10.08.16 06:04:17	4,55	3,83	20,2	6,7	63,0
799	10.08.16 06:04:18	4,55	3,83	22,2	6,8	61,0
800	10.08.16 06:04:19	4,55	3,81	23,6	4,9	61,6
801	10.08.16 06:04:20	4,55	3,81	20,2	6,5	63,3
802	10.08.16 06:04:21	4,55	3,81	21,2	6,4	62,4
803	10.08.16 06:04:22	4,51	3,80	20,7	7,8	61,6
804	10.08.16 06:04:23	4,51	3,80	22,2	8,4	59,4
805	10.08.16 06:04:24	4,51	3,78	20,8	9,2	60,0
806	10.08.16 06:04:25	4,51	3,78	21,9	10,5	57,6
807	10.08.16 06:04:26	4,51	3,80	22,2	10,5	57,2
808	10.08.16 06:04:27	4,51	3,78	21,7	12,1	56,2
809	10.08.16 06:04:28	4,51	3,80	21,1	12,3	56,7
810	10.08.16 06:04:29	4,47	3,80	21,7	13,1	55,2
811	10.08.16 06:04:30	4,47	3,80	22,2	13,1	54,7
812	10.08.16 06:04:31	4,47	3,78	22,3	13,0	54,7
813	10.08.16 06:04:32	4,47	3,78	22,5	13,9	53,7
814	10.08.16 06:04:33	4,47	3,78	22,1	14,3	53,6
815	10.08.16 06:04:34	4,47	3,76	21,9	15,0	53,1
816	10.08.16 06:04:35	4,44	3,75	20,6	15,9	53,5
817	10.08.16 06:04:36	4,44	3,73	22,9	15,1	52,0
818	10.08.16 06:04:37	4,44	3,75	19,5	15,8	54,7
819	10.08.16 06:04:38	4,44	3,71	23,6	15,8	50,6
820	10.08.16 06:04:39	4,44	3,71	26,7	13,5	49,7
821	10.08.16 06:04:40	4,44	3,71	24,3	15,6	50,1
822	10.08.16 06:04:41	4,44	3,71	23,1	16,8	50,1
823	10.08.16 06:04:42	4,40	3,66	24,5	16,6	48,9
824	10.08.16 06:04:43	4,40	3,68	25,2	15,7	49,0
825	10.08.16 06:04:44	4,40	3,66	25,4	15,1	49,5
826	10.08.16 06:04:45	4,40	3,66	25,0	16,7	48,3
827	10.08.16 06:04:46	4,40	3,63	25,4	17,6	47,0
828	10.08.16 06:04:47	4,40	3,59	23,9	18,6	47,6
829	10.08.16 06:04:48	4,40	3,59	26,7	16,8	46,6
830	10.08.16 06:04:49	4,40	3,59	26,4	16,4	47,2
831	10.08.16 06:04:50	4,40	3,56	27,7	16,6	45,7
832	10.08.16 06:04:51	4,36	3,54	26,8	17,6	45,6
833	10.08.16 06:04:52	4,36	3,51	27,4	18,3	44,2
834	10.08.16 06:04:53	4,36	3,49	28,1	18,5	43,4
835	10.08.16 06:04:54	4,36	3,47	28,9	17,0	44,1
836	10.08.16 06:04:55	4,36	3,42	31,9	15,6	42,6
837	10.08.16 06:04:56	4,36	3,40	29,6	15,5	44,9
838	10.08.16 06:04:57	4,36	3,42	27,8	19,3	42,9
839	10.08.16 06:04:58	4,36	3,37	32,2	15,3	42,5
840	10.08.16 06:04:59	4,36	3,33	29,9	16,6	43,5
841	10.08.16 06:05:00	4,36	3,30	31,1	17,0	41,9
842	10.08.16 06:05:01	4,36	3,28	31,9	18,0	40,1
843	10.08.16 06:05:02	4,36	3,23	31,6	19,1	39,2
844	10.08.16 06:05:03	4,36	3,21	33,2	17,1	39,8
845	10.08.16 06:05:04	4,33	3,16	33,4	16,8	39,8
846	10.08.16 06:05:05	4,33	3,14	32,6	18,6	38,8
847	10.08.16 06:05:06	4,33	3,11	32,6	20,0	37,5
848	10.08.16 06:05:07	4,33	3,07	33,7	18,5	37,8
849	10.08.16 06:05:08	4,33	3,02	34,6	18,0	37,4
850	10.08.16 06:05:09	4,33	2,97	34,9	18,6	36,5
851	10.08.16 06:05:10	4,33	2,95	34,0	19,0	37,1
852	10.08.16 06:05:11	4,33	2,88	32,9	18,2	38,9
853	10.08.16 06:05:12	4,33	2,83	32,0	18,3	39,6
854	10.08.16 06:05:13	4,33	2,81	35,1	17,0	37,9
855	10.08.16 06:05:14	4,33	2,74	35,6	17,7	36,8
856	10.08.16 06:05:15	4,33	2,69	33,7	16,0	40,3
857	10.08.16 06:05:16	4,33	2,64	34,0	18,0	38,0
858	10.08.16 06:05:17	4,33	2,60	35,5	16,0	38,5
859	10.08.16 06:05:18	4,33	2,55	32,5	14,5	43,0
860	10.08.16 06:05:19	4,33	2,48	33,3	14,8	42,0
861	10.08.16 06:05:20	4,33	2,50	44,5	16,9	28,6
862	10.08.16 06:05:21	4,33	2,53	50,9	7,7	31,4
863	10.08.16 06:05:22	4,33	2,57	50,6	5,0	34,3
864	10.08.16 06:05:23	4,33	2,57	54,5	4,4	31,1
865	10.08.16 06:05:24	4,33	2,55	53,5	6,8	29,7
866	10.08.16 06:05:25	4,33	2,53	51,6	6,3	32,0
867	10.08.16 06:05:26	4,33	2,53	51,3	3,2	35,5
868	10.08.16 06:05:27	4,36	2,51	51,7	2,2	36,2
869	10.08.16 06:05:28	4,36	2,48	52,4	2,8	34,8
870	10.08.16 06:05:29	4,36	2,46	51,7	1,9	36,4
871	10.08.16 06:05:30	4,40	2,44	48,5	0,6	40,8
872	10.08.16 06:05:31	4,40	2,39	49,2	-0,5	40,4
873	10.08.16 06:05:32	4,40	2,37	48,0	-1,1	40,8
874	10.08.16 06:05:33	4,44	2,35	44,2	-1,8	44,0
875	10.08.16 06:05:34	4,44	2,35	45,3	-2,6	42,1
876	10.08.16 06:05:35	4,44	2,30	42,0	-4,4	43,6
877	10.08.16 06:05:36	4,47	2,28	37,4	-5,1	47,5
878	10.08.16 06:05:37	4,47	2,26	37,0	-6,5	46,5
879	10.08.16 06:05:38	4,51	2,21	39,2	-6,4	44,4
880	10.08.16 06:05:39	4,51	2,19	36,7	-6,1	47,2
881	10.08.16 06:05:40	4,55	2,15	34,3	-6,8	48,9
882	10.08.16 06:05:41	4,58	2,13	32,8	-4,8	52,4
883	10.08.16 06:05:42	4,62	2,03	32,3	-5,0	52,8
884	10.08.16 06:05:43	4,66	1,99	32,2	-3,8	54,0
885	10.08.16 06:05:44	4,73	1,95	33,2	-4,8	52,0
886	10.08.16 06:05:45	4,77	1,90	32,0	-4,9	53,1
887	10.08.16 06:05:46	4,80	1,88	34,4	-3,5	52,1
888	10.08.16 06:05:47	4,87	1,82	34,2	0,1	55,7
889	10.08.16 06:05:48	4,91	1,80	45,1	-0,6	44,2
890	10.08.16 06:05:49	4,95	1,80	46,4	-0,2	43,4
891	10.08.16 06:05:50	4,98	1,78	41,6	0,9	47,5
892	10.08.16 06:05:51	5,02	1,71	41,3	2,3	46,4
893	10.08.16 06:05:52	5,06	1,69	38,8	3,7	47,5
894	10.08.16 06:05:53	5,09	1,65	39,5	5,7	44,8
895	10.08.16 06:05:54	5,09	1,63	43,8	5,0	41,1
896	10.08.16 06:05:55	5,13	1,63	44,4	4,6	41,0
897	10.08.16 06:05:56	5,13	1,58	42,7	4,6	42,7
898	10.08.16 06:05:57	5,16	1,58	43,2	4,4	42,4
899	10.08.16 06:05:58	5,20	1,56	43,6	4,1	42,3
900	10.08.16 06:05:59	5,24	1,57	42,2	4,9	42,9
901	10.08.16 06:06:00	5,27	1,52	42,1	5,4	42,5
902	10.08.16 06:06:01	5,31	1,50	42,2	5,8	42,1
903	10.08.16 06:06:02	5,34	1,48	30,6	9,0	50,4
904	10.08.16 06:06:03	5,38	1,41	26,8	13,1	50,1
905	10.08.16 06:06:04	5,42	1,37	22,5	13,7	53,9
906	10.08.16 06:06:05	5,49	1,33	27,2	12,8	50,0
907	10.08.16 06:06:06	5,52	1,31	27,1	12,9	50,0
908	10.08.16 06:06:07	5,56	1,26	25,2	12,6	52,2
909	10.08.16 06:06:08	5,63	1,24	26,2	17,6	46,3
910	10.08.16 06:06:09	5,67	1,25	26,3	18,3	45,5
911	10.08.16 06:06:10	5,74	1,23	27,1	16,4	46,5
912	10.08.16 06:06:11	5,77	1,21	29,4	12,6	48,0
913	10.08.16 06:06:12	5,81	1,19	30,5	10,6	48,9
914	10.08.16 06:06:13	5,88	1,19	26,4	15,1	48,6
915	10.08.16 06:06:14	5,92	1,15	25,7	15,7	48,6
916	10.08.16 06:06:15	5,95	1,13	28,6	15,6	45,8
917	10.08.16 06:06:16	5,99	1,13	31,6	12,7	45,7
918	10.08.16 06:06:17	6,02	1,11	32,8	15,2	42,0
919	10.08.16 06:06:18	6,06	1,09	34,2	12,6	43,2
920	10.08.16 06:06:19	6,09	1,07	34,7	11,7	43,6
921	10.08.16 06:06:20	6,13	1,03	32,6	10,4	47,1
922	10.08.16 06:06:21	6,20	1,03	32,5	7,6	49,9
923	10.08.16 06:06:22	6,20	0,96	36,2	8,2	45,6
924	10.08.16 06:06:23	6,24	0,96	35,4	8,3	46,3
925	10.08.16 06:06:24	6,27	0,94	36,6	8,2	45,2
926	10.08.16 06:06:25	6,31	0,95	36,3	7,9	45,8
927	10.08.16 06:06:26	6,34	0,93	39,3	7,1	43,5
928	10.08.16 06:06:27	6,34	0,90	37,9	6,9	45,2
929	10.08.16 06:06:28	6,38	0,88	38,6	3,3	48,1
930	10.08.16 06:06:29	6,38	0,83	40,0	5,0	45,0
931	10.08.16 06:06:30	6,41	0,84	36,4	5,6	48,0
932	10.08.16 06:06:31	6,45	0,82	33,7	8,4	48,0
933	10.08.16 06:06:32	6,48	0,80	30,8	9,0	50,2
934	10.08.16 06:06:33	6,52	0,77	32,9	6,6	50,5
935	10.08.16 06:06:34	6,55	0,75	31,1	6,8	52,1
936	10.08.16 06:06:35	6,59	0,73	33,8	8,0	48,2
937	10.08.16 06:06:36	6,62	0,74	33,7	8,0	48,3
938	10.08.16 06:06:37	6,66	0,69	32,7	8,5	48,8
939	10.08.16 06:06:38	6,73	0,67	33,4	10,6	46,0
940	10.08.16 06:06:39	6,76	0,63	35,4	9,8	44,7
941	10.08.16 06:06:40	6,80	0,63	36,4	8,5	45,1
942	10.08.16 06:06:41	6,83	0,61	34,3	4,5	51,2
943	10.08.16 06:06:42	6,87	0,57	34,3	2,4	53,4
944	10.08.16 06:06:43	6,90	0,55	34,8	1,5	53,7
945	10.08.16 06:06:44	6,94	0,53	34,2	0,4	55,5
946	10.08.16 06:06:45	6,97	0,48	29,0	-2,7	58,3
947	10.08.16 06:06:46	7,04	0,42	25,2	-5,5	59,3
948	10.08.16 06:06:47	7,14	0,42	25,0	-4,8	60,2
949	10.08.16 06:06:48	7,25	0,40	21,0	-7,0	62,0
950	10.08.16 06:06:49	7,39	0,35	20,6	-7,7	61,7
951	10.08.16 06:06:50	7,52	0,35	22,9	-8,0	59,0
952	10.08.16 06:06:51	7,70	0,31	20,2	-9,5	60,2
953	10.08.16 06:06:52	7,76	0,31	22,6	-10,5	56,9
954	10.08.16 06:06:53	7,87	0,26	14,1	-11,6	64,3
955	10.08.16 06:06:54	7,97	0,21	20,6	-11,7	57,7
956	10.08.16 06:06:55	8,07	0,24	22,9	-10,9	56,2
957	10.08.16 06:06:56	8,17	0,21	25,8	-9,7	54,5
958	10.08.16 06:06:57	8,24	0,19	33,8	-7,0	49,2
959	10.08.16 06:06:58	8,34	0,19	35,3	-3,3	51,4
960	10.08.16 06:06:59	8,41	0,14	37,3	4,4	48,2
961	10.08.16 06:07:00	8,48	0,10	35,6	0,2	54,1
962	10.08.16 06:07:01	8,51	0,05	35,0	0,0	55,0
963	10.08.16 06:07:02	8,58	0,05	31,0	0,3	58,6
964	10.08.16 06:07:03	8,65	0,02	27,5	0,1	62,4
965	10.08.16 06:07:04	8,68	0,00	33,0	2,4	54,6
966	10.08.16 06:07:05	8,71	0,00	27,9	2,1	60,1
967	10.08.16 06:07:06	8,75	0,00	21,7	1,3	66,9
968	10.08.16 06:07:07	8,78	0,00	21,4	-0,2	68,3
969	10.08.16 06:07:08	8,85	0,00	21,7	-3,4	64,9
970	10.08.16 06:07:09	8,95	0,00	20,5	-10,3	59,2
971	10.08.16 06:07:10	9,05	0,00	23,1	-7,7	59,2
972	10.08.16 06:07:11	9,12	0,00	22,9	-7,7	59,4
973	10.08.16 06:07:12	9,18	0,00	27,8	-3,9	58,3
974	10.08.16 06:07:13	9,28	0,00	18,4	-10,3	61,4
975	10.08.16 06:07:14	9,35	0,00	9,1	-6,3	74,7
976	10.08.16 06:07:15	9,38	0,00	33,2	1,5	55,3
977	10.08.16 06:07:16	9,48	0,00	36,1	1,6	52,2
978	10.08.16 06:07:17	9,55	0,00	33,4	-0,3	56,4
979	10.08.16 06:07:18	9,58	0,00	27,0	1,8	61,1
980	10.08.16 06:07:19	9,62	0,00	28,4	3,2	58,4
981	10.08.16 06:07:20	9,68	0,00	31,6	9,4	49,0
982	10.08.16 06:07:21	9,68	0,00	30,5	4,3	55,2
983	10.08.16 06:07:22	9,72	0,00	28,5	7,0	54,5
984	10.08.16 06:07:23	9,78	0,00	31,6	10,6	47,8
985	10.08.16 06:07:24	9,81	0,00	27,7	10,5	51,8
986	10.08.16 06:07:25	9,88	0,00	32,1	7,9	50,0
987	10.08.16 06:07:26	9,95	0,00	22,8	1,0	66,2
988	10.08.16 06:07:27	9,98	0,00	20,1	-1,7	68,2
989	10.08.16 06:07:28	10,04	0,00	19,9	-3,4	66,7
990	10.08.16 06:07:29	10,11	0,00	21,3	-7,7	60,9
991	10.08.16 06:07:30	10,14	0,00	19,4	-3,2	67,3
992	10.08.16 06:07:31	10,24	0,00	24,9	0,1	64,9
993	10.08.16 06:07:32	10,31	0,00	19,9	-2,3	67,8
994	10.08.16 06:07:33	10,37	0,00	20,1	-7,1	62,8
995	10.08.16 06:07:34	10,41	0,00	21,2	-5,2	63,6
996	10.08.16 06:07:35	10,47	0,00	21,9	-3,0	65,1
997	10.08.16 06:07:36	10,54	0,00	19,1	6,1	64,8
998	10.08.16 06:07:37	10,60	0,00	22,2	5,0	62,9
999	10.08.16 06:07:38	10,67	0,00	26,4	2,5	61,1
1000	10.08.16 06:07:39	10,70	0,00	31,2	6,7	52,1
1001	10.08.16 06:07:40	10,80	0,00	25,2	5,3	59,5
1002	10.08.16 06:07:41	10,83	0,00	33,0	2,3	54,7
1003	10.08.16 06:07:42	10,86	0,00	29,2	6,3	54,5
1004	10.08.16 06:07:43	10,89	0,00	31,4	3,0	55,5
1005	10.08.16 06:07:44	10,89	0,00	32,9	2,6	54,4
1006	10.08.16 06:07:45	10,89	0,00	29,6	1,9	58,4
1007	10.08.16 06:07:46	10,93	0,00	19,8	5,3	64,9
1008	10.08.16 06:07:47	10,93	0,00	22,9	-4,2	62,9
1009	10.08.16 06:07:48	10,96	0,00	24,5	-3,2	62,3
1010	10.08.16 06:07:49	10,99	0,00	14,1	4,0	71,9
1011	10.08.16 06:07:50	11,02	0,00	24,6	2,1	63,3
1012	10.08.16 06:07:51	11,09	0,00	27,3	3,7	59,0
1013	10.08.16 06:07:52	11,15	0,00	19,5	-1,6	68,9
1014	10.08.16 06:07:53	11,22	0,00	8,5	-20,6	60,9
1015	10.08.16 06:07:54	11,25	0,00	18,7	-13,3	58,1
1016	10.08.16 06:07:55	11,28	0,00	10,4	-24,2	55,4
1017	10.08.16 06:07:56	11,31	0,00	27,6	-12,3	50,1
1018	10.08.16 06:07:57	11,38	0,00	18,0	-18,1	53,9
1019	10.08.16 06:07:58	11,44	0,00	20,1	-9,7	60,2
1020	10.08.16 06:07:59	11,47	0,00	20,3	-18,3	51,4
1021	10.08.16 06:08:00	11,51	0,00	51,6	-9,8	28,6
1022	10.08.16 06:08:01	11,51	0,00	69,4	-6,7	13,9
1023	10.08.16 06:08:02	11,44	0,00	70,9	14,0	-5,1
1024	10.08.16 06:08:03	11,35	0,00	39,8	1,9	-48,2
1025	10.08.16 06:08:04	11,22	0,00	31,4	-8,8	-49,8
1026	10.08.16 06:08:05	11,12	0,00	30,2	-9,7	-50,0
1027	10.08.16 06:08:06	11,02	0,00	28,7	-12,4	-48,9
1028	10.08.16 06:08:07	10,96	0,00	27,7	-10,8	-51,5
1029	10.08.16 06:08:08	10,93	0,00	29,2	-10,4	-50,5
1030	10.08.16 06:08:09	10,89	0,00	30,2	-11,7	-48,0
1031	10.08.16 06:08:10	10,86	0,00	36,9	-3,2	-49,9
1032	10.08.16 06:08:11	10,80	0,00	38,9	7,0	-44,1
1033	10.08.16 06:08:12	10,76	0,00	28,5	-11,9	-49,6
1034	10.08.16 06:08:13	10,73	0,00	58,8	-15,2	16,1
1035	10.08.16 06:08:14	10,70	0,00	43,3	-31,3	15,4
1036	10.08.16 06:08:15	10,63	0,00	41,8	-17,3	30,9
1037	10.08.16 06:08:16	10,57	0,00	49,2	-11,2	29,6
1038	10.08.16 06:08:17	10,50	0,00	47,5	-20,7	21,9
1039	10.08.16 06:08:18	10,44	0,00	46,6	-20,9	22,5
1040	10.08.16 06:08:19	10,41	0,00	43,1	-43,5	3,5
1041	10.08.16 06:08:20	10,37	0,00	39,0	-39,6	11,4
1042	10.08.16 06:08:21	10,34	0,00	38,4	-31,3	20,3
1043	10.08.16 06:08:22	10,27	0,00	31,9	-38,7	19,5
1044	10.08.16 06:08:23	10,24	0,00	50,3	-26,3	13,4
1045	10.08.16 06:08:24	10,21	0,00	71,6	-1,9	16,5
1046	10.08.16 06:08:25	10,18	0,00	73,1	1,5	15,4
1047	10.08.16 06:08:26	10,14	0,00	56,1	-27,9	-5,9
1048	10.08.16 06:08:27	10,11	0,00	-26,7	4,3	-59,0
1049	10.08.16 06:08:28	10,11	0,00	-28,1	-2,0	-60,0
1050	10.08.16 06:08:29	10,08	0,00	-24,8	-3,6	-61,6
1051	10.08.16 06:08:30	10,08	0,00	-23,7	-3,9	-62,4
1052	10.08.16 06:08:31	10,08	0,00	-21,6	-4,0	-64,4
1053	10.08.16 06:08:32	10,04	0,00	-14,7	-4,1	-71,2
1054	10.08.16 06:08:33	10,04	0,00	-21,1	-5,1	-63,8
1055	10.08.16 06:08:34	10,04	0,00	-23,7	0,8	-65,5
1056	10.08.16 06:08:35	10,04	0,00	-22,9	-0,5	-66,6
1057	10.08.16 06:08:36	10,04	0,00	-23,1	1,3	-65,5
1058	10.08.16 06:08:37	10,04	0,00	-22,2	1,3	-66,5
1059	10.08.16 06:08:38	10,01	0,00	-24,2	1,8	-64,0
1060	10.08.16 06:08:39	10,01	0,00	-28,5	-0,1	-61,4
1061	10.08.16 06:08:40	10,01	0,00	-26,9	-1,2	-61,9
1062	10.08.16 06:08:41	10,01	0,00	-65,4	-5,8	-18,8
1063	10.08.16 06:08:42	10,04	0,00	-65,2	-6,2	-18,6
1064	10.08.16 06:08:43	10,08	0,00	-65,3	-6,1	-18,6
1065	10.08.16 06:08:44	10,08	0,00	-67,4	-14,2	-8,4
1066	10.08.16 06:08:45	10,11	0,00	-3,0	-85,7	1,2
1067	10.08.16 06:08:46	10,08	0,00	-3,4	-85,6	0,9
1068	10.08.16 06:08:47	10,08	0,00	-2,8	-85,6	1,6
1069	10.08.16 06:08:48	10,08	0,00	-2,9	-83,2	3,8
1070	10.08.16 06:08:49	10,08	0,00	-3,2	-81,3	5,5
1071	10.08.16 06:08:50	10,08	0,00	-2,4	-81,5	6,1
1072	10.08.16 06:08:51	10,04	0,00	-2,9	-80,3	6,8
1073	10.08.16 06:08:52	10,04	0,00	-2,8	-79,1	8,0
1074	10.08.16 06:08:53	10,04	0,00	-2,4	-78,9	8,8
1075	10.08.16 06:08:54	10,04	0,00	6,5	-65,5	17,9
1076	10.08.16 06:08:55	10,04	0,00	3,1	-78,6	8,3
1077	10.08.16 06:08:56	10,04	0,00	2,9	-78,8	8,3
1078	10.08.16 06:08:57	10,04	0,00	3,4	-78,3	8,3
1079	10.08.16 06:08:58	10,04	0,00	3,0	-78,8	8,2
1080	10.08.16 06:08:59	10,04	0,00	3,0	-78,6	8,4
1081	10.08.16 06:09:00	10,04	0,00	3,7	-77,4	8,9
1082	10.08.16 06:09:01	10,04	0,00	3,5	-78,1	8,4
1083	10.08.16 06:09:02	10,04	0,00	2,8	-79,1	8,1
1084	10.08.16 06:09:03	10,04	0,00	3,4	-78,6	7,9
1085	10.08.16 06:09:04	10,04	0,00	3,0	-78,6	8,4
1086	10.08.16 06:09:05	10,04	0,00	3,3	-78,2	8,5
1087	10.08.16 06:09:06	10,04	0,00	3,4	-78,6	7,9
1088	10.08.16 06:09:07	10,08	0,00	3,3	-78,4	8,3
1089	10.08.16 06:09:08	10,08	0,00	3,6	-77,8	8,6
1090	10.08.16 06:09:09	10,08	0,00	3,7	-78,0	8,3
1091	10.08.16 06:09:10	10,08	0,00	3,0	-78,6	8,4
1092	10.08.16 06:09:11	10,08	0,00	3,5	-78,9	7,6
1093	10.08.16 06:09:12	10,08	0,00	3,1	-78,6	8,3
1094	10.08.16 06:09:13	10,11	0,00	3,2	-78,2	8,6
1095	10.08.16 06:09:14	10,11	0,00	3,9	-77,4	8,7
1096	10.08.16 06:09:15	10,11	0,00	3,2	-78,3	8,5
1097	10.08.16 06:09:16	10,11	0,00	3,0	-78,6	8,4
1098	10.08.16 06:09:17	10,11	0,00	3,1	-79,2	7,8
1099	10.08.16 06:09:18	10,11	0,00	2,3	-79,6	8,1
1100	10.08.16 06:09:19	10,14	0,00	2,9	-79,6	7,5
1101	10.08.16 06:09:20	10,14	0,00	3,2	-78,6	8,2
1102	10.08.16 06:09:21	10,14	0,00	3,1	-78,4	8,5
1103	10.08.16 06:09:22	10,14	0,00	3,3	-78,3	8,4
1104	10.08.16 06:09:23	10,14	0,00	2,6	-80,6	6,8
1105	10.08.16 06:09:24	10,18	0,00	1,1	-82,5	6,3
1106	10.08.16 06:09:25	10,18	0,00	0,2	-85,2	4,6
1107	10.08.16 06:09:26	10,18	0,00	-0,4	-85,9	3,7
1108	10.08.16 06:09:27	10,18	0,00	-0,4	-85,5	4,1
1109	10.08.16 06:09:28	10,21	0,00	-0,6	-86,0	3,4
1110	10.08.16 06:09:29	10,21	0,00	-0,7	-85,9	3,3
1111	10.08.16 06:09:30	10,21	0,00	-1,2	-86,5	2,3
1112	10.08.16 06:09:31	10,24	0,00	-1,0	-86,1	3,0
1113	10.08.16 06:09:32	10,24	0,00	-1,0	-86,9	2,1
1114	10.08.16 06:09:33	10,24	0,00	-1,7	-87,2	1,1
1115	10.08.16 06:09:34	10,27	0,00	-3,5	-86,4	0,1
1116	10.08.16 06:09:35	10,27	0,00	-4,8	-83,5	-1,6
1117	10.08.16 06:09:36	10,27	0,00	-7,1	-79,3	-3,6
1118	10.08.16 06:09:37	10,27	0,00	-9,9	-76,4	3,7
1119	10.08.16 06:09:38	10,27	0,00	-12,4	-72,4	-5,1
1120	10.08.16 06:09:39	10,31	0,00	-9,5	-77,7	-2,8
1121	10.08.16 06:09:40	10,31	0,00	-8,1	-81,4	-0,5
1122	10.08.16 06:09:41	10,34	0,00	-5,4	-84,4	0,2
1123	10.08.16 06:09:42	10,34	0,00	-0,2	-87,6	2,2
1124	10.08.16 06:09:43	10,34	0,00	1,2	-84,5	4,3
1125	10.08.16 06:09:44	10,37	0,00	2,8	-83,1	4,1
1126	10.08.16 06:09:45	10,37	0,00	1,6	-84,8	3,6
1127	10.08.16 06:09:46	10,41	0,00	-1,4	-86,3	2,3
1128	10.08.16 06:09:47	10,41	0,00	-5,1	-84,9	0,0
1129	10.08.16 06:09:48	10,41	0,00	-9,4	-79,2	-1,4
1130	10.08.16 06:09:49	10,41	0,00	-10,6	-76,4	-3,0
1131	10.08.16 06:09:50	10,41	0,00	-9,5	-77,8	-2,7
1132	10.08.16 06:09:51	10,44	0,00	-7,0	-81,3	-1,7
1133	10.08.16 06:09:52	10,44	0,00	-3,9	-84,9	1,2
1134	10.08.16 06:09:53	10,44	0,00	-0,4	-86,5	3,1
1135	10.08.16 06:09:54	10,47	0,00	2,6	-82,2	5,2
1136	10.08.16 06:09:55	10,47	0,00	3,7	-80,9	5,4
1137	10.08.16 06:09:56	10,47	0,00	3,9	-80,8	5,3
1138	10.08.16 06:09:57	10,50	0,00	2,7	-82,7	4,6
1139	10.08.16 06:09:58	10,50	0,00	1,4	-84,7	3,9
1140	10.08.16 06:09:59	10,54	0,00	-0,3	-87,2	2,5
1141	10.08.16 06:10:00	10,54	0,00	-2,8	-85,8	1,4
1142	10.08.16 06:10:01	10,54	0,00	-4,7	-85,1	0,1
1143	10.08.16 06:10:02	10,57	0,00	-5,8	-83,3	-0,9
1144	10.08.16 06:10:03	10,57	0,00	-6,8	-82,2	-1,0
1145	10.08.16 06:10:04	10,57	0,00	-6,0	-83,3	-0,6
1146	10.08.16 06:10:05	10,57	0,00	-4,5	-84,9	0,6
1147	10.08.16 06:10:06	10,60	0,00	-2,6	-85,9	1,4
1148	10.08.16 06:10:07	10,60	0,00	-1,0	-86,5	2,5
1149	10.08.16 06:10:08	10,60	0,00	1,0	-85,7	3,3
1150	10.08.16 06:10:09	10,63	0,00	1,9	-84,0	4,1
1151	10.08.16 06:10:10	10,63	0,00	1,9	-84,7	3,5
1152	10.08.16 06:10:11	10,63	0,00	1,1	-85,5	3,3
1153	10.08.16 06:10:12	10,67	0,00	-0,6	-87,2	2,1
1154	10.08.16 06:10:13	10,67	0,00	-2,2	-86,5	1,3
1155	10.08.16 06:10:14	10,67	0,00	-3,4	-85,7	0,9
1156	10.08.16 06:10:15	10,70	0,00	-4,2	-85,0	0,8
1157	10.08.16 06:10:16	10,70	0,00	-4,5	-85,2	0,3
1158	10.08.16 06:10:17	10,73	0,00	-3,6	-86,3	-0,1
1159	10.08.16 06:10:18	10,73	0,00	-3,4	-85,7	0,9
1160	10.08.16 06:10:19	10,73	0,00	-3,4	-86,0	0,6
1161	10.08.16 06:10:20	10,76	0,00	-2,7	-86,1	1,2
1162	10.08.16 06:10:21	10,76	0,00	-2,5	-85,6	1,8
1163	10.08.16 06:10:22	10,76	0,00	-1,4	-87,1	1,5
1164	10.08.16 06:10:23	10,80	0,00	-0,7	-86,9	2,4
1165	10.08.16 06:10:24	10,80	0,00	0,4	-86,9	2,8
1166	10.08.16 06:10:25	10,80	0,00	0,2	-86,9	2,8
1167	10.08.16 06:10:26	10,83	0,00	0,4	-87,1	2,5
1168	10.08.16 06:10:27	10,83	0,00	-0,2	-86,6	3,1
1169	10.08.16 06:10:28	10,83	0,00	-1,6	-86,4	2,0
1170	10.08.16 06:10:29	10,86	0,00	-2,8	-85,6	1,6
1171	10.08.16 06:10:30	10,86	0,00	-3,0	-86,3	0,7
1172	10.08.16 06:10:31	10,86	0,00	-3,1	-86,8	0,2
1173	10.08.16 06:10:32	10,89	0,00	-3,9	-85,0	1,1
1174	10.08.16 06:10:33	10,89	0,00	-3,3	-86,3	0,4
1175	10.08.16 06:10:34	10,89	0,00	-2,7	-86,2	1,1
1176	10.08.16 06:10:35	10,93	0,00	-2,6	-85,6	1,8
1177	10.08.16 06:10:36	10,93	0,00	-2,7	-86,4	0,9
1178	10.08.16 06:10:37	10,93	0,00	-2,3	-86,8	0,9
1179	10.08.16 06:10:38	10,93	0,00	-3,1	-85,5	1,5
1180	10.08.16 06:10:39	10,93	0,00	-2,3	-86,2	1,5
1181	10.08.16 06:10:40	10,96	0,00	-1,6	-86,3	2,1
1182	10.08.16 06:10:41	10,96	0,00	-0,6	-86,8	2,6
1183	10.08.16 06:10:42	10,96	0,00	-0,4	-87,1	2,6
1184	10.08.16 06:10:43	10,99	0,00	-0,8	-87,1	2,1
1185	10.08.16 06:10:44	10,99	0,00	-1,3	-87,3	1,4
1186	10.08.16 06:10:45	10,99	0,00	-1,9	-86,5	1,6
1187	10.08.16 06:10:46	11,02	0,00	-2,0	-85,9	2,1
1188	10.08.16 06:10:47	11,02	0,00	-0,9	-87,4	1,7
1189	10.08.16 06:10:48	11,02	0,00	-0,3	-87,4	2,3
1190	10.08.16 06:10:49	11,02	0,00	-1,2	-87,3	1,6
1191	10.08.16 06:10:50	11,06	0,00	-1,8	-87,1	1,1
1192	10.08.16 06:10:51	11,06	0,00	-2,7	-86,4	0,9
1193	10.08.16 06:10:52	11,06	0,00	-3,4	-85,3	1,3
1194	10.08.16 06:10:53	11,09	0,00	-3,3	-85,9	0,8
1195	10.08.16 06:10:54	11,09	0,00	-3,3	-85,6	1,1
1196	10.08.16 06:10:55	11,12	0,00	-3,4	-86,2	0,5
1197	10.08.16 06:10:56	11,12	0,00	-3,5	-86,0	0,5
1198	10.08.16 06:10:57	11,12	0,00	-3,7	-85,2	1,1
1199	10.08.16 06:10:58	11,15	0,00	-2,3	-86,6	1,1
1200	10.08.16 06:10:59	11,15	0,00	-1,2	-86,7	2,1
1201	10.08.16 06:11:00	11,15	0,00	-0,3	-87,7	1,9
1202	10.08.16 06:11:01	11,18	0,00	-0,3	-87,5	2,2
1203	10.08.16 06:11:02	11,18	0,00	-0,5	-87,5	2,0
1204	10.08.16 06:11:03	11,18	0,00	-1,4	-86,4	2,2
1205	10.08.16 06:11:04	11,18	0,00	-1,9	-86,1	2,0
1206	10.08.16 06:11:05	11,22	0,00	-2,2	-86,0	1,8
1207	10.08.16 06:11:06	11,22	0,00	-2,0	-86,6	1,4
1208	10.08.16 06:11:07	11,22	0,00	-1,2	-88,0	0,8
1209	10.08.16 06:11:08	11,25	0,00	-2,4	-86,4	1,1
1210	10.08.16 06:11:09	11,25	0,00	-2,8	-86,5	0,7
1211	10.08.16 06:11:10	11,25	0,00	-2,6	-86,6	0,8
1212	10.08.16 06:11:11	11,28	0,00	-2,9	-85,4	1,6
1213	10.08.16 06:11:12	11,28	0,00	-2,7	-86,0	1,3
1214	10.08.16 06:11:13	11,28	0,00	-1,5	-87,2	1,3
1215	10.08.16 06:11:14	11,31	0,00	-2,1	-86,9	0,9
1216	10.08.16 06:11:15	11,31	0,00	-2,8	-86,3	0,9
1217	10.08.16 06:11:16	11,31	0,00	-3,2	-85,7	1,1
1218	10.08.16 06:11:17	11,35	0,00	-2,9	-86,2	1,0
1219	10.08.16 06:11:18	11,35	0,00	-2,7	-85,7	1,6
1220	10.08.16 06:11:19	11,35	0,00	-1,7	-86,8	1,5
1221	10.08.16 06:11:20	11,35	0,00	-1,2	-87,2	1,6
1222	10.08.16 06:11:21	11,38	0,00	-0,4	-87,8	1,8
1223	10.08.16 06:11:22	11,38	0,00	-0,6	-86,7	2,7
1224	10.08.16 06:11:23	11,38	0,00	-0,6	-86,8	2,6
1225	10.08.16 06:11:24	11,41	0,00	-1,3	-86,9	1,9
1226	10.08.16 06:11:25	11,41	0,00	-1,7	-86,3	2,0
1227	10.08.16 06:11:26	11,41	0,00	-1,6	-86,9	1,5
1228	10.08.16 06:11:27	11,44	0,00	-1,9	-87,1	1,0
1229	10.08.16 06:11:28	11,44	0,00	-2,2	-86,9	0,9
1230	10.08.16 06:11:29	11,44	0,00	-3,0	-86,1	1,0
1231	10.08.16 06:11:30	11,44	0,00	-3,1	-85,7	1,1
1232	10.08.16 06:11:31	11,44	0,00	-3,2	-85,9	0,9
1233	10.08.16 06:11:32	11,47	0,00	-2,9	-86,4	0,6
1234	10.08.16 06:11:33	11,47	0,00	-2,8	-86,6	0,6
1235	10.08.16 06:11:34	11,47	0,00	-3,0	-85,9	1,2
1236	10.08.16 06:11:35	11,47	0,00	-2,8	-86,2	1,0
1237	10.08.16 06:11:36	11,51	0,00	-2,3	-86,0	1,7
1238	10.08.16 06:11:37	11,51	0,00	-1,8	-86,3	1,9
1239	10.08.16 06:11:38	11,51	0,00	-1,0	-87,0	1,9
1240	10.08.16 06:11:39	11,51	0,00	-0,8	-87,1	2,0
1241	10.08.16 06:11:40	11,54	0,00	-0,3	-87,7	2,0
1242	10.08.16 06:11:41	11,54	0,00	-0,1	-87,5	2,5
1243	10.08.16 06:11:42	11,54	0,00	-0,5	-87,2	2,3
1244	10.08.16 06:11:43	11,57	0,00	-0,9	-87,9	1,2
1245	10.08.16 06:11:44	11,57	0,00	-2,4	-87,3	-0,3
1246	10.08.16 06:11:45	11,57	0,00	-4,2	-83,7	-2,1
1247	10.08.16 06:11:46	11,57	0,00	-5,8	-81,7	-2,5
1248	10.08.16 06:11:47	11,60	0,00	-6,3	-81,0	-2,8
1249	10.08.16 06:11:48	11,60	0,00	-5,2	-82,9	-1,9
1250	10.08.16 06:11:49	11,60	0,00	-4,2	-85,0	-0,8
1251	10.08.16 06:11:50	11,63	0,00	-1,9	-87,9	0,2
1252	10.08.16 06:11:51	11,63	0,00	-1,1	-88,5	0,4
1253	10.08.16 06:11:52	11,63	0,00	-1,6	-87,9	0,5
1254	10.08.16 06:11:53	11,67	0,00	-2,5	-86,7	0,8
1255	10.08.16 06:11:54	11,67	0,00	-3,5	-85,8	-0,8
1256	10.08.16 06:11:55	11,70	0,00	-4,0	-85,6	-0,4
1257	10.08.16 06:11:56	11,70	0,00	-4,1	-85,8	-0,2
1258	10.08.16 06:11:57	11,70	0,00	-3,2	-86,1	0,7
1259	10.08.16 06:11:58	11,73	0,00	-2,9	-85,9	1,2
1260	10.08.16 06:11:59	11,73	0,00	-2,9	-85,3	1,8
1261	10.08.16 06:12:00	11,73	0,00	-3,4	-85,4	1,2
1262	10.08.16 06:12:01	11,73	0,00	-3,7	-85,8	0,5
1263	10.08.16 06:12:02	11,76	0,00	-3,8	-84,8	1,5
1264	10.08.16 06:12:03	11,76	0,00	-3,3	-85,0	1,7
1265	10.08.16 06:12:04	11,76	0,00	-2,9	-85,9	1,2
1266	10.08.16 06:12:05	11,76	0,00	-2,8	-85,7	1,5
1267	10.08.16 06:12:06	11,79	0,00	-2,5	-86,0	1,5
1268	10.08.16 06:12:07	11,79	0,00	-2,7	-85,1	2,2
1269	10.08.16 06:12:08	11,79	0,00	-3,3	-85,0	1,7
1270	10.08.16 06:12:09	11,79	0,00	-2,7	-86,8	0,5
1271	10.08.16 06:12:10	11,83	0,00	-3,2	-85,2	1,6
1272	10.08.16 06:12:11	11,83	0,00	-2,4	-85,6	2,1
1273	10.08.16 06:12:12	11,83	0,00	-3,0	-84,5	2,5
1274	10.08.16 06:12:13	11,83	0,00	-0,9	-87,1	2,0
1275	10.08.16 06:12:14	11,83	0,00	-2,8	-86,6	0,7
1276	10.08.16 06:12:15	11,86	0,00	-3,1	-84,3	2,5
1277	10.08.16 06:12:16	11,86	0,00	-3,2	-85,3	1,4
1278	10.08.16 06:12:17	11,86	0,00	-2,2	-86,2	1,6
1279	10.08.16 06:12:18	11,89	0,00	-2,0	-85,5	2,4
1280	10.08.16 06:12:19	11,89	0,00	-2,4	-86,1	1,5
1281	10.08.16 06:12:20	11,89	0,00	-2,2	-85,9	1,8
1282	10.08.16 06:12:21	11,89	0,00	-3,1	-84,7	2,2
1283	10.08.16 06:12:22	11,92	0,00	-2,2	-86,3	1,5
1284	10.08.16 06:12:23	11,92	0,00	-2,6	-85,8	1,6
1285	10.08.16 06:12:24	11,92	0,00	-2,6	-85,6	1,7
1286	10.08.16 06:12:25	11,92	0,00	-2,2	-85,9	1,9
1287	10.08.16 06:12:26	11,95	0,00	-2,7	-85,5	1,8
1288	10.08.16 06:12:27	11,95	0,00	-2,8	-85,4	1,8
1289	10.08.16 06:12:28	11,95	0,00	-1,7	-86,3	2,1
1290	10.08.16 06:12:29	11,95	0,00	-2,0	-86,6	1,4
1291	10.08.16 06:12:30	11,95	0,00	-2,8	-85,4	1,8
1292	10.08.16 06:12:31	11,95	0,00	-3,2	-84,5	2,3
1293	10.08.16 06:12:32	11,99	0,00	-1,4	-87,2	1,4
1294	10.08.16 06:12:33	11,99	0,00	-2,5	-86,0	1,5
1295	10.08.16 06:12:34	11,99	0,00	-2,1	-85,3	2,6
1296	10.08.16 06:12:35	11,99	0,00	-2,4	-85,8	1,7
1297	10.08.16 06:12:36	12,02	0,00	-2,2	-86,1	1,7
1298	10.08.16 06:12:37	12,02	0,00	-2,0	-86,6	1,5
1299	10.08.16 06:12:38	12,02	0,00	-5,9	-81,6	2,5
1300	10.08.16 06:12:39	12,05	0,00	-2,1	-86,7	1,2
1301	10.08.16 06:12:40	12,05	0,00	-1,7	-86,9	1,4
1302	10.08.16 06:12:41	12,05	0,00	-2,5	-86,4	1,1
1303	10.08.16 06:12:42	12,05	0,00	-2,5	-85,8	1,7
1304	10.08.16 06:12:43	12,08	0,00	-2,4	-86,3	1,3
1305	10.08.16 06:12:44	12,08	0,00	-1,6	-87,1	1,3
1306	10.08.16 06:12:45	12,08	0,00	-2,3	-86,7	1,0
1307	10.08.16 06:12:46	12,08	0,00	-3,0	-85,5	1,5
1308	10.08.16 06:12:47	12,08	0,00	-1,6	-86,3	2,1
1309	10.08.16 06:12:48	12,11	0,00	-1,9	-87,8	0,3
1310	10.08.16 06:12:49	12,11	0,00	-2,6	-85,9	1,5
1311	10.08.16 06:12:50	12,11	0,00	-2,0	-86,1	1,9
1312	10.08.16 06:12:51	12,11	0,00	-2,4	-86,5	1,1
1313	10.08.16 06:12:52	12,11	0,00	-1,9	-86,7	1,4
1314	10.08.16 06:12:53	12,15	0,00	-2,2	-86,8	1,0
1315	10.08.16 06:12:54	12,15	0,00	-2,9	-85,4	1,6
1316	10.08.16 06:12:55	12,15	0,00	-1,6	-86,4	2,1
1317	10.08.16 06:12:56	12,15	0,00	-1,6	-86,9	1,5
1318	10.08.16 06:12:57	12,18	0,00	-2,2	-87,1	0,7
1319	10.08.16 06:12:58	12,18	0,00	-3,3	-85,1	1,6
1320	10.08.16 06:12:59	12,18	0,00	-1,6	-86,8	1,6
1321	10.08.16 06:13:00	12,18	0,00	-2,3	-87,0	0,7
1322	10.08.16 06:13:01	12,21	0,00	-2,5	-85,7	1,8
1323	10.08.16 06:13:02	12,21	0,00	-1,5	-86,5	2,0
1324	10.08.16 06:13:03	12,21	0,00	-2,2	-86,4	1,4
1325	10.08.16 06:13:04	12,21	0,00	-2,2	-86,3	1,5
1326	10.08.16 06:13:05	12,21	0,00	-2,6	-86,4	0,9
1327	10.08.16 06:13:06	12,24	0,00	-2,1	-86,7	1,1
1328	10.08.16 06:13:07	12,24	0,00	-2,7	-86,0	1,3
1329	10.08.16 06:13:08	12,24	0,00	-1,9	-86,4	1,8
1330	10.08.16 06:13:09	12,24	0,00	-1,8	-86,2	1,9
1331	10.08.16 06:13:10	12,27	0,00	-2,0	-87,2	0,8
1332	10.08.16 06:13:11	12,27	0,00	-2,7	-86,1	1,2
1333	10.08.16 06:13:12	12,27	0,00	-2,8	-85,5	1,7
1334	10.08.16 06:13:13	12,27	0,00	-1,2	-87,4	1,3
1335	10.08.16 06:13:14	12,30	0,00	-2,1	-86,7	1,2
1336	10.08.16 06:13:15	12,30	0,00	-3,0	-85,7	1,3
1337	10.08.16 06:13:16	12,30	0,00	-2,0	-86,2	1,8
1338	10.08.16 06:13:17	12,30	0,00	-1,6	-86,9	1,5
1339	10.08.16 06:13:18	12,30	0,00	-2,5	-86,1	1,4
1340	10.08.16 06:13:19	12,34	0,00	-1,4	-87,1	1,5
1341	10.08.16 06:13:20	12,34	0,00	-3,2	-86,1	0,7
1342	10.08.16 06:13:21	12,34	0,00	-2,9	-86,0	1,2
1343	10.08.16 06:13:22	12,34	0,00	-1,1	-86,7	2,2
1344	10.08.16 06:13:23	12,34	0,00	-1,5	-86,8	1,7
1345	10.08.16 06:13:24	12,37	0,00	-2,5	-85,9	1,6
1346	10.08.16 06:13:25	12,37	0,00	-1,8	-86,8	1,4
1347	10.08.16 06:13:26	12,37	0,00	-3,4	-86,0	0,6
1348	10.08.16 06:13:27	12,37	0,00	-2,0	-86,9	1,1
1349	10.08.16 06:13:28	12,40	0,00	-2,1	-86,3	1,6
1350	10.08.16 06:13:29	12,40	0,00	-1,8	-86,2	2,0
1351	10.08.16 06:13:30	12,40	0,00	-1,5	-86,9	1,6
1352	10.08.16 06:13:31	12,40	0,00	-2,6	-86,2	1,3
1353	10.08.16 06:13:32	12,43	0,00	-2,9	-86,1	1,1
1354	10.08.16 06:13:33	12,43	0,00	-2,1	-87,2	0,7
1355	10.08.16 06:13:34	12,43	0,00	-2,6	-85,7	1,7
1356	10.08.16 06:13:35	12,43	0,00	-1,9	-86,5	1,5
1357	10.08.16 06:13:36	12,46	0,00	-1,7	-86,8	1,5
1358	10.08.16 06:13:37	12,46	0,00	-2,2	-85,8	2,0
1359	10.08.16 06:13:38	12,46	0,00	-2,3	-86,6	1,2
1360	10.08.16 06:13:39	12,46	0,00	-2,1	-87,0	0,9
1361	10.08.16 06:13:40	12,46	0,00	-2,9	-85,9	1,1
1362	10.08.16 06:13:41	12,49	0,00	-2,4	-85,9	1,7
1363	10.08.16 06:13:42	12,49	0,00	-0,9	-87,9	1,2
1364	10.08.16 06:13:43	12,49	0,00	-2,9	-85,2	1,9
1365	10.08.16 06:13:44	12,49	0,00	-2,1	-86,0	1,9
1366	10.08.16 06:13:45	12,49	0,00	-0,9	-88,4	0,7
1367	10.08.16 06:13:46	12,53	0,00	-3,5	-85,1	1,4
1368	10.08.16 06:13:47	12,53	0,00	-2,6	-85,3	2,1
1369	10.08.16 06:13:48	12,53	0,00	-0,8	-88,8	0,4
1370	10.08.16 06:13:49	12,53	0,00	-2,9	-85,6	1,5
1371	10.08.16 06:13:50	12,53	0,00	-2,3	-85,3	2,4
1372	10.08.16 06:13:51	12,56	0,00	-1,3	-87,6	1,2
1373	10.08.16 06:13:52	12,56	0,00	-2,3	-86,2	1,4
1374	10.08.16 06:13:53	12,56	0,00	-2,2	-86,5	1,2
1375	10.08.16 06:13:54	12,56	0,00	-2,4	-86,6	1,0
1376	10.08.16 06:13:55	12,59	0,00	-2,4	-86,2	1,3
1377	10.08.16 06:13:56	12,59	0,00	-2,6	-86,2	1,3
1378	10.08.16 06:13:57	12,59	0,00	-1,5	-86,6	1,9
1379	10.08.16 06:13:58	12,59	0,00	-1,3	-87,1	1,6
1380	10.08.16 06:13:59	12,59	0,00	-3,3	-85,6	1,1
1381	10.08.16 06:14:00	12,59	0,00	-2,4	-86,7	1,0
1382	10.08.16 06:14:01	12,62	0,00	-1,6	-87,4	1,0
1383	10.08.16 06:14:02	12,62	0,00	-3,4	-85,7	0,9
1384	10.08.16 06:14:03	12,62	0,00	-2,2	-85,4	2,4
1385	10.08.16 06:14:04	12,62	0,00	-0,8	-88,2	1,0
1386	10.08.16 06:14:05	12,65	0,00	-1,9	-86,4	1,6
1387	10.08.16 06:14:06	12,65	0,00	-3,5	-85,1	1,4
1388	10.08.16 06:14:07	12,65	0,00	-2,1	-86,8	1,1
1389	10.08.16 06:14:08	12,65	0,00	-2,2	-87,0	0,7
1390	10.08.16 06:14:09	12,65	0,00	-2,7	-86,0	1,3
1391	10.08.16 06:14:10	12,68	0,00	-1,2	-87,2	1,6
1392	10.08.16 06:14:11	12,68	0,00	-3,0	-85,4	1,6
1393	10.08.16 06:14:12	12,68	0,00	-1,7	-86,4	1,8
1394	10.08.16 06:14:13	12,68	0,00	-1,7	-87,6	0,7
1395	10.08.16 06:14:14	12,68	0,00	-2,9	-86,1	1,1
1396	10.08.16 06:14:15	12,72	0,00	-2,9	-85,6	1,6
1397	10.08.16 06:14:16	12,72	0,00	-2,2	-86,9	1,0
1398	10.08.16 06:14:17	12,72	0,00	-1,4	-87,4	1,2
1399	10.08.16 06:14:18	12,72	0,00	-2,6	-85,1	2,3
1400	10.08.16 06:14:19	12,72	0,00	-1,9	-86,7	1,5
1401	10.08.16 06:14:20	12,72	0,00	-1,8	-87,5	0,6
1402	10.08.16 06:14:21	12,75	0,00	-3,0	-85,6	1,4
1403	10.08.16 06:14:22	12,75	0,00	-2,4	-85,9	1,7
1404	10.08.16 06:14:23	12,75	0,00	-1,6	-87,1	1,3
1405	10.08.16 06:14:24	12,75	0,00	-1,7	-86,7	1,6
1406	10.08.16 06:14:25	12,78	0,00	-2,3	-86,3	1,4
1407	10.08.16 06:14:26	12,78	0,00	-2,2	-86,4	1,4
1408	10.08.16 06:14:27	12,78	0,00	-3,1	-86,0	1,0
1409	10.08.16 06:14:28	12,78	0,00	-1,5	-87,1	1,3
1410	10.08.16 06:14:29	12,78	0,00	-2,0	-86,9	1,2
1411	10.08.16 06:14:30	12,78	0,00	-3,1	-85,2	1,7
1412	10.08.16 06:14:31	12,81	0,00	-1,5	-86,8	1,7
1413	10.08.16 06:14:32	12,81	0,00	-1,9	-86,9	1,2
1414	10.08.16 06:14:33	12,81	0,00	-2,3	-86,3	1,4
1415	10.08.16 06:14:34	12,81	0,00	-2,3	-86,5	1,2
1416	10.08.16 06:14:35	12,81	0,00	-2,1	-86,1	1,8
1417	10.08.16 06:14:36	12,84	0,00	-2,2	-86,8	1,1
1418	10.08.16 06:14:37	12,84	0,00	-2,5	-86,6	0,9
1419	10.08.16 06:14:38	12,84	0,00	-2,0	-86,8	1,3
1420	10.08.16 06:14:39	12,84	0,00	-2,6	-85,6	1,8
1421	10.08.16 06:14:40	12,87	0,00	-1,7	-86,8	1,5
1422	10.08.16 06:14:41	12,87	0,00	-1,5	-87,3	1,2
1423	10.08.16 06:14:42	12,87	0,00	-2,7	-86,0	1,3
1424	10.08.16 06:14:43	12,87	0,00	-3,2	-85,8	1,1
1425	10.08.16 06:14:44	12,87	0,00	-1,4	-87,5	1,1
1426	10.08.16 06:14:45	12,87	0,00	-2,3	-86,4	1,2
1427	10.08.16 06:14:46	12,90	0,00	-2,4	-86,1	1,5
1428	10.08.16 06:14:47	12,90	0,00	-1,5	-86,4	2,0
1429	10.08.16 06:14:48	12,90	0,00	-2,3	-86,9	0,9
1430	10.08.16 06:14:49	12,90	0,00	-2,4	-86,3	1,3
1431	10.08.16 06:14:50	12,90	0,00	-1,7	-86,7	1,6
1432	10.08.16 06:14:51	12,90	0,00	-2,5	-86,3	1,2
1433	10.08.16 06:14:52	12,94	0,00	-1,8	-86,1	2,1
1434	10.08.16 06:14:53	12,94	0,00	-1,5	-87,5	1,0
1435	10.08.16 06:14:54	12,94	0,00	-2,7	-86,1	1,2
1436	10.08.16 06:14:55	12,94	0,00	-3,0	-85,5	1,5
1437	10.08.16 06:14:56	12,97	0,00	-1,3	-88,0	0,7
1438	10.08.16 06:14:57	12,97	0,00	-2,5	-86,1	1,4
1439	10.08.16 06:14:58	12,97	0,00	-2,6	-85,7	1,7
1440	10.08.16 06:14:59	12,97	0,00	-1,2	-87,4	1,4
1441	10.08.16 06:15:00	12,97	0,00	-2,5	-86,6	0,9
1442	10.08.16 06:15:01	12,97	0,00	-2,6	-85,9	1,5
1443	10.08.16 06:15:02	12,97	0,00	-2,5	-86,6	0,9
1444	10.08.16 06:15:03	12,97	0,00	-2,2	-87,3	0,5
1445	10.08.16 06:15:04	13,00	0,00	-2,5	-85,4	2,1
1446	10.08.16 06:15:05	13,00	0,00	-2,0	-86,4	1,7
1447	10.08.16 06:15:06	13,00	0,00	-1,2	-87,7	1,1
1448	10.08.16 06:15:07	13,00	0,00	-2,8	-86,1	1,1
1449	10.08.16 06:15:08	13,03	0,00	-2,9	-85,7	1,4
1450	10.08.16 06:15:09	13,03	0,00	-2,1	-87,6	0,4
1451	10.08.16 06:15:10	13,03	0,00	-2,7	-86,5	0,8
1452	10.08.16 06:15:11	13,03	0,00	-2,0	-86,1	1,9
1453	10.08.16 06:15:12	13,03	0,00	-2,2	-86,4	1,4
1454	10.08.16 06:15:13	13,03	0,00	-1,8	-86,9	1,3
1455	10.08.16 06:15:14	13,06	0,00	-2,2	-86,4	1,4
1456	10.08.16 06:15:15	13,06	0,00	-2,6	-86,2	1,2
1457	10.08.16 06:15:16	13,06	0,00	-2,1	-86,8	1,1
1458	10.08.16 06:15:17	13,06	0,00	-2,7	-86,8	0,4
1459	10.08.16 06:15:18	13,06	0,00	-1,9	-85,9	2,2
1460	10.08.16 06:15:19	13,09	0,00	-1,9	-86,2	1,9
1461	10.08.16 06:15:20	13,09	0,00	-1,6	-87,8	0,6
1462	10.08.16 06:15:21	13,09	0,00	-2,6	-86,1	1,3
1463	10.08.16 06:15:22	13,09	0,00	-3,0	-85,9	1,1
1464	10.08.16 06:15:23	13,09	0,00	-2,1	-86,9	0,9
1465	10.08.16 06:15:24	13,09	0,00	-2,0	-87,0	1,1
1466	10.08.16 06:15:25	13,09	0,00	-2,3	-86,2	1,5
1467	10.08.16 06:15:26	13,12	0,00	-2,0	-86,0	2,1
1468	10.08.16 06:15:27	13,12	0,00	-2,1	-87,2	0,7
1469	10.08.16 06:15:28	13,12	0,00	-3,0	-86,3	0,6
1470	10.08.16 06:15:29	13,12	0,00	-2,0	-86,6	1,3
1471	10.08.16 06:15:30	13,12	0,00	-2,9	-85,8	1,3
1472	10.08.16 06:15:31	13,12	0,00	-2,5	-85,7	1,8
1473	10.08.16 06:15:32	13,16	0,00	-2,4	-85,1	2,5
1474	10.08.16 06:15:33	13,16	0,00	-5,4	-81,9	2,6
1475	10.08.16 06:15:34	13,16	0,00	-4,6	-83,6	1,9
1476	10.08.16 06:15:35	13,16	0,00	-3,9	-85,1	1,0
1477	10.08.16 06:15:36	13,16	0,00	-4,8	-83,2	2,0
1478	10.08.16 06:15:37	13,16	0,00	-3,1	-83,5	3,4
1479	10.08.16 06:15:38	13,19	0,00	-1,6	-83,7	4,8
1480	10.08.16 06:15:39	13,19	0,00	-0,9	-84,0	5,1
1481	10.08.16 06:15:40	13,19	0,00	0,1	-84,4	5,6
1482	10.08.16 06:15:41	13,19	0,00	-0,3	-83,8	5,9
1483	10.08.16 06:15:42	13,19	0,00	0,0	-84,5	5,5
1484	10.08.16 06:15:43	13,19	0,00	0,6	-83,3	6,1
1485	10.08.16 06:15:44	13,19	0,00	0,3	-83,5	6,2
1486	10.08.16 06:15:45	13,22	0,00	1,3	-82,3	6,4
1487	10.08.16 06:15:46	13,22	0,00	1,4	-81,8	6,8
1488	10.08.16 06:15:47	13,22	0,00	1,8	-81,2	7,0
1489	10.08.16 06:15:48	13,22	0,00	1,7	-81,2	7,1
1490	10.08.16 06:15:49	13,22	0,00	1,6	-81,8	6,6
1491	10.08.16 06:15:50	13,22	0,00	1,4	-81,4	7,2
1492	10.08.16 06:15:51	13,25	0,00	2,1	-80,8	7,1
1493	10.08.16 06:15:52	13,25	0,00	2,1	-80,4	7,5
1494	10.08.16 06:15:53	13,25	0,00	1,9	-81,3	6,8
1495	10.08.16 06:15:54	13,25	0,00	1,5	-82,1	6,4
1496	10.08.16 06:15:55	13,25	0,00	1,5	-82,2	6,3
1497	10.08.16 06:15:56	13,25	0,00	1,3	-82,5	6,3
1498	10.08.16 06:15:57	13,28	0,00	2,2	-81,3	6,5
1499	10.08.16 06:15:58	13,28	0,00	1,9	-80,6	7,5
1500	10.08.16 06:15:59	13,28	0,00	2,1	-82,2	5,7
1501	10.08.16 06:16:00	13,28	0,00	1,2	-83,5	5,3
1502	10.08.16 06:16:01	13,28	0,00	-0,4	-85,9	3,7
1503	10.08.16 06:16:02	13,28	0,00	-2,2	-86,5	1,3
1504	10.08.16 06:16:03	13,31	0,00	-3,2	-86,5	0,3
1505	10.08.16 06:16:04	13,31	0,00	-2,8	-85,9	1,3
1506	10.08.16 06:16:05	13,31	0,00	-1,3	-86,4	2,3
1507	10.08.16 06:16:06	13,31	0,00	-0,4	-86,6	3,0
1508	10.08.16 06:16:07	13,31	0,00	0,4	-85,1	4,5
1509	10.08.16 06:16:08	13,31	0,00	1,5	-83,3	5,2
1510	10.08.16 06:16:09	13,34	0,00	2,3	-81,7	6,0
1511	10.08.16 06:16:10	13,34	0,00	2,5	-81,3	6,2
1512	10.08.16 06:16:11	13,34	0,00	2,2	-82,1	5,7
1513	10.08.16 06:16:12	13,34	0,00	2,0	-83,4	4,5
1514	10.08.16 06:16:13	13,34	0,00	0,1	-86,3	3,6
1515	10.08.16 06:16:14	13,34	0,00	-0,6	-86,7	2,8
1516	10.08.16 06:16:15	13,34	0,00	-2,2	-87,2	0,7
1517	10.08.16 06:16:16	13,37	0,00	-3,4	-85,7	-0,9
1518	10.08.16 06:16:17	13,37	0,00	-4,4	-84,4	-1,2
1519	10.08.16 06:16:18	13,37	0,00	-4,2	-84,5	-1,4
1520	10.08.16 06:16:19	13,37	0,00	-3,4	-86,1	-0,5
1521	10.08.16 06:16:20	13,37	0,00	-3,4	-86,0	-0,6
1522	10.08.16 06:16:21	13,37	0,00	-1,9	-86,8	1,4
1523	10.08.16 06:16:22	13,41	0,00	-1,2	-86,9	2,0
1524	10.08.16 06:16:23	13,41	0,00	-1,0	-88,0	1,0
1525	10.08.16 06:16:24	13,41	0,00	-2,0	-87,0	1,0
1526	10.08.16 06:16:25	13,41	0,00	-1,5	-86,0	2,5
1527	10.08.16 06:16:26	13,41	0,00	0,3	-87,2	2,4
1528	10.08.16 06:16:27	13,41	0,00	-1,2	-88,3	0,6
1529	10.08.16 06:16:28	13,44	0,00	-2,3	-87,3	0,4
1530	10.08.16 06:16:29	13,44	0,00	-2,4	-86,6	0,9
1531	10.08.16 06:16:30	13,44	0,00	-2,0	-87,7	0,2
1532	10.08.16 06:16:31	13,44	0,00	-2,3	-87,4	-0,2
1533	10.08.16 06:16:32	13,44	0,00	-4,3	-84,1	-1,6
1534	10.08.16 06:16:33	13,44	0,00	-4,1	-84,5	-1,4
1535	10.08.16 06:16:34	13,47	0,00	-3,3	-85,5	-1,2
1536	10.08.16 06:16:35	13,47	0,00	-3,7	-85,2	-1,1
1537	10.08.16 06:16:36	13,47	0,00	-2,3	-86,8	0,9
1538	10.08.16 06:16:37	13,47	0,00	-1,0	-88,0	1,0
1539	10.08.16 06:16:38	13,47	0,00	-1,2	-87,5	1,3
1540	10.08.16 06:16:39	13,47	0,00	-0,1	-86,8	3,1
1541	10.08.16 06:16:40	13,47	0,00	0,3	-86,4	3,2
1542	10.08.16 06:16:41	13,50	0,00	-0,8	-88,2	1,0
1543	10.08.16 06:16:42	13,50	0,00	-1,7	-88,1	0,2
1544	10.08.16 06:16:43	13,50	0,00	-2,7	-86,7	0,6
1545	10.08.16 06:16:44	13,50	0,00	-2,0	-87,2	0,8
1546	10.08.16 06:16:45	13,50	0,00	-1,9	-87,9	-0,3
1547	10.08.16 06:16:46	13,50	0,00	-3,3	-86,0	-0,7
1548	10.08.16 06:16:47	13,50	0,00	-3,3	-86,3	0,4
1549	10.08.16 06:16:48	13,50	0,00	-2,3	-87,4	-0,3
1550	10.08.16 06:16:49	13,53	0,00	-2,9	-86,7	-0,4
1551	10.08.16 06:16:50	13,53	0,00	-3,0	-86,2	-0,7
1552	10.08.16 06:16:51	13,53	0,00	-2,7	-86,9	0,4
1553	10.08.16 06:16:52	13,53	0,00	-1,6	-87,5	0,9
1554	10.08.16 06:16:53	13,53	0,00	-1,3	-87,4	1,3
1555	10.08.16 06:16:54	13,53	0,00	-1,9	-88,0	-0,1
1556	10.08.16 06:16:55	13,53	0,00	-3,5	-85,4	-1,1
1557	10.08.16 06:16:56	13,56	0,00	-4,1	-85,1	-0,9
1558	10.08.16 06:16:57	13,56	0,00	-3,0	-86,4	-0,7
1559	10.08.16 06:16:58	13,56	0,00	-3,4	-86,1	-0,5
1560	10.08.16 06:16:59	13,56	0,00	-2,8	-86,2	-1,0
1561	10.08.16 06:17:00	13,56	0,00	-3,7	-85,6	-0,7
1562	10.08.16 06:17:01	13,59	0,00	-3,1	-86,8	-0,1
1563	10.08.16 06:17:02	13,59	0,00	-2,4	-87,4	0,3
1564	10.08.16 06:17:03	13,59	0,00	-1,2	-87,2	1,5
1565	10.08.16 06:17:04	13,59	0,00	-1,3	-87,5	1,2
1566	10.08.16 06:17:05	13,59	0,00	-0,7	-87,2	2,1
1567	10.08.16 06:17:06	13,59	0,00	-0,8	-87,3	1,9
1568	10.08.16 06:17:07	13,59	0,00	-0,8	-87,7	1,5
1569	10.08.16 06:17:08	13,59	0,00	-1,5	-87,2	1,3
1570	10.08.16 06:17:09	13,62	0,00	-1,9	-87,7	0,4
1571	10.08.16 06:17:10	13,62	0,00	-2,5	-87,3	-0,2
1572	10.08.16 06:17:11	13,62	0,00	-2,3	-87,3	0,5
1573	10.08.16 06:17:12	13,62	0,00	-2,6	-87,1	0,2
1574	10.08.16 06:17:13	13,62	0,00	-2,8	-86,5	-0,7
1575	10.08.16 06:17:14	13,62	0,00	-4,0	-84,0	-1,9
1576	10.08.16 06:17:15	13,66	0,00	-4,2	-85,2	-0,7
1577	10.08.16 06:17:16	13,66	0,00	-2,8	-86,5	-0,6
1578	10.08.16 06:17:17	13,66	0,00	-2,7	-86,8	-0,5
1579	10.08.16 06:17:18	13,66	0,00	-2,3	-87,2	0,5
1580	10.08.16 06:17:19	13,66	0,00	-1,7	-86,9	1,4
1581	10.08.16 06:17:20	13,66	0,00	-1,8	-87,9	0,3
1582	10.08.16 06:17:21	13,66	0,00	-1,5	-87,7	0,8
1583	10.08.16 06:17:22	13,69	0,00	-1,1	-86,9	2,0
1584	10.08.16 06:17:23	13,69	0,00	-0,4	-87,3	2,2
1585	10.08.16 06:17:24	13,69	0,00	-0,3	-88,3	1,4
1586	10.08.16 06:17:25	13,69	0,00	-1,7	-87,4	0,9
1587	10.08.16 06:17:26	13,69	0,00	-2,7	-87,2	0,1
1588	10.08.16 06:17:27	13,69	0,00	-2,7	-87,0	0,3
1589	10.08.16 06:17:28	13,69	0,00	-1,9	-87,9	0,2
1590	10.08.16 06:17:29	13,72	0,00	-2,4	-87,2	0,3
1591	10.08.16 06:17:30	13,72	0,00	-2,5	-87,3	0,3
1592	10.08.16 06:17:31	13,72	0,00	-2,6	-86,9	-0,5
1593	10.08.16 06:17:32	13,72	0,00	-3,2	-86,3	-0,5
1594	10.08.16 06:17:33	13,72	0,00	-2,5	-87,4	-0,1
1595	10.08.16 06:17:34	13,72	0,00	-2,6	-87,2	0,2
1596	10.08.16 06:17:35	13,72	0,00	-2,0	-88,0	0,0
1597	10.08.16 06:17:36	13,72	0,00	-2,9	-87,0	0,1
1598	10.08.16 06:17:37	13,75	0,00	-2,6	-86,9	-0,6
1599	10.08.16 06:17:38	13,75	0,00	-2,9	-87,0	-0,1
1600	10.08.16 06:17:39	13,75	0,00	-2,2	-86,9	0,9
1601	10.08.16 06:17:40	13,75	0,00	-1,0	-87,9	1,1
1602	10.08.16 06:17:41	13,75	0,00	-1,7	-88,0	0,3
1603	10.08.16 06:17:42	13,75	0,00	-1,9	-86,7	1,5
1604	10.08.16 06:17:43	13,75	0,00	-0,8	-87,5	1,8
1605	10.08.16 06:17:44	13,78	0,00	-1,0	-87,7	1,3
1606	10.08.16 06:17:45	13,78	0,00	-1,3	-87,8	0,9
1607	10.08.16 06:17:46	13,78	0,00	-1,4	-86,9	1,7
1608	10.08.16 06:17:47	13,78	0,00	-1,7	-87,9	0,4
1609	10.08.16 06:17:48	13,78	0,00	-2,4	-87,6	0,0
1610	10.08.16 06:17:49	13,78	0,00	-2,7	-87,1	-0,3
1611	10.08.16 06:17:50	13,78	0,00	-3,4	-85,5	-1,0
1612	10.08.16 06:17:51	13,81	0,00	-4,0	-84,5	-1,5
1613	10.08.16 06:17:52	13,81	0,00	-4,3	-83,0	-2,7
1614	10.08.16 06:17:53	13,81	0,00	-4,7	-84,0	-1,3
1615	10.08.16 06:17:54	13,81	0,00	-2,6	-87,1	0,3
1616	10.08.16 06:17:55	13,81	0,00	-2,2	-87,4	-0,3
1617	10.08.16 06:17:56	13,81	0,00	-2,1	-87,3	0,6
1618	10.08.16 06:17:57	13,81	0,00	-1,8	-87,3	0,9
1619	10.08.16 06:17:58	13,84	0,00	-1,3	-86,5	2,2
1620	10.08.16 06:17:59	13,84	0,00	-0,1	-88,4	1,6
1621	10.08.16 06:18:00	13,84	0,00	-1,1	-86,8	2,1
1622	10.08.16 06:18:01	13,84	0,00	0,0	-87,1	2,9
1623	10.08.16 06:18:02	13,84	0,00	-0,7	-88,0	1,2
1624	10.08.16 06:18:03	13,84	0,00	-1,4	-88,1	0,6
1625	10.08.16 06:18:04	13,84	0,00	-2,5	-86,7	0,8
1626	10.08.16 06:18:05	13,84	0,00	-2,2	-87,8	0,1
1627	10.08.16 06:18:06	13,87	0,00	-3,0	-85,7	-1,3
1628	10.08.16 06:18:07	13,87	0,00	-3,2	-86,1	-0,7
1629	10.08.16 06:18:08	13,87	0,00	-3,5	-86,0	-0,5
1630	10.08.16 06:18:09	13,87	0,00	-3,0	-86,8	-0,2
1631	10.08.16 06:18:10	13,87	0,00	-3,5	-84,8	-1,7
1632	10.08.16 06:18:11	13,87	0,00	-3,3	-86,0	-0,7
1633	10.08.16 06:18:12	13,87	0,00	-2,2	-86,7	1,1
1634	10.08.16 06:18:13	13,90	0,00	-1,6	-88,4	0,1
1635	10.08.16 06:18:14	13,90	0,00	-2,2	-87,2	0,6
1636	10.08.16 06:18:15	13,90	0,00	-2,1	-87,1	0,8
1637	10.08.16 06:18:16	13,90	0,00	-1,3	-88,0	0,7
1638	10.08.16 06:18:17	13,90	0,00	-1,5	-86,7	1,8
1639	10.08.16 06:18:18	13,90	0,00	-0,8	-87,6	1,6
1640	10.08.16 06:18:19	13,90	0,00	-1,3	-88,6	-0,1
1641	10.08.16 06:18:20	13,90	0,00	-3,1	-86,6	0,4
1642	10.08.16 06:18:21	13,94	0,00	-1,9	-87,1	1,0
1643	10.08.16 06:18:22	13,94	0,00	-1,6	-87,9	0,5
1644	10.08.16 06:18:23	13,94	0,00	-1,4	-88,3	0,3
1645	10.08.16 06:18:24	13,94	0,00	-2,4	-87,0	0,6
1646	10.08.16 06:18:25	13,94	0,00	-1,3	-86,9	1,8
1647	10.08.16 06:18:26	13,94	0,00	-1,1	-87,8	1,1
1648	10.08.16 06:18:27	13,94	0,00	-2,3	-87,1	-0,6
1649	10.08.16 06:18:28	13,94	0,00	-3,1	-86,9	0,0
1650	10.08.16 06:18:29	13,97	0,00	-2,1	-87,6	0,3
1651	10.08.16 06:18:30	13,97	0,00	-2,2	-87,7	0,2
1652	10.08.16 06:18:31	13,97	0,00	-2,7	-86,7	-0,6
1653	10.08.16 06:18:32	13,97	0,00	-3,4	-85,7	-0,9
1654	10.08.16 06:18:33	13,97	0,00	-3,4	-86,1	-0,5
1655	10.08.16 06:18:34	13,97	0,00	-2,6	-86,9	-0,5
1656	10.08.16 06:18:35	13,97	0,00	-2,3	-87,5	0,3
1657	10.08.16 06:18:36	13,97	0,00	-2,2	-87,2	0,5
1658	10.08.16 06:18:37	13,97	0,00	-2,1	-87,6	-0,3
1659	10.08.16 06:18:38	14,00	0,00	-1,4	-87,3	1,3
1660	10.08.16 06:18:39	14,00	0,00	-1,6	-86,9	1,5
1661	10.08.16 06:18:40	14,00	0,00	-0,8	-88,5	0,7
1662	10.08.16 06:18:41	14,00	0,00	-1,8	-87,4	0,7
1663	10.08.16 06:18:42	14,00	0,00	-1,1	-87,2	1,6
1664	10.08.16 06:18:43	14,00	0,00	-1,4	-87,7	0,9
1665	10.08.16 06:18:44	14,00	0,00	-1,8	-87,6	0,6
1666	10.08.16 06:18:45	14,00	0,00	-2,1	-87,3	0,6
1667	10.08.16 06:18:46	14,00	0,00	-2,1	-87,6	-0,3
1668	10.08.16 06:18:47	14,03	0,00	-2,9	-86,4	-0,7
1669	10.08.16 06:18:48	14,03	0,00	-3,1	-86,7	-0,2
1670	10.08.16 06:18:49	14,03	0,00	-2,8	-86,4	-0,8
1671	10.08.16 06:18:50	14,03	0,00	-3,3	-86,0	-0,7
1672	10.08.16 06:18:51	14,03	0,00	-2,9	-86,3	-0,8
1673	10.08.16 06:18:52	14,03	0,00	-2,9	-86,7	-0,4
1674	10.08.16 06:18:53	14,03	0,00	-1,6	-86,9	1,5
1675	10.08.16 06:18:54	14,03	0,00	-1,4	-88,1	0,6
1676	10.08.16 06:18:55	14,06	0,00	-0,8	-87,6	1,5
1677	10.08.16 06:18:56	14,06	0,00	-0,5	-87,2	2,3
1678	10.08.16 06:18:57	14,06	0,00	-0,6	-87,9	1,5
1679	10.08.16 06:18:58	14,06	0,00	-0,7	-88,2	1,1
1680	10.08.16 06:18:59	14,06	0,00	-2,6	-87,1	0,3
1681	10.08.16 06:19:00	14,06	0,00	-1,6	-87,3	1,1
1682	10.08.16 06:19:01	14,06	0,00	-2,3	-87,0	-0,7
1683	10.08.16 06:19:02	14,09	0,00	-2,6	-87,0	-0,4
1684	10.08.16 06:19:03	14,09	0,00	-3,5	-86,4	0,1
1685	10.08.16 06:19:04	14,09	0,00	-2,2	-87,1	-0,7
1686	10.08.16 06:19:05	14,09	0,00	-3,3	-85,8	-0,9
1687	10.08.16 06:19:06	14,09	0,00	-3,5	-86,2	-0,3
1688	10.08.16 06:19:07	14,09	0,00	-2,8	-86,3	-0,8
1689	10.08.16 06:19:08	14,09	0,00	-2,4	-87,5	-0,1
1690	10.08.16 06:19:09	14,09	0,00	-2,1	-86,9	1,0
1691	10.08.16 06:19:10	14,12	0,00	-1,3	-88,2	0,6
1692	10.08.16 06:19:11	14,12	0,00	-1,6	-87,1	1,3
1693	10.08.16 06:19:12	14,12	0,00	-1,0	-87,2	1,8
1694	10.08.16 06:19:13	14,12	0,00	-1,2	-87,9	0,9
1695	10.08.16 06:19:14	14,12	0,00	-0,9	-87,8	1,3
1696	10.08.16 06:19:15	14,12	0,00	-1,2	-86,9	1,8
1697	10.08.16 06:19:16	14,12	0,00	-0,3	-88,1	1,6
1698	10.08.16 06:19:17	14,15	0,00	-2,0	-87,4	0,6
1699	10.08.16 06:19:18	14,15	0,00	-2,4	-87,5	0,1
1700	10.08.16 06:19:19	14,15	0,00	-2,5	-87,0	-0,6
1701	10.08.16 06:19:20	14,15	0,00	-3,1	-86,5	-0,3
1702	10.08.16 06:19:21	14,15	0,00	-2,8	-87,0	-0,1
1703	10.08.16 06:19:22	14,15	0,00	-2,8	-85,8	-1,3
1704	10.08.16 06:19:23	14,15	0,00	-3,7	-84,9	-1,4
1705	10.08.16 06:19:24	14,15	0,00	-2,7	-86,6	0,7
1706	10.08.16 06:19:25	14,15	0,00	-1,5	-88,1	0,3
1707	10.08.16 06:19:26	14,18	0,00	-2,3	-87,6	-0,1
1708	10.08.16 06:19:27	14,18	0,00	-1,3	-87,3	1,4
1709	10.08.16 06:19:28	14,18	0,00	-1,7	-87,4	0,9
1710	10.08.16 06:19:29	14,18	0,00	-0,9	-88,3	0,7
1711	10.08.16 06:19:30	14,18	0,00	-1,9	-86,6	1,5
1712	10.08.16 06:19:31	14,18	0,00	-0,6	-87,4	2,0
1713	10.08.16 06:19:32	14,18	0,00	-1,6	-88,4	-0,1
1714	10.08.16 06:19:33	14,18	0,00	-1,9	-87,3	0,8
1715	10.08.16 06:19:34	14,18	0,00	-2,1	-87,5	0,5
1716	10.08.16 06:19:35	14,18	0,00	-1,9	-87,6	0,5
1717	10.08.16 06:19:36	14,21	0,00	-1,8	-87,3	0,9
1718	10.08.16 06:19:37	14,21	0,00	-1,3	-87,6	1,1
1719	10.08.16 06:19:38	14,21	0,00	-1,6	-88,1	0,3
1720	10.08.16 06:19:39	14,21	0,00	-1,5	-87,2	1,3
1721	10.08.16 06:19:40	14,21	0,00	-1,0	-87,9	1,0
1722	10.08.16 06:19:41	14,21	0,00	-1,1	-87,6	1,2
1723	10.08.16 06:19:42	14,21	0,00	-1,8	-87,8	0,4
1724	10.08.16 06:19:43	14,21	0,00	-2,6	-87,2	-0,2
1725	10.08.16 06:19:44	14,21	0,00	-2,5	-87,0	0,6
1726	10.08.16 06:19:45	14,25	0,00	-2,1	-87,8	0,1
1727	10.08.16 06:19:46	14,25	0,00	-3,1	-85,8	-1,2
1728	10.08.16 06:19:47	14,25	0,00	-3,5	-85,7	-0,8
1729	10.08.16 06:19:48	14,25	0,00	-2,9	-87,0	-0,1
1730	10.08.16 06:19:49	14,25	0,00	-1,7	-87,9	0,4
1731	10.08.16 06:19:50	14,25	0,00	-2,4	-87,2	0,4
1732	10.08.16 06:19:51	14,25	0,00	-2,8	-87,1	0,1
1733	10.08.16 06:19:52	14,25	0,00	-1,7	-88,1	0,3
1734	10.08.16 06:19:53	14,28	0,00	-1,5	-87,7	0,8
1735	10.08.16 06:19:54	14,28	0,00	-1,2	-86,5	2,2
1736	10.08.16 06:19:55	14,28	0,00	-0,3	-88,7	1,0
1737	10.08.16 06:19:56	14,28	0,00	-0,7	-87,8	1,5
1738	10.08.16 06:19:57	14,28	0,00	-2,2	-86,2	1,6
1739	10.08.16 06:19:58	14,28	0,00	-0,3	-88,8	1,0
1740	10.08.16 06:19:59	14,28	0,00	-2,5	-86,6	-0,8
1741	10.08.16 06:20:00	14,28	0,00	-3,1	-86,2	0,7
1742	10.08.16 06:20:01	14,28	0,00	-2,2	-87,8	0,1
1743	10.08.16 06:20:02	14,31	0,00	-3,9	-81,2	-4,8
1744	10.08.16 06:20:03	14,31	0,00	3,3	11,0	-75,7
1745	10.08.16 06:20:04	14,31	0,00	16,8	6,7	-66,6
1746	10.08.16 06:20:05	14,31	0,00	15,2	9,2	-65,7
1747	10.08.16 06:20:06	14,31	0,00	16,6	8,1	-65,3
1748	10.08.16 06:20:07	14,34	0,00	18,2	-3,4	-68,4
1749	10.08.16 06:20:08	14,34	0,00	14,3	2,2	-73,5
1750	10.08.16 06:20:09	14,34	0,00	15,8	3,0	-71,2
1751	10.08.16 06:20:10	14,37	0,00	18,4	1,7	-69,9
1752	10.08.16 06:20:11	14,37	0,00	12,0	-3,4	-74,6
1753	10.08.16 06:20:12	14,37	0,00	15,7	-1,3	-73,0
1754	10.08.16 06:20:13	14,37	0,00	15,3	-2,5	-72,2
1755	10.08.16 06:20:14	14,37	0,00	16,2	-2,7	-71,1
1756	10.08.16 06:20:15	14,37	0,00	17,6	-3,6	-68,8
1757	10.08.16 06:20:16	14,40	0,00	13,4	-12,2	-64,4
1758	10.08.16 06:20:17	14,40	0,00	15,2	-8,1	-66,6
1759	10.08.16 06:20:18	14,40	0,00	-5,7	-10,5	-73,9
1760	10.08.16 06:20:19	14,40	0,00	10,8	-5,9	-73,3
1761	10.08.16 06:20:20	14,40	0,00	5,7	-56,9	-27,4
1762	10.08.16 06:20:21	14,43	0,00	-21,8	-65,8	-2,4
1763	10.08.16 06:20:22	14,43	0,00	-12,0	-65,5	12,4
1764	10.08.16 06:20:23	14,43	0,00	-12,2	-66,4	11,4
1765	10.08.16 06:20:24	14,43	0,00	-12,9	-65,6	11,6
1766	10.08.16 06:20:25	14,43	0,00	-10,8	-66,6	12,6
1767	10.08.16 06:20:26	14,43	0,00	-10,2	-68,1	11,7
1768	10.08.16 06:20:27	14,43	0,00	-10,1	-67,8	12,1
1769	10.08.16 06:20:28	14,46	0,00	-8,3	-70,0	11,7
1770	10.08.16 06:20:29	14,46	0,00	-9,3	-68,8	11,9
1771	10.08.16 06:20:30	14,46	0,00	-8,2	-69,2	12,6
1772	10.08.16 06:20:31	14,46	0,00	-9,0	-69,7	11,2
1773	10.08.16 06:20:32	14,46	0,00	-10,8	-67,2	12,0
1774	10.08.16 06:20:33	14,46	0,00	-10,8	-67,2	12,0
1775	10.08.16 06:20:34	14,46	0,00	-12,1	-66,6	11,3
1776	10.08.16 06:20:35	14,46	0,00	-10,6	-67,4	12,0
1777	10.08.16 06:20:36	14,46	0,00	-11,9	-66,8	11,4
1778	10.08.16 06:20:37	14,49	0,00	-12,7	-65,9	11,4
1779	10.08.16 06:20:38	14,49	0,00	-12,1	-66,2	11,8
1780	10.08.16 06:20:39	14,49	0,00	-11,8	-66,5	11,8
1781	10.08.16 06:20:40	14,49	0,00	-11,7	-66,8	11,4
1782	10.08.16 06:20:41	14,49	0,00	-10,6	-67,9	11,4
1783	10.08.16 06:20:42	14,49	0,00	-9,5	-68,2	12,3
1784	10.08.16 06:20:43	14,52	0,00	-9,7	-68,7	11,6
1785	10.08.16 06:20:44	14,52	0,00	-9,6	-68,8	11,6
1786	10.08.16 06:20:45	14,52	0,00	-9,2	-68,7	12,2
1787	10.08.16 06:20:46	14,52	0,00	-9,4	-69,1	11,6
1788	10.08.16 06:20:47	14,52	0,00	-10,3	-68,0	11,7
1789	10.08.16 06:20:48	14,52	0,00	-9,8	-68,1	12,0
1790	10.08.16 06:20:49	14,52	0,00	-9,6	-69,1	11,3
1791	10.08.16 06:20:50	14,55	0,00	-11,3	-67,1	11,5
1792	10.08.16 06:20:51	14,55	0,00	-10,8	-67,4	11,8
1793	10.08.16 06:20:52	14,55	0,00	-11,1	-67,7	11,2
1794	10.08.16 06:20:53	14,55	0,00	-11,8	-66,6	11,5
1795	10.08.16 06:20:54	14,55	0,00	-11,7	-67,1	11,2
1796	10.08.16 06:20:55	14,58	0,00	-11,6	-67,0	11,4
1797	10.08.16 06:20:56	14,58	0,00	-10,8	-67,9	11,4
1798	10.08.16 06:20:57	14,58	0,00	-12,0	-67,0	11,0
1799	10.08.16 06:20:58	14,58	0,00	-11,8	-66,6	11,6
1800	10.08.16 06:20:59	14,58	0,00	-10,9	-66,6	12,4
1801	10.08.16 06:21:00	14,62	0,00	-22,6	-64,9	2,5
1802	10.08.16 06:21:01	14,62	0,00	-52,1	-7,7	-30,2
1803	10.08.16 06:21:02	14,62	0,00	-58,7	-5,1	-26,1
1804	10.08.16 06:21:03	14,65	0,00	-58,4	-6,1	-25,5
1805	10.08.16 06:21:04	14,65	0,00	-60,9	-5,4	-23,7
1806	10.08.16 06:21:05	14,65	0,00	-60,3	-6,2	-23,5
1807	10.08.16 06:21:06	14,68	0,00	-61,0	-6,0	-23,1
1808	10.08.16 06:21:07	14,68	0,00	-58,0	-6,4	-25,6
1809	10.08.16 06:21:08	14,68	0,00	-59,7	-6,4	-23,9
1810	10.08.16 06:21:09	14,71	0,00	-60,3	-6,5	-23,2
1811	10.08.16 06:21:10	14,71	0,00	-60,1	-6,1	-23,8
1812	10.08.16 06:21:11	14,71	0,00	-61,7	-5,7	-22,6
1813	10.08.16 06:21:12	14,71	0,00	-60,3	-5,4	-24,3
1814	10.08.16 06:21:13	14,71	0,00	-61,1	-6,1	-22,8
1815	10.08.16 06:21:14	14,71	0,00	-60,3	-6,3	-23,5
1816	10.08.16 06:21:15	14,71	0,00	-60,8	-6,4	-22,8
1817	10.08.16 06:21:16	14,71	0,00	-61,7	-5,9	-22,4
1818	10.08.16 06:21:17	14,71	0,00	-59,9	-6,3	-23,8
1819	10.08.16 06:21:18	14,71	0,00	-61,0	-6,4	-22,6
1820	10.08.16 06:21:19	14,74	0,00	-60,7	-5,5	-23,9
1821	10.08.16 06:21:20	14,74	0,00	-58,8	-6,0	-25,2
1822	10.08.16 06:21:21	14,74	0,00	-61,5	-5,6	-22,9
1823	10.08.16 06:21:22	14,74	0,00	-61,5	-5,7	-22,8
1824	10.08.16 06:21:23	14,74	0,00	-59,5	-5,8	-24,6
1825	10.08.16 06:21:24	14,74	0,00	-57,2	-6,6	-26,2
1826	10.08.16 06:21:25	14,74	0,00	-57,8	-7,0	-25,1
1827	10.08.16 06:21:26	14,74	0,00	-54,9	-5,6	-29,4
1828	10.08.16 06:21:27	15,81	0,00	-46,3	-9,6	-34,2
1829	10.08.16 06:21:28	17,50	0,00	-20,9	-20,1	-49,0
1830	10.08.16 06:21:29	17,91	0,00	-33,4	-16,5	-40,1
1831	10.08.16 06:21:30	18,69	0,00	-58,4	-4,1	-27,5
1832	10.08.16 06:21:31	22,90	0,00	-35,2	-29,1	-25,8
1833	10.08.16 06:21:32	24,73	0,00	-43,3	-42,2	4,5
1834	10.08.16 06:21:33	25,13	0,00	-62,0	-11,3	16,7
1835	10.08.16 06:21:34	26,61	0,00	-36,3	-23,2	-30,5
1836	10.08.16 06:21:35	28,06	0,00	-28,9	2,5	-58,6
1837	10.08.16 06:21:36	28,20	0,00	-19,3	-1,3	-69,3
1838	10.08.16 06:21:37	28,14	0,00	-23,4	-1,7	-64,8
1839	10.08.16 06:21:38	28,06	0,00	15,3	-38,9	-35,7
1840	10.08.16 06:21:39	28,00	0,00	-29,0	-23,7	-37,3
1841	10.08.16 06:21:40	27,97	0,00	32,1	-33,6	-24,3
1842	10.08.16 06:21:41	27,97	0,00	39,3	-16,4	-34,4
1843	10.08.16 06:21:42	27,97	0,00	27,7	-32,7	-29,7
1844	10.08.16 06:21:43	28,00	0,00	28,6	-30,1	-31,4
1845	10.08.16 06:21:44	28,09	0,00	26,8	-25,4	-37,7
1846	10.08.16 06:21:45	28,12	0,00	30,9	-19,2	-40,0
1847	10.08.16 06:21:46	28,17	0,00	41,4	-26,1	-22,5
1848	10.08.16 06:21:47	28,20	0,00	27,2	6,1	-56,8
1849	10.08.16 06:21:48	28,20	0,00	32,4	6,3	-51,3
1850	10.08.16 06:21:49	28,17	0,00	-18,9	22,3	-48,8
1851	10.08.16 06:21:50	28,14	0,00	-22,9	-16,2	-51,0
1852	10.08.16 06:21:51	28,12	0,00	-19,9	-25,2	-44,9
1853	10.08.16 06:21:52	28,09	0,00	30,1	-22,1	-37,8
1854	10.08.16 06:21:53	28,06	0,00	73,5	-14,9	1,7
1855	10.08.16 06:21:54	28,03	0,00	56,7	-12,9	-20,4
1856	10.08.16 06:21:55	27,97	0,00	52,6	0,9	-36,5
1857	10.08.16 06:21:56	27,91	0,00	52,2	-21,1	-16,7
1858	10.08.16 06:21:57	27,85	0,00	-19,8	-41,2	-28,9
1859	10.08.16 06:21:58	27,80	0,00	7,0	-73,6	-9,4
1860	10.08.16 06:21:59	27,74	0,00	24,1	-50,2	-15,7
1861	10.08.16 06:22:00	27,68	0,00	10,5	-64,7	-14,8
1862	10.08.16 06:22:01	27,65	0,00	38,7	-38,5	-12,8
1863	10.08.16 06:22:02	27,59	0,00	30,7	-48,3	-11,0
1864	10.08.16 06:22:03	27,56	0,00	22,5	-59,8	-7,8
1865	10.08.16 06:22:04	27,51	0,00	7,1	-60,5	-22,4
1866	10.08.16 06:22:05	27,45	0,00	-17,3	-51,7	21,0
1867	10.08.16 06:22:06	27,42	0,00	-10,9	-55,0	24,0
1868	10.08.16 06:22:07	27,36	0,00	18,0	-22,6	49,3
1869	10.08.16 06:22:08	27,30	0,00	12,5	-54,0	-23,5
1870	10.08.16 06:22:09	27,28	0,00	13,6	2,2	74,2
1871	10.08.16 06:22:10	27,22	0,00	18,8	33,6	37,6
1872	10.08.16 06:22:11	27,19	0,00	29,2	23,1	37,7
1873	10.08.16 06:22:12	27,16	0,00	34,8	24,0	31,2
1874	10.08.16 06:22:13	27,10	0,00	83,4	2,1	-4,5
1875	10.08.16 06:22:14	27,07	0,00	32,8	40,3	17,0
1876	10.08.16 06:22:15	27,04	0,10	30,7	55,2	4,0
1877	10.08.16 06:22:16	26,99	0,10	66,6	14,2	-9,2
1878	10.08.16 06:22:17	26,96	0,12	44,1	6,6	39,3
1879	10.08.16 06:22:18	26,90	0,12	51,3	-8,2	30,5
1880	10.08.16 06:22:19	26,87	0,14	72,3	5,2	12,5
1881	10.08.16 06:22:20	26,81	0,17	64,9	1,1	24,0
1882	10.08.16 06:22:21	26,75	0,19	60,5	-2,7	26,8
1883	10.08.16 06:22:22	26,73	0,21	58,6	-10,9	20,5
1884	10.08.16 06:22:23	26,67	0,17	58,6	20,6	10,7
1885	10.08.16 06:22:24	26,61	0,19	76,3	8,6	5,1
1886	10.08.16 06:22:25	26,58	0,19	20,5	0,0	-69,5
1887	10.08.16 06:22:26	26,52	0,21	-1,1	-5,7	83,2
1888	10.08.16 06:22:27	26,49	0,21	6,6	35,2	48,2
1889	10.08.16 06:22:28	26,44	0,24	-15,6	69,6	-4,9
1890	10.08.16 06:22:29	26,41	0,19	-6,0	18,8	65,1
1891	10.08.16 06:22:30	26,38	0,19	-44,8	43,8	1,4
1892	10.08.16 06:22:31	26,41	0,21	-67,0	11,7	-11,4
1893	10.08.16 06:22:32	26,38	0,21	-12,9	50,7	26,5
1894	10.08.16 06:22:33	26,38	0,17	-24,4	27,9	37,7
1895	10.08.16 06:22:34	26,44	0,24	54,5	26,4	-9,2
1896	10.08.16 06:22:35	26,49	0,19	-6,3	79,8	-3,8
1897	10.08.16 06:22:36	26,55	0,02	-29,3	46,1	-14,7
1898	10.08.16 06:22:37	26,61	0,24	-68,5	-0,8	20,7
1899	10.08.16 06:22:38	26,61	0,19	-3,0	17,6	69,4
1900	10.08.16 06:22:39	26,61	0,21	17,0	-4,3	68,7
1901	10.08.16 06:22:40	26,64	0,19	-12,1	-43,1	34,8
1902	10.08.16 06:22:41	26,67	0,21	-34,9	-18,9	36,2
1903	10.08.16 06:22:42	26,67	0,21	-34,7	-10,0	45,3
1904	10.08.16 06:22:43	26,70	0,19	-48,5	10,0	31,5
1905	10.08.16 06:22:44	26,73	0,24	-14,5	42,8	32,8
1906	10.08.16 06:22:45	26,73	0,24	-58,5	10,6	20,8
1907	10.08.16 06:22:46	26,73	0,24	-61,0	22,6	6,4
