16071994 012 464811.8 623322.7  3.5                                               
16071994 012                    3.9                                               
16071994 012                    4.3                                               
16071994 012                    5.5                                               
16071994 012                    5.8                                               
16071994 012                    3.7                                               
16071994 012                    3.5                                               
16071994 012                    5.8                                               
16071994 012                    5.6                                               
16071994 012                    5.3                                               
16071994 012                    4.6                                               
16071994 012                    4.4                                               
16071994 012 464797.1 623302.4  4.6                                               