08081994 006 481148.0 621478.2  4.1                                               
08081994 006                    4.2                                               
08081994 006                    4.4                                               
08081994 006                    4.9                                               
08081994 006                    6.4                                               
08081994 006                    7.5                                               
08081994 006                    8.2                                               
08081994 006                    8.6                                               
08081994 006                    8.8                                               
08081994 006                    9.0                                               
08081994 006                    7.6                                               
08081994 006                    8.3                                               
08081994 006                    8.8                                               
08081994 006 481165.1 621461.4  8.9                                               