09101994 001 482038.1 622179.7  3.5                                               
09101994 001                    3.6                                               
09101994 001                    3.7                                               
09101994 001                    3.8                                               
09101994 001                    3.7                                               
09101994 001                    3.6                                               
09101994 001                    3.5                                               
09101994 001                    3.6                                               
09101994 001                    3.6                                               
09101994 001                    3.5                                               
09101994 001                    3.3                                               
09101994 001                    2.8                                               
09101994 001 482058.9 622164.2  3.8                                               