08101994 014 481859.4 622096.1  6.8                                               
08101994 014                    6.9                                               
08101994 014                    6.3                                               
08101994 014                    7.2                                               
08101994 014                    7.4                                               
08101994 014                    7.6                                               
08101994 014                    7.6                                               
08101994 014                    7.8                                               
08101994 014                    7.8                                               
08101994 014                    7.9                                               
08101994 014 481865.3 622065.8  8.0                                               