FileName: C:\2005CA~1\CTY0242.TXT
Local Time: Thu Oct 06 14:39:26 2005

Ship: Marco Michel Trip: 01 Tow: cty0242
Comments: zone 12
 Date    Time     Latitude       Longitude    Speed    Primary  Secondary DoorSpread WingSpread      Depth 
051006  173927  47  26.0730 N  62  32.2830 W   2.5        2.4*      13.3        2.3*       2.6*      39.1*
051006  173930  47  26.0720 N  62  32.2850 W   2.1        2.4       13.3        2.3        2.6       39.1 
051006  173931  47  26.0710 N  62  32.2850 W   2.1        2.4       13.3        2.3        2.6        9.7*
051006  173934  47  26.0700 N  62  32.2880 W   2.8        2.4       13.3        3.5*       2.6        9.7 
051006  173936  47  26.0690 N  62  32.2890 W   2.3        2.4       13.3        3.5        2.6        7.0*
051006  173937  47  26.0690 N  62  32.2900 W   2.4        2.4       13.3        6.8*       2.6        7.0 
051006  173939  47  26.0680 N  62  32.2920 W   2.6        2.4       13.3        6.8        2.6        7.0 
051006  173942  47  26.0660 N  62  32.2940 W   3.8        2.4       13.3        6.8        2.6        9.2*
051006  173943  47  26.0650 N  62  32.2950 W   3.4        2.4       13.3        2.9*       2.6        9.2 
051006  173945  47  26.0640 N  62  32.2980 W   4.4        2.4       13.3        2.9        2.6        9.2 
051006  173948  47  26.0610 N  62  32.3020 W   5.3        2.4       13.3        2.9        2.6        9.2 
051006  173949  47  26.0590 N  62  32.3040 W   6.0        2.4       13.3        3.8*       2.6        9.2 
051006  173951  47  26.0570 N  62  32.3070 W   5.5        8.8*      13.3        3.8        2.6        9.2 
051006  173954  47  26.0540 N  62  32.3120 W   6.0        8.8       13.3        3.8        2.6        9.2 
051006  173955  47  26.0530 N  62  32.3140 W   6.2        8.8       13.3        3.8        2.6        9.2 
051006  173957  47  26.0500 N  62  32.3180 W   6.6        8.8       13.3        3.8        2.6        9.2 
051006  174000  47  26.0460 N  62  32.3240 W   7.0        8.8       13.3        3.8        2.6        9.2 
051006  174001  47  26.0440 N  62  32.3260 W   6.9        8.8       13.3        3.8        2.6        9.2 
051006  174003  47  26.0410 N  62  32.3300 W   6.8        8.8       13.3        3.8        2.6        9.2 
051006  174006  47  26.0370 N  62  32.3350 W   7.4        8.8       13.3        3.8        2.6        9.2 
051006  174007  47  26.0360 N  62  32.3380 W   7.6        8.8       13.3        3.8        2.6        9.2 
051006  174009  47  26.0320 N  62  32.3420 W   7.2        8.8       13.3        3.8        2.6        9.2 
051006  174012  47  26.0280 N  62  32.3480 W   7.3        8.8       13.3        3.8        2.6        9.2 
051006  174014  47  26.0250 N  62  32.3530 W   7.5        8.8       13.3        3.8        2.6        9.2 
051006  174015  47  26.0240 N  62  32.3550 W   7.6        8.8       13.3        3.8        6.3*       9.2 
051006  174018  47  26.0190 N  62  32.3610 W   7.1        8.8       13.3        3.8        6.3        9.2 
051006  174019  47  26.0170 N  62  32.3620 W   7.1        8.8       13.3        3.8        6.3        9.2 
051006  174021  47  26.0140 N  62  32.3670 W   7.1        8.8       13.3        3.8        6.3        9.2 
051006  174024  47  26.0100 N  62  32.3730 W   7.8        8.8       13.3        3.8        6.3        9.2 
051006  174026  47  26.0060 N  62  32.3770 W   7.3        8.8       13.3        3.8        6.3        9.2 
051006  174028  47  26.0030 N  62  32.3810 W   7.2        8.8       13.3        3.8        6.3        9.2 
051006  174030  47  26.0000 N  62  32.3850 W   7.2        8.8       13.3        3.8        3.8*       9.2 
051006  174032  47  25.9980 N  62  32.3890 W   7.8        8.8       13.3        3.8        3.8        9.2 
051006  174034  47  25.9940 N  62  32.3940 W   7.7        8.8       13.3        3.8        3.8        9.2 
051006  174036  47  25.9910 N  62  32.3980 W   7.5        3.1*      13.3        3.8        3.8        9.2 
051006  174038  47  25.9880 N  62  32.4020 W   7.2        3.1       13.3        3.8        3.8        9.2 
051006  174040  47  25.9850 N  62  32.4060 W   7.7        3.1       13.3        3.8        3.8        9.2 
051006  174042  47  25.9820 N  62  32.4110 W   7.3        3.1       13.3        3.8        3.8        9.2 
051006  174044  47  25.9790 N  62  32.4150 W   7.6        3.1       13.3        3.8        3.8        9.2 
051006  174046  47  25.9760 N  62  32.4190 W   7.1        3.1       13.3        3.8        3.8        9.2 
051006  174048  47  25.9730 N  62  32.4230 W   7.6        3.1       13.3        3.8        3.8        9.2 
051006  174050  47  25.9700 N  62  32.4270 W   7.7        3.1       13.3        3.8        3.8        9.2 
051006  174052  47  25.9660 N  62  32.4310 W   7.4        3.1       13.3        3.8      139.4*       9.2 
051006  174056  47  25.9600 N  62  32.4390 W   7.2        3.1       13.3        3.8      139.4        9.2 
051006  174058  47  25.9570 N  62  32.4430 W   7.6        3.1       13.3        2.3*     139.4        9.2 
051006  174100  47  25.9540 N  62  32.4470 W   7.6        3.1       13.3        2.3      139.4        9.2 
051006  174102  47  25.9510 N  62  32.4520 W   7.5        3.1       13.3        2.3      139.4        9.2 
051006  174104  47  25.9480 N  62  32.4560 W   7.2        3.1       13.3        2.3      139.4        9.2 
051006  174106  47  25.9450 N  62  32.4600 W   7.5        3.1       13.3        2.3      139.4        9.2 
051006  174108  47  25.9420 N  62  32.4640 W   7.5        3.1       13.3        2.3      139.4        9.2 
051006  174110  47  25.9390 N  62  32.4680 W   7.6        3.1       13.3        2.3      139.4        9.2 
051006  174112  47  25.9360 N  62  32.4720 W   7.5        3.1       13.3        2.3      139.4        9.2 
051006  174114  47  25.9330 N  62  32.4770 W   7.1        3.1       13.3        2.3      139.4        9.2 
051006  174116  47  25.9290 N  62  32.4800 W   7.6        3.1       13.3        2.3      139.4        9.2 
051006  174118  47  25.9260 N  62  32.4840 W   7.4        3.1       13.3        2.3      139.4        9.2 
051006  174120  47  25.9230 N  62  32.4880 W   7.3        3.1       13.3        2.3      139.4        9.2 
051006  174122  47  25.9200 N  62  32.4920 W   6.6        3.1       13.3        2.3      139.4        9.2 
051006  174124  47  25.9170 N  62  32.4960 W   7.4        3.1       13.3        2.3      139.4        9.2 
051006  174126  47  25.9140 N  62  32.4990 W   6.2        3.1       13.3        2.3      139.4        9.2 
051006  174128  47  25.9120 N  62  32.5030 W   4.6        3.1       13.3        2.3      139.4        9.2 
051006  174130  47  25.9100 N  62  32.5050 W   3.8        3.1       13.3        2.3      139.4        9.2 
051006  174132  47  25.9090 N  62  32.5070 W   4.1        3.1       13.3        2.3      139.4        9.2 
051006  174134  47  25.9080 N  62  32.5090 W   2.9        3.1       13.3        4.7*       7.1*       9.2 
051006  174136  47  25.9060 N  62  32.5100 W   3.0        3.1       13.3        4.7        7.1        9.2 
051006  174138  47  25.9050 N  62  32.5120 W   2.5        3.1       13.3        4.7        7.1       37.3*
051006  174140  47  25.9040 N  62  32.5140 W   2.5        3.1       13.3        6.1*       7.9*      37.3 
051006  174142  47  25.9030 N  62  32.5150 W   2.0        3.1       13.3        6.1        7.9       42.2*
051006  174144  47  25.9030 N  62  32.5160 W   2.2        3.1       13.3        4.8*       7.9       42.2 
051006  174146  47  25.9020 N  62  32.5180 W   1.7        3.1        2.6*       4.8        7.9       42.2 
051006  174148  47  25.9020 N  62  32.5190 W   2.1        3.1        2.6        4.8        7.9       88.7*
051006  174150  47  25.9010 N  62  32.5200 W   1.5        3.1        2.6        7.6*      17.9*      88.7 
051006  174152  47  25.9010 N  62  32.5210 W   1.9        3.3*       2.6        7.6       17.9       88.7 
051006  174154  47  25.9000 N  62  32.5220 W   1.6        3.3        2.6        3.6*       3.5*      88.7 
051006  174156  47  25.8990 N  62  32.5230 W   1.5        3.3        2.6        3.6        3.5       88.7 
051006  174158  47  25.8990 N  62  32.5240 W   1.8        3.3        2.5*       3.6        3.5       35.1*
051006  174200  47  25.8980 N  62  32.5260 W   1.8        3.3        2.5        4.5*       6.2*      35.1 
051006  174202  47  25.8980 N  62  32.5270 W   1.4        3.3        2.5        4.5        6.2       35.1 
051006  174204  47  25.8970 N  62  32.5280 W   2.2        3.3        2.5        4.5        6.2       52.3*
051006  174206  47  25.8960 N  62  32.5290 W   1.4        3.9*       2.5        3.9*       6.2       52.3 
051006  174208  47  25.8960 N  62  32.5300 W   2.0        3.9        2.5        3.9        6.2       45.3*
051006  174210  47  25.8950 N  62  32.5320 W   1.8        3.9        2.5        3.5*      21.5*      45.3 
051006  174212  47  25.8940 N  62  32.5330 W   1.9        3.9        2.3*       3.5       21.5       45.3 
051006  174214  47  25.8940 N  62  32.5340 W   2.0        3.9        2.3        3.5       21.5       49.6*
051006  174216  47  25.8930 N  62  32.5350 W   1.6        3.9        2.3        4.8*       5.5*      49.6 
051006  174218  47  25.8920 N  62  32.5360 W   2.2        3.9        2.3        4.8        5.5       49.6 
051006  174220  47  25.8920 N  62  32.5370 W   1.4        3.6*       2.3        5.1*       5.5       51.0*
051006  174222  47  25.8910 N  62  32.5380 W   2.4        3.6        2.3        5.1        4.6*      51.0 
051006  174224  47  25.8900 N  62  32.5400 W   1.8        3.6        2.3        5.1        4.6       53.2*
051006  174226  47  25.8900 N  62  32.5410 W   1.9        3.6        2.2*      29.9*       4.7*      53.2 
051006  174228  47  25.8890 N  62  32.5420 W   1.9        3.6        2.2       29.9        4.7       53.2 
051006  174230  47  25.8880 N  62  32.5440 W   1.9        3.6        2.2       29.9        4.7       55.4*
051006  174232  47  25.8880 N  62  32.5450 W   2.1        3.8*       2.2       29.9        5.6*      55.4 
051006  174234  47  25.8880 N  62  32.5460 W   1.7        3.8        2.2       29.9        5.6       55.4 
051006  174236  47  25.8870 N  62  32.5470 W   2.3        3.8        2.2       29.9        4.1*      53.2*
051006  174238  47  25.8860 N  62  32.5490 W   1.6        3.8        2.2*      29.9        4.1       53.2 
051006  174240  47  25.8850 N  62  32.5500 W   2.2        3.8        2.2       29.9        4.1       55.8*
051006  174242  47  25.8840 N  62  32.5510 W   1.6        3.8        2.2        4.7*       6.6*      55.8 
051006  174244  47  25.8830 N  62  32.5530 W   2.4        3.8        2.2        4.7        6.6       55.8 
051006  174246  47  25.8820 N  62  32.5540 W   1.8        3.9*       2.2        3.4*       6.6       61.9*
051006  174248  47  25.8820 N  62  32.5560 W   2.3        3.9        2.2        3.4        4.1*      61.9 
051006  174250  47  25.8810 N  62  32.5570 W   1.9        3.9        2.2        3.4        4.1       61.9 
051006  174252  47  25.8800 N  62  32.5590 W   1.9        3.9        2.8*       3.3*       5.0*      76.4*
051006  174254  47  25.8790 N  62  32.5600 W   2.3        3.9        2.8        3.3        5.0       76.4 
051006  174256  47  25.8790 N  62  32.5610 W   1.8        3.9        2.8        3.3        5.0       56.2*
051006  174258  47  25.8780 N  62  32.5630 W   2.3        3.8*       2.8        5.3*       8.9*      56.2 
051006  174300  47  25.8770 N  62  32.5640 W   2.0        3.8        2.8        5.3        8.9       56.2 
051006  174302  47  25.8760 N  62  32.5650 W   2.1        3.8        2.8        4.4*       8.9       65.9*
051006  174304  47  25.8760 N  62  32.5660 W   1.7        3.8        2.2*       4.4        8.9       65.9 
051006  174306  47  25.8750 N  62  32.5670 W   2.2        3.8        2.2        4.4        8.9       65.9 
051006  174308  47  25.8740 N  62  32.5680 W   2.1        3.8        2.2        4.1*      19.4*      65.9*
051006  174310  47  25.8730 N  62  32.5700 W   1.8        3.8        2.2        4.1       19.4       65.9 
051006  174312  47  25.8730 N  62  32.5710 W   2.5        3.9*       2.2        3.9*      19.4       72.0*
051006  174314  47  25.8720 N  62  32.5730 W   1.7        3.9        2.2        3.9       19.4       72.0 
051006  174316  47  25.8710 N  62  32.5740 W   2.2        3.9        2.2        3.9       19.4       72.0 
051006  174318  47  25.8700 N  62  32.5760 W   2.1        3.9        3.0*       4.1*      19.4       70.7*
051006  174320  47  25.8700 N  62  32.5770 W   1.8        3.9        3.0        4.1       19.4       70.7 
051006  174322  47  25.8680 N  62  32.5780 W   2.3        3.9        3.0        4.1       19.4       70.7 
051006  174324  47  25.8680 N  62  32.5790 W   2.1        3.9*       3.0        5.6*      28.7*      83.9*
051006  174326  47  25.8670 N  62  32.5800 W   1.8        3.9        3.0        5.6       28.7       83.9 
051006  174328  47  25.8670 N  62  32.5820 W   2.4        3.9        3.0        3.0*      28.7       63.7*
051006  174330  47  25.8660 N  62  32.5830 W   1.9        3.9        2.9*       3.0       28.7       63.7 
051006  174332  47  25.8650 N  62  32.5840 W   1.9        3.9        2.9        3.0       28.7       63.7 
051006  174334  47  25.8640 N  62  32.5850 W   2.0        3.9        2.9        4.1*      30.8*      75.6*
051006  174336  47  25.8630 N  62  32.5870 W   2.1        3.9        2.9        4.1       30.8       75.6 
051006  174338  47  25.8630 N  62  32.5880 W   1.9        3.9*       2.9        4.1       30.8       75.6 
051006  174340  47  25.8620 N  62  32.5890 W   2.1        3.9        2.9        4.1        4.1*      75.6 
051006  174342  47  25.8610 N  62  32.5900 W   2.2        3.9        2.9        4.1        4.1       75.6 
051006  174344  47  25.8600 N  62  32.5920 W   1.9        3.9        2.9        4.1        7.7*      75.6 
051006  174346  47  25.8590 N  62  32.5930 W   2.2        3.9        2.9        4.1        7.7       75.6 
051006  174348  47  25.8580 N  62  32.5950 W   1.6        3.9        2.9        4.1        7.7       75.6 
051006  174350  47  25.8580 N  62  32.5960 W   2.4        3.9        2.9        4.7*       1.8*      82.2*
051006  174352  47  25.8570 N  62  32.5970 W   1.5        3.9        2.9        4.7        1.8       82.2 
051006  174354  47  25.8570 N  62  32.5980 W   2.7        3.9        2.9        4.4*       1.8       82.2 
051006  174356  47  25.8550 N  62  32.6000 W   1.4        3.9        2.9        4.4        6.1*      79.5*
051006  174358  47  25.8550 N  62  32.6010 W   2.8        3.9        2.9        4.4        6.1       79.5 
051006  174400  47  25.8540 N  62  32.6020 W   1.7        3.9        2.9        5.5*       6.1       79.5 
051006  174402  47  25.8530 N  62  32.6040 W   2.0        3.9        2.9        5.5        6.1       82.2*
051006  174404  47  25.8520 N  62  32.6050 W   2.4        3.9        2.9        5.5        6.1       82.2 
051006  174406  47  25.8510 N  62  32.6060 W   1.8        3.9        2.9        5.0*       6.1       77.8*
051006  174408  47  25.8500 N  62  32.6080 W   2.5        3.9        2.9        5.0        6.1       77.8 
051006  174410  47  25.8500 N  62  32.6090 W   1.7        3.9        2.9        5.9*       6.1       77.8 
051006  174412  47  25.8490 N  62  32.6100 W   2.2        3.9        2.9        5.9       38.9*      83.0*
051006  174414  47  25.8480 N  62  32.6110 W   2.2        3.9        2.9        5.9       38.9       83.0 
051006  174416  47  25.8470 N  62  32.6130 W   2.1        3.9        2.9        5.2*      38.9       83.0 
051006  174418  47  25.8470 N  62  32.6140 W   2.1        3.9        2.9        5.2       38.9       80.0*
051006  174420  47  25.8460 N  62  32.6150 W   2.1        3.9        2.9        6.2*      38.9       80.0 
051006  174422  47  25.8460 N  62  32.6170 W   1.8        3.9        2.9        6.2        2.4*      80.8*
051006  174424  47  25.8450 N  62  32.6180 W   1.9        3.9        2.9        6.2        2.4       80.8 
051006  174426  47  25.8450 N  62  32.6190 W   2.0        3.9        2.9        5.8*      13.4*      80.8 
051006  174428  47  25.8440 N  62  32.6200 W   1.8        3.9        2.9        5.8       13.4       81.7*
051006  174430  47  25.8430 N  62  32.6210 W   2.2        3.9        2.9        5.8       13.4       81.7 
051006  174432  47  25.8430 N  62  32.6230 W   1.7        3.9        2.9        6.2*      15.2*      81.7 
051006  174434  47  25.8420 N  62  32.6240 W   2.2        3.9        2.9        6.2       15.2       81.7*
051006  174436  47  25.8410 N  62  32.6260 W   1.7        3.9        2.9        6.4*       5.1*      81.7 
051006  174438  47  25.8400 N  62  32.6270 W   1.9        3.9       11.4*       6.4        5.1       80.8*
051006  174440  47  25.8400 N  62  32.6280 W   2.1        3.9       11.4        6.4        5.1       80.8 
051006  174442  47  25.8390 N  62  32.6290 W   1.4        3.9       11.4        7.0*      31.1*      80.8 
051006  174444  47  25.8380 N  62  32.6310 W   2.3        3.9       11.4        7.0       31.1       80.8*
051006  174446  47  25.8380 N  62  32.6320 W   1.2        3.9       11.4        7.0       31.1       80.8 
051006  174448  47  25.8370 N  62  32.6330 W   2.2        3.9       11.4        6.2*       8.0*      80.8 
051006  174450  47  25.8370 N  62  32.6350 W   1.8        3.9       11.4        6.2        8.0       82.6*
051006  174452  47  25.8360 N  62  32.6360 W   1.8        3.9       11.4        7.2*       8.0       82.6 
051006  174454  47  25.8350 N  62  32.6380 W   2.1        3.9       11.4        7.2       11.4*      80.4*
051006  174456  47  25.8350 N  62  32.6390 W   1.7        3.9       11.4        7.2       11.4       80.4 
051006  174458  47  25.8350 N  62  32.6390 W   1.7        3.9       11.4        6.8*      11.4       80.4 
051006  174500  47  25.8340 N  62  32.6400 W   1.9        3.9       11.4        6.8       11.4       80.8*
051006  174502  47  25.8330 N  62  32.6420 W   2.3        3.9       11.4        6.8       11.4       80.8 
051006  174504  47  25.8320 N  62  32.6430 W   1.3        3.9       11.4        7.1*      11.4       80.8 
051006  174506  47  25.8320 N  62  32.6450 W   2.9        3.9       11.4        7.1       11.4       82.6*
051006  174508  47  25.8310 N  62  32.6470 W   1.1        3.9       11.4        9.5*       4.0*      82.6 
051006  174510  47  25.8310 N  62  32.6470 W   2.8        3.9       11.4        9.5        4.0       81.3*
051006  174512  47  25.8300 N  62  32.6480 W   1.2        3.9       11.4        9.5        4.0       81.3 
051006  174514  47  25.8290 N  62  32.6490 W   2.6        3.9       11.4        4.8*      56.1*      81.3 
051006  174516  47  25.8280 N  62  32.6510 W   1.5        3.9       11.4        4.8       56.1       85.2*
051006  174518  47  25.8270 N  62  32.6520 W   2.5        3.9       11.4        6.2*      56.1       85.2 
051006  174520  47  25.8260 N  62  32.6540 W   1.6        3.9       11.4        6.2        8.0*      85.2 
051006  174522  47  25.8260 N  62  32.6550 W   2.1        3.9       11.4        6.2        8.0       83.0*
051006  174524  47  25.8250 N  62  32.6560 W   2.2        3.9       11.4        6.5*       8.0       83.0 
051006  174526  47  25.8250 N  62  32.6580 W   1.7        3.9       11.4        6.5        8.0       83.0 
051006  174528  47  25.8240 N  62  32.6590 W   2.2        3.9       11.4        6.5        8.0       77.3*
051006  174530  47  25.8240 N  62  32.6600 W   2.0        3.9       11.4        7.4*       0.2*      77.3 
051006  174532  47  25.8230 N  62  32.6620 W   1.8        3.9       11.4        7.4        0.2       79.1*
051006  174534  47  25.8220 N  62  32.6630 W   2.0        3.9       11.4        6.5*       0.2       79.1 
051006  174536  47  25.8210 N  62  32.6640 W   2.1        3.9       11.4        6.5       63.2*      79.1 
051006  174538  47  25.8210 N  62  32.6660 W   1.8        3.9       11.4*       6.5       63.2       82.6*
051006  174540  47  25.8200 N  62  32.6670 W   2.2        3.9       11.4        6.5*       3.5*      82.6 
051006  174542  47  25.8190 N  62  32.6690 W   2.0        3.9       11.4        6.5        3.5       82.6 
051006  174544  47  25.8190 N  62  32.6700 W   1.7        3.9       11.4        6.7*       3.5       80.0*
051006  174546  47  25.8180 N  62  32.6710 W   2.1        3.9       11.4        6.7        7.7*      80.0 
051006  174548  47  25.8170 N  62  32.6720 W   1.4        3.9       11.4        6.7        7.7       81.7*
051006  174550  47  25.8170 N  62  32.6730 W   2.4        3.9       11.1*       6.3*       7.7       81.7 
051006  174552  47  25.8160 N  62  32.6750 W   1.7        3.9       11.1        6.3        9.4*      81.7 
051006  174554  47  25.8160 N  62  32.6760 W   2.1        3.9       11.1        6.3        9.4       80.0*
051006  174556  47  25.8150 N  62  32.6770 W   1.7        3.9       11.1        6.9*       9.4       80.0 
051006  174558  47  25.8140 N  62  32.6780 W   2.1        3.9       11.1        6.9        9.4       80.0 
051006  174600  47  25.8130 N  62  32.6790 W   1.7        3.9       11.1        6.8*       9.4       80.4*
051006  174602  47  25.8130 N  62  32.6800 W   2.0        3.9       11.1        6.8       64.5*      80.4 
051006  174604  47  25.8120 N  62  32.6820 W   1.9        3.9       11.1        6.8       64.5       79.5*
051006  174606  47  25.8110 N  62  32.6830 W   2.1        3.9       11.1        7.3*       7.9*      79.5 
051006  174608  47  25.8100 N  62  32.6840 W   1.9        3.9       11.1        7.3        7.9       79.5 
051006  174610  47  25.8100 N  62  32.6860 W   1.8        3.9       11.1        7.3        7.9       80.4*
051006  174612  47  25.8090 N  62  32.6860 W   1.8        3.9       11.1        6.8*       9.2*      80.4 
051006  174614  47  25.8090 N  62  32.6880 W   2.2        3.9       11.1        6.8        9.2       80.4 
051006  174616  47  25.8080 N  62  32.6890 W   1.7        3.9       11.1        7.2*       9.2       80.8*
051006  174618  47  25.8070 N  62  32.6910 W   2.1        3.9       11.1        7.2       12.3*      80.8 
051006  174620  47  25.8060 N  62  32.6920 W   2.0        3.9       11.1        7.2       12.3       78.6*
051006  174622  47  25.8050 N  62  32.6940 W   1.8        3.9       11.1        8.6*       4.1*      78.6 
051006  174624  47  25.8050 N  62  32.6950 W   1.8        3.9       11.1        8.6        4.1       78.6 
051006  174626  47  25.8040 N  62  32.6970 W   2.5        3.9       11.1        8.6        4.1       83.0*
051006  174628  47  25.8030 N  62  32.6980 W   2.0        3.9       11.1        4.7*      12.8*      83.0 
051006  174630  47  25.8020 N  62  32.7000 W   2.8        3.9       11.1        4.7       12.8       83.0 
051006  174632  47  25.8010 N  62  32.7010 W   1.8        3.9       11.1        6.2*      12.8       79.1*
051006  174634  47  25.8010 N  62  32.7020 W   2.2        3.9       11.1        6.2       12.8       79.1 
051006  174636  47  25.8000 N  62  32.7040 W   2.0        3.9       11.1        6.2       12.8       81.3*
051006  174638  47  25.7990 N  62  32.7050 W   2.3        3.9       11.1        6.1*       7.6*      81.3 
051006  174640  47  25.7990 N  62  32.7060 W   1.9        3.9       11.1        6.1        7.6       81.3 
051006  174642  47  25.7980 N  62  32.7080 W   2.3        3.9       11.1        6.2*       7.6       87.0*
051006  174644  47  25.7970 N  62  32.7090 W   1.5        3.9       11.1        6.2        7.6       87.0 
051006  174646  47  25.7970 N  62  32.7100 W   2.5        3.9       11.1        6.2        7.6       87.0 
051006  174648  47  25.7960 N  62  32.7120 W   1.3        3.9       11.1        6.4*       7.6       74.7*
051006  174650  47  25.7960 N  62  32.7130 W   2.7        3.9       11.1        6.4       77.3*      74.7 
051006  174652  47  25.7950 N  62  32.7150 W   1.5        3.9       11.1        6.4       77.3       74.7 
051006  174654  47  25.7940 N  62  32.7160 W   2.3        3.9       11.1        7.1*       7.7*      79.5*
051006  174656  47  25.7930 N  62  32.7180 W   1.5        3.9       11.1        7.1        7.7       79.5 
051006  174658  47  25.7930 N  62  32.7180 W   1.8        3.9       11.1       12.4*       7.7       79.5*
051006  174700  47  25.7920 N  62  32.7190 W   1.8        3.9       11.1       12.4        8.8*      79.5 
051006  174702  47  25.7920 N  62  32.7210 W   1.8        3.9       11.1       12.4        8.8       79.5 
051006  174704  47  25.7910 N  62  32.7220 W   1.8        3.9       11.1        4.5*       8.8       80.4*
051006  174706  47  25.7900 N  62  32.7230 W   1.3        3.9       11.1        4.5       16.4*      80.4 
051006  174708  47  25.7900 N  62  32.7240 W   1.3        3.9       11.1        4.5       16.4       80.4 
051006  174710  47  25.7900 N  62  32.7250 W   0.7        3.9       11.1        4.1*       0.3*      82.6*
051006  174712  47  25.7900 N  62  32.7250 W   0.7        3.9       11.1        4.1        0.3       82.6 
051006  174714  47  25.7910 N  62  32.7260 W   0.6        3.9       11.1        5.9*       0.3       80.4*
051006  174716  47  25.7910 N  62  32.7260 W   0.4        3.9       11.1        5.9        0.3       80.4 
051006  174718  47  25.7910 N  62  32.7260 W   0.9        3.9       11.1        5.9        0.3       80.4 
051006  174720  47  25.7920 N  62  32.7270 W   0.4        3.9        2.6*       4.2*       0.3       75.6*
051006  174722  47  25.7920 N  62  32.7260 W   1.0        3.9        2.6        4.2        0.3       75.6 
051006  174724  47  25.7920 N  62  32.7270 W   0.6        3.9        2.6        4.4*       0.3       75.6 
051006  174726  47  25.7920 N  62  32.7270 W   0.4        6.6*       2.6        4.4       83.1*      83.5*
051006  174728  47  25.7920 N  62  32.7280 W   0.8        6.6        2.6        4.4       83.1       83.5 
051006  174730  47  25.7920 N  62  32.7290 W   0.5        6.6        2.6        3.5*      83.1       72.5*
051006  174732  47  25.7930 N  62  32.7290 W   1.2        6.6        2.1*       3.5        3.6*      72.5 
051006  174734  47  25.7920 N  62  32.7310 W   1.1        6.6        2.1        3.5        3.6       72.5 
051006  174736  47  25.7920 N  62  32.7310 W   1.0        6.6        2.1        3.4*       3.6       98.0*
051006  174738  47  25.7920 N  62  32.7330 W   1.8        6.6        2.1        3.4        3.6       98.0 
051006  174740  47  25.7920 N  62  32.7330 W   0.6        9.3*       2.1        3.4        3.6       98.0 
051006  174742  47  25.7910 N  62  32.7350 W   2.9        9.3        2.1        3.4        3.6       56.2*
051006  174744  47  25.7910 N  62  32.7360 W   0.8        9.3        2.1        3.4        3.6       56.2 
051006  174746  47  25.7910 N  62  32.7370 W   2.8        9.3        2.3*      47.9*       3.6       76.4*
051006  174748  47  25.7910 N  62  32.7390 W   1.2        9.3        2.3       47.9        3.6       76.4 
051006  174750  47  25.7900 N  62  32.7400 W   2.8        9.3        2.3       47.9        3.6       76.4 
051006  174752  47  25.7890 N  62  32.7420 W   1.2        9.3        2.3       47.9        8.3*     188.9*
051006  174754  47  25.7880 N  62  32.7440 W   3.2        2.7*       2.3       47.9        8.3      188.9 
051006  174756  47  25.7870 N  62  32.7460 W   1.5        2.7        2.3        3.7*       8.3      188.9 
051006  174758  47  25.7870 N  62  32.7470 W   2.7        2.7        2.3        3.7        8.3      188.9 
051006  174800  47  25.7860 N  62  32.7490 W   1.7        2.7        2.5*       3.7        8.3      188.9 
051006  174802  47  25.7860 N  62  32.7500 W   2.5        2.7        2.5        4.3*      14.1*      77.8*
051006  174804  47  25.7850 N  62  32.7510 W   1.8        2.7        2.5        4.3       14.1       77.8 
051006  174806  47  25.7840 N  62  32.7520 W   2.3        3.7*       2.5        3.5*      14.1       77.8 
051006  174808  47  25.7830 N  62  32.7540 W   1.6        3.7        2.5        3.5       14.1       72.0*
051006  174810  47  25.7830 N  62  32.7550 W   2.3        3.7        2.5        3.5       14.1       72.0 
051006  174812  47  25.7820 N  62  32.7570 W   1.4        3.7        2.5        3.6*      14.1       72.0 
051006  174814  47  25.7820 N  62  32.7570 W   2.4        3.7        2.5        3.6       14.1       79.1*
051006  174816  47  25.7810 N  62  32.7590 W   2.1        3.7        2.5        3.6       14.1       79.1 
051006  174818  47  25.7800 N  62  32.7600 W   1.7        3.7        2.5        4.8*      11.7*      79.1*
051006  174820  47  25.7790 N  62  32.7620 W   2.6        3.3*       2.5        4.8       11.7       79.1 
051006  174822  47  25.7780 N  62  32.7640 W   1.3        3.3        2.5        4.7*      11.7       79.1 
051006  174824  47  25.7780 N  62  32.7640 W   2.6        3.3        2.5        4.7       67.5*      79.1*
051006  174826  47  25.7770 N  62  32.7660 W   2.0        3.3        2.5        4.7       67.5       79.1 
051006  174828  47  25.7760 N  62  32.7670 W   1.9        3.3        2.5        5.1*      16.8*      79.1 
051006  174830  47  25.7760 N  62  32.7690 W   2.7        3.3        2.5        5.1       16.8       80.0*
051006  174832  47  25.7750 N  62  32.7700 W   1.6        3.3        2.5        5.4*      16.8       80.0 
051006  174834  47  25.7750 N  62  32.7710 W   2.2        3.3        2.5        5.4        1.4*      80.0 
051006  174836  47  25.7740 N  62  32.7730 W   1.6        3.3        2.5        5.4        1.4       80.4*
051006  174838  47  25.7740 N  62  32.7750 W   2.6        3.3        2.5        5.3*       1.4       80.4 
051006  174840  47  25.7730 N  62  32.7760 W   1.2        3.3        2.5        5.3        1.3*      79.5*
051006  174842  47  25.7720 N  62  32.7770 W   2.6        3.3        2.5        5.3        1.3       79.5 
051006  174844  47  25.7710 N  62  32.7790 W   1.7        3.3       11.7*       6.4*      20.1*      79.5 
051006  174846  47  25.7710 N  62  32.7810 W   1.8        3.3       11.7        6.4       20.1       86.1*
051006  174848  47  25.7700 N  62  32.7820 W   2.0        3.3       11.7        6.7*      20.1       86.1 
051006  174850  47  25.7690 N  62  32.7840 W   1.9        3.3       11.7        6.7       21.2*      86.1 
051006  174852  47  25.7680 N  62  32.7840 W   1.9        3.3       11.7        6.7       21.2       76.9*
051006  174854  47  25.7680 N  62  32.7860 W   1.7        3.3       11.7        9.8*      21.2       76.9 
051006  174856  47  25.7670 N  62  32.7870 W   0.6        3.3       11.7        9.8       21.2      100.2*
051006  174858  47  25.7670 N  62  32.7870 W   1.6        3.3       11.7        9.8       21.2      100.2 
051006  174900  47  25.7670 N  62  32.7880 W   0.2        3.3       11.7        7.9*      21.2      100.2 
051006  174902  47  25.7670 N  62  32.7890 W   1.7        3.3       11.7        7.9       21.2       77.3*
051006  174904  47  25.7670 N  62  32.7900 W   0.6        3.3       11.7        5.5*      21.2       77.3 
051006  174906  47  25.7670 N  62  32.7900 W   1.5        3.3       11.7        5.5       21.2       77.3 
051006  174908  47  25.7660 N  62  32.7910 W   1.1        3.3       11.7        5.5       21.2       90.1*
051006  174910  47  25.7670 N  62  32.7920 W   1.0        3.3       11.7       92.2*      21.2       90.1 
051006  174912  47  25.7660 N  62  32.7930 W   1.0        3.3       11.7       92.2       21.2       68.5*
051006  174914  47  25.7660 N  62  32.7940 W   1.3        3.3       11.7       92.2       21.2       68.5 
051006  174916  47  25.7660 N  62  32.7950 W   0.9        3.3       11.7        5.9*      21.2       68.5 
051006  174918  47  25.7660 N  62  32.7960 W   1.2        3.3       11.7        5.9       21.2       69.9*
051006  174920  47  25.7660 N  62  32.7970 W   1.1        3.3       11.7        5.9       21.2       69.9 
051006  174922  47  25.7650 N  62  32.7970 W   0.9        3.3       11.7       10.7*      21.2       69.9 
051006  174924  47  25.7650 N  62  32.7980 W   1.3        3.3       11.7       10.7       21.2       69.9 
051006  174926  47  25.7650 N  62  32.7990 W   0.5        3.3       11.7       10.7       13.1*      69.9 
051006  174928  47  25.7650 N  62  32.8000 W   1.3        3.3       11.7       10.7       13.1       69.9 
051006  174930  47  25.7650 N  62  32.8000 W   0.7        3.3       11.7       10.7       13.1       69.9 
051006  174932  47  25.7650 N  62  32.8010 W   1.2        2.3*      11.7       10.7        7.6*      69.9 
051006  174934  47  25.7650 N  62  32.8010 W   0.6        2.3       11.7       10.7        7.6       78.6*
051006  174936  47  25.7650 N  62  32.8030 W   1.3        2.3       11.7       10.7        7.6       78.6 
051006  174938  47  25.7650 N  62  32.8030 W   0.5        2.3        2.5*      10.7        7.6       78.6 
051006  174940  47  25.7650 N  62  32.8040 W   1.2        2.3        2.5       10.7        7.6       78.6 
051006  174942  47  25.7640 N  62  32.8050 W   0.4        2.3        2.5        4.7*      13.3*      78.6 
051006  174944  47  25.7640 N  62  32.8050 W   0.9        2.3        2.5        4.7       13.3       78.6 
051006  174946  47  25.7640 N  62  32.8060 W   0.7        5.8*       2.5        4.7       13.3       78.6 
051006  174948  47  25.7640 N  62  32.8070 W   1.0        5.8        2.5        5.9*      11.0*      78.6 
051006  174950  47  25.7640 N  62  32.8070 W   0.7        5.8        2.5        5.9       11.0       78.6 
051006  174952  47  25.7640 N  62  32.8080 W   1.0        5.8        2.6*       5.6*       1.7*      78.6 
051006  174954  47  25.7640 N  62  32.8080 W   0.6        5.8        2.6        5.6        1.7       78.6 
051006  174956  47  25.7640 N  62  32.8090 W   0.9        5.8        2.6        5.6        1.7      100.2*
051006  174958  47  25.7640 N  62  32.8100 W   0.6        5.8        2.6        6.7*       1.7      100.2 
051006  175000  47  25.7630 N  62  32.8110 W   0.7        9.6*       2.6        6.7        1.7       16.3*
051006  175002  47  25.7630 N  62  32.8110 W   0.7        9.6        2.6        5.8*       1.7       16.3 
051006  175004  47  25.7630 N  62  32.8120 W   0.7        9.6        2.6        5.8        1.7       16.3 
051006  175006  47  25.7630 N  62  32.8130 W   0.7        9.6        2.6        5.8        1.7       44.8*
051006  175008  47  25.7630 N  62  32.8130 W   0.9        9.6        2.6        5.6*       1.7       44.8 
051006  175010  47  25.7630 N  62  32.8130 W   0.6        9.6        2.6        5.6        1.7       44.8 
051006  175012  47  25.7630 N  62  32.8140 W   0.8        9.6        2.6        5.6        1.7       67.2*
051006  175014  47  25.7630 N  62  32.8150 W   0.5        9.6        2.6        6.9*       1.7       67.2 
051006  175016  47  25.7630 N  62  32.8150 W   0.7        9.6        2.6        6.9        1.7       87.9*
051006  175018  47  25.7630 N  62  32.8160 W   0.7        9.6        2.6        8.0*      39.7*      87.9 
051006  175020  47  25.7630 N  62  32.8170 W   0.5        9.6        2.6        8.0       39.7       87.9 
051006  175022  47  25.7630 N  62  32.8170 W   1.0        9.6        2.6        8.0       39.7       99.3*
051006  175024  47  25.7630 N  62  32.8180 W   0.6        9.6        2.6        7.1*       4.5*      99.3 
051006  175026  47  25.7640 N  62  32.8170 W   0.6        9.6        2.6        7.1        4.5       99.3 
051006  175028  47  25.7630 N  62  32.8180 W   0.9        9.6        2.6        7.1        4.5       99.3 
051006  175030  47  25.7630 N  62  32.8190 W   0.4        9.6        2.6        5.3*       9.9*      99.3 
051006  175032  47  25.7620 N  62  32.8200 W   1.0        9.6        2.6        5.3        9.9       99.3 
051006  175034  47  25.7620 N  62  32.8200 W   0.5        9.6        2.6        6.8*       8.0*      99.3 
051006  175036  47  25.7620 N  62  32.8210 W   1.0        9.6       12.5*       6.8        8.0       99.3 
051006  175038  47  25.7620 N  62  32.8220 W   0.5        9.6       12.5        6.8        8.0       80.8*
051006  175040  47  25.7620 N  62  32.8230 W   1.0        9.6       12.5        4.4*       1.1*      80.8 
051006  175042  47  25.7620 N  62  32.8230 W   0.7        9.6       12.5        4.4        1.1       80.8 
051006  175044  47  25.7620 N  62  32.8240 W   0.8        9.6       12.5        5.5*       7.1*      80.8 
051006  175046  47  25.7620 N  62  32.8240 W   0.8        9.6       12.5        5.5        7.1       80.8 
051006  175048  47  25.7620 N  62  32.8250 W   0.4        9.6       12.5        5.5        7.1       80.8 
051006  175050  47  25.7620 N  62  32.8250 W   1.1        9.6       12.5        5.5        8.2*      80.8 
051006  175052  47  25.7620 N  62  32.8260 W   0.8        9.6       12.5        5.5        8.2       80.8 
051006  175054  47  25.7620 N  62  32.8270 W   0.6        9.6       12.5        5.5        8.2       80.8 
051006  175056  47  25.7620 N  62  32.8280 W   1.6        9.6       12.5       33.0*      10.3*      80.8 
051006  175058  47  25.7620 N  62  32.8280 W   0.2        9.6       12.5       33.0       10.3       80.8 
051006  175100  47  25.7620 N  62  32.8290 W   1.3        9.6       12.5        4.6*      10.3       80.8 
051006  175102  47  25.7610 N  62  32.8300 W   0.6        9.6       12.5        4.6       10.3       80.8 
051006  175104  47  25.7610 N  62  32.8310 W   0.9        9.6       12.5        4.6       10.3       80.8 
051006  175106  47  25.7610 N  62  32.8310 W   1.1        9.6        2.2*       4.6       10.3       80.8 
051006  175108  47  25.7610 N  62  32.8320 W   0.6        9.6        2.2        4.6       10.3       80.8 
051006  175110  47  25.7610 N  62  32.8320 W   0.8        9.6        2.2        4.6       10.3      202.5*
051006  175112  47  25.7610 N  62  32.8330 W   0.7        9.6        2.2        4.6       10.3      202.5 
051006  175114  47  25.7600 N  62  32.8340 W   0.7        2.9*       2.2        4.6       10.3      202.5 
051006  175116  47  25.7610 N  62  32.8340 W   0.8        2.9        2.2        3.3*       8.2*      10.1*
051006  175118  47  25.7610 N  62  32.8350 W   0.9        2.9        2.2        3.3        8.2       10.1 
051006  175120  47  25.7600 N  62  32.8360 W   0.2        2.9        2.2        2.6*       8.2       80.0*
051006  175122  47  25.7600 N  62  32.8360 W   1.6        2.9        2.2        2.6        1.3*      80.0 
051006  175124  47  25.7600 N  62  32.8370 W   0.1        2.9        2.2        2.6        1.3       80.0 
051006  175126  47  25.7600 N  62  32.8370 W   1.2        2.9        2.2       13.6*       5.0*      10.5*
051006  175128  47  25.7600 N  62  32.8380 W   0.5        2.9        2.2       13.6        5.0       10.5 
051006  175130  47  25.7600 N  62  32.8390 W   1.2        2.9        2.2       13.6        5.0       10.5 
051006  175132  47  25.7590 N  62  32.8400 W   0.9        2.9        2.2       13.6        0.9*      10.5 
