#B	Created:	29.07.2024 20:57:19
##	Version	SeaStar	9.05
#5	Field separation:	0
#2	Date & Time:	1
#6	Decimal point:	,
#7	Date def.:	dd.mm.yyyy	.
#8	Time def.:	:
##	Axis	0	Temperature(°C)	clRed	FALSE
##	Axis	1	Pressure(Bar)	clBlue	FALSE
##	Axis	2	Angle(°)	clGreen	FALSE
##	Axis	3	EAL	clSkyBlue	FALSE
##	Axis	4	Roll(°)	$00404080	FALSE
##	Series	0	Temp(°C)	clRed	0	Temp(°C)	2
##	Series	1	Press(Bar)	clBlue	1	Press(Bar)	2
##	Series	2	Tilt-X(°)	clGreen	2	Tilt-X(°)	1
##	Series	3	Tilt-Y(°)	$00404080	2	Tilt-Y(°)	1
##	Series	4	Tilt-Z(°)	$00FF0080	2	Tilt-Z(°)	1
##	Series	5	EAL	clSkyBlue	3	EAL	0
##	Series	6	Roll(°)	$00404080	4	Roll(°)	1
##	Recorder	148	DST tilt	1240
##	Chart	148H1240DAT	
#D	Data:	1170	29.07.2024 20:37:00	29.07.2024 20:56:29
1	29.07.2024 20:37:00,000	23,10	0,97	57,7	-6,0	26,3	0	-13,3
2	29.07.2024 20:37:01,000	23,07	0,94	60,2	-7,5	22,3	0	-19,1
3	29.07.2024 20:37:02,000	23,05	0,96	62,5	-6,0	21,4	0	-19,1
4	29.07.2024 20:37:03,000	23,02	0,96	60,7	-4,7	24,6	0	-11,2
5	29.07.2024 20:37:04,000	23,02	0,96	62,6	-5,5	21,9	0	-11,2
6	29.07.2024 20:37:05,000	22,99	0,98	68,2	-4,5	17,3	0	-11,2
7	29.07.2024 20:37:06,000	22,99	0,98	68,2	-3,8	18,1	1	-11,2
8	29.07.2024 20:37:07,000	22,99	0,98	65,1	-2,5	22,4	0	-11,2
9	29.07.2024 20:37:08,000	22,96	1,00	66,7	-3,0	20,3	0	-11,2
10	29.07.2024 20:37:09,000	22,96	1,03	70,1	-3,2	16,7	0	-11,2
11	29.07.2024 20:37:10,000	22,90	0,95	67,9	-1,1	21,1	0	-11,2
12	29.07.2024 20:37:11,000	22,84	0,99	67,9	-1,3	20,8	0	-11,2
13	29.07.2024 20:37:12,000	22,78	1,04	70,3	-2,1	17,6	0	-11,2
14	29.07.2024 20:37:13,000	22,72	1,08	70,5	-2,6	17,0	0	-11,2
15	29.07.2024 20:37:14,000	22,69	1,08	69,1	-2,6	18,3	0	-11,2
16	29.07.2024 20:37:15,000	22,67	1,07	66,1	-3,4	20,5	0	-11,2
17	29.07.2024 20:37:16,000	22,64	1,07	69,7	-3,9	16,4	0	-11,2
18	29.07.2024 20:37:17,000	22,61	1,09	71,5	-2,3	16,2	0	-11,2
19	29.07.2024 20:37:18,000	22,58	1,09	66,5	-0,3	23,2	0	-11,2
20	29.07.2024 20:37:19,000	22,58	1,11	69,5	2,3	18,2	0	-11,2
21	29.07.2024 20:37:20,000	22,55	1,14	68,8	2,4	18,8	0	-11,2
22	29.07.2024 20:37:21,000	22,55	1,14	65,6	5,0	19,4	0	-11,2
23	29.07.2024 20:37:22,000	22,55	1,14	63,5	5,4	21,1	0	-11,2
24	29.07.2024 20:37:23,000	22,52	1,13	65,3	6,9	17,8	0	-11,2
25	29.07.2024 20:37:24,000	22,52	1,16	65,4	7,4	17,2	0	-11,2
26	29.07.2024 20:37:25,000	22,52	1,18	62,7	5,2	22,2	0	-11,2
27	29.07.2024 20:37:26,000	22,52	1,18	63,9	6,7	19,3	0	-11,2
28	29.07.2024 20:37:27,000	22,49	1,20	68,0	8,7	13,3	0	-11,2
29	29.07.2024 20:37:28,000	22,49	1,22	64,3	4,2	21,5	0	-11,2
30	29.07.2024 20:37:29,000	22,49	1,22	63,2	4,7	22,1	0	-11,2
31	29.07.2024 20:37:30,000	22,43	1,22	66,5	10,7	12,9	0	-11,2
32	29.07.2024 20:37:31,000	22,40	1,26	64,5	9,0	16,5	0	-11,2
33	29.07.2024 20:37:32,000	22,37	1,26	63,6	4,7	21,7	0	-11,2
34	29.07.2024 20:37:33,000	22,34	1,28	62,5	5,8	21,8	0	-11,2
35	29.07.2024 20:37:34,000	22,31	1,33	65,1	11,4	13,5	0	-11,2
36	29.07.2024 20:37:35,000	22,26	1,35	65,0	7,8	17,3	0	-11,2
37	29.07.2024 20:37:36,000	22,20	1,37	64,9	2,0	23,1	0	-11,2
38	29.07.2024 20:37:37,000	22,14	1,38	64,9	8,6	16,5	0	-11,2
39	29.07.2024 20:37:38,000	22,08	1,40	65,2	10,6	14,1	0	-11,2
40	29.07.2024 20:37:39,000	22,05	1,42	64,1	7,4	18,5	0	-11,2
41	29.07.2024 20:37:40,000	21,99	1,47	64,7	6,0	19,3	0	-11,2
42	29.07.2024 20:37:41,000	21,96	1,49	64,4	8,2	17,5	0	-11,2
43	29.07.2024 20:37:42,000	21,90	1,51	64,7	11,4	13,9	0	-11,2
44	29.07.2024 20:37:43,000	21,88	1,55	63,1	10,1	16,7	0	-11,2
45	29.07.2024 20:37:44,000	21,82	1,55	63,0	6,2	20,8	0	-11,2
46	29.07.2024 20:37:45,000	21,82	1,59	64,4	11,8	13,8	0	-11,2
47	29.07.2024 20:37:46,000	21,82	1,62	63,9	11,1	15,0	0	-11,2
48	29.07.2024 20:37:47,000	21,79	1,61	62,3	9,3	18,4	0	-11,2
49	29.07.2024 20:37:48,000	21,76	1,66	63,1	10,3	16,6	0	-11,2
50	29.07.2024 20:37:49,000	21,73	1,68	63,3	10,9	15,8	0	-11,2
51	29.07.2024 20:37:50,000	21,70	1,68	64,0	10,6	15,4	0	-11,2
52	29.07.2024 20:37:51,000	21,70	1,73	63,6	9,6	16,8	0	-11,2
53	29.07.2024 20:37:52,000	21,67	1,72	62,4	4,3	23,3	0	-11,2
54	29.07.2024 20:37:53,000	21,64	1,72	56,8	-2,4	30,8	0	-4,7
55	29.07.2024 20:37:54,000	21,64	1,72	60,5	10,6	18,9	0	-4,7
56	29.07.2024 20:37:55,000	21,61	1,77	61,1	8,1	20,8	0	-4,7
57	29.07.2024 20:37:56,000	21,61	1,77	60,3	9,8	19,9	0	-4,7
58	29.07.2024 20:37:57,000	21,61	1,81	62,0	12,0	15,9	0	-4,7
59	29.07.2024 20:37:58,000	21,58	1,83	60,8	9,7	19,5	0	-4,7
60	29.07.2024 20:37:59,000	21,55	1,83	59,8	9,5	20,6	0	-4,7
61	29.07.2024 20:38:00,000	21,52	1,85	60,1	11,8	18,1	0	-4,7
62	29.07.2024 20:38:01,000	21,49	1,90	60,3	11,5	18,2	0	-4,7
63	29.07.2024 20:38:02,000	21,49	1,92	59,1	9,5	21,4	0	24,4
64	29.07.2024 20:38:03,000	21,47	1,94	59,7	7,6	22,7	0	18,9
65	29.07.2024 20:38:04,000	21,47	1,96	60,8	11,3	17,9	0	18,9
66	29.07.2024 20:38:05,000	21,47	1,99	65,6	7,2	17,3	0	18,9
67	29.07.2024 20:38:06,000	21,35	2,00	60,0	1,5	28,5	0	3,2
68	29.07.2024 20:38:07,000	21,11	2,10	61,1	9,4	19,5	0	3,2
69	29.07.2024 20:38:08,000	21,00	2,16	65,9	6,2	17,9	0	3,2
70	29.07.2024 20:38:09,000	20,91	2,13	61,5	1,8	26,6	0	4,1
71	29.07.2024 20:38:10,000	20,79	2,17	61,4	-0,1	28,5	0	-0,3
72	29.07.2024 20:38:11,000	20,67	2,16	60,0	-0,8	29,2	0	-1,6
73	29.07.2024 20:38:12,000	20,58	2,20	55,0	-4,5	30,5	0	-8,8
74	29.07.2024 20:38:13,000	20,55	2,17	49,9	-7,8	32,3	0	-14,4
75	29.07.2024 20:38:14,000	20,50	2,19	53,8	-4,5	31,7	0	-8,4
76	29.07.2024 20:38:15,000	20,47	2,12	52,8	-4,5	32,7	0	-8,2
77	29.07.2024 20:38:16,000	20,41	2,19	50,9	-7,2	31,9	0	-13,4
78	29.07.2024 20:38:17,000	20,38	2,21	51,6	-5,5	32,8	0	-10,1
79	29.07.2024 20:38:18,000	20,35	2,13	54,2	-4,2	31,6	0	-8,0
80	29.07.2024 20:38:19,000	20,29	2,20	51,8	-6,1	32,1	0	-11,4
81	29.07.2024 20:38:20,000	20,23	2,27	50,3	-8,1	31,6	0	-15,2
82	29.07.2024 20:38:21,000	20,14	2,24	46,1	-7,8	36,1	0	-13,1
83	29.07.2024 20:38:22,000	20,05	2,11	36,4	-3,1	50,5	0	-4,1
84	29.07.2024 20:38:23,000	19,93	2,06	35,4	-2,9	51,7	0	-3,7
85	29.07.2024 20:38:24,000	19,67	2,15	41,8	-7,9	40,4	0	-12,1
86	29.07.2024 20:38:25,000	19,40	2,20	39,1	-7,5	43,4	0	-10,9
87	29.07.2024 20:38:26,000	19,17	2,21	42,2	-8,7	39,1	0	-13,6
88	29.07.2024 20:38:27,000	19,05	2,22	39,7	-7,0	43,4	0	-10,1
89	29.07.2024 20:38:28,000	18,90	2,18	37,1	-9,9	42,9	0	-14,5
90	29.07.2024 20:38:29,000	18,78	2,15	35,3	-6,5	48,3	0	-8,7
91	29.07.2024 20:38:30,000	18,72	2,12	35,6	-8,1	46,3	0	-11,3
92	29.07.2024 20:38:31,000	18,69	2,10	36,2	-15,1	38,8	0	-22,9
93	29.07.2024 20:38:32,000	18,66	2,05	34,6	-6,7	48,6	0	-9,1
94	29.07.2024 20:38:33,000	18,66	2,03	31,7	-10,5	47,8	0	-14,2
95	29.07.2024 20:38:34,000	18,69	1,98	35,3	-15,6	39,0	0	-23,6
96	29.07.2024 20:38:35,000	18,78	1,92	32,2	-9,5	48,3	0	-12,8
97	29.07.2024 20:38:36,000	18,90	1,90	30,0	-8,7	51,4	0	-11,2
98	29.07.2024 20:38:37,000	19,11	1,85	33,0	-15,2	41,8	0	-21,9
99	29.07.2024 20:38:38,000	19,25	1,79	34,4	-12,9	42,7	0	-18,7
100	29.07.2024 20:38:39,000	19,40	1,73	29,1	-7,1	53,8	0	-8,9
101	29.07.2024 20:38:40,000	19,52	1,72	31,8	-18,0	40,2	0	-26,0
102	29.07.2024 20:38:41,000	19,61	1,68	34,3	-11,6	44,1	0	-16,4
103	29.07.2024 20:38:42,000	19,67	1,66	27,8	-8,1	54,1	0	-10,1
104	29.07.2024 20:38:43,000	19,73	1,64	31,5	-13,2	45,3	0	-18,3
105	29.07.2024 20:38:44,000	19,79	1,62	35,2	-12,8	41,9	0	-18,8
106	29.07.2024 20:38:45,000	19,82	1,62	34,3	-8,3	47,4	0	-11,3
107	29.07.2024 20:38:46,000	19,85	1,60	29,5	-12,0	48,6	0	-15,9
108	29.07.2024 20:38:47,000	19,91	1,58	36,7	-12,1	41,2	0	-18,0
109	29.07.2024 20:38:48,000	19,93	1,59	33,9	-12,2	43,9	0	-17,3
110	29.07.2024 20:38:49,000	19,96	1,57	33,2	-14,7	42,1	0	-21,1
111	29.07.2024 20:38:50,000	19,99	1,55	36,8	-13,1	40,2	0	-19,6
112	29.07.2024 20:38:51,000	20,02	1,55	34,7	-13,9	41,3	0	-20,5
113	29.07.2024 20:38:52,000	20,05	1,55	34,2	-14,1	41,7	0	-20,5
114	29.07.2024 20:38:53,000	20,08	1,53	35,5	-14,9	39,6	0	-22,3
115	29.07.2024 20:38:54,000	20,08	1,55	34,1	-13,1	42,9	0	-18,8
116	29.07.2024 20:38:55,000	20,11	1,53	35,1	-13,9	41,1	0	-20,5
117	29.07.2024 20:38:56,000	20,14	1,53	36,1	-13,9	39,9	0	-21,0
118	29.07.2024 20:38:57,000	20,14	1,53	37,7	-11,3	41,0	0	-17,0
119	29.07.2024 20:38:58,000	20,17	1,54	37,8	-10,1	42,1	0	-14,9
120	29.07.2024 20:38:59,000	20,17	1,56	38,4	-10,7	41,0	0	-16,0
121	29.07.2024 20:39:00,000	20,17	1,56	38,8	-10,4	40,8	0	-15,7
122	29.07.2024 20:39:01,000	20,20	1,54	39,3	-9,3	41,4	0	-13,9
123	29.07.2024 20:39:02,000	20,20	1,56	43,4	-6,7	39,9	0	-10,5
124	29.07.2024 20:39:03,000	20,23	1,56	41,0	-9,0	40,0	0	-14,0
125	29.07.2024 20:39:04,000	20,23	1,59	43,2	-5,2	41,5	0	-7,9
126	29.07.2024 20:39:05,000	20,26	1,59	45,8	-3,6	40,6	0	-5,5
127	29.07.2024 20:39:06,000	20,26	1,59	41,5	-7,1	41,3	0	-10,8
128	29.07.2024 20:39:07,000	20,26	1,64	43,6	-5,1	41,4	0	-7,7
129	29.07.2024 20:39:08,000	20,29	1,64	45,4	-5,0	39,6	0	-7,9
130	29.07.2024 20:39:09,000	20,29	1,66	45,0	-5,4	39,6	0	-8,5
131	29.07.2024 20:39:10,000	20,29	1,66	41,6	-6,2	42,2	0	-9,2
132	29.07.2024 20:39:11,000	20,29	1,69	46,2	-3,7	40,2	0	-5,7
133	29.07.2024 20:39:12,000	20,29	1,69	43,7	-5,9	40,4	0	-9,1
134	29.07.2024 20:39:13,000	20,29	1,71	39,0	-8,2	42,8	0	-12,1
135	29.07.2024 20:39:14,000	20,32	1,71	41,9	-5,9	42,3	0	-8,7
136	29.07.2024 20:39:15,000	20,32	1,76	43,5	-5,4	41,1	0	-8,2
137	29.07.2024 20:39:16,000	20,32	1,76	41,1	-6,4	42,5	0	-9,5
138	29.07.2024 20:39:17,000	20,29	1,76	42,5	-3,5	44,0	0	-5,1
139	29.07.2024 20:39:18,000	20,29	1,80	42,9	-3,3	43,8	0	-4,9
140	29.07.2024 20:39:19,000	20,26	1,85	43,7	-2,0	44,4	0	-2,8
141	29.07.2024 20:39:20,000	20,05	1,85	40,6	-3,0	46,3	0	-4,2
142	29.07.2024 20:39:21,000	19,82	1,93	44,6	-0,8	44,6	0	-1,1
143	29.07.2024 20:39:22,000	19,61	1,96	43,7	-0,9	45,4	0	-1,3
144	29.07.2024 20:39:23,000	19,46	2,02	42,8	-0,2	47,0	0	-0,2
145	29.07.2024 20:39:24,000	19,37	2,06	41,1	-2,0	46,9	0	-2,7
146	29.07.2024 20:39:25,000	19,28	2,10	46,4	-0,6	43,0	0	-0,9
147	29.07.2024 20:39:26,000	19,22	2,07	40,8	-0,9	48,3	0	-1,2
148	29.07.2024 20:39:27,000	19,19	2,09	43,1	0,6	46,3	0	0,8
149	29.07.2024 20:39:28,000	19,19	2,11	44,4	-0,9	44,7	0	-1,3
150	29.07.2024 20:39:29,000	19,08	2,15	43,1	-1,2	45,7	0	-1,7
151	29.07.2024 20:39:30,000	18,99	2,19	41,3	0,7	48,0	0	0,9
152	29.07.2024 20:39:31,000	18,90	2,21	42,3	-0,4	47,3	0	-0,5
153	29.07.2024 20:39:32,000	18,78	2,27	44,1	-1,9	44,0	0	-2,8
154	29.07.2024 20:39:33,000	18,69	2,28	39,2	-3,1	47,7	0	-4,3
155	29.07.2024 20:39:34,000	18,57	2,32	41,3	-0,7	48,0	0	-1,0
156	29.07.2024 20:39:35,000	18,39	2,36	45,4	-1,0	43,6	0	-1,5
157	29.07.2024 20:39:36,000	18,21	2,39	41,1	-2,6	46,3	0	-3,6
158	29.07.2024 20:39:37,000	18,00	2,42	41,4	-1,5	47,1	0	-2,1
159	29.07.2024 20:39:38,000	17,85	2,48	42,6	-3,5	43,9	0	-5,1
160	29.07.2024 20:39:39,000	17,67	2,51	42,8	-3,6	43,7	0	-5,2
161	29.07.2024 20:39:40,000	17,49	2,56	40,1	-2,7	47,3	0	-3,7
162	29.07.2024 20:39:41,000	17,34	2,58	43,0	-3,7	43,3	0	-5,4
163	29.07.2024 20:39:42,000	17,13	2,65	42,4	-4,7	42,9	0	-7,0
164	29.07.2024 20:39:43,000	16,95	2,71	39,6	-3,2	47,2	0	-4,4
165	29.07.2024 20:39:44,000	16,77	2,72	42,0	-3,1	44,8	0	-4,5
166	29.07.2024 20:39:45,000	16,62	2,75	44,6	-2,1	43,3	0	-3,1
167	29.07.2024 20:39:46,000	16,35	2,80	43,1	-2,9	44,0	0	-4,2
168	29.07.2024 20:39:47,000	16,13	2,83	41,0	-1,8	47,3	0	-2,4
169	29.07.2024 20:39:48,000	16,01	2,87	44,1	-1,4	44,5	0	-2,0
170	29.07.2024 20:39:49,000	15,89	2,91	45,8	1,0	43,2	0	1,5
171	29.07.2024 20:39:50,000	15,77	2,92	40,5	1,6	47,9	0	2,1
172	29.07.2024 20:39:51,000	15,68	2,91	43,1	1,3	45,6	0	1,8
173	29.07.2024 20:39:52,000	15,68	2,94	47,2	-0,5	42,3	0	-0,7
174	29.07.2024 20:39:53,000	15,65	2,98	42,0	-0,3	47,8	0	-0,4
175	29.07.2024 20:39:54,000	15,46	2,96	40,5	4,9	44,6	0	6,9
176	29.07.2024 20:39:55,000	15,25	3,04	47,7	-0,2	42,1	0	-0,3
177	29.07.2024 20:39:56,000	15,07	3,05	40,5	2,2	47,3	0	3,1
178	29.07.2024 20:39:57,000	14,94	3,11	40,2	5,4	44,5	0	7,7
179	29.07.2024 20:39:58,000	14,79	3,14	45,5	-1,4	43,1	0	-2,1
180	29.07.2024 20:39:59,000	14,70	3,16	41,8	2,5	45,7	0	3,5
181	29.07.2024 20:40:00,000	14,60	3,18	39,5	6,8	43,7	0	9,9
182	29.07.2024 20:40:01,000	14,57	3,20	44,8	1,7	43,5	0	2,4
183	29.07.2024 20:40:02,000	14,54	3,24	42,8	0,4	46,8	0	0,5
184	29.07.2024 20:40:03,000	14,42	3,23	39,2	10,0	40,8	0	15,1
185	29.07.2024 20:40:04,000	14,29	3,27	40,8	6,5	42,6	0	9,7
186	29.07.2024 20:40:05,000	14,11	3,30	39,8	6,6	43,6	0	9,5
187	29.07.2024 20:40:06,000	13,98	3,31	37,6	11,3	41,1	0	16,9
188	29.07.2024 20:40:07,000	13,89	3,40	39,1	7,3	43,6	0	10,6
189	29.07.2024 20:40:08,000	13,83	3,40	38,5	6,7	44,7	0	9,6
190	29.07.2024 20:40:09,000	13,73	3,41	37,8	10,6	41,6	0	15,8
191	29.07.2024 20:40:10,000	13,67	3,45	41,2	5,8	43,0	0	8,6
192	29.07.2024 20:40:11,000	13,67	3,41	38,5	7,8	43,6	0	11,4
193	29.07.2024 20:40:12,000	13,70	3,41	39,4	9,6	41,0	0	14,5
194	29.07.2024 20:40:13,000	13,70	3,43	39,7	5,4	44,9	0	7,7
195	29.07.2024 20:40:14,000	13,67	3,48	37,6	7,9	44,6	0	11,2
196	29.07.2024 20:40:15,000	13,61	3,50	38,3	10,8	40,9	0	16,3
197	29.07.2024 20:40:16,000	13,52	3,53	37,7	5,9	46,3	0	8,3
198	29.07.2024 20:40:17,000	13,36	3,55	38,9	9,4	41,7	0	14,0
199	29.07.2024 20:40:18,000	13,23	3,56	34,3	7,2	48,4	0	9,7
200	29.07.2024 20:40:19,000	13,20	3,60	37,9	10,7	41,4	0	15,9
201	29.07.2024 20:40:20,000	13,17	3,62	37,0	2,3	50,7	0	3,0
202	29.07.2024 20:40:21,000	13,08	3,64	37,5	7,7	44,8	0	10,9
203	29.07.2024 20:40:22,000	12,98	3,70	38,9	8,5	42,7	0	12,4
204	29.07.2024 20:40:23,000	12,92	3,74	39,1	5,2	45,7	0	7,3
205	29.07.2024 20:40:24,000	12,92	3,70	37,5	6,4	46,1	0	8,9
206	29.07.2024 20:40:25,000	12,92	3,72	38,8	6,3	44,9	0	9,0
207	29.07.2024 20:40:26,000	12,95	3,75	40,1	4,0	45,9	0	5,6
208	29.07.2024 20:40:27,000	12,86	3,79	39,2	7,1	43,6	0	10,4
209	29.07.2024 20:40:28,000	12,67	3,82	38,4	5,0	46,6	0	7,0
210	29.07.2024 20:40:29,000	12,38	3,93	40,5	5,6	43,9	0	8,1
211	29.07.2024 20:40:30,000	12,16	3,96	39,0	3,1	47,9	0	4,2
212	29.07.2024 20:40:31,000	12,00	3,97	38,8	4,8	46,3	0	6,7
213	29.07.2024 20:40:32,000	11,90	4,01	39,6	6,6	43,8	0	9,6
214	29.07.2024 20:40:33,000	11,77	4,07	40,1	6,1	43,9	0	8,8
215	29.07.2024 20:40:34,000	11,71	4,07	38,6	5,3	46,1	0	7,4
216	29.07.2024 20:40:35,000	11,68	4,07	38,6	6,9	44,6	0	9,8
217	29.07.2024 20:40:36,000	11,68	4,14	37,4	7,7	44,9	0	11,0
218	29.07.2024 20:40:37,000	11,61	4,18	38,7	6,9	44,4	0	9,9
219	29.07.2024 20:40:38,000	11,55	4,20	38,4	8,3	43,4	0	12,0
220	29.07.2024 20:40:39,000	11,49	4,19	35,4	7,7	46,8	0	10,7
221	29.07.2024 20:40:40,000	11,39	4,21	37,5	9,2	43,4	0	13,3
222	29.07.2024 20:40:41,000	11,36	4,23	36,6	8,7	44,7	0	12,3
223	29.07.2024 20:40:42,000	11,32	4,25	36,1	7,1	46,8	0	9,8
224	29.07.2024 20:40:43,000	11,23	4,29	38,3	8,8	42,9	0	12,8
225	29.07.2024 20:40:44,000	11,20	4,33	36,2	8,5	45,3	0	12,0
226	29.07.2024 20:40:45,000	11,16	4,37	31,0	8,4	50,6	0	11,0
227	29.07.2024 20:40:46,000	11,13	4,37	36,6	7,3	46,2	0	10,1
228	29.07.2024 20:40:47,000	11,07	4,34	35,8	8,0	46,2	0	11,0
229	29.07.2024 20:40:48,000	11,07	4,39	30,8	5,1	54,2	0	6,3
230	29.07.2024 20:40:49,000	11,00	4,39	32,4	10,1	47,5	0	13,7
231	29.07.2024 20:40:50,000	10,94	4,40	37,5	9,7	42,8	0	14,2
232	29.07.2024 20:40:51,000	10,87	4,42	29,8	8,7	51,5	0	11,2
233	29.07.2024 20:40:52,000	10,84	4,47	31,6	7,7	50,7	0	10,1
234	29.07.2024 20:40:53,000	10,71	4,53	29,4	9,7	51,0	0	12,6
235	29.07.2024 20:40:54,000	10,61	4,56	32,1	8,6	49,3	0	11,4
236	29.07.2024 20:40:55,000	10,55	4,58	31,0	6,6	52,4	0	8,4
237	29.07.2024 20:40:56,000	10,51	4,51	29,8	10,2	50,0	0	13,3
238	29.07.2024 20:40:57,000	10,45	4,62	36,3	12,5	41,2	0	18,6
239	29.07.2024 20:40:58,000	10,32	4,68	29,3	10,2	50,5	0	13,3
240	29.07.2024 20:40:59,000	10,22	4,67	31,5	10,1	48,4	0	13,6
241	29.07.2024 20:41:00,000	10,05	4,78	30,7	7,3	52,1	0	9,3
242	29.07.2024 20:41:01,000	9,89	4,76	31,7	8,9	49,4	0	11,8
243	29.07.2024 20:41:02,000	9,79	4,78	29,1	12,3	48,6	0	16,3
244	29.07.2024 20:41:03,000	9,69	4,84	31,5	12,6	45,9	0	17,3
245	29.07.2024 20:41:04,000	9,59	4,88	32,2	11,0	46,8	0	15,1
246	29.07.2024 20:41:05,000	9,49	4,92	29,8	12,8	47,3	0	17,3
247	29.07.2024 20:41:06,000	9,32	4,95	32,3	13,1	44,6	0	18,3
248	29.07.2024 20:41:07,000	9,16	4,99	32,4	14,4	43,2	0	20,4
249	29.07.2024 20:41:08,000	9,09	5,00	31,6	16,0	42,4	0	22,8
250	29.07.2024 20:41:09,000	9,02	5,04	31,1	19,8	39,1	0	28,8
251	29.07.2024 20:41:10,000	8,92	5,06	27,6	7,1	55,3	0	8,8
252	29.07.2024 20:41:11,000	8,86	5,10	36,4	4,4	49,1	0	5,9
253	29.07.2024 20:41:12,000	8,79	5,10	31,9	-7,8	50,3	0	-10,2
254	29.07.2024 20:41:13,000	8,76	5,14	29,1	-18,1	42,8	0	-25,2
255	29.07.2024 20:41:14,000	8,76	5,19	27,3	-23,0	39,7	0	-32,0
256	29.07.2024 20:41:15,000	8,69	5,18	19,9	-26,4	43,8	0	-33,3
257	29.07.2024 20:41:16,000	8,69	5,20	19,8	-25,6	44,6	0	-32,3
258	29.07.2024 20:41:17,000	8,65	5,20	23,9	-27,9	38,2	0	-37,5
259	29.07.2024 20:41:18,000	8,52	5,26	20,2	-22,8	47,0	0	-28,7
260	29.07.2024 20:41:19,000	8,38	5,30	17,8	-20,9	51,3	0	-25,4
261	29.07.2024 20:41:20,000	8,32	5,32	26,7	-17,4	46,0	0	-23,1
262	29.07.2024 20:41:21,000	8,25	5,31	24,1	-20,2	45,7	0	-26,4
263	29.07.2024 20:41:22,000	8,18	5,33	27,8	-18,1	44,2	0	-24,6
264	29.07.2024 20:41:23,000	8,11	5,35	29,5	-17,1	43,4	0	-23,7
265	29.07.2024 20:41:24,000	8,08	5,34	34,5	-16,2	39,3	0	-24,3
266	29.07.2024 20:41:25,000	8,01	5,36	31,7	-15,9	42,5	0	-22,6
267	29.07.2024 20:41:26,000	7,97	5,38	33,7	-17,6	38,7	0	-26,3
268	29.07.2024 20:41:27,000	7,94	5,35	41,6	-8,0	40,5	0	-12,2
269	29.07.2024 20:41:28,000	7,97	5,38	40,3	-13,5	36,2	0	-21,8
270	29.07.2024 20:41:29,000	8,01	5,38	42,7	-6,0	41,3	0	-9,1
271	29.07.2024 20:41:30,000	8,04	5,41	45,3	-6,7	38,0	0	-10,8
272	29.07.2024 20:41:31,000	8,08	5,32	50,2	0,9	38,9	0	1,4
273	29.07.2024 20:41:32,000	8,08	5,41	52,2	0,6	37,2	0	1,0
274	29.07.2024 20:41:33,000	8,08	5,41	51,1	-0,7	38,2	0	-1,1
275	29.07.2024 20:41:34,000	8,08	5,44	50,7	2,9	36,4	0	4,8
276	29.07.2024 20:41:35,000	8,08	5,46	53,8	2,5	33,7	0	4,5
277	29.07.2024 20:41:36,000	8,08	5,48	52,5	3,8	33,6	0	6,9
278	29.07.2024 20:41:37,000	8,08	5,53	52,6	3,4	34,0	0	6,0
279	29.07.2024 20:41:38,000	8,08	5,53	53,2	2,9	33,9	0	5,3
280	29.07.2024 20:41:39,000	8,08	5,55	54,1	5,4	30,6	0	10,5
281	29.07.2024 20:41:40,000	8,08	5,55	54,5	-1,5	34,0	0	-2,8
282	29.07.2024 20:41:41,000	8,08	5,60	50,2	0,7	39,2	0	1,1
283	29.07.2024 20:41:42,000	8,04	5,60	54,1	2,7	33,2	0	4,9
284	29.07.2024 20:41:43,000	8,01	5,64	50,1	-3,3	36,7	0	-5,5
285	29.07.2024 20:41:44,000	8,01	5,64	48,6	2,1	39,3	0	3,3
286	29.07.2024 20:41:45,000	7,97	5,69	52,9	2,2	34,9	0	3,8
287	29.07.2024 20:41:46,000	7,94	5,71	52,1	-0,6	37,4	0	-0,9
288	29.07.2024 20:41:47,000	7,94	5,71	47,7	0,1	42,2	0	0,1
289	29.07.2024 20:41:48,000	7,94	5,73	49,7	4,0	36,4	0	6,7
290	29.07.2024 20:41:49,000	7,94	5,78	51,9	0,9	37,1	0	1,5
291	29.07.2024 20:41:50,000	7,94	5,80	47,9	-0,1	41,9	0	-0,2
292	29.07.2024 20:41:51,000	7,94	5,80	48,4	1,7	39,9	0	2,7
293	29.07.2024 20:41:52,000	7,94	5,87	52,0	2,6	35,4	0	4,5
294	29.07.2024 20:41:53,000	7,87	5,91	51,7	0,9	37,4	0	1,5
295	29.07.2024 20:41:54,000	7,80	5,93	45,9	-2,1	42,0	0	-3,2
296	29.07.2024 20:41:55,000	7,77	5,97	50,3	4,6	35,1	0	7,9
297	29.07.2024 20:41:56,000	7,73	5,99	52,4	-1,8	35,8	0	-3,2
298	29.07.2024 20:41:57,000	7,70	6,01	43,0	-3,3	43,7	0	-4,8
299	29.07.2024 20:41:58,000	7,70	6,04	46,9	4,1	39,0	0	6,5
300	29.07.2024 20:41:59,000	7,70	6,04	51,4	-0,7	37,9	0	-1,1
301	29.07.2024 20:42:00,000	7,70	6,08	46,8	-0,2	43,0	0	-0,3
302	29.07.2024 20:42:01,000	7,70	6,08	44,1	-1,3	44,6	0	-1,9
303	29.07.2024 20:42:02,000	7,67	6,13	51,1	3,2	35,7	0	5,5
304	29.07.2024 20:42:03,000	7,67	6,20	47,5	-5,6	36,9	0	-9,3
305	29.07.2024 20:42:04,000	7,63	6,20	45,3	0,1	44,6	0	0,1
306	29.07.2024 20:42:05,000	7,53	6,26	49,3	3,7	37,0	0	6,1
307	29.07.2024 20:42:06,000	7,49	6,30	50,3	-3,7	36,0	0	-6,3
308	29.07.2024 20:42:07,000	7,46	6,30	47,4	2,5	40,0	0	4,0
309	29.07.2024 20:42:08,000	7,43	6,30	48,5	0,1	41,4	0	0,1
310	29.07.2024 20:42:09,000	7,43	6,34	51,2	1,1	37,7	0	1,8
311	29.07.2024 20:42:10,000	7,43	6,39	50,2	-2,4	37,4	0	-4,0
312	29.07.2024 20:42:11,000	7,43	6,39	50,4	0,8	38,9	0	1,2
313	29.07.2024 20:42:12,000	7,39	6,41	43,9	-6,3	39,8	0	-9,9
314	29.07.2024 20:42:13,000	7,36	6,48	49,0	2,5	38,5	0	4,0
315	29.07.2024 20:42:14,000	7,29	6,52	52,2	-0,7	37,1	0	-1,1
316	29.07.2024 20:42:15,000	7,25	6,54	49,2	0,9	39,9	0	1,4
317	29.07.2024 20:42:16,000	7,22	6,56	49,8	-0,4	39,8	0	-0,7
318	29.07.2024 20:42:17,000	7,18	6,56	53,3	0,0	36,7	0	0,0
319	29.07.2024 20:42:18,000	7,18	6,60	52,9	2,4	34,7	0	4,1
320	29.07.2024 20:42:19,000	7,15	6,60	50,8	-2,6	36,6	0	-4,4
321	29.07.2024 20:42:20,000	7,11	6,67	51,2	0,6	38,2	0	1,0
322	29.07.2024 20:42:21,000	7,04	6,69	54,4	2,5	33,2	0	4,5
323	29.07.2024 20:42:22,000	7,01	6,68	54,1	1,9	34,0	0	3,5
324	29.07.2024 20:42:23,000	7,01	6,73	53,8	3,7	32,5	0	6,8
325	29.07.2024 20:42:24,000	7,01	6,73	49,4	2,4	38,1	0	3,9
326	29.07.2024 20:42:25,000	6,97	6,73	23,9	6,8	59,3	0	8,1
327	29.07.2024 20:42:26,000	6,94	6,77	11,1	7,7	71,2	0	8,4
328	29.07.2024 20:42:27,000	6,87	6,74	8,0	11,3	70,7	1	12,2
329	29.07.2024 20:42:28,000	6,80	6,81	-4,4	-0,1	85,5	1	-0,1
330	29.07.2024 20:42:29,000	6,66	6,80	3,5	4,8	81,7	0	4,9
331	29.07.2024 20:42:30,000	6,55	6,83	-1,6	9,1	79,3	0	9,3
332	29.07.2024 20:42:31,000	6,48	6,83	-3,6	-5,4	81,0	0	-5,6
333	29.07.2024 20:42:32,000	6,48	6,78	-2,1	6,1	81,8	0	6,2
334	29.07.2024 20:42:33,000	6,45	6,78	-3,3	10,0	76,7	0	10,3
335	29.07.2024 20:42:34,000	6,45	6,78	-0,8	-7,1	82,1	0	-7,1
336	29.07.2024 20:42:35,000	6,41	6,78	-2,0	-12,1	75,9	0	-12,4
337	29.07.2024 20:42:36,000	6,38	6,80	-5,9	-11,8	72,4	0	-12,5
338	29.07.2024 20:42:37,000	6,31	6,79	-2,6	-12,5	74,9	0	-12,8
339	29.07.2024 20:42:38,000	6,27	6,79	-1,8	-12,4	75,8	0	-12,6
340	29.07.2024 20:42:39,000	6,24	6,78	-7,2	-9,1	73,6	0	-9,7
341	29.07.2024 20:42:40,000	6,17	6,78	-2,7	-7,2	80,0	0	-7,4
342	29.07.2024 20:42:41,000	6,09	6,80	-1,3	-11,6	77,0	0	-11,8
343	29.07.2024 20:42:42,000	6,06	6,77	-3,9	-15,3	70,8	0	-16,0
344	29.07.2024 20:42:43,000	6,02	6,79	-6,3	-9,6	74,1	0	-10,2
345	29.07.2024 20:42:44,000	5,99	6,79	-3,2	-11,2	75,7	0	-11,5
346	29.07.2024 20:42:45,000	5,95	6,78	-1,4	-15,1	73,5	0	-15,3
347	29.07.2024 20:42:46,000	5,92	6,76	-3,2	-15,6	71,2	0	-16,1
348	29.07.2024 20:42:47,000	5,88	6,76	-6,9	-13,3	69,8	1	-14,2
349	29.07.2024 20:42:48,000	5,88	6,76	3,3	-9,4	77,3	0	-9,7
350	29.07.2024 20:42:49,000	5,85	6,78	-1,8	-18,1	70,1	0	-18,5
351	29.07.2024 20:42:50,000	5,81	6,77	7,3	17,4	65,3	0	18,8
352	29.07.2024 20:42:51,000	5,81	6,77	6,2	5,2	78,5	0	5,5
353	29.07.2024 20:42:52,000	5,77	6,75	-4,3	-10,2	75,4	0	-10,7
354	29.07.2024 20:42:53,000	5,74	6,74	-1,4	-9,6	79,0	0	-9,8
355	29.07.2024 20:42:54,000	5,70	6,76	-2,8	-3,1	84,1	0	-3,2
356	29.07.2024 20:42:55,000	5,70	6,74	-3,2	-7,3	79,5	0	-7,5
357	29.07.2024 20:42:56,000	5,67	6,74	-3,5	-6,8	79,7	0	-7,0
358	29.07.2024 20:42:57,000	5,63	6,74	-3,4	-5,1	81,4	0	-5,3
359	29.07.2024 20:42:58,000	5,63	6,74	-6,3	-9,9	73,8	0	-10,5
360	29.07.2024 20:42:59,000	5,60	6,73	-7,4	-5,4	77,1	0	-5,7
361	29.07.2024 20:43:00,000	5,56	6,75	-2,0	-7,0	81,0	0	-7,1
362	29.07.2024 20:43:01,000	5,49	6,72	-2,4	-8,0	79,5	0	-8,2
363	29.07.2024 20:43:02,000	5,45	6,72	-3,0	-5,5	81,4	0	-5,7
364	29.07.2024 20:43:03,000	5,45	6,72	-2,3	-6,3	81,4	0	-6,4
365	29.07.2024 20:43:04,000	5,42	6,72	-4,5	-8,4	77,1	0	-8,8
366	29.07.2024 20:43:05,000	5,38	6,71	-4,1	-9,0	76,9	0	-9,4
367	29.07.2024 20:43:06,000	5,34	6,71	-3,5	-9,6	76,9	0	-10,0
368	29.07.2024 20:43:07,000	5,34	6,71	-5,1	1,6	83,3	0	1,6
369	29.07.2024 20:43:08,000	5,31	6,71	-3,9	-8,0	78,0	0	-8,3
370	29.07.2024 20:43:09,000	5,27	6,73	-2,7	-13,8	73,5	0	-14,2
371	29.07.2024 20:43:10,000	5,27	6,73	-5,5	-9,8	74,7	0	-10,4
372	29.07.2024 20:43:11,000	5,24	6,73	-4,1	-11,6	74,3	0	-12,1
373	29.07.2024 20:43:12,000	5,20	6,68	-3,6	-8,9	77,5	0	-9,2
374	29.07.2024 20:43:13,000	5,20	6,70	-4,2	-10,3	75,5	0	-10,7
375	29.07.2024 20:43:14,000	5,16	6,70	-3,2	-5,7	81,1	0	-5,8
376	29.07.2024 20:43:15,000	5,13	6,69	-1,8	-14,0	74,2	0	-14,3
377	29.07.2024 20:43:16,000	5,13	6,69	-4,1	-8,5	77,4	0	-8,8
378	29.07.2024 20:43:17,000	5,09	6,69	-4,2	-9,4	76,4	0	-9,8
379	29.07.2024 20:43:18,000	5,09	6,67	-3,6	-7,4	79,0	0	-7,6
380	29.07.2024 20:43:19,000	5,05	6,69	-2,8	-6,3	80,9	0	-6,5
381	29.07.2024 20:43:20,000	5,05	6,66	-0,3	-6,1	83,5	0	-6,2
382	29.07.2024 20:43:21,000	5,02	6,71	-4,9	-5,9	79,3	0	-6,1
383	29.07.2024 20:43:22,000	5,02	6,68	-5,7	-8,8	75,5	0	-9,2
384	29.07.2024 20:43:23,000	4,98	6,68	-4,3	-9,5	76,2	0	-9,9
385	29.07.2024 20:43:24,000	4,98	6,66	-4,0	-9,8	76,2	0	-10,2
386	29.07.2024 20:43:25,000	4,95	6,66	-5,1	-4,7	80,2	0	-4,8
387	29.07.2024 20:43:26,000	4,95	6,68	-2,6	-8,0	79,4	0	-8,2
388	29.07.2024 20:43:27,000	4,91	6,65	-2,0	-11,0	77,1	0	-11,2
389	29.07.2024 20:43:28,000	4,87	6,65	-3,9	-5,8	80,3	0	-6,0
390	29.07.2024 20:43:29,000	4,87	6,65	-1,3	-14,7	74,0	0	-14,9
391	29.07.2024 20:43:30,000	4,84	6,65	-2,9	-6,2	81,0	0	-6,3
392	29.07.2024 20:43:31,000	4,84	6,67	-5,1	-14,6	70,4	0	-15,4
393	29.07.2024 20:43:32,000	4,80	6,67	-6,8	-7,2	76,0	0	-7,6
394	29.07.2024 20:43:33,000	4,80	6,67	-3,9	-4,9	81,2	0	-5,1
395	29.07.2024 20:43:34,000	4,76	6,66	-7,9	-10,0	72,1	0	-10,8
396	29.07.2024 20:43:35,000	4,73	6,68	5,1	-17,5	67,4	1	-18,5
397	29.07.2024 20:43:36,000	4,73	6,68	-3,7	-0,4	85,9	0	-0,4
398	29.07.2024 20:43:37,000	4,69	6,68	9,5	5,8	74,7	0	6,2
399	29.07.2024 20:43:38,000	4,69	6,66	-11,3	4,4	74,4	0	4,7
400	29.07.2024 20:43:39,000	4,69	6,66	-4,9	0,4	84,7	0	0,5
401	29.07.2024 20:43:40,000	4,65	6,66	-1,9	-4,0	84,1	0	-4,0
402	29.07.2024 20:43:41,000	4,62	6,65	-4,1	-1,2	84,7	0	-1,3
403	29.07.2024 20:43:42,000	4,62	6,65	-1,7	-1,1	87,2	0	-1,2
404	29.07.2024 20:43:43,000	4,58	6,67	14,1	7,0	68,9	0	7,7
405	29.07.2024 20:43:44,000	4,58	6,65	31,2	6,4	52,4	0	8,1
406	29.07.2024 20:43:45,000	4,54	6,67	2,4	5,9	81,7	0	6,1
407	29.07.2024 20:43:46,000	4,54	6,67	-5,6	4,9	79,5	0	5,1
408	29.07.2024 20:43:47,000	4,51	6,64	-1,1	-4,0	84,9	0	-4,0
409	29.07.2024 20:43:48,000	4,51	6,69	-6,1	-9,6	74,3	0	-10,1
410	29.07.2024 20:43:49,000	4,47	6,66	-1,4	-8,0	80,6	0	-8,1
411	29.07.2024 20:43:50,000	4,47	6,66	-2,8	0,0	87,2	0	0,0
412	29.07.2024 20:43:51,000	4,47	6,64	-1,9	0,1	88,0	0	0,1
413	29.07.2024 20:43:52,000	4,47	6,64	-5,1	-3,5	81,4	0	-3,6
414	29.07.2024 20:43:53,000	4,47	6,64	-1,8	-4,5	83,8	0	-4,6
415	29.07.2024 20:43:54,000	4,43	6,64	-4,7	-8,0	77,3	0	-8,3
416	29.07.2024 20:43:55,000	4,43	6,64	-4,7	-7,0	78,3	0	-7,3
417	29.07.2024 20:43:56,000	4,40	6,66	-4,9	-8,1	77,0	0	-8,5
418	29.07.2024 20:43:57,000	4,40	6,63	-4,7	-8,0	77,3	0	-8,4
419	29.07.2024 20:43:58,000	4,36	6,63	-3,4	-8,3	78,4	0	-8,6
420	29.07.2024 20:43:59,000	4,36	6,63	-3,5	-9,9	76,6	0	-10,2
421	29.07.2024 20:44:00,000	4,32	6,63	-6,2	-11,2	72,6	0	-11,8
422	29.07.2024 20:44:01,000	4,32	6,63	-9,8	-7,8	72,4	0	-8,4
423	29.07.2024 20:44:02,000	4,29	6,60	12,1	10,6	67,3	1	11,7
424	29.07.2024 20:44:03,000	4,25	6,62	-1,6	11,0	77,4	1	11,2
425	29.07.2024 20:44:04,000	4,21	6,64	-1,2	1,3	87,5	0	1,3
426	29.07.2024 20:44:05,000	4,18	6,64	1,7	-2,4	85,9	0	-2,4
427	29.07.2024 20:44:06,000	4,14	6,66	-6,9	3,7	79,4	1	3,8
428	29.07.2024 20:44:07,000	4,14	6,66	-0,7	-1,9	87,5	0	-1,9
429	29.07.2024 20:44:08,000	4,14	6,64	-5,1	-2,5	82,4	0	-2,6
430	29.07.2024 20:44:09,000	4,14	6,64	-2,1	-2,5	85,4	0	-2,5
431	29.07.2024 20:44:10,000	4,10	6,63	-1,1	-1,4	87,6	0	-1,4
432	29.07.2024 20:44:11,000	4,10	6,66	-6,0	-2,6	81,4	0	-2,7
433	29.07.2024 20:44:12,000	4,10	6,66	-3,6	-3,7	82,8	0	-3,8
434	29.07.2024 20:44:13,000	4,10	6,63	-5,9	-9,1	75,1	0	-9,6
435	29.07.2024 20:44:14,000	4,10	6,63	-3,9	-8,8	77,4	0	-9,1
436	29.07.2024 20:44:15,000	4,10	6,63	-4,9	-10,8	74,3	0	-11,3
437	29.07.2024 20:44:16,000	4,10	6,63	-3,9	-9,2	76,9	0	-9,5
438	29.07.2024 20:44:17,000	4,10	6,63	-2,6	-14,6	72,8	0	-15,0
439	29.07.2024 20:44:18,000	4,06	6,63	-3,1	-12,1	74,9	0	-12,5
440	29.07.2024 20:44:19,000	4,06	6,61	-2,3	-13,5	74,2	0	-13,8
441	29.07.2024 20:44:20,000	4,03	6,63	-1,7	-11,9	76,4	0	-12,1
442	29.07.2024 20:44:21,000	4,03	6,60	-6,6	-13,6	69,8	0	-14,5
443	29.07.2024 20:44:22,000	3,99	6,62	-5,7	-14,6	69,7	0	-15,4
444	29.07.2024 20:44:23,000	3,99	6,62	-4,5	-12,2	73,3	0	-12,8
445	29.07.2024 20:44:24,000	3,95	6,62	-9,0	-10,6	70,4	0	-11,5
446	29.07.2024 20:44:25,000	3,95	6,62	-3,0	-10,1	76,8	0	-10,4
447	29.07.2024 20:44:26,000	3,92	6,62	-1,9	-8,6	79,5	0	-8,7
448	29.07.2024 20:44:27,000	3,88	6,61	-3,7	-7,1	79,2	0	-7,3
449	29.07.2024 20:44:28,000	3,88	6,61	-3,5	1,9	84,6	0	1,9
450	29.07.2024 20:44:29,000	3,88	6,61	0,2	1,3	88,5	0	1,3
451	29.07.2024 20:44:30,000	3,84	6,64	-6,6	-5,3	78,1	0	-5,6
452	29.07.2024 20:44:31,000	3,84	6,61	-4,0	-3,9	82,0	0	-4,1
453	29.07.2024 20:44:32,000	3,80	6,61	-2,0	-3,2	84,8	0	-3,3
454	29.07.2024 20:44:33,000	3,80	6,61	-5,6	-1,9	82,5	0	-1,9
455	29.07.2024 20:44:34,000	3,80	6,61	-10,6	-10,9	68,6	0	-11,9
456	29.07.2024 20:44:35,000	3,80	6,61	-2,1	-2,4	85,5	0	-2,4
457	29.07.2024 20:44:36,000	3,77	6,58	15,6	-2,7	71,7	1	-2,9
458	29.07.2024 20:44:37,000	3,77	6,61	-2,0	-4,2	83,8	0	-4,3
459	29.07.2024 20:44:38,000	3,73	6,60	-5,8	0,0	84,2	0	0,0
460	29.07.2024 20:44:39,000	3,73	6,60	-2,6	2,7	84,7	0	2,7
461	29.07.2024 20:44:40,000	3,73	6,60	-2,0	-3,0	85,0	0	-3,1
462	29.07.2024 20:44:41,000	3,73	6,60	-10,2	-2,6	77,1	0	-2,8
463	29.07.2024 20:44:42,000	3,69	6,60	-2,2	-0,7	87,2	0	-0,7
464	29.07.2024 20:44:43,000	3,69	6,60	-1,9	-5,1	83,0	0	-5,2
465	29.07.2024 20:44:44,000	3,69	6,58	-4,7	-6,8	78,5	0	-7,1
466	29.07.2024 20:44:45,000	3,69	6,60	-2,8	-9,3	78,0	0	-9,5
467	29.07.2024 20:44:46,000	3,69	6,58	-2,4	-8,0	79,6	0	-8,2
468	29.07.2024 20:44:47,000	3,65	6,60	-4,6	-5,2	80,2	0	-5,4
469	29.07.2024 20:44:48,000	3,65	6,57	-3,9	-5,1	81,0	0	-5,3
470	29.07.2024 20:44:49,000	3,65	6,57	-7,3	-5,4	77,3	0	-5,7
471	29.07.2024 20:44:50,000	3,65	6,57	-2,6	-5,3	82,0	0	-5,5
472	29.07.2024 20:44:51,000	3,62	6,57	-6,1	-4,0	79,9	0	-4,2
473	29.07.2024 20:44:52,000	3,62	6,57	-0,2	-5,7	84,1	0	-5,7
474	29.07.2024 20:44:53,000	3,62	6,57	-2,1	-3,4	84,4	0	-3,5
475	29.07.2024 20:44:54,000	3,62	6,57	-1,8	-4,8	83,4	0	-4,9
476	29.07.2024 20:44:55,000	3,58	6,57	-3,9	-10,7	75,4	0	-11,1
477	29.07.2024 20:44:56,000	3,58	6,59	-4,9	-6,9	78,3	0	-7,2
478	29.07.2024 20:44:57,000	3,58	6,57	-3,2	-7,3	79,5	0	-7,5
479	29.07.2024 20:44:58,000	3,58	6,57	-3,2	-10,7	76,1	0	-11,1
480	29.07.2024 20:44:59,000	3,54	6,59	-3,7	-3,9	82,4	0	-4,0
481	29.07.2024 20:45:00,000	3,54	6,59	-3,4	-4,2	82,4	0	-4,3
482	29.07.2024 20:45:01,000	3,54	6,59	-10,1	-4,0	75,9	0	-4,2
483	29.07.2024 20:45:02,000	3,54	6,59	-3,0	-8,1	78,9	0	-8,3
484	29.07.2024 20:45:03,000	3,54	6,59	12,1	-33,6	44,3	0	-38,7
485	29.07.2024 20:45:04,000	3,54	6,56	0,6	3,6	85,8	0	3,6
486	29.07.2024 20:45:05,000	3,50	6,56	9,6	-22,4	58,0	1	-24,8
487	29.07.2024 20:45:06,000	3,50	6,56	-9,6	-2,3	78,1	1	-2,4
488	29.07.2024 20:45:07,000	3,50	6,54	-16,4	-7,7	65,9	0	-8,6
489	29.07.2024 20:45:08,000	3,47	6,58	-2,4	-9,1	78,5	0	-9,3
490	29.07.2024 20:45:09,000	3,47	6,58	-1,4	-6,3	82,3	1	-6,4
491	29.07.2024 20:45:10,000	3,47	6,56	9,7	-3,9	76,4	0	-4,1
492	29.07.2024 20:45:11,000	3,47	6,65	21,1	0,9	68,0	1	0,9
493	29.07.2024 20:45:12,000	3,43	6,55	0,2	-4,1	85,7	0	-4,1
494	29.07.2024 20:45:13,000	3,43	6,58	-10,2	-1,9	77,9	0	-1,9
495	29.07.2024 20:45:14,000	3,43	6,55	-3,5	0,2	86,3	0	0,2
496	29.07.2024 20:45:15,000	3,43	6,58	-4,3	3,9	81,8	1	4,0
497	29.07.2024 20:45:16,000	3,39	6,55	18,5	6,7	64,7	0	7,6
498	29.07.2024 20:45:17,000	3,39	6,57	5,8	-9,9	74,3	0	-10,4
499	29.07.2024 20:45:18,000	3,39	6,55	-10,7	-7,0	72,3	0	-7,5
500	29.07.2024 20:45:19,000	3,39	6,57	-9,7	-4,0	76,3	1	-4,2
501	29.07.2024 20:45:20,000	3,39	6,55	-5,7	-6,9	77,4	1	-7,3
502	29.07.2024 20:45:21,000	3,39	6,57	7,6	-3,6	78,8	0	-3,8
503	29.07.2024 20:45:22,000	3,39	6,55	4,6	-13,4	72,0	1	-14,1
504	29.07.2024 20:45:23,000	3,39	6,57	-1,7	-2,5	85,8	0	-2,5
505	29.07.2024 20:45:24,000	3,35	6,55	-8,4	0,5	81,1	0	0,5
506	29.07.2024 20:45:25,000	3,35	6,55	10,0	15,5	64,5	0	17,1
507	29.07.2024 20:45:26,000	3,35	6,57	7,2	-6,7	76,1	0	-7,1
508	29.07.2024 20:45:27,000	3,35	6,55	-4,1	-3,8	82,2	0	-3,9
509	29.07.2024 20:45:28,000	3,32	6,55	-7,5	-6,1	76,4	0	-6,5
510	29.07.2024 20:45:29,000	3,32	6,55	-4,3	-1,2	84,6	0	-1,2
511	29.07.2024 20:45:30,000	3,28	6,54	-3,4	-4,1	82,5	0	-4,2
512	29.07.2024 20:45:31,000	3,28	6,54	-4,2	-4,6	81,2	0	-4,8
513	29.07.2024 20:45:32,000	3,24	6,54	-2,6	-21,2	66,2	0	-21,8
514	29.07.2024 20:45:33,000	3,24	6,56	0,0	-17,4	72,6	0	-17,4
515	29.07.2024 20:45:34,000	3,20	6,54	-1,8	-20,9	67,3	0	-21,4
516	29.07.2024 20:45:35,000	3,20	6,54	-3,4	-14,7	71,9	0	-15,2
517	29.07.2024 20:45:36,000	3,16	6,53	1,4	-7,1	81,5	0	-7,2
518	29.07.2024 20:45:37,000	3,16	6,53	-4,7	-8,7	76,6	0	-9,1
519	29.07.2024 20:45:38,000	3,13	6,55	1,1	-12,8	76,1	0	-13,0
520	29.07.2024 20:45:39,000	3,13	6,58	-8,1	-10,4	71,5	0	-11,2
521	29.07.2024 20:45:40,000	3,13	6,55	-2,9	-10,1	77,0	0	-10,4
522	29.07.2024 20:45:41,000	3,13	6,55	-3,1	-9,1	77,7	0	-9,4
523	29.07.2024 20:45:42,000	3,09	6,57	-8,7	-9,9	71,4	0	-10,6
524	29.07.2024 20:45:43,000	3,09	6,55	0,9	-14,0	75,1	1	-14,1
525	29.07.2024 20:45:44,000	3,09	6,55	-3,8	-14,0	72,2	0	-14,6
526	29.07.2024 20:45:45,000	3,09	6,41	5,5	-5,2	79,2	1	-5,4
527	29.07.2024 20:45:46,000	3,09	6,55	0,7	1,1	88,2	1	1,1
528	29.07.2024 20:45:47,000	3,09	6,57	-4,3	10,9	74,7	0	11,4
529	29.07.2024 20:45:48,000	3,05	6,59	7,4	4,7	77,8	0	5,0
530	29.07.2024 20:45:49,000	3,05	6,57	-3,6	-8,3	78,0	1	-8,6
531	29.07.2024 20:45:50,000	3,05	6,55	-6,4	-12,7	70,9	0	-13,5
532	29.07.2024 20:45:51,000	3,05	6,55	5,5	-34,7	49,8	0	-36,9
533	29.07.2024 20:45:52,000	3,05	6,55	-3,1	-12,2	74,7	0	-12,6
534	29.07.2024 20:45:53,000	3,05	6,57	-7,3	-4,6	78,2	0	-4,8
535	29.07.2024 20:45:54,000	3,01	6,57	-2,5	1,6	85,9	0	1,6
536	29.07.2024 20:45:55,000	3,01	6,54	19,2	26,1	44,7	1	32,6
537	29.07.2024 20:45:56,000	3,01	6,57	2,7	-8,2	79,1	1	-8,4
538	29.07.2024 20:45:57,000	2,98	6,54	-9,2	-4,2	76,6	1	-4,4
539	29.07.2024 20:45:58,000	2,98	6,52	-0,4	-8,1	81,5	1	-8,1
540	29.07.2024 20:45:59,000	2,98	6,52	3,6	-16,8	69,6	0	-17,5
541	29.07.2024 20:46:00,000	2,98	6,52	-7,1	-21,0	62,0	0	-22,6
542	29.07.2024 20:46:01,000	2,98	6,54	-11,8	-6,8	71,4	0	-7,3
543	29.07.2024 20:46:02,000	2,94	6,51	42,5	-1,1	46,3	0	-1,5
544	29.07.2024 20:46:03,000	2,94	6,51	-4,5	-15,1	70,4	1	-15,8
545	29.07.2024 20:46:04,000	2,94	6,49	-5,6	-14,4	69,9	1	-15,3
546	29.07.2024 20:46:05,000	2,94	6,51	6,9	1,6	81,6	1	1,6
547	29.07.2024 20:46:06,000	2,90	6,51	12,0	-3,5	74,5	1	-3,7
548	29.07.2024 20:46:07,000	2,90	6,49	-5,9	-2,5	81,6	0	-2,5
549	29.07.2024 20:46:08,000	2,90	6,51	-9,6	-0,4	80,0	0	-0,4
550	29.07.2024 20:46:09,000	2,90	6,51	-8,0	-15,4	66,5	1	-16,7
551	29.07.2024 20:46:10,000	2,90	6,49	-0,3	-15,9	73,8	1	-16,0
552	29.07.2024 20:46:11,000	2,86	6,53	-5,5	-3,2	81,3	0	-3,3
553	29.07.2024 20:46:12,000	2,86	6,48	15,6	-6,5	67,9	1	-7,2
554	29.07.2024 20:46:13,000	2,82	6,50	-7,4	-11,2	71,4	0	-11,9
555	29.07.2024 20:46:14,000	2,82	6,60	-3,4	-1,9	84,7	0	-1,9
556	29.07.2024 20:46:15,000	2,82	6,53	-0,9	-10,6	78,6	0	-10,7
557	29.07.2024 20:46:16,000	2,82	6,53	-2,7	-12,0	75,3	0	-12,4
558	29.07.2024 20:46:17,000	2,78	6,48	0,6	-14,2	75,2	0	-14,3
559	29.07.2024 20:46:18,000	2,78	6,50	-7,8	-12,0	70,1	0	-12,9
560	29.07.2024 20:46:19,000	2,78	6,50	-9,1	-15,2	65,7	0	-16,6
561	29.07.2024 20:46:20,000	2,75	6,50	-5,1	-14,5	70,4	0	-15,2
562	29.07.2024 20:46:21,000	2,75	6,52	-14,6	-11,7	63,7	0	-13,2
563	29.07.2024 20:46:22,000	2,75	6,50	-3,4	-5,0	81,6	0	-5,1
564	29.07.2024 20:46:23,000	2,75	6,50	-13,8	-6,7	69,5	0	-7,3
565	29.07.2024 20:46:24,000	2,71	6,52	12,1	-0,5	77,3	1	-0,6
566	29.07.2024 20:46:25,000	2,71	6,52	8,2	5,7	76,1	0	6,0
567	29.07.2024 20:46:26,000	2,67	6,47	-0,8	-15,2	74,0	0	-15,3
568	29.07.2024 20:46:27,000	2,67	6,54	-5,4	-9,8	74,8	0	-10,3
569	29.07.2024 20:46:28,000	2,67	6,49	5,3	-6,5	78,2	1	-6,8
570	29.07.2024 20:46:29,000	2,63	6,49	-8,4	-10,9	70,7	0	-11,7
571	29.07.2024 20:46:30,000	2,63	6,49	-9,5	-6,1	74,4	0	-6,5
572	29.07.2024 20:46:31,000	2,63	6,49	-3,2	-9,5	77,4	0	-9,8
573	29.07.2024 20:46:32,000	2,63	6,49	-4,1	-9,4	76,5	0	-9,8
574	29.07.2024 20:46:33,000	2,59	6,46	-5,7	-6,2	78,1	0	-6,5
575	29.07.2024 20:46:34,000	2,59	6,49	4,2	-10,6	75,3	0	-11,0
576	29.07.2024 20:46:35,000	2,59	6,49	1,6	-15,6	72,7	0	-15,9
577	29.07.2024 20:46:36,000	2,59	6,49	-3,2	-17,2	69,5	0	-17,9
578	29.07.2024 20:46:37,000	2,55	6,48	-4,8	-11,6	73,6	0	-12,2
579	29.07.2024 20:46:38,000	2,55	6,48	-1,0	-15,1	73,9	0	-15,3
580	29.07.2024 20:46:39,000	2,55	6,46	1,1	-16,4	72,5	1	-16,6
581	29.07.2024 20:46:40,000	2,52	6,48	-1,9	-9,1	79,0	0	-9,3
582	29.07.2024 20:46:41,000	2,52	6,48	-1,7	-9,4	78,9	0	-9,6
583	29.07.2024 20:46:42,000	2,52	6,48	-1,0	-16,8	72,2	0	-17,0
584	29.07.2024 20:46:43,000	2,52	6,46	-4,6	-16,1	69,3	0	-16,9
585	29.07.2024 20:46:44,000	2,52	6,46	-3,1	-12,3	74,6	0	-12,7
586	29.07.2024 20:46:45,000	2,48	6,48	-9,6	-10,3	70,1	0	-11,1
587	29.07.2024 20:46:46,000	2,48	6,48	-3,6	-11,0	75,4	0	-11,4
588	29.07.2024 20:46:47,000	2,48	6,48	-2,5	-8,0	79,5	0	-8,2
589	29.07.2024 20:46:48,000	2,48	6,48	-7,4	-10,1	72,5	0	-10,8
590	29.07.2024 20:46:49,000	2,48	6,48	-3,4	-2,7	83,9	0	-2,7
591	29.07.2024 20:46:50,000	2,48	6,48	-1,3	-8,4	80,2	0	-8,5
592	29.07.2024 20:46:51,000	2,48	6,45	-2,2	-12,7	75,2	0	-12,9
593	29.07.2024 20:46:52,000	2,48	6,48	-4,5	-15,1	70,3	0	-15,8
594	29.07.2024 20:46:53,000	2,48	6,48	-4,8	-11,5	73,7	0	-12,1
595	29.07.2024 20:46:54,000	2,44	6,47	-3,8	-14,1	72,0	0	-14,7
596	29.07.2024 20:46:55,000	2,44	6,47	-2,3	-13,8	73,9	0	-14,2
597	29.07.2024 20:46:56,000	2,44	6,47	-5,6	-15,4	68,9	0	-16,4
598	29.07.2024 20:46:57,000	2,44	6,47	-8,4	-11,6	70,0	0	-12,5
599	29.07.2024 20:46:58,000	2,44	6,47	0,8	-16,0	73,1	0	-16,2
600	29.07.2024 20:46:59,000	2,44	6,47	-2,6	-16,9	70,5	0	-17,4
601	29.07.2024 20:47:00,000	2,44	6,45	-1,9	-13,0	75,2	0	-13,3
602	29.07.2024 20:47:01,000	2,44	6,47	-3,4	-7,5	79,1	0	-7,7
603	29.07.2024 20:47:02,000	2,44	6,45	-9,4	-9,7	70,9	1	-10,5
604	29.07.2024 20:47:03,000	2,40	6,45	-4,8	-15,3	70,0	0	-16,0
605	29.07.2024 20:47:04,000	2,40	6,47	-2,0	-15,7	72,2	0	-16,1
606	29.07.2024 20:47:05,000	2,40	6,45	-7,2	-7,1	75,7	1	-7,5
607	29.07.2024 20:47:06,000	2,40	6,47	1,3	-7,5	81,2	0	-7,6
608	29.07.2024 20:47:07,000	2,40	6,49	-1,1	-9,0	80,0	1	-9,1
609	29.07.2024 20:47:08,000	2,40	6,52	18,8	6,7	64,5	1	7,6
610	29.07.2024 20:47:09,000	2,36	6,47	-2,1	9,5	78,4	0	9,7
611	29.07.2024 20:47:10,000	2,36	6,47	-4,5	-7,4	78,1	0	-7,7
612	29.07.2024 20:47:11,000	2,36	6,44	-4,2	-11,0	74,8	0	-11,5
613	29.07.2024 20:47:12,000	2,36	6,44	-8,1	-14,1	67,8	0	-15,3
614	29.07.2024 20:47:13,000	2,36	6,47	-1,7	-14,6	73,7	1	-14,8
615	29.07.2024 20:47:14,000	2,36	6,47	2,8	0,3	86,9	1	0,3
616	29.07.2024 20:47:15,000	2,36	6,49	-2,2	-5,4	82,3	1	-5,6
617	29.07.2024 20:47:16,000	2,36	6,47	4,2	0,5	85,3	0	0,5
618	29.07.2024 20:47:17,000	2,36	6,51	-16,9	-0,5	72,5	0	-0,6
619	29.07.2024 20:47:18,000	2,36	6,44	-20,6	-6,8	62,6	1	-7,9
620	29.07.2024 20:47:19,000	2,32	6,46	0,4	-1,2	88,4	0	-1,2
621	29.07.2024 20:47:20,000	2,32	6,46	-3,4	-9,9	76,7	0	-10,3
622	29.07.2024 20:47:21,000	2,32	6,46	-18,6	-1,7	69,7	0	-1,8
623	29.07.2024 20:47:22,000	2,32	6,44	18,6	7,5	63,9	0	8,5
624	29.07.2024 20:47:23,000	2,32	6,42	4,3	-4,6	81,0	1	-4,8
625	29.07.2024 20:47:24,000	2,32	6,46	-7,2	-2,3	80,5	0	-2,3
626	29.07.2024 20:47:25,000	2,32	6,44	-27,9	-2,8	59,3	1	-3,3
627	29.07.2024 20:47:26,000	2,32	6,46	-0,9	-5,4	83,7	0	-5,4
628	29.07.2024 20:47:27,000	2,32	6,44	21,8	-4,2	64,0	1	-4,8
629	29.07.2024 20:47:28,000	2,32	6,49	9,8	-1,8	78,4	1	-1,8
630	29.07.2024 20:47:29,000	2,28	6,44	6,6	-6,2	77,2	1	-6,5
631	29.07.2024 20:47:30,000	2,28	6,46	13,7	0,5	75,7	1	0,6
632	29.07.2024 20:47:31,000	2,28	6,41	9,9	-0,9	79,3	1	-0,9
633	29.07.2024 20:47:32,000	2,28	6,41	-3,1	0,3	86,5	0	0,3
634	29.07.2024 20:47:33,000	2,28	6,41	7,3	6,4	76,3	1	6,8
635	29.07.2024 20:47:34,000	2,28	6,39	22,2	-13,2	54,7	0	-16,2
636	29.07.2024 20:47:35,000	2,28	6,37	22,5	-12,5	55,1	0	-15,3
637	29.07.2024 20:47:36,000	2,28	6,34	24,0	-14,7	51,4	0	-18,5
638	29.07.2024 20:47:37,000	2,28	6,32	24,1	-14,7	51,2	0	-18,6
639	29.07.2024 20:47:38,000	2,28	6,32	24,8	-14,4	50,7	0	-18,4
640	29.07.2024 20:47:39,000	2,25	6,27	28,2	-15,0	46,9	0	-20,0
641	29.07.2024 20:47:40,000	2,25	6,22	24,8	-10,5	54,7	0	-13,0
642	29.07.2024 20:47:41,000	2,25	6,20	27,2	-15,5	47,4	0	-20,5
643	29.07.2024 20:47:42,000	2,21	6,17	28,0	-11,5	50,4	0	-15,0
644	29.07.2024 20:47:43,000	2,21	6,13	29,6	-16,1	44,3	0	-22,1
645	29.07.2024 20:47:44,000	2,21	6,08	29,8	-11,2	49,0	0	-14,8
646	29.07.2024 20:47:45,000	2,21	6,03	28,1	-5,7	56,2	0	-7,0
647	29.07.2024 20:47:46,000	2,17	6,05	29,2	-13,0	47,8	0	-17,3
648	29.07.2024 20:47:47,000	2,17	5,98	30,5	-14,4	45,0	0	-19,9
649	29.07.2024 20:47:48,000	2,17	5,94	29,5	-11,6	48,9	0	-15,4
650	29.07.2024 20:47:49,000	2,17	5,91	29,9	-11,1	49,0	0	-14,6
651	29.07.2024 20:47:50,000	2,17	5,84	30,4	-12,8	46,8	0	-17,3
652	29.07.2024 20:47:51,000	2,13	5,79	31,7	-12,9	45,4	0	-17,8
653	29.07.2024 20:47:52,000	2,13	5,77	28,6	-8,4	53,0	0	-10,6
654	29.07.2024 20:47:53,000	2,13	5,72	30,9	-10,2	48,9	0	-13,6
655	29.07.2024 20:47:54,000	2,13	5,67	31,5	-12,2	46,3	0	-16,7
656	29.07.2024 20:47:55,000	2,13	5,65	29,9	-8,7	51,3	0	-11,3
657	29.07.2024 20:47:56,000	2,09	5,60	30,7	-10,2	49,1	0	-13,5
658	29.07.2024 20:47:57,000	2,09	5,58	29,1	-11,0	50,0	0	-14,4
659	29.07.2024 20:47:58,000	2,09	5,53	29,8	-8,3	51,9	0	-10,6
660	29.07.2024 20:47:59,000	2,09	5,48	29,6	-6,4	53,9	0	-8,0
661	29.07.2024 20:48:00,000	2,09	5,44	31,3	-12,8	46,0	0	-17,6
662	29.07.2024 20:48:01,000	2,09	5,37	28,7	-10,6	50,7	0	-13,8
663	29.07.2024 20:48:02,000	2,09	5,37	30,0	-6,9	53,0	0	-8,8
664	29.07.2024 20:48:03,000	2,09	5,30	31,4	-11,9	46,7	1	-16,2
665	29.07.2024 20:48:04,000	2,05	5,25	31,2	-13,4	45,4	0	-18,5
666	29.07.2024 20:48:05,000	2,05	5,22	31,1	-9,2	49,7	0	-12,1
667	29.07.2024 20:48:06,000	2,05	5,15	31,3	-3,0	55,7	0	-3,6
668	29.07.2024 20:48:07,000	2,05	5,15	33,9	-9,0	47,0	0	-12,4
669	29.07.2024 20:48:08,000	2,05	5,11	31,6	-11,2	47,1	0	-15,2
670	29.07.2024 20:48:09,000	2,05	5,06	32,9	-13,9	43,2	0	-19,8
671	29.07.2024 20:48:10,000	2,05	5,04	30,3	-7,7	52,1	0	-9,8
672	29.07.2024 20:48:11,000	2,05	4,99	31,0	-7,9	51,1	0	-10,3
673	29.07.2024 20:48:12,000	2,05	4,94	30,6	-10,2	49,2	0	-13,5
674	29.07.2024 20:48:13,000	2,05	4,90	29,6	-8,4	52,0	0	-10,8
675	29.07.2024 20:48:14,000	2,05	4,87	32,0	-10,2	47,7	0	-13,8
676	29.07.2024 20:48:15,000	2,05	4,83	31,4	-11,5	47,2	0	-15,6
677	29.07.2024 20:48:16,000	2,05	4,78	28,3	-5,8	56,0	0	-7,1
678	29.07.2024 20:48:17,000	2,01	4,75	30,3	-10,3	49,4	0	-13,5
679	29.07.2024 20:48:18,000	2,01	4,68	32,5	-12,0	45,5	0	-16,6
680	29.07.2024 20:48:19,000	2,01	4,68	28,6	-8,4	53,0	0	-10,7
681	29.07.2024 20:48:20,000	2,01	4,64	29,1	-5,6	55,4	0	-6,9
682	29.07.2024 20:48:21,000	2,01	4,61	30,1	-9,8	50,1	0	-12,8
683	29.07.2024 20:48:22,000	2,01	4,57	31,8	-9,9	48,3	0	-13,3
684	29.07.2024 20:48:23,000	2,01	4,52	29,8	-5,5	54,7	0	-6,8
685	29.07.2024 20:48:24,000	2,01	4,47	30,1	-8,7	51,2	0	-11,2
686	29.07.2024 20:48:25,000	2,01	4,45	31,8	-9,1	49,0	0	-12,1
687	29.07.2024 20:48:26,000	1,97	4,42	28,6	-5,4	56,0	0	-6,6
688	29.07.2024 20:48:27,000	1,97	4,37	29,4	-5,3	55,3	0	-6,5
689	29.07.2024 20:48:28,000	1,97	4,33	30,9	-8,9	50,2	0	-11,7
690	29.07.2024 20:48:29,000	1,97	4,30	33,5	-12,6	44,0	1	-17,8
691	29.07.2024 20:48:30,000	1,97	4,26	29,8	-9,4	50,8	0	-12,3
692	29.07.2024 20:48:31,000	1,97	4,23	29,0	-1,8	59,2	0	-2,1
693	29.07.2024 20:48:32,000	1,97	4,21	32,4	-8,4	49,2	0	-11,2
694	29.07.2024 20:48:33,000	1,97	4,16	31,6	-11,0	47,5	0	-14,8
695	29.07.2024 20:48:34,000	1,97	4,14	29,9	-6,7	53,4	0	-8,4
696	29.07.2024 20:48:35,000	1,97	4,12	31,4	-4,7	53,8	0	-5,9
697	29.07.2024 20:48:36,000	1,97	4,09	32,8	-10,6	46,6	0	-14,6
698	29.07.2024 20:48:37,000	1,97	4,05	32,8	-11,2	46,0	0	-15,4
699	29.07.2024 20:48:38,000	1,97	4,02	33,1	-5,6	51,3	0	-7,2
700	29.07.2024 20:48:39,000	1,97	4,00	32,6	-4,7	52,7	0	-6,0
701	29.07.2024 20:48:40,000	1,97	3,98	30,7	-8,9	50,4	0	-11,6
702	29.07.2024 20:48:41,000	1,97	3,95	32,8	-11,2	46,0	0	-15,5
703	29.07.2024 20:48:42,000	1,97	3,93	27,9	-7,9	54,2	0	-9,8
704	29.07.2024 20:48:43,000	2,01	3,91	29,2	-8,2	52,6	0	-10,4
705	29.07.2024 20:48:44,000	2,01	3,91	33,4	-13,6	43,1	0	-19,4
706	29.07.2024 20:48:45,000	2,01	3,89	29,1	-9,9	51,0	0	-12,8
707	29.07.2024 20:48:46,000	2,01	3,84	26,0	-4,1	59,9	0	-4,8
708	29.07.2024 20:48:47,000	2,01	3,84	32,7	-14,0	43,3	0	-19,9
709	29.07.2024 20:48:48,000	2,01	3,84	33,4	-14,9	41,7	0	-21,6
710	29.07.2024 20:48:49,000	2,01	3,82	29,6	-8,0	52,3	0	-10,2
711	29.07.2024 20:48:50,000	2,01	3,79	27,3	-6,6	56,1	0	-8,1
712	29.07.2024 20:48:51,000	2,01	3,82	33,4	-16,5	40,1	0	-24,3
713	29.07.2024 20:48:52,000	2,01	3,79	34,0	-7,7	48,3	0	-10,4
714	29.07.2024 20:48:53,000	2,01	3,77	28,1	-3,7	58,2	0	-4,4
715	29.07.2024 20:48:54,000	2,05	3,80	30,3	-13,8	45,8	0	-18,9
716	29.07.2024 20:48:55,000	2,05	3,77	35,2	-15,6	39,2	0	-23,5
717	29.07.2024 20:48:56,000	2,05	3,77	31,4	-4,7	53,9	0	-5,9
718	29.07.2024 20:48:57,000	2,05	3,77	30,4	-9,5	50,2	0	-12,4
719	29.07.2024 20:48:58,000	2,05	3,75	34,0	-18,4	37,6	0	-27,8
720	29.07.2024 20:48:59,000	2,05	3,75	35,2	-10,6	44,2	0	-15,0
721	29.07.2024 20:49:00,000	2,05	3,75	28,8	-3,3	57,9	0	-4,0
722	29.07.2024 20:49:01,000	2,05	3,75	30,4	-12,8	46,8	0	-17,3
723	29.07.2024 20:49:02,000	2,05	3,75	33,3	-12,4	44,3	0	-17,5
724	29.07.2024 20:49:03,000	2,05	3,75	33,8	-9,2	47,0	0	-12,7
725	29.07.2024 20:49:04,000	2,05	3,75	32,9	-10,9	46,2	0	-15,1
726	29.07.2024 20:49:05,000	2,05	3,75	29,6	-11,0	49,4	0	-14,5
727	29.07.2024 20:49:06,000	2,05	3,75	31,4	-12,4	46,2	0	-17,0
728	29.07.2024 20:49:07,000	2,05	3,73	33,0	-7,1	49,9	0	-9,3
729	29.07.2024 20:49:08,000	2,05	3,75	30,4	-5,7	53,9	0	-7,1
730	29.07.2024 20:49:09,000	2,05	3,75	28,7	-9,4	51,9	0	-12,0
731	29.07.2024 20:49:10,000	2,09	3,73	34,1	-10,5	45,3	0	-14,7
732	29.07.2024 20:49:11,000	2,09	3,73	32,7	-10,6	46,8	0	-14,4
733	29.07.2024 20:49:12,000	2,09	3,73	30,9	-8,7	50,4	0	-11,4
734	29.07.2024 20:49:13,000	2,09	3,71	29,6	-2,6	57,7	0	-3,2
735	29.07.2024 20:49:14,000	2,09	3,73	31,8	-9,4	48,8	0	-12,5
736	29.07.2024 20:49:15,000	2,09	3,68	30,7	-9,9	49,4	0	-13,1
737	29.07.2024 20:49:16,000	2,09	3,71	29,4	-3,0	57,6	0	-3,6
738	29.07.2024 20:49:17,000	2,09	3,68	30,4	-6,9	52,6	0	-8,8
739	29.07.2024 20:49:18,000	2,09	3,66	30,3	-9,5	50,2	0	-12,4
740	29.07.2024 20:49:19,000	2,09	3,64	29,0	-5,9	55,1	0	-7,3
741	29.07.2024 20:49:20,000	2,09	3,64	30,0	-7,3	52,6	0	-9,3
742	29.07.2024 20:49:21,000	2,09	3,61	30,7	-8,9	50,4	0	-11,7
743	29.07.2024 20:49:22,000	2,09	3,61	29,7	-7,2	53,1	0	-9,1
744	29.07.2024 20:49:23,000	2,09	3,59	29,7	-5,4	54,8	0	-6,7
745	29.07.2024 20:49:24,000	2,13	3,57	30,8	-6,5	52,6	0	-8,3
746	29.07.2024 20:49:25,000	2,13	3,57	29,2	-6,6	54,2	0	-8,3
747	29.07.2024 20:49:26,000	2,13	3,55	29,7	-6,9	53,4	0	-8,7
748	29.07.2024 20:49:27,000	2,13	3,52	28,5	-6,7	54,8	0	-8,3
749	29.07.2024 20:49:28,000	2,13	3,50	29,3	-4,2	56,4	0	-5,2
750	29.07.2024 20:49:29,000	2,13	3,47	29,1	-5,5	55,4	0	-6,8
751	29.07.2024 20:49:30,000	2,13	3,43	28,5	-10,3	51,3	0	-13,2
752	29.07.2024 20:49:31,000	2,13	3,43	31,2	-8,2	50,7	0	-10,6
753	29.07.2024 20:49:32,000	2,13	3,40	28,9	-4,5	56,6	0	-5,5
754	29.07.2024 20:49:33,000	2,13	3,38	28,2	-7,3	54,6	0	-9,0
755	29.07.2024 20:49:34,000	2,13	3,33	28,5	-5,2	56,3	0	-6,4
756	29.07.2024 20:49:35,000	2,13	3,33	29,1	-2,8	58,2	0	-3,3
757	29.07.2024 20:49:36,000	2,13	3,31	28,2	-6,7	55,1	0	-8,3
758	29.07.2024 20:49:37,000	2,13	3,29	27,0	-5,4	57,5	0	-6,5
759	29.07.2024 20:49:38,000	2,17	3,24	28,5	-6,7	54,8	0	-8,3
760	29.07.2024 20:49:39,000	2,17	3,22	27,3	-4,9	57,8	0	-5,9
761	29.07.2024 20:49:40,000	2,17	3,17	26,6	-6,1	57,2	0	-7,4
762	29.07.2024 20:49:41,000	2,17	3,15	27,1	-5,2	57,7	0	-6,2
763	29.07.2024 20:49:42,000	2,17	3,15	26,2	-2,5	61,3	0	-2,9
764	29.07.2024 20:49:43,000	2,21	3,13	28,3	-6,5	55,1	0	-8,0
765	29.07.2024 20:49:44,000	2,21	3,08	27,9	-6,8	55,3	0	-8,4
766	29.07.2024 20:49:45,000	2,21	3,06	28,8	-3,3	57,9	0	-3,9
767	29.07.2024 20:49:46,000	2,25	3,02	26,6	-2,8	60,5	0	-3,3
768	29.07.2024 20:49:47,000	2,25	2,99	26,0	-6,2	57,8	0	-7,5
769	29.07.2024 20:49:48,000	2,28	2,97	28,5	-2,6	58,9	0	-3,0
770	29.07.2024 20:49:49,000	2,28	2,97	27,0	-3,8	59,2	0	-4,5
771	29.07.2024 20:49:50,000	2,32	2,93	21,5	-6,0	62,4	0	-6,9
772	29.07.2024 20:49:51,000	2,36	2,91	25,4	-5,5	59,1	0	-6,6
773	29.07.2024 20:49:52,000	2,44	2,87	26,3	-6,2	57,6	0	-7,4
774	29.07.2024 20:49:53,000	2,52	2,85	26,3	-5,4	58,3	0	-6,5
775	29.07.2024 20:49:54,000	2,55	2,81	23,9	-7,6	58,5	0	-9,1
776	29.07.2024 20:49:55,000	2,59	2,79	24,1	-8,7	57,2	0	-10,5
777	29.07.2024 20:49:56,000	2,67	2,77	25,0	-8,0	57,0	0	-9,7
778	29.07.2024 20:49:57,000	2,75	2,71	24,3	-9,7	56,0	0	-11,8
779	29.07.2024 20:49:58,000	2,78	2,69	23,5	-11,6	54,9	0	-14,2
780	29.07.2024 20:49:59,000	2,86	2,65	25,3	-11,7	53,1	0	-14,7
781	29.07.2024 20:50:00,000	2,90	2,60	21,6	-12,8	55,6	0	-15,6
782	29.07.2024 20:50:01,000	2,98	2,59	25,3	-10,8	53,9	0	-13,5
783	29.07.2024 20:50:02,000	3,05	2,50	25,8	-12,8	51,3	0	-16,4
784	29.07.2024 20:50:03,000	3,09	2,52	21,0	-15,9	53,1	0	-19,6
785	29.07.2024 20:50:04,000	3,20	2,49	26,6	-14,8	48,6	0	-19,3
786	29.07.2024 20:50:05,000	3,28	2,42	26,9	-14,5	48,6	0	-19,0
787	29.07.2024 20:50:06,000	3,35	2,41	28,2	-16,0	45,7	0	-21,6
788	29.07.2024 20:50:07,000	3,43	2,39	28,1	-16,9	45,1	0	-22,8
789	29.07.2024 20:50:08,000	3,54	2,33	28,8	-17,5	43,8	0	-24,0
790	29.07.2024 20:50:09,000	3,62	2,29	30,3	-17,7	42,0	0	-24,9
791	29.07.2024 20:50:10,000	3,69	2,25	30,8	-18,9	40,3	0	-27,2
792	29.07.2024 20:50:11,000	3,80	2,26	30,3	-18,9	40,7	0	-27,0
793	29.07.2024 20:50:12,000	3,92	2,17	31,8	-20,0	38,2	0	-29,5
794	29.07.2024 20:50:13,000	3,99	2,15	34,5	-20,1	35,4	0	-31,1
795	29.07.2024 20:50:14,000	4,10	2,14	35,0	-19,2	35,8	0	-29,7
796	29.07.2024 20:50:15,000	4,18	2,12	38,5	-19,1	32,4	0	-31,7
797	29.07.2024 20:50:16,000	4,25	2,08	43,1	-20,2	26,7	0	-37,7
798	29.07.2024 20:50:17,000	4,32	2,04	46,8	-19,3	23,8	0	-39,5
799	29.07.2024 20:50:18,000	4,32	2,06	48,0	-17,9	24,1	0	-37,2
800	29.07.2024 20:50:19,000	4,36	2,04	47,5	-18,6	23,9	0	-38,3
801	29.07.2024 20:50:20,000	4,40	2,02	43,8	-17,2	29,0	0	-31,6
802	29.07.2024 20:50:21,000	4,40	2,05	49,3	-19,6	21,1	0	-43,0
803	29.07.2024 20:50:22,000	4,40	2,07	76,5	-7,4	6,1	0	-43,0
804	29.07.2024 20:50:23,000	4,40	2,09	64,2	3,4	22,4	0	-43,0
805	29.07.2024 20:50:24,000	4,43	2,12	60,1	4,3	25,6	0	9,9
806	29.07.2024 20:50:25,000	4,51	2,13	60,7	5,2	24,1	0	12,5
807	29.07.2024 20:50:26,000	4,58	2,16	59,2	3,6	27,2	0	7,8
808	29.07.2024 20:50:27,000	4,65	2,19	54,4	8,2	27,4	0	17,2
809	29.07.2024 20:50:28,000	4,65	2,19	54,0	12,5	23,5	0	28,5
810	29.07.2024 20:50:29,000	4,69	2,19	50,9	10,3	28,8	0	20,6
811	29.07.2024 20:50:30,000	4,69	2,19	58,0	6,3	25,8	0	14,2
812	29.07.2024 20:50:31,000	4,69	2,21	59,1	9,4	21,6	0	23,9
813	29.07.2024 20:50:32,000	4,69	2,21	61,8	6,0	22,1	0	23,9
814	29.07.2024 20:50:33,000	4,73	2,19	61,1	4,4	24,5	0	10,5
815	29.07.2024 20:50:34,000	4,73	2,21	60,4	5,0	24,6	0	11,8
816	29.07.2024 20:50:35,000	4,73	2,24	64,1	4,9	21,0	0	11,8
817	29.07.2024 20:50:36,000	4,73	2,24	63,3	4,3	22,4	0	11,8
818	29.07.2024 20:50:37,000	4,73	2,24	60,5	3,8	25,7	0	8,7
819	29.07.2024 20:50:38,000	4,73	2,26	60,3	4,2	25,5	0	9,7
820	29.07.2024 20:50:39,000	4,73	2,24	61,7	4,0	24,2	0	9,8
821	29.07.2024 20:50:40,000	4,73	2,24	60,3	4,0	25,6	0	9,3
822	29.07.2024 20:50:41,000	4,73	2,21	58,0	2,6	29,4	0	5,2
823	29.07.2024 20:50:42,000	4,73	2,24	57,4	3,8	28,8	0	7,9
824	29.07.2024 20:50:43,000	4,73	2,26	60,9	4,8	24,3	0	11,5
825	29.07.2024 20:50:44,000	4,73	2,24	58,5	2,5	29,0	0	5,2
826	29.07.2024 20:50:45,000	4,76	2,22	55,4	1,3	33,3	0	2,5
827	29.07.2024 20:50:46,000	4,76	2,19	55,9	3,0	31,2	0	5,7
828	29.07.2024 20:50:47,000	4,76	2,19	54,7	0,1	35,2	0	0,1
829	29.07.2024 20:50:48,000	4,80	2,15	38,3	-8,8	42,9	0	-12,9
830	29.07.2024 20:50:49,000	4,80	2,08	36,4	-11,7	41,9	0	-17,3
831	29.07.2024 20:50:50,000	4,84	2,01	37,9	-4,8	47,3	0	-6,6
832	29.07.2024 20:50:51,000	4,87	1,99	32,5	-3,8	53,7	0	-4,8
833	29.07.2024 20:50:52,000	4,98	1,96	28,3	-6,7	55,0	0	-8,3
834	29.07.2024 20:50:53,000	5,09	1,85	33,6	-6,5	49,9	0	-8,6
835	29.07.2024 20:50:54,000	5,24	1,77	32,2	-0,4	57,3	0	-0,5
836	29.07.2024 20:50:55,000	5,38	1,68	29,6	-6,9	53,5	0	-8,7
837	29.07.2024 20:50:56,000	5,49	1,67	32,1	-7,4	50,5	0	-9,7
838	29.07.2024 20:50:57,000	5,67	1,64	32,0	-3,0	55,0	0	-3,7
839	29.07.2024 20:50:58,000	5,81	1,60	30,9	-4,9	54,2	0	-6,2
840	29.07.2024 20:50:59,000	6,02	1,50	34,6	-9,3	46,1	0	-13,0
841	29.07.2024 20:51:00,000	6,20	1,52	33,3	-3,9	52,7	0	-5,0
842	29.07.2024 20:51:01,000	6,59	1,38	33,7	-8,0	48,4	0	-10,7
843	29.07.2024 20:51:02,000	6,94	1,46	34,9	-6,9	48,1	0	-9,4
844	29.07.2024 20:51:03,000	7,32	1,23	36,1	-6,7	47,1	0	-9,2
845	29.07.2024 20:51:04,000	7,60	1,14	36,8	-3,9	49,3	0	-5,2
846	29.07.2024 20:51:05,000	7,73	1,10	23,1	-5,1	61,8	0	-5,9
847	29.07.2024 20:51:06,000	7,84	1,13	33,4	-13,2	43,4	0	-18,8
848	29.07.2024 20:51:07,000	8,01	1,03	32,2	-14,1	43,7	0	-19,9
849	29.07.2024 20:51:08,000	8,18	1,07	28,7	-13,4	47,9	0	-17,8
850	29.07.2024 20:51:09,000	8,48	0,93	27,6	-14,3	48,1	0	-18,9
851	29.07.2024 20:51:10,000	8,79	0,88	31,7	-17,3	41,0	0	-24,9
852	29.07.2024 20:51:11,000	9,02	0,86	29,4	-11,0	49,6	0	-14,4
853	29.07.2024 20:51:12,000	9,19	0,78	26,1	-17,1	46,8	0	-22,5
854	29.07.2024 20:51:13,000	9,29	0,76	31,8	-15,5	42,7	0	-22,0
855	29.07.2024 20:51:14,000	9,39	0,77	27,9	-12,4	49,7	0	-16,2
856	29.07.2024 20:51:15,000	9,49	0,73	28,6	-13,0	48,4	0	-17,2
857	29.07.2024 20:51:16,000	9,62	0,67	28,7	-13,1	48,2	0	-17,4
858	29.07.2024 20:51:17,000	9,76	0,73	26,9	-13,9	49,3	0	-18,1
859	29.07.2024 20:51:18,000	9,95	0,58	24,4	-13,4	52,2	0	-16,9
860	29.07.2024 20:51:19,000	10,12	0,66	24,0	-9,5	56,5	0	-11,5
861	29.07.2024 20:51:20,000	10,22	0,60	24,0	-8,5	57,5	0	-10,2
862	29.07.2024 20:51:21,000	10,41	0,48	22,2	-11,2	56,6	0	-13,6
863	29.07.2024 20:51:22,000	10,61	0,47	22,6	-12,3	55,2	0	-15,0
864	29.07.2024 20:51:23,000	10,77	0,36	25,3	-4,9	59,8	0	-5,7
865	29.07.2024 20:51:24,000	10,90	0,34	25,9	-4,9	59,2	0	-5,8
866	29.07.2024 20:51:25,000	11,00	0,36	27,2	-6,1	56,7	0	-7,4
867	29.07.2024 20:51:26,000	11,13	0,32	28,2	-11,4	50,4	0	-14,7
868	29.07.2024 20:51:27,000	11,23	0,32	31,1	-10,0	48,9	0	-13,3
869	29.07.2024 20:51:28,000	11,32	0,29	22,6	-4,8	62,6	0	-5,5
870	29.07.2024 20:51:29,000	11,45	0,29	26,4	-12,8	50,8	0	-16,5
871	29.07.2024 20:51:30,000	11,61	0,22	25,6	-11,0	53,4	0	-13,8
872	29.07.2024 20:51:31,000	11,77	0,20	25,9	-3,2	60,8	0	-3,7
873	29.07.2024 20:51:32,000	11,84	0,22	23,6	4,0	62,4	0	4,6
874	29.07.2024 20:51:33,000	11,93	0,15	26,2	-18,4	45,4	1	-24,5
875	29.07.2024 20:51:34,000	12,00	0,15	26,9	-15,3	47,9	1	-20,1
876	29.07.2024 20:51:35,000	12,09	0,13	20,9	11,8	57,3	0	14,2
877	29.07.2024 20:51:36,000	12,22	0,13	17,0	7,1	66,0	0	8,0
878	29.07.2024 20:51:37,000	12,29	0,11	22,7	-5,6	61,7	0	-6,5
879	29.07.2024 20:51:38,000	12,38	0,08	24,8	-4,9	60,3	0	-5,7
880	29.07.2024 20:51:39,000	12,48	0,08	22,6	-6,1	61,3	0	-7,1
881	29.07.2024 20:51:40,000	12,57	0,06	26,2	-17,4	46,3	1	-23,1
882	29.07.2024 20:51:41,000	12,60	0,06	20,6	-8,5	60,9	0	-9,9
883	29.07.2024 20:51:42,000	12,67	0,08	17,4	-5,9	66,6	0	-6,6
884	29.07.2024 20:51:43,000	12,73	0,06	24,5	-11,7	53,7	1	-14,6
885	29.07.2024 20:51:44,000	12,79	0,06	17,0	-3,6	69,4	0	-3,9
886	29.07.2024 20:51:45,000	12,82	0,04	21,2	-5,7	63,1	1	-6,5
887	29.07.2024 20:51:46,000	12,92	0,06	24,1	0,1	65,8	0	0,1
888	29.07.2024 20:51:47,000	13,01	0,08	24,6	-8,1	57,3	0	-9,8
889	29.07.2024 20:51:48,000	13,11	0,06	22,2	-12,2	55,6	1	-14,8
890	29.07.2024 20:51:49,000	13,20	-0,01	14,2	-7,8	68,0	1	-8,6
891	29.07.2024 20:51:50,000	13,27	-0,01	18,5	-14,7	56,9	0	-17,5
892	29.07.2024 20:51:51,000	13,33	0,04	25,1	-9,6	55,2	0	-11,9
893	29.07.2024 20:51:52,000	13,39	0,01	25,1	-15,5	49,3	0	-20,1
894	29.07.2024 20:51:53,000	13,45	-0,01	20,2	-12,0	57,8	0	-14,3
895	29.07.2024 20:51:54,000	13,52	-0,01	23,1	-15,8	51,1	0	-19,9
896	29.07.2024 20:51:55,000	13,58	0,01	24,3	-9,4	56,3	1	-11,5
897	29.07.2024 20:51:56,000	13,64	0,01	15,7	-9,2	65,2	0	-10,3
898	29.07.2024 20:51:57,000	13,67	0,04	22,1	-14,3	53,7	0	-17,6
899	29.07.2024 20:51:58,000	13,73	-0,01	21,7	-12,2	56,1	1	-14,8
900	29.07.2024 20:51:59,000	13,80	-0,03	20,5	-11,5	58,0	0	-13,7
901	29.07.2024 20:52:00,000	13,86	0,04	24,0	-12,0	54,0	1	-14,9
902	29.07.2024 20:52:01,000	13,95	-0,01	25,7	-11,2	53,0	1	-14,1
903	29.07.2024 20:52:02,000	13,98	0,04	18,6	-9,7	61,6	0	-11,3
904	29.07.2024 20:52:03,000	14,05	0,01	19,9	-12,9	57,3	1	-15,4
905	29.07.2024 20:52:04,000	14,11	0,01	17,3	-10,5	62,2	0	-12,1
906	29.07.2024 20:52:05,000	14,17	0,01	16,9	-8,7	64,4	0	-9,9
907	29.07.2024 20:52:06,000	14,20	0,01	18,5	-14,9	56,6	1	-17,8
908	29.07.2024 20:52:07,000	14,26	0,01	21,8	-18,5	49,7	0	-23,3
909	29.07.2024 20:52:08,000	14,29	0,04	26,4	-16,6	47,0	0	-22,0
910	29.07.2024 20:52:09,000	14,33	0,01	23,8	-1,1	65,1	1	-1,2
911	29.07.2024 20:52:10,000	14,39	0,01	24,3	-15,5	50,2	0	-19,8
912	29.07.2024 20:52:11,000	14,45	0,04	21,9	-13,6	54,5	0	-16,7
913	29.07.2024 20:52:12,000	14,48	0,04	22,3	-4,4	63,4	0	-5,0
914	29.07.2024 20:52:13,000	14,54	0,04	20,7	-9,9	59,4	1	-11,7
915	29.07.2024 20:52:14,000	14,60	0,04	23,0	-16,5	50,5	1	-20,8
916	29.07.2024 20:52:15,000	14,63	0,04	22,3	-4,8	62,9	0	-5,5
917	29.07.2024 20:52:16,000	14,67	0,04	17,9	-14,5	57,6	0	-17,2
918	29.07.2024 20:52:17,000	14,73	0,04	23,3	-17,3	49,4	1	-22,0
919	29.07.2024 20:52:18,000	14,76	0,06	19,0	-9,4	61,6	0	-10,9
920	29.07.2024 20:52:19,000	14,82	0,04	14,7	-3,6	71,7	0	-3,9
921	29.07.2024 20:52:20,000	14,85	0,06	17,8	-14,1	58,2	0	-16,6
922	29.07.2024 20:52:21,000	14,91	0,04	18,4	-11,1	60,5	0	-12,9
923	29.07.2024 20:52:22,000	14,94	0,06	12,8	-4,8	72,4	0	-5,2
924	29.07.2024 20:52:23,000	14,97	0,06	23,0	-16,9	50,1	0	-21,4
925	29.07.2024 20:52:24,000	15,03	0,06	19,6	-7,2	63,2	1	-8,2
926	29.07.2024 20:52:25,000	15,07	0,06	20,6	-11,3	58,1	1	-13,5
927	29.07.2024 20:52:26,000	15,07	0,08	25,3	-15,4	49,4	0	-19,9
928	29.07.2024 20:52:27,000	15,10	0,06	19,5	-7,6	62,9	1	-8,7
929	29.07.2024 20:52:28,000	15,16	0,04	18,0	-16,6	55,4	0	-19,9
930	29.07.2024 20:52:29,000	15,19	0,04	20,8	-18,9	50,4	0	-23,5
931	29.07.2024 20:52:30,000	15,25	0,06	17,0	-20,0	53,0	0	-23,9
932	29.07.2024 20:52:31,000	15,28	0,08	22,3	-18,6	49,0	0	-23,6
933	29.07.2024 20:52:32,000	15,34	0,06	18,5	-16,8	54,7	0	-20,2
934	29.07.2024 20:52:33,000	15,40	0,04	22,0	-16,6	51,4	1	-20,7
935	29.07.2024 20:52:34,000	15,46	0,06	21,6	-18,0	50,5	0	-22,5
936	29.07.2024 20:52:35,000	15,53	0,04	19,3	-17,8	52,8	0	-21,7
937	29.07.2024 20:52:36,000	15,56	0,01	22,2	-8,7	59,1	0	-10,3
938	29.07.2024 20:52:37,000	15,56	0,04	25,0	-4,6	60,4	0	-5,4
939	29.07.2024 20:52:38,000	15,56	0,04	18,1	-8,7	63,2	1	-10,0
940	29.07.2024 20:52:39,000	15,56	0,04	17,3	-13,4	59,3	0	-15,6
941	29.07.2024 20:52:40,000	15,59	0,06	20,0	-16,3	53,8	1	-19,8
942	29.07.2024 20:52:41,000	15,59	0,08	19,8	-18,8	51,4	1	-23,2
943	29.07.2024 20:52:42,000	15,59	0,11	14,3	-25,0	50,7	1	-29,3
944	29.07.2024 20:52:43,000	15,65	0,06	20,6	-30,3	39,2	0	-38,9
945	29.07.2024 20:52:44,000	15,71	0,06	17,5	-23,1	49,5	0	-28,0
946	29.07.2024 20:52:45,000	15,77	0,01	19,1	-24,9	46,0	0	-31,0
947	29.07.2024 20:52:46,000	15,80	0,06	20,4	-24,0	45,6	0	-30,3
948	29.07.2024 20:52:47,000	15,83	0,04	12,0	-26,9	51,2	0	-30,7
949	29.07.2024 20:52:48,000	15,89	0,04	28,4	-0,5	61,1	0	-0,6
950	29.07.2024 20:52:49,000	15,92	0,01	23,7	2,9	63,4	0	3,3
951	29.07.2024 20:52:50,000	15,95	0,04	22,0	-22,0	46,0	1	-28,2
952	29.07.2024 20:52:51,000	15,95	0,06	20,5	-12,9	56,5	1	-15,6
953	29.07.2024 20:52:52,000	16,01	0,04	20,7	-12,0	57,2	0	-14,5
954	29.07.2024 20:52:53,000	16,07	0,01	21,1	-12,8	56,1	0	-15,4
955	29.07.2024 20:52:54,000	16,13	0,01	14,9	-25,1	50,0	1	-29,6
956	29.07.2024 20:52:55,000	16,20	-0,01	14,5	-18,4	57,1	0	-21,3
957	29.07.2024 20:52:56,000	16,23	0,04	25,1	-19,3	45,6	1	-25,5
958	29.07.2024 20:52:57,000	16,23	0,01	18,4	-27,8	43,8	1	-34,5
959	29.07.2024 20:52:58,000	16,26	0,01	14,4	-17,3	58,3	0	-20,0
960	29.07.2024 20:52:59,000	16,32	0,04	19,7	-14,8	55,5	0	-17,8
961	29.07.2024 20:53:00,000	16,38	-0,01	27,0	-22,9	40,0	0	-31,7
962	29.07.2024 20:53:01,000	16,41	-0,01	19,3	-3,4	67,3	0	-3,7
963	29.07.2024 20:53:02,000	16,41	0,01	23,3	-7,0	59,8	0	-8,2
964	29.07.2024 20:53:03,000	16,44	0,01	26,9	-20,4	42,7	0	-27,8
965	29.07.2024 20:53:04,000	16,47	0,04	31,6	-10,3	48,1	1	-13,8
966	29.07.2024 20:53:05,000	16,50	0,01	18,6	-9,7	61,7	0	-11,3
967	29.07.2024 20:53:06,000	16,56	0,01	26,4	-8,7	54,9	0	-10,7
968	29.07.2024 20:53:07,000	16,59	-0,01	31,3	-12,5	46,2	0	-17,2
969	29.07.2024 20:53:08,000	16,62	0,01	18,9	-45,1	26,1	1	-57,5
970	29.07.2024 20:53:09,000	16,62	0,04	19,0	-15,9	55,0	0	-19,2
971	29.07.2024 20:53:10,000	16,65	0,06	25,8	0,3	63,9	0	0,4
972	29.07.2024 20:53:11,000	16,68	0,01	28,9	-7,2	53,9	0	-9,1
973	29.07.2024 20:53:12,000	16,71	-0,01	19,5	0,3	70,2	1	0,3
974	29.07.2024 20:53:13,000	16,71	-0,01	30,1	-16,7	43,1	0	-23,4
975	29.07.2024 20:53:14,000	16,68	0,01	15,8	48,5	25,8	0	59,2
976	29.07.2024 20:53:15,000	16,65	0,06	20,5	28,9	40,6	0	37,0
977	29.07.2024 20:53:16,000	16,62	0,11	64,4	13,4	12,2	1	37,0
978	29.07.2024 20:53:17,000	16,59	0,18	52,0	8,1	29,9	1	15,9
979	29.07.2024 20:53:18,000	16,53	0,13	69,5	-8,2	12,3	1	15,9
980	29.07.2024 20:53:19,000	16,47	0,18	64,5	-13,6	-11,9	0	15,9
981	29.07.2024 20:53:20,000	16,38	0,18	68,1	-16,3	5,6	0	15,9
982	29.07.2024 20:53:21,000	16,32	0,18	64,3	-19,5	6,2	1	15,9
983	29.07.2024 20:53:22,000	16,26	0,20	69,6	-12,0	8,4	1	15,9
984	29.07.2024 20:53:23,000	16,17	0,22	63,1	-20,4	6,5	0	15,9
985	29.07.2024 20:53:24,000	16,07	0,22	67,7	-16,9	5,4	1	15,9
986	29.07.2024 20:53:25,000	16,01	0,22	60,8	-17,9	11,3	1	15,9
987	29.07.2024 20:53:26,000	15,95	0,25	63,0	-25,0	2,0	1	-85,3
988	29.07.2024 20:53:27,000	15,89	0,25	52,8	-35,0	-2,2	0	-93,8
989	29.07.2024 20:53:28,000	15,80	0,25	48,3	-37,5	4,3	0	-83,0
990	29.07.2024 20:53:29,000	15,77	0,25	61,8	-26,1	-2,1	0	-94,7
991	29.07.2024 20:53:30,000	15,71	0,27	66,4	-9,5	14,1	0	-94,7
992	29.07.2024 20:53:31,000	15,65	0,27	73,8	-1,7	14,4	0	-94,7
993	29.07.2024 20:53:32,000	15,59	0,29	74,7	-9,7	5,6	0	-94,7
994	29.07.2024 20:53:33,000	15,53	0,27	69,3	-19,0	-1,7	0	-94,7
995	29.07.2024 20:53:34,000	15,46	0,27	31,7	-55,0	-3,2	0	-94,0
996	29.07.2024 20:53:35,000	15,40	0,29	46,6	-36,0	7,3	0	-77,6
997	29.07.2024 20:53:36,000	15,37	0,29	75,8	2,3	11,8	0	-77,6
998	29.07.2024 20:53:37,000	15,31	0,29	76,6	2,4	11,1	1	-77,6
999	29.07.2024 20:53:38,000	15,28	0,29	57,9	-23,6	8,5	0	-69,7
1000	29.07.2024 20:53:39,000	15,25	0,29	-10,6	2,6	76,8	0	2,7
1001	29.07.2024 20:53:40,000	15,19	0,27	-9,1	-2,1	78,9	0	-2,2
1002	29.07.2024 20:53:41,000	15,16	0,29	-3,9	2,1	84,0	0	2,1
1003	29.07.2024 20:53:42,000	15,10	0,29	-0,9	2,4	86,7	0	2,4
1004	29.07.2024 20:53:43,000	15,07	0,32	-0,9	1,0	88,1	1	1,0
1005	29.07.2024 20:53:44,000	15,03	0,29	-7,7	-2,3	80,0	0	-2,4
1006	29.07.2024 20:53:45,000	15,00	0,29	-4,2	-0,9	85,0	0	-0,9
1007	29.07.2024 20:53:46,000	14,97	0,29	-2,6	-3,3	84,1	0	-3,4
1008	29.07.2024 20:53:47,000	14,97	0,29	-0,4	-1,2	88,4	0	-1,2
1009	29.07.2024 20:53:48,000	14,94	0,29	1,9	-2,4	85,8	0	-2,4
1010	29.07.2024 20:53:49,000	14,91	0,29	1,7	-0,2	88,1	0	-0,2
1011	29.07.2024 20:53:50,000	14,88	0,29	0,5	-1,4	88,1	0	-1,4
1012	29.07.2024 20:53:51,000	14,85	0,32	1,7	-1,9	86,4	0	-1,9
1013	29.07.2024 20:53:52,000	14,82	0,32	-5,7	-6,7	77,6	0	-7,0
1014	29.07.2024 20:53:53,000	14,79	0,29	-59,2	-5,4	-25,4	0	-167,5
1015	29.07.2024 20:53:54,000	14,79	0,29	1,9	1,8	-86,3	0	178,1
1016	29.07.2024 20:53:55,000	14,79	0,29	1,7	1,5	-86,8	0	178,5
1017	29.07.2024 20:53:56,000	14,79	0,32	2,6	0,6	-86,7	0	179,4
1018	29.07.2024 20:53:57,000	14,76	0,29	2,8	0,8	-86,4	0	179,2
1019	29.07.2024 20:53:58,000	14,76	0,32	2,2	0,8	-87,0	0	179,2
1020	29.07.2024 20:53:59,000	14,73	0,29	2,1	1,3	-86,6	0	178,7
1021	29.07.2024 20:54:00,000	14,70	0,32	2,4	1,5	-86,1	0	178,5
1022	29.07.2024 20:54:01,000	14,70	0,32	2,1	1,3	-86,6	0	178,7
1023	29.07.2024 20:54:02,000	14,67	0,29	1,7	1,1	-87,3	0	178,9
1024	29.07.2024 20:54:03,000	14,67	0,27	1,8	0,3	-87,9	0	179,7
1025	29.07.2024 20:54:04,000	14,67	0,29	2,5	1,4	-86,1	0	178,5
1026	29.07.2024 20:54:05,000	14,63	0,29	2,1	2,2	-85,7	0	177,8
1027	29.07.2024 20:54:06,000	14,63	0,29	3,3	4,1	-82,6	1	175,8
1028	29.07.2024 20:54:07,000	14,60	0,32	1,2	0,2	-88,6	0	179,8
1029	29.07.2024 20:54:08,000	14,60	0,32	1,4	1,4	-87,2	0	178,6
1030	29.07.2024 20:54:09,000	14,60	0,29	1,7	1,3	-87,0	0	178,7
1031	29.07.2024 20:54:10,000	14,60	0,29	0,6	1,6	-87,7	0	178,4
1032	29.07.2024 20:54:11,000	14,57	0,29	-0,4	0,8	-88,8	0	179,2
1033	29.07.2024 20:54:12,000	14,57	0,29	0,6	1,0	-88,4	0	179,0
1034	29.07.2024 20:54:13,000	14,57	0,29	1,7	1,8	-86,5	0	178,1
1035	29.07.2024 20:54:14,000	14,57	0,29	1,0	1,9	-87,2	0	178,1
1036	29.07.2024 20:54:15,000	14,54	0,29	-0,2	1,0	-88,8	0	179,0
1037	29.07.2024 20:54:16,000	14,54	0,29	0,8	0,1	-89,1	0	179,9
1038	29.07.2024 20:54:17,000	14,54	0,29	-9,7	32,5	-47,9	1	143,7
1039	29.07.2024 20:54:18,000	14,54	0,29	13,6	68,6	7,8	0	81,4
1040	29.07.2024 20:54:19,000	14,54	0,29	47,4	41,7	0,9	1	88,6
1041	29.07.2024 20:54:20,000	14,54	0,29	28,5	53,0	8,5	1	79,2
1042	29.07.2024 20:54:21,000	14,54	0,29	29,0	44,1	16,9	0	66,7
1043	29.07.2024 20:54:22,000	14,54	0,29	2,0	43,4	44,6	0	44,4
1044	29.07.2024 20:54:23,000	14,54	0,29	-7,2	73,0	-9,8	0	100,5
1045	29.07.2024 20:54:24,000	14,54	0,27	-16,5	64,3	-9,2	0	100,4
1046	29.07.2024 20:54:25,000	14,54	0,29	-15,6	66,4	-8,0	0	99,0
1047	29.07.2024 20:54:26,000	14,54	0,29	-16,8	65,8	-7,4	0	98,3
1048	29.07.2024 20:54:27,000	14,54	0,29	-17,0	64,7	-8,3	0	99,4
1049	29.07.2024 20:54:28,000	14,54	0,29	-15,9	65,8	-8,3	0	99,4
1050	29.07.2024 20:54:29,000	14,54	0,29	-16,4	65,5	-8,1	0	99,1
1051	29.07.2024 20:54:30,000	14,51	0,29	-16,5	65,0	-8,5	0	99,6
1052	29.07.2024 20:54:31,000	14,51	0,29	-16,1	65,7	-8,2	0	99,3
1053	29.07.2024 20:54:32,000	14,51	0,32	-16,4	64,5	-9,1	0	100,3
1054	29.07.2024 20:54:33,000	14,51	0,29	-16,7	65,1	-8,3	0	99,3
1055	29.07.2024 20:54:34,000	14,51	0,29	-16,1	66,9	-7,0	0	97,8
1056	29.07.2024 20:54:35,000	14,51	0,29	-16,0	65,4	-8,6	0	99,7
1057	29.07.2024 20:54:36,000	14,51	0,29	-16,9	64,0	-9,1	0	100,4
1058	29.07.2024 20:54:37,000	14,51	0,29	-16,3	66,4	-7,3	0	98,1
1059	29.07.2024 20:54:38,000	14,51	0,29	-16,3	65,6	-8,1	0	99,1
1060	29.07.2024 20:54:39,000	14,51	0,29	-16,2	64,6	-9,3	0	100,5
1061	29.07.2024 20:54:40,000	14,51	0,29	-15,8	65,9	-8,3	0	99,3
1062	29.07.2024 20:54:41,000	14,48	0,29	-16,5	65,8	-7,7	0	98,6
1063	29.07.2024 20:54:42,000	14,51	0,32	-17,1	64,5	-8,3	0	99,5
1064	29.07.2024 20:54:43,000	14,48	0,29	-16,2	65,2	-8,6	0	99,7
1065	29.07.2024 20:54:44,000	14,48	0,29	-15,6	66,6	-7,8	0	98,7
1066	29.07.2024 20:54:45,000	14,48	0,29	-16,3	66,0	-7,7	0	98,6
1067	29.07.2024 20:54:46,000	14,48	0,29	-17,2	64,7	-8,1	0	99,1
1068	29.07.2024 20:54:47,000	14,48	0,29	-17,0	64,8	-8,2	0	99,2
1069	29.07.2024 20:54:48,000	14,48	0,32	-14,8	66,8	-8,4	0	99,3
1070	29.07.2024 20:54:49,000	14,48	0,32	-16,0	66,0	-8,0	0	99,0
1071	29.07.2024 20:54:50,000	14,48	0,29	-17,8	64,4	-7,7	0	98,8
1072	29.07.2024 20:54:51,000	14,48	0,32	-16,4	65,2	-8,4	0	99,5
1073	29.07.2024 20:54:52,000	14,48	0,32	-15,2	66,7	-8,1	0	99,0
1074	29.07.2024 20:54:53,000	14,48	0,29	-16,3	65,8	-7,9	0	98,8
1075	29.07.2024 20:54:54,000	14,48	0,29	-17,5	64,5	-8,0	0	99,0
1076	29.07.2024 20:54:55,000	14,48	0,32	-16,5	65,4	-8,1	0	99,1
1077	29.07.2024 20:54:56,000	14,48	0,29	-14,9	67,0	-8,1	0	99,0
1078	29.07.2024 20:54:57,000	14,51	0,29	-16,6	65,3	-8,2	0	99,2
1079	29.07.2024 20:54:58,000	14,48	0,32	-17,6	64,1	-8,3	0	99,5
1080	29.07.2024 20:54:59,000	14,51	0,29	-15,9	66,1	-8,0	0	99,0
1081	29.07.2024 20:55:00,000	14,51	0,29	-15,5	66,8	-7,7	0	98,6
1082	29.07.2024 20:55:01,000	14,51	0,32	-16,9	65,6	-7,6	0	98,5
1083	29.07.2024 20:55:02,000	14,51	0,29	-17,2	64,4	-8,4	0	99,5
1084	29.07.2024 20:55:03,000	14,51	0,32	-15,8	65,8	-8,4	0	99,4
1085	29.07.2024 20:55:04,000	14,51	0,29	-15,9	66,7	-7,4	0	98,2
1086	29.07.2024 20:55:05,000	14,51	0,29	-17,2	64,6	-8,2	0	99,3
1087	29.07.2024 20:55:06,000	14,51	0,29	-16,1	65,1	-8,8	0	99,9
1088	29.07.2024 20:55:07,000	14,51	0,29	-15,7	66,4	-7,9	0	98,8
1089	29.07.2024 20:55:08,000	14,51	0,32	-16,8	65,6	-7,5	0	98,5
1090	29.07.2024 20:55:09,000	14,51	0,32	-16,6	64,7	-8,7	0	99,8
1091	29.07.2024 20:55:10,000	14,54	0,29	-16,0	65,9	-8,1	0	99,1
1092	29.07.2024 20:55:11,000	14,54	0,29	-16,5	66,1	-7,4	0	98,3
1093	29.07.2024 20:55:12,000	14,54	0,29	-16,0	65,8	-8,2	0	99,2
1094	29.07.2024 20:55:13,000	14,54	0,32	-16,8	65,1	-8,0	0	99,1
1095	29.07.2024 20:55:14,000	14,54	0,32	-17,1	65,3	-7,6	0	98,6
1096	29.07.2024 20:55:15,000	14,54	0,32	-15,6	66,5	-7,9	0	98,8
1097	29.07.2024 20:55:16,000	14,54	0,32	-16,0	65,9	-8,1	0	99,1
1098	29.07.2024 20:55:17,000	14,54	0,32	-17,1	64,6	-8,3	0	99,4
1099	29.07.2024 20:55:18,000	14,54	0,29	-16,5	65,6	-7,9	0	98,9
1100	29.07.2024 20:55:19,000	14,57	0,27	-15,7	66,6	-7,7	0	98,6
1101	29.07.2024 20:55:20,000	14,57	0,29	-16,6	64,8	-8,6	0	99,7
1102	29.07.2024 20:55:21,000	14,57	0,29	-17,0	65,4	-7,6	0	98,6
1103	29.07.2024 20:55:22,000	14,57	0,32	-16,1	66,8	-7,1	0	97,9
1104	29.07.2024 20:55:23,000	14,57	0,29	-15,7	66,1	-8,2	0	99,2
1105	29.07.2024 20:55:24,000	14,60	0,29	-16,7	65,6	-7,7	0	98,7
1106	29.07.2024 20:55:25,000	14,60	0,29	-16,9	63,9	-9,3	0	100,5
1107	29.07.2024 20:55:26,000	14,60	0,29	-14,9	67,6	-7,5	0	98,4
1108	29.07.2024 20:55:27,000	14,60	0,32	-14,8	68,4	-6,8	0	97,5
1109	29.07.2024 20:55:28,000	14,60	0,32	-59,7	1,5	-28,8	1	176,8
1110	29.07.2024 20:55:29,000	14,63	0,29	-47,0	-2,7	-40,3	1	-175,8
1111	29.07.2024 20:55:30,000	14,63	0,29	-49,1	-10,2	-30,8	0	-160,8
1112	29.07.2024 20:55:31,000	14,67	0,29	-58,8	-5,2	-26,0	0	-168,3
1113	29.07.2024 20:55:32,000	14,67	0,27	-57,9	-6,1	-26,1	0	-166,4
1114	29.07.2024 20:55:33,000	14,67	0,27	-52,6	-11,1	-26,3	0	-156,5
1115	29.07.2024 20:55:34,000	14,67	0,29	-52,5	-9,3	-28,1	0	-160,9
1116	29.07.2024 20:55:35,000	14,70	0,32	-60,4	-8,1	-21,5	0	-160,9
1117	29.07.2024 20:55:36,000	14,70	0,29	-57,5	-5,1	-27,4	0	-169,1
1118	29.07.2024 20:55:37,000	14,70	0,29	-54,0	-7,1	-28,9	1	-165,6
1119	29.07.2024 20:55:38,000	14,73	0,32	-54,3	-9,8	-25,9	1	-158,7
1120	29.07.2024 20:55:39,000	14,73	0,29	-51,0	-4,9	-34,2	0	-171,4
1121	29.07.2024 20:55:40,000	14,73	0,29	-58,7	-2,1	-29,2	0	-175,7
1122	29.07.2024 20:55:41,000	14,76	0,29	-55,9	-5,3	-28,7	1	-169,0
1123	29.07.2024 20:55:42,000	14,76	0,29	-59,1	-1,1	-29,8	0	-177,7
1124	29.07.2024 20:55:43,000	14,76	0,29	-55,6	-3,1	-31,3	0	-174,1
1125	29.07.2024 20:55:44,000	14,76	0,27	-57,5	-3,1	-29,3	0	-173,7
1126	29.07.2024 20:55:45,000	14,79	0,29	-41,3	-10,8	-37,9	1	-162,7
1127	29.07.2024 20:55:46,000	14,79	0,27	-50,7	-6,3	-33,0	1	-168,5
1128	29.07.2024 20:55:47,000	14,79	0,29	-44,1	-6,8	-39,1	0	-169,2
1129	29.07.2024 20:55:48,000	14,82	0,27	-48,2	-3,9	-37,9	0	-173,7
1130	29.07.2024 20:55:49,000	14,82	0,29	-50,3	2,2	-37,5	0	176,4
1131	29.07.2024 20:55:50,000	14,85	0,27	-59,3	-11,2	-19,6	0	-149,9
1132	29.07.2024 20:55:51,000	14,85	0,29	-54,5	-13,4	-22,1	0	-148,3
1133	29.07.2024 20:55:52,000	14,85	0,29	-66,7	-0,9	-22,5	0	-148,3
1134	29.07.2024 20:55:53,000	14,88	0,27	-60,5	-2,0	-27,5	0	-175,7
1135	29.07.2024 20:55:54,000	14,88	0,27	-40,1	12,7	37,2	1	20,2
1136	29.07.2024 20:55:55,000	14,88	0,29	-4,2	-3,2	82,6	0	-3,3
1137	29.07.2024 20:55:56,000	14,91	0,27	-2,8	-3,8	83,3	0	-3,9
1138	29.07.2024 20:55:57,000	14,91	0,29	-3,5	-9,7	76,7	0	-10,1
1139	29.07.2024 20:55:58,000	14,91	0,29	-35,1	19,0	35,9	0	29,5
1140	29.07.2024 20:55:59,000	14,94	0,27	-66,9	-13,1	10,0	0	29,5
1141	29.07.2024 20:56:00,000	14,97	0,27	-59,8	-19,8	10,4	0	29,5
1142	29.07.2024 20:56:01,000	14,97	0,27	-58,9	-12,3	18,9	0	-33,4
1143	29.07.2024 20:56:02,000	14,97	0,27	-42,7	-17,7	29,6	0	-31,9
1144	29.07.2024 20:56:03,000	14,97	0,41	-38,9	-29,2	21,9	0	-52,3
1145	29.07.2024 20:56:04,000	14,97	0,39	12,0	-42,6	35,4	0	-49,3
1146	29.07.2024 20:56:05,000	15,00	0,43	-4,9	-43,2	41,9	0	-45,7
1147	29.07.2024 20:56:06,000	15,00	0,43	-46,0	-19,0	25,0	1	-37,8
1148	29.07.2024 20:56:07,000	15,00	0,41	-24,2	-41,2	24,6	1	-57,2
1149	29.07.2024 20:56:08,000	15,03	0,43	-28,5	-35,8	25,6	0	-53,2
1150	29.07.2024 20:56:09,000	15,03	0,41	-9,9	-45,4	34,8	0	-51,0
1151	29.07.2024 20:56:10,000	15,03	0,41	-5,8	-49,4	34,8	0	-52,8
1152	29.07.2024 20:56:11,000	15,03	0,41	66,5	-14,5	-9,0	1	-52,8
1153	29.07.2024 20:56:12,000	15,03	0,41	13,7	-62,4	13,9	0	-74,2
1154	29.07.2024 20:56:13,000	15,07	0,41	-33,5	-47,9	8,6	0	-78,4
1155	29.07.2024 20:56:14,000	15,07	0,41	-17,4	-39,9	32,7	0	-49,6
1156	29.07.2024 20:56:15,000	15,10	0,43	-26,3	-45,1	18,6	0	-65,1
1157	29.07.2024 20:56:16,000	15,13	0,43	-41,0	-48,7	-0,3	1	-90,4
1158	29.07.2024 20:56:17,000	15,19	0,36	6,5	-40,1	-43,4	0	-136,7
1159	29.07.2024 20:56:18,000	15,31	0,36	-15,0	-45,6	-29,4	0	-125,0
1160	29.07.2024 20:56:19,000	15,46	0,39	-29,1	-43,4	17,5	1	-65,8
1161	29.07.2024 20:56:20,000	15,56	0,36	-28,7	-40,7	20,6	0	-61,1
1162	29.07.2024 20:56:21,000	15,62	0,36	-63,9	-4,6	21,5	0	-61,1
1163	29.07.2024 20:56:22,000	15,65	0,36	-36,4	-1,3	52,3	0	-1,7
1164	29.07.2024 20:56:23,000	15,71	0,29	0,9	-22,9	66,2	0	-23,1
1165	29.07.2024 20:56:24,000	15,83	0,22	-9,0	-53,5	27,5	0	-59,6
1166	29.07.2024 20:56:25,000	16,04	0,22	-16,5	-64,2	-9,3	0	-100,5
1167	29.07.2024 20:56:26,000	16,23	0,22	-34,3	26,8	28,9	0	43,1
1168	29.07.2024 20:56:27,000	16,35	0,22	-51,0	2,5	36,4	0	4,2
1169	29.07.2024 20:56:28,000	16,50	0,20	-1,3	14,8	73,8	0	15,0
1170	29.07.2024 20:56:29,000	16,68	0,18	-47,0	15,6	27,4	0	30,4
