15071993 001 483935.0 633123.7  6.3                                               
15071993 001                    6.1                                               
15071993 001                    6.3                                               
15071993 001                    5.8                                               
15071993 001                    6.1                                               
15071993 001                    5.9                                               
15071993 001                    6.1                                               
15071993 001                    7.6                                               
15071993 001                    8.7                                               
15071993 001                    9.8                                               
15071993 001 483990.4 633138.6 11.0                                               