FileName: C:\TRAWLS~1\FALL\GP122F.TXT
Local Time: Wed Aug 27 17:58:07 2008

Ship: 27 août 2008 Trip: GP122F Tow: 10
Comments: Area 12, Bancs de l'Orphelin - Sud-ouest
 Date    Time     Latitude       Longitude    Speed    Primary  Secondary DoorSpread      Depth 
080827  205803  48  14.3769 N  63  28.1144 W   3.3       12.2*       2.8       29.1*     670.8*
080827  205804  48  14.3760 N  63  28.1146 W   3.3       12.2        2.8       29.1      670.8 
080827  205805  48  14.3752 N  63  28.1148 W   3.2       12.2        2.8        3.2*     670.8 
080827  205806  48  14.3744 N  63  28.1151 W   3.2       12.2       12.3*       3.2      670.8 
080827  205807  48  14.3736 N  63  28.1153 W   3.2       12.2       12.3        3.2      670.8 
080827  205808  48  14.3727 N  63  28.1157 W   3.2       12.2       12.3        3.2      670.8 
080827  205809  48  14.3718 N  63  28.1160 W   3.2       12.2       12.3        3.2      670.8 
080827  205810  48  14.3710 N  63  28.1162 W   3.2       12.2       12.3        2.9*     670.8 
080827  205811  48  14.3702 N  63  28.1163 W   3.1       12.2       12.3        2.9      670.8 
080827  205812  48  14.3694 N  63  28.1166 W   3.1       12.2       12.3        2.9      670.8 
080827  205813  48  14.3685 N  63  28.1170 W   3.2       12.2       12.3        2.9      670.8 
080827  205814  48  14.3676 N  63  28.1173 W   3.2       12.2       12.3        2.9       10.6*
080827  205815  48  14.3668 N  63  28.1175 W   3.2       12.2       12.3        2.6*      10.6 
080827  205816  48  14.3659 N  63  28.1176 W   3.1       12.2       12.3        2.6       10.6 
080827  205817  48  14.3651 N  63  28.1178 W   3.1       12.2       12.3        2.6       10.6 
080827  205818  48  14.3643 N  63  28.1182 W   3.1       12.2       12.3        2.6       10.6 
080827  205819  48  14.3635 N  63  28.1186 W   3.1       12.2       12.3        2.6       11.0*
080827  205820  48  14.3627 N  63  28.1188 W   3.1       12.2       12.3        2.6       11.0 
080827  205821  48  14.3619 N  63  28.1189 W   3.1       12.2       12.3        2.6       11.0 
080827  205822  48  14.3611 N  63  28.1190 W   3.1       12.2       12.3        2.6       11.0 
080827  205823  48  14.3603 N  63  28.1192 W   3.0       12.2       12.3        2.6       11.0 
080827  205824  48  14.3595 N  63  28.1196 W   3.0       12.2       12.3        2.6       11.0 
080827  205825  48  14.3587 N  63  28.1199 W   3.0       12.2       12.3        2.6        9.7*
080827  205826  48  14.3579 N  63  28.1201 W   3.0       12.2       12.3        2.6        9.7 
080827  205827  48  14.3571 N  63  28.1202 W   3.0       12.2       12.3        2.6        9.7 
080827  205828  48  14.3563 N  63  28.1204 W   3.0       12.2       12.3        2.6        9.7 
080827  205829  48  14.3555 N  63  28.1207 W   3.0       12.2       12.3        2.6        9.7 
080827  205830  48  14.3547 N  63  28.1210 W   3.0       12.2       12.3        2.6        9.7*
080827  205831  48  14.3539 N  63  28.1212 W   3.0       12.2       12.3        3.6*       9.7 
080827  205832  48  14.3531 N  63  28.1214 W   2.9        2.1*      12.3        3.6        9.7 
080827  205833  48  14.3523 N  63  28.1216 W   2.9        2.1       12.3        3.6        9.7 
080827  205834  48  14.3514 N  63  28.1217 W   3.0        2.1       12.3        3.6        9.7 
080827  205835  48  14.3506 N  63  28.1219 W   3.0        2.1       12.3        3.6       22.0*
080827  205836  48  14.3498 N  63  28.1221 W   2.9        2.1       12.3        2.6*      22.0 
080827  205837  48  14.3491 N  63  28.1223 W   2.9        2.1       12.3        2.6       22.0 
080827  205838  48  14.3484 N  63  28.1224 W   2.9        2.1       12.3        2.6       22.0 
080827  205839  48  14.3476 N  63  28.1226 W   2.9        2.1       12.3        2.6       22.0 
080827  205840  48  14.3467 N  63  28.1228 W   2.9        2.1       12.3        2.6        1.3*
080827  205841  48  14.3459 N  63  28.1230 W   2.9        2.1       12.3        4.6*       1.3 
080827  205842  48  14.3452 N  63  28.1231 W   2.9        2.1       12.3        4.6        1.3 
080827  205843  48  14.3444 N  63  28.1233 W   2.9        2.1       12.3        4.6        1.3 
080827  205844  48  14.3434 N  63  28.1236 W   3.0        2.1       12.3        4.6        1.3 
080827  205845  48  14.3424 N  63  28.1240 W   3.1        2.1       12.3        4.6        1.3 
080827  205846  48  14.3413 N  63  28.1243 W   3.3        2.1       12.3        1.7*       1.3 
080827  205847  48  14.3401 N  63  28.1246 W   3.4        2.1       12.3        1.7        1.3 
080827  205848  48  14.3389 N  63  28.1249 W   3.6        2.1       12.3        1.7        1.3 
080827  205849  48  14.3376 N  63  28.1254 W   3.8        2.1       12.3        1.7        1.3 
080827  205850  48  14.3363 N  63  28.1259 W   4.0        2.1       12.3        1.7        1.3 
080827  205851  48  14.3349 N  63  28.1265 W   4.2        2.1       12.3        1.7        1.3 
080827  205852  48  14.3334 N  63  28.1270 W   4.4        2.1       12.3        3.4*       1.3 
080827  205853  48  14.3317 N  63  28.1275 W   4.7        2.1       12.3        3.4        1.3 
080827  205854  48  14.3299 N  63  28.1280 W   5.0        2.1       12.3        3.4        1.3 
080827  205855  48  14.3281 N  63  28.1286 W   5.3        2.1       12.3        3.4        1.3 
080827  205856  48  14.3262 N  63  28.1294 W   5.5        2.1       12.3        3.4        1.3 
080827  205857  48  14.3244 N  63  28.1301 W   5.7        2.1       12.3        3.4        1.3 
080827  205858  48  14.3225 N  63  28.1308 W   5.9        2.1       12.3        3.4        1.3 
080827  205859  48  14.3206 N  63  28.1314 W   6.1        2.1       12.3        3.4        1.3 
080827  205900  48  14.3186 N  63  28.1321 W   6.3        2.1       12.3        3.4        1.3 
080827  205901  48  14.3166 N  63  28.1328 W   6.5        2.1       12.3        3.4        1.3 
080827  205902  48  14.3145 N  63  28.1336 W   6.7        2.1       12.3        3.4        1.3 
080827  205903  48  14.3124 N  63  28.1345 W   6.8        2.1       12.3        3.4        1.3 
080827  205904  48  14.3103 N  63  28.1354 W   7.0        2.1       12.3        3.4        1.3 
080827  205905  48  14.3083 N  63  28.1361 W   7.0        2.1       12.3        3.4        1.3 
080827  205906  48  14.3062 N  63  28.1367 W   7.1        2.1       12.3        3.4        1.3 
080827  205907  48  14.3042 N  63  28.1374 W   7.2        2.1       12.3        3.4        1.3 
080827  205908  48  14.3021 N  63  28.1381 W   7.2        2.1       12.3        3.4        1.3 
080827  205909  48  14.3000 N  63  28.1388 W   7.3        2.1       12.3        3.4        1.3 
080827  205910  48  14.2978 N  63  28.1394 W   7.4        2.1       12.3        3.4        1.3 
080827  205911  48  14.2957 N  63  28.1399 W   7.5        2.1       12.3        3.4        1.3 
080827  205912  48  14.2935 N  63  28.1405 W   7.5        2.1       12.3        3.4        1.3 
080827  205913  48  14.2913 N  63  28.1410 W   7.6        2.1       12.3        3.4        1.3 
080827  205914  48  14.2892 N  63  28.1414 W   7.6        2.1       12.3        3.4        1.3 
080827  205915  48  14.2870 N  63  28.1418 W   7.6        2.1       12.3        3.4        1.3 
080827  205916  48  14.2849 N  63  28.1420 W   7.6        2.1       12.3        3.4        1.3 
080827  205917  48  14.2827 N  63  28.1423 W   7.6        2.1       12.3        3.4        1.3 
080827  205918  48  14.2806 N  63  28.1427 W   7.6        2.1       12.3        3.4        1.3 
080827  205919  48  14.2784 N  63  28.1430 W   7.7        2.1       12.3        3.4        1.3 
080827  205920  48  14.2762 N  63  28.1434 W   7.7        2.1       12.3        3.4        1.3 
080827  205921  48  14.2740 N  63  28.1436 W   7.7        2.1       12.3        3.4        1.3 
080827  205922  48  14.2718 N  63  28.1437 W   7.7        2.1       12.3        3.4        1.3 
080827  205923  48  14.2697 N  63  28.1439 W   7.7        2.1       12.3        3.4        1.3 
080827  205924  48  14.2675 N  63  28.1439 W   7.7        2.1       12.3        3.4        1.3 
080827  205925  48  14.2654 N  63  28.1440 W   7.7        2.1       12.3        3.4        1.3 
080827  205926  48  14.2633 N  63  28.1441 W   7.7        2.1       12.3        3.4        1.3 
080827  205927  48  14.2613 N  63  28.1442 W   7.6        2.1       12.3        3.4        1.3 
080827  205928  48  14.2592 N  63  28.1441 W   7.6        2.1       12.3        3.4        1.3 
080827  205929  48  14.2570 N  63  28.1441 W   7.6        2.1       12.3        3.4        1.3 
080827  205930  48  14.2549 N  63  28.1440 W   7.6        2.1       12.3        3.4        1.3 
080827  205931  48  14.2528 N  63  28.1441 W   7.6        2.1       12.3        3.4        1.3 
080827  205932  48  14.2507 N  63  28.1441 W   7.6        2.1       12.3        3.4        1.3 
080827  205933  48  14.2486 N  63  28.1441 W   7.6        2.1       12.3        3.4        1.3 
080827  205934  48  14.2465 N  63  28.1440 W   7.5        2.1       12.3        3.4        1.3 
080827  205935  48  14.2445 N  63  28.1440 W   7.5        2.1       12.3        3.4        1.3 
080827  205936  48  14.2423 N  63  28.1440 W   7.5        2.1       12.3        3.4        1.3 
080827  205937  48  14.2402 N  63  28.1440 W   7.6        2.1       12.3        3.4        1.3 
080827  205938  48  14.2381 N  63  28.1440 W   7.6        2.1       12.3        3.4        1.3 
080827  205939  48  14.2359 N  63  28.1438 W   7.6        2.1       12.3        3.4        1.3 
080827  205940  48  14.2338 N  63  28.1436 W   7.6        2.1       12.3        3.4        1.3 
080827  205941  48  14.2317 N  63  28.1436 W   7.6        2.1       12.3        3.4        1.3 
080827  205942  48  14.2297 N  63  28.1435 W   7.6        2.1       12.3        3.4        1.3 
080827  205943  48  14.2276 N  63  28.1434 W   7.5        2.1       12.3        3.4        1.3 
080827  205944  48  14.2255 N  63  28.1433 W   7.5        2.1       12.3        3.4        1.3 
080827  205945  48  14.2235 N  63  28.1432 W   7.5        2.1       12.3        3.4        1.3 
080827  205946  48  14.2214 N  63  28.1432 W   7.5        2.1       12.3        3.4        1.3 
080827  205947  48  14.2193 N  63  28.1431 W   7.5        2.1       12.3        3.4        1.3 
080827  205948  48  14.2173 N  63  28.1431 W   7.5        2.1       12.3        3.4        1.3 
080827  205949  48  14.2153 N  63  28.1431 W   7.4        2.1       12.3        3.4        1.3 
080827  205950  48  14.2133 N  63  28.1430 W   7.4        2.1       12.3        3.4        1.3 
080827  205951  48  14.2113 N  63  28.1430 W   7.3        2.1       12.3        3.4        1.3 
080827  205952  48  14.2093 N  63  28.1430 W   7.3        2.1       12.3        3.4        1.3 
080827  205953  48  14.2072 N  63  28.1429 W   7.3        2.1       12.3        3.4        1.3 
080827  205954  48  14.2051 N  63  28.1429 W   7.3        2.1       12.3        3.4        1.3 
080827  205955  48  14.2031 N  63  28.1429 W   7.3        2.1       12.3        3.4        1.3 
080827  205956  48  14.2011 N  63  28.1430 W   7.3        2.1       12.3        3.4        1.3 
080827  205957  48  14.1992 N  63  28.1431 W   7.3        2.1       12.3        3.4        1.3 
080827  205958  48  14.1972 N  63  28.1430 W   7.2        2.1       12.3        3.4        1.3 
080827  205959  48  14.1952 N  63  28.1430 W   7.2        2.1       12.3        3.4        1.3 
080827  210000  48  14.1931 N  63  28.1428 W   7.2        2.1       12.3        3.4        1.3 
080827  210001  48  14.1911 N  63  28.1428 W   7.3        2.1       12.3        3.4        1.3 
080827  210002  48  14.1890 N  63  28.1428 W   7.3        2.1       12.3        3.4        1.3 
080827  210003  48  14.1870 N  63  28.1428 W   7.3        2.1       12.3        3.4        1.3 
080827  210004  48  14.1850 N  63  28.1428 W   7.3        2.1       12.3        3.4        1.3 
080827  210005  48  14.1830 N  63  28.1428 W   7.3        2.1       12.3        3.4        1.3 
080827  210006  48  14.1810 N  63  28.1428 W   7.2        2.1       12.3        3.4        1.3 
080827  210007  48  14.1790 N  63  28.1427 W   7.2        2.1       12.3        3.4        1.3 
080827  210008  48  14.1769 N  63  28.1426 W   7.2        2.1       12.3        3.4        1.3 
080827  210009  48  14.1749 N  63  28.1425 W   7.3        2.1       12.3        3.4        1.3 
080827  210010  48  14.1728 N  63  28.1425 W   7.3        2.1       12.3        3.4        1.3 
080827  210011  48  14.1708 N  63  28.1424 W   7.3        2.1       12.3        3.4        1.3 
080827  210012  48  14.1687 N  63  28.1423 W   7.3        2.1       12.3        3.4        1.3 
080827  210013  48  14.1667 N  63  28.1422 W   7.3        2.1       12.3        3.4        1.3 
080827  210014  48  14.1647 N  63  28.1420 W   7.3        2.1       12.3        3.4        1.3 
080827  210015  48  14.1627 N  63  28.1419 W   7.3        2.1       12.3        3.4        1.3 
080827  210016  48  14.1607 N  63  28.1416 W   7.3        2.1       12.3        3.4        1.3 
080827  210017  48  14.1587 N  63  28.1413 W   7.3        2.1       12.3        3.4        1.3 
080827  210018  48  14.1566 N  63  28.1411 W   7.3        2.1       12.3        3.4        1.3 
080827  210019  48  14.1546 N  63  28.1411 W   7.3        2.1       12.3        3.4        1.3 
080827  210020  48  14.1526 N  63  28.1411 W   7.3        2.1       12.3        3.4        1.3 
080827  210021  48  14.1506 N  63  28.1409 W   7.3        2.1       12.3        3.4        1.3 
080827  210022  48  14.1486 N  63  28.1407 W   7.3        2.1       12.3        3.4        1.3 
080827  210023  48  14.1465 N  63  28.1404 W   7.3        2.1       12.3        3.4        1.3 
080827  210024  48  14.1445 N  63  28.1401 W   7.3        2.1       12.3        3.4        1.3 
080827  210025  48  14.1424 N  63  28.1398 W   7.3        2.1       12.3        3.4       28.2*
080827  210026  48  14.1404 N  63  28.1396 W   7.3        2.1       12.3        3.4       28.2 
080827  210027  48  14.1384 N  63  28.1394 W   7.3        2.1       12.3        3.4       28.2 
080827  210028  48  14.1364 N  63  28.1393 W   7.3        2.1       12.3        3.4       28.2 
080827  210029  48  14.1345 N  63  28.1391 W   7.3        2.1       12.3        3.4       28.2 
080827  210030  48  14.1325 N  63  28.1388 W   7.3        2.1       12.3        3.4       28.2 
080827  210031  48  14.1304 N  63  28.1386 W   7.3        2.1       12.3        3.4       50.1*
080827  210032  48  14.1284 N  63  28.1383 W   7.3        2.1       12.3        3.4       50.1 
080827  210033  48  14.1262 N  63  28.1379 W   7.4        2.1       12.3        3.4       50.1 
080827  210034  48  14.1242 N  63  28.1375 W   7.4        2.1       12.3        3.4       50.1 
080827  210035  48  14.1222 N  63  28.1372 W   7.3        2.1       12.3        3.4       50.1 
080827  210036  48  14.1203 N  63  28.1370 W   7.3        2.1       12.3        3.4       50.1 
080827  210037  48  14.1183 N  63  28.1367 W   7.3        2.1       12.3        3.4       50.1 
080827  210038  48  14.1163 N  63  28.1364 W   7.2        2.1       12.3        3.4       50.1 
080827  210039  48  14.1143 N  63  28.1361 W   7.2        2.1       12.3        3.4       50.1 
080827  210040  48  14.1122 N  63  28.1358 W   7.3        2.1       12.3        3.4       50.1 
080827  210041  48  14.1102 N  63  28.1354 W   7.3        2.1       12.3        3.4       50.1 
080827  210042  48  14.1082 N  63  28.1351 W   7.3        2.1       12.3       51.5*      50.1 
080827  210043  48  14.1062 N  63  28.1348 W   7.3        2.1       12.3       51.5       50.1 
080827  210044  48  14.1043 N  63  28.1346 W   7.2        2.1       12.3       51.5       50.1 
080827  210045  48  14.1024 N  63  28.1343 W   7.2        2.1       12.3       51.5       50.1 
080827  210046  48  14.1005 N  63  28.1340 W   7.1        2.1       12.3       51.5       50.1 
080827  210047  48  14.0985 N  63  28.1337 W   7.1        2.1       12.3       51.5       50.1 
080827  210048  48  14.0965 N  63  28.1334 W   7.2        2.1       12.3       51.5       50.1 
080827  210049  48  14.0944 N  63  28.1331 W   7.2        2.1       12.3       51.5       50.1 
080827  210050  48  14.0923 N  63  28.1328 W   7.2        2.1       12.3       51.5       50.1 
080827  210051  48  14.0904 N  63  28.1326 W   7.2        2.1       12.3       51.5       50.1 
080827  210052  48  14.0885 N  63  28.1323 W   7.2        2.1       12.3       51.5       50.1 
080827  210053  48  14.0867 N  63  28.1318 W   7.2        2.1       12.3       51.5       50.1 
080827  210054  48  14.0848 N  63  28.1315 W   7.1        2.1       12.3       51.5       50.1 
080827  210055  48  14.0829 N  63  28.1312 W   7.1        2.1       12.3       51.5       50.1 
080827  210056  48  14.0810 N  63  28.1309 W   7.2        2.1       12.3       51.5       50.1 
080827  210057  48  14.0790 N  63  28.1307 W   7.2        2.1       12.3       51.5       50.1 
080827  210058  48  14.0770 N  63  28.1305 W   7.2        2.1       12.3       51.5       50.1 
080827  210059  48  14.0751 N  63  28.1303 W   7.2        2.1       12.3       51.5       50.1 
080827  210100  48  14.0732 N  63  28.1300 W   7.2        2.1       11.5*      51.5       50.1 
080827  210101  48  14.0713 N  63  28.1297 W   7.2        2.1       11.5       51.5       50.1 
080827  210102  48  14.0695 N  63  28.1292 W   7.2        2.1       11.5       51.5       50.1 
080827  210103  48  14.0676 N  63  28.1288 W   7.2        2.1       11.5       51.5       50.1 
080827  210104  48  14.0656 N  63  28.1285 W   7.2        2.1       11.5       51.5       50.1 
080827  210105  48  14.0637 N  63  28.1283 W   7.2        2.1       11.5       51.5       50.1 
080827  210106  48  14.0617 N  63  28.1280 W   7.2        2.1       11.5       51.5       50.1 
080827  210107  48  14.0597 N  63  28.1276 W   7.2        2.1       13.4*      51.5       50.1 
080827  210108  48  14.0577 N  63  28.1272 W   7.3        2.1       13.4       51.5       50.1 
080827  210109  48  14.0558 N  63  28.1268 W   7.3        2.1       13.4       51.5       50.1 
080827  210110  48  14.0538 N  63  28.1264 W   7.3        2.1       13.4       51.5       50.1 
080827  210111  48  14.0518 N  63  28.1260 W   7.2        2.1       13.4       51.5       50.1 
080827  210112  48  14.0500 N  63  28.1255 W   7.2        2.1       13.4       51.5       50.1 
080827  210113  48  14.0480 N  63  28.1252 W   7.2        2.1       13.4       51.5       50.1 
080827  210114  48  14.0460 N  63  28.1249 W   7.2        2.1       13.4       51.5       50.1 
080827  210115  48  14.0440 N  63  28.1246 W   7.2        2.1       13.4       51.5       50.1 
080827  210116  48  14.0420 N  63  28.1242 W   7.3        2.1       13.4       51.5       50.1 
080827  210117  48  14.0399 N  63  28.1239 W   7.3        2.1       13.4       51.5       50.1 
080827  210118  48  14.0379 N  63  28.1235 W   7.3        2.1       13.4       51.5       46.6*
080827  210119  48  14.0360 N  63  28.1230 W   7.3        2.1       13.4       51.5       46.6 
080827  210120  48  14.0340 N  63  28.1227 W   7.3        2.1       13.4       51.5       46.6 
080827  210121  48  14.0320 N  63  28.1224 W   7.2        2.1       13.4       51.5       46.6 
080827  210122  48  14.0301 N  63  28.1221 W   7.2        2.1       13.4       51.5       46.6 
080827  210123  48  14.0280 N  63  28.1218 W   7.3        2.1       13.4       51.5       46.6 
080827  210124  48  14.0259 N  63  28.1214 W   7.3        2.1       13.4        9.7*      46.6 
080827  210125  48  14.0238 N  63  28.1210 W   7.4        2.1       13.4        9.7       46.6 
080827  210126  48  14.0218 N  63  28.1205 W   7.4        2.1       13.4        9.7       46.6 
080827  210127  48  14.0197 N  63  28.1201 W   7.4        2.1       13.4        9.7       46.6 
080827  210128  48  14.0178 N  63  28.1198 W   7.3        2.1       13.4        9.7       46.6 
080827  210129  48  14.0158 N  63  28.1196 W   7.3        2.1       13.4        9.7       46.6 
080827  210130  48  14.0138 N  63  28.1193 W   7.3        2.1       13.4        9.7       46.6 
080827  210131  48  14.0117 N  63  28.1190 W   7.3        2.1       13.4        9.7       46.6 
080827  210132  48  14.0096 N  63  28.1187 W   7.4        2.1       13.4        9.7       46.6 
080827  210133  48  14.0075 N  63  28.1184 W   7.4        2.2*      13.4        9.7       46.6 
080827  210134  48  14.0054 N  63  28.1181 W   7.4        2.2       13.4        9.7       46.6 
080827  210135  48  14.0034 N  63  28.1177 W   7.4        2.2       13.4        9.7       46.6 
080827  210136  48  14.0014 N  63  28.1173 W   7.4        2.2       13.4        9.7       46.6 
080827  210137  48  13.9994 N  63  28.1169 W   7.3        2.2       13.4        9.7       46.6 
080827  210138  48  13.9974 N  63  28.1165 W   7.3        2.2       13.4        9.7       46.6 
080827  210139  48  13.9954 N  63  28.1162 W   7.3        2.2       13.4        9.7       46.6 
080827  210140  48  13.9933 N  63  28.1159 W   7.3        2.2       13.4        9.7       46.6 
080827  210141  48  13.9912 N  63  28.1156 W   7.4        2.2       13.4        9.7       46.6 
080827  210142  48  13.9891 N  63  28.1152 W   7.4        2.2       13.4        9.7       46.6 
080827  210143  48  13.9871 N  63  28.1150 W   7.4        2.2       13.4        9.7       46.6 
080827  210144  48  13.9851 N  63  28.1147 W   7.4        2.2       13.4        9.7       46.6 
080827  210145  48  13.9831 N  63  28.1144 W   7.3        2.2       13.4        9.7      549.0*
080827  210146  48  13.9811 N  63  28.1140 W   7.3        2.2       13.4        9.7      549.0 
080827  210147  48  13.9791 N  63  28.1136 W   7.3        2.2       13.4        9.7      549.0 
080827  210148  48  13.9770 N  63  28.1132 W   7.3        2.2       13.4        9.7      549.0 
080827  210149  48  13.9750 N  63  28.1129 W   7.3        2.2       13.4        9.7      549.0 
080827  210150  48  13.9729 N  63  28.1127 W   7.4        2.2       13.4        9.7      549.0 
080827  210151  48  13.9709 N  63  28.1124 W   7.4        2.2       13.4        9.7      549.0 
080827  210152  48  13.9688 N  63  28.1121 W   7.3        2.2       13.4        9.7      549.0 
080827  210153  48  13.9668 N  63  28.1118 W   7.3        2.2       13.4        9.7      549.0 
080827  210154  48  13.9648 N  63  28.1115 W   7.3        2.2       13.4        9.7      549.0 
080827  210155  48  13.9628 N  63  28.1111 W   7.3        2.2       13.4        9.7      549.0 
080827  210156  48  13.9608 N  63  28.1108 W   7.3        2.2       13.4        9.7      549.0 
080827  210157  48  13.9587 N  63  28.1106 W   7.4        2.2       13.4        9.7      549.0 
080827  210158  48  13.9566 N  63  28.1103 W   7.4        2.2       13.4        9.7      549.0 
080827  210159  48  13.9546 N  63  28.1100 W   7.4        2.2       13.4        9.7      549.0 
080827  210200  48  13.9526 N  63  28.1097 W   7.3        2.2       13.4        9.7      549.0 
080827  210201  48  13.9506 N  63  28.1094 W   7.3        2.2       13.4        9.7      549.0 
080827  210202  48  13.9486 N  63  28.1091 W   7.3        2.2       13.4        9.7      549.0 
080827  210203  48  13.9466 N  63  28.1088 W   7.3        2.2       13.4        9.7      549.0 
080827  210204  48  13.9446 N  63  28.1085 W   7.2        2.2       13.4        9.7      549.0 
080827  210205  48  13.9427 N  63  28.1082 W   7.2        2.2       13.4        9.7      549.0 
080827  210206  48  13.9408 N  63  28.1079 W   7.2        2.2       13.4        9.7      549.0 
080827  210207  48  13.9390 N  63  28.1076 W   7.1        2.2       13.4        9.7      549.0 
080827  210208  48  13.9372 N  63  28.1074 W   7.0        2.2       13.4        9.7      549.0 
080827  210209  48  13.9354 N  63  28.1073 W   6.9        2.2       13.4        9.7      549.0 
080827  210210  48  13.9337 N  63  28.1071 W   6.8        2.2       13.4        9.7      549.0 
080827  210211  48  13.9319 N  63  28.1068 W   6.7        2.2       13.4        9.7      549.0 
080827  210212  48  13.9302 N  63  28.1065 W   6.6        2.2       13.4        9.7      549.0 
080827  210213  48  13.9285 N  63  28.1062 W   6.6        2.2       13.4        9.7      549.0 
080827  210214  48  13.9268 N  63  28.1060 W   6.5        2.2       13.4        9.7      549.0 
080827  210215  48  13.9252 N  63  28.1058 W   6.4        2.2       13.4        9.7      549.0 
080827  210216  48  13.9235 N  63  28.1056 W   6.3        2.2       13.4        9.7      549.0 
080827  210217  48  13.9218 N  63  28.1054 W   6.3        2.2       13.4        9.7      549.0 
080827  210218  48  13.9202 N  63  28.1052 W   6.3        2.2       13.4        9.7      549.0 
080827  210219  48  13.9185 N  63  28.1050 W   6.2        2.2       13.4        9.7      549.0 
080827  210220  48  13.9168 N  63  28.1047 W   6.2        2.2       13.4        9.7      549.0 
080827  210221  48  13.9152 N  63  28.1045 W   6.2        2.2       13.4        9.7      549.0 
080827  210222  48  13.9136 N  63  28.1044 W   6.1        2.2       13.4        9.7      549.0 
080827  210223  48  13.9120 N  63  28.1041 W   6.0        2.2       13.4        9.7      549.0 
080827  210224  48  13.9104 N  63  28.1039 W   6.0        2.2       13.4        9.7      549.0 
080827  210225  48  13.9087 N  63  28.1037 W   6.0        2.2       13.4        9.7      549.0 
080827  210226  48  13.9070 N  63  28.1035 W   6.0        2.2       13.4        9.7      549.0 
080827  210227  48  13.9054 N  63  28.1032 W   6.1        2.2       13.4        9.7      549.0 
080827  210228  48  13.9037 N  63  28.1029 W   6.1        2.2       13.4        9.7       64.2*
080827  210229  48  13.9021 N  63  28.1028 W   6.0        2.2       13.4        9.7       64.2 
080827  210230  48  13.9004 N  63  28.1025 W   6.0        2.2       13.4        9.7       64.2 
080827  210231  48  13.8988 N  63  28.1022 W   6.0        2.2       13.4        9.7       64.2 
080827  210232  48  13.8972 N  63  28.1020 W   6.0        2.2       13.4        9.7       64.2 
080827  210233  48  13.8956 N  63  28.1018 W   6.0        2.2       13.4        9.7       46.6*
080827  210234  48  13.8940 N  63  28.1016 W   5.9        2.2       13.4        9.7       46.6 
080827  210235  48  13.8926 N  63  28.1014 W   5.8        2.2       13.4        9.7       46.6 
080827  210236  48  13.8913 N  63  28.1013 W   5.6        2.2       13.4        9.7       46.6 
080827  210237  48  13.8900 N  63  28.1010 W   5.4        2.2       13.4        9.7       46.6 
080827  210238  48  13.8889 N  63  28.1009 W   5.2        2.2       13.4        9.7       68.6*
080827  210239  48  13.8878 N  63  28.1007 W   5.1        2.2       13.4        9.7       68.6 
080827  210240  48  13.8867 N  63  28.1007 W   4.9        2.2       13.4        9.7       68.6 
080827  210241  48  13.8857 N  63  28.1006 W   4.7        2.2       13.4        9.7       68.6 
080827  210242  48  13.8848 N  63  28.1005 W   4.5        2.2       13.4        9.7       68.6 
080827  210243  48  13.8838 N  63  28.1003 W   4.3        2.2       13.4        5.0*      68.6 
080827  210244  48  13.8829 N  63  28.1002 W   4.1        2.2       13.4        5.0       48.4*
080827  210245  48  13.8821 N  63  28.1002 W   4.0        2.2       13.4        5.0       48.4 
080827  210246  48  13.8813 N  63  28.1002 W   3.8        2.2       13.4        5.0       48.4 
080827  210247  48  13.8805 N  63  28.1001 W   3.6        2.2       13.4        5.0       48.4 
080827  210248  48  13.8798 N  63  28.1000 W   3.5        2.2       13.4       21.0*      48.4 
080827  210249  48  13.8790 N  63  28.1001 W   3.4        2.2       13.4       21.0       56.7*
080827  210250  48  13.8782 N  63  28.1002 W   3.3        2.2       13.4       21.0       56.7 
080827  210251  48  13.8775 N  63  28.1001 W   3.2        2.1*      13.4       21.0       56.7 
080827  210252  48  13.8769 N  63  28.1000 W   3.1        2.1       13.4       21.0       56.7 
080827  210253  48  13.8762 N  63  28.1000 W   3.0        2.1       13.4       21.0       56.7 
080827  210254  48  13.8755 N  63  28.1000 W   2.9        2.1       13.4       21.0       62.5*
080827  210255  48  13.8748 N  63  28.1000 W   2.8        2.1       13.4       21.0       62.5 
080827  210256  48  13.8742 N  63  28.1000 W   2.8        2.1       13.4       21.0       62.5 
080827  210257  48  13.8736 N  63  28.1000 W   2.7        2.1       13.4       21.0       62.5 
080827  210258  48  13.8730 N  63  28.1000 W   2.6        2.1       13.4       21.0       62.5 
080827  210259  48  13.8723 N  63  28.1000 W   2.6        2.1       13.4        5.9*      62.5 
080827  210300  48  13.8717 N  63  28.0999 W   2.5        2.1       13.4        5.9       58.9*
080827  210301  48  13.8712 N  63  28.0999 W   2.4        2.1       13.4        5.9       58.9 
080827  210302  48  13.8705 N  63  28.1000 W   2.4        2.1       13.4        5.9       58.9 
080827  210303  48  13.8699 N  63  28.1000 W   2.4        2.1       13.4        5.9       58.9 
080827  210304  48  13.8694 N  63  28.0999 W   2.3        2.7*      13.4        7.9*      58.9 
080827  210305  48  13.8688 N  63  28.0999 W   2.3        2.7       13.4        7.9       59.8*
080827  210306  48  13.8682 N  63  28.0998 W   2.3        2.7       13.4        7.9       59.8 
080827  210307  48  13.8675 N  63  28.0998 W   2.3        2.7       13.4        7.9       59.8 
080827  210308  48  13.8669 N  63  28.0999 W   2.3        2.7       13.4        7.9       59.8 
080827  210309  48  13.8664 N  63  28.0998 W   2.2        2.7       13.4       10.4*      59.8 
080827  210310  48  13.8658 N  63  28.0997 W   2.2        2.7       13.4       10.4       82.3*
080827  210311  48  13.8651 N  63  28.0996 W   2.2        2.7       13.4       10.4       82.3 
080827  210312  48  13.8645 N  63  28.0996 W   2.3        2.7       13.4       10.4       82.3 
080827  210313  48  13.8640 N  63  28.0997 W   2.2        2.7       13.4       10.4       82.3 
080827  210314  48  13.8635 N  63  28.0998 W   2.1        2.7       13.4       10.4       82.3 
080827  210315  48  13.8628 N  63  28.0997 W   2.2        2.7       13.4        9.2*      82.3 
080827  210316  48  13.8622 N  63  28.0996 W   2.2        2.7       13.4        9.2      107.8*
080827  210317  48  13.8616 N  63  28.0996 W   2.2        2.7       13.0*       9.2      107.8 
080827  210318  48  13.8611 N  63  28.0997 W   2.1        2.7       13.0        9.2      107.8 
080827  210319  48  13.8606 N  63  28.0998 W   2.1        2.7       13.0        9.2      107.8 
080827  210320  48  13.8600 N  63  28.0998 W   2.1        2.7       13.0        9.2      107.8 
080827  210321  48  13.8593 N  63  28.0997 W   2.2        2.7       13.0        9.2       11.4*
080827  210322  48  13.8587 N  63  28.0997 W   2.1        2.7       13.0        9.2       11.4 
080827  210323  48  13.8582 N  63  28.0997 W   2.1        2.7       13.0        9.2       11.4 
080827  210324  48  13.8576 N  63  28.0997 W   2.1        2.7       13.0        9.2       11.4 
080827  210325  48  13.8570 N  63  28.0997 W   2.1        2.7       13.0        9.2       11.4 
080827  210326  48  13.8565 N  63  28.0997 W   2.1        2.7       13.0        9.2       69.5*
080827  210327  48  13.8560 N  63  28.0996 W   2.1        2.7       13.0        9.2       69.5 
080827  210328  48  13.8554 N  63  28.0996 W   2.1        2.7       13.0        9.2       69.5 
080827  210329  48  13.8548 N  63  28.0996 W   2.0        2.7       13.0        9.2       69.5 
080827  210330  48  13.8543 N  63  28.0997 W   2.0        3.3*      13.0        5.6*      69.5 
080827  210331  48  13.8538 N  63  28.0997 W   2.0        3.3       13.0        5.6       69.5 
080827  210332  48  13.8532 N  63  28.0996 W   2.0        3.3       13.0        5.6       71.7*
080827  210333  48  13.8526 N  63  28.0996 W   2.0        3.3       13.0        5.6       71.7 
080827  210334  48  13.8521 N  63  28.0996 W   2.0        3.3       13.0        5.6       71.7 
080827  210335  48  13.8516 N  63  28.0997 W   2.0        3.3       13.0        5.6       71.7 
080827  210336  48  13.8511 N  63  28.0997 W   1.9        3.3       13.0       12.3*      71.7 
080827  210337  48  13.8505 N  63  28.0996 W   2.0        3.3       13.0       12.3       83.1*
080827  210338  48  13.8500 N  63  28.0995 W   2.0        3.3       13.0       12.3       83.1 
080827  210339  48  13.8495 N  63  28.0996 W   1.9        3.3       13.0       12.3       83.1 
080827  210340  48  13.8490 N  63  28.0996 W   1.9        3.3       13.0       12.3       83.1 
080827  210341  48  13.8484 N  63  28.0995 W   1.9        3.3       13.0        4.4*      83.1 
080827  210342  48  13.8479 N  63  28.0995 W   1.9        3.3       13.0        4.4       79.2*
080827  210343  48  13.8474 N  63  28.0996 W   1.9        3.3       13.0        4.4       79.2 
080827  210344  48  13.8468 N  63  28.0996 W   1.9        3.3       13.0        4.4       79.2 
080827  210345  48  13.8463 N  63  28.0995 W   1.9        3.3       13.0        4.4       79.2 
080827  210346  48  13.8457 N  63  28.0995 W   2.0        3.3       13.0        0.2*      79.2 
080827  210347  48  13.8451 N  63  28.0995 W   2.0        3.3       13.0        0.2       79.2 
080827  210348  48  13.8446 N  63  28.0996 W   2.0        3.3       13.0        0.2       89.7*
080827  210349  48  13.8441 N  63  28.0995 W   2.0        3.3        2.7*       0.2       89.7 
080827  210350  48  13.8435 N  63  28.0994 W   2.0        3.3        2.7        0.2       89.7 
080827  210351  48  13.8430 N  63  28.0994 W   2.0        3.3        2.7        8.0*      89.7 
080827  210352  48  13.8424 N  63  28.0995 W   2.0        3.3        2.7        8.0       89.7 
080827  210353  48  13.8419 N  63  28.0995 W   2.0        3.3        2.7        8.0       66.9*
080827  210354  48  13.8412 N  63  28.0995 W   2.0        3.3        2.7        8.0       66.9 
080827  210355  48  13.8407 N  63  28.0994 W   2.0        3.3        2.7        8.0       66.9 
080827  210356  48  13.8402 N  63  28.0993 W   2.0        2.5*       2.7        8.0       66.9 
080827  210357  48  13.8397 N  63  28.0993 W   2.0        2.5        2.7        4.4*      66.9 
080827  210358  48  13.8390 N  63  28.0994 W   2.0        2.5        2.7        4.4       66.9 
080827  210359  48  13.8385 N  63  28.0993 W   2.0        2.5        2.7        4.4       93.3*
080827  210400  48  13.8380 N  63  28.0993 W   2.0        2.5        2.7        4.4       93.3 
080827  210401  48  13.8374 N  63  28.0992 W   2.0        2.5        2.7        4.4       93.3 
080827  210402  48  13.8368 N  63  28.0993 W   2.0        2.5        2.7        6.3*      93.3 
080827  210403  48  13.8363 N  63  28.0993 W   2.0        2.5        2.7        6.3       93.3 
080827  210404  48  13.8357 N  63  28.0993 W   2.0        2.5        2.7        6.3      123.2*
080827  210405  48  13.8351 N  63  28.0991 W   2.0        2.5        2.7        6.3      123.2 
080827  210406  48  13.8346 N  63  28.0990 W   2.0        2.5        2.7        6.3      123.2 
080827  210407  48  13.8340 N  63  28.0990 W   2.0        2.5        2.7        6.3      123.2 
080827  210408  48  13.8334 N  63  28.0990 W   2.1        2.5        2.7        6.3      123.2 
080827  210409  48  13.8328 N  63  28.0990 W   2.1        2.5*       2.7        6.3       59.4*
080827  210410  48  13.8322 N  63  28.0989 W   2.1        2.5        2.7        6.3       59.4 
080827  210411  48  13.8317 N  63  28.0988 W   2.0        2.5        2.7        6.3       59.4 
080827  210412  48  13.8312 N  63  28.0988 W   2.1        2.5        2.7        6.3       59.4 
080827  210413  48  13.8306 N  63  28.0989 W   2.1        2.5        2.7        6.3       59.4 
080827  210414  48  13.8300 N  63  28.0989 W   2.1        2.5        2.7        6.3       59.4 
080827  210415  48  13.8294 N  63  28.0988 W   2.1        2.5        2.9*       6.3       94.1*
080827  210416  48  13.8289 N  63  28.0986 W   2.1        2.5        2.9        6.3       94.1 
080827  210417  48  13.8282 N  63  28.0986 W   2.1        2.5        2.9        6.3       94.1 
080827  210418  48  13.8276 N  63  28.0985 W   2.1        2.5        2.9        6.4*      94.1 
080827  210419  48  13.8271 N  63  28.0985 W   2.0        2.5        2.9        6.4       94.1 
080827  210420  48  13.8266 N  63  28.0984 W   2.1        2.5        2.9        6.4       94.1 
080827  210421  48  13.8259 N  63  28.0983 W   2.1        2.5        2.9        6.4       94.1 
080827  210422  48  13.8253 N  63  28.0982 W   2.1        2.5       13.0*       6.4       94.1 
080827  210423  48  13.8247 N  63  28.0982 W   2.1        2.5       13.0        6.0*      94.1 
080827  210424  48  13.8242 N  63  28.0982 W   2.1        2.5       13.0        6.0       94.1 
080827  210425  48  13.8235 N  63  28.0982 W   2.1        2.5       13.0        6.0       94.1 
080827  210426  48  13.8229 N  63  28.0981 W   2.1        2.5       13.0        6.0       94.1 
080827  210427  48  13.8224 N  63  28.0980 W   2.1        2.5       13.0        6.0       94.1 
080827  210428  48  13.8217 N  63  28.0979 W   2.1        2.5       13.0        8.0*      94.1 
080827  210429  48  13.8211 N  63  28.0978 W   2.2        2.5       13.0        8.0       94.1 
080827  210430  48  13.8205 N  63  28.0977 W   2.2        2.5       13.0        8.0       94.1 
080827  210431  48  13.8199 N  63  28.0977 W   2.1        2.5       13.0        8.0      124.9*
080827  210432  48  13.8193 N  63  28.0977 W   2.1        2.5       13.0        8.0      124.9 
080827  210433  48  13.8187 N  63  28.0977 W   2.1        2.5       13.0        8.0*     124.9 
080827  210434  48  13.8181 N  63  28.0975 W   2.2        2.5       13.0        8.0      124.9 
080827  210435  48  13.8175 N  63  28.0974 W   2.2        2.6*      13.0        8.0      124.9 
080827  210436  48  13.8169 N  63  28.0975 W   2.1        2.6       13.0        8.0      124.9 
080827  210437  48  13.8163 N  63  28.0975 W   2.1        2.6       13.0        8.0       84.5*
080827  210438  48  13.8157 N  63  28.0975 W   2.1        2.6       13.0        8.0       84.5 
080827  210439  48  13.8151 N  63  28.0974 W   2.2        2.6       13.0        3.9*      84.5 
080827  210440  48  13.8145 N  63  28.0973 W   2.2        2.6       13.0        3.9       84.5 
080827  210441  48  13.8139 N  63  28.0972 W   2.1        2.6       13.0        3.9       84.5 
080827  210442  48  13.8133 N  63  28.0972 W   2.2        2.6       13.0        3.9      107.3*
080827  210443  48  13.8126 N  63  28.0972 W   2.2        2.6       13.0        3.9      107.3 
080827  210444  48  13.8120 N  63  28.0972 W   2.2        2.6       13.0        8.5*     107.3 
080827  210445  48  13.8115 N  63  28.0971 W   2.1        2.6       13.0        8.5      107.3 
080827  210446  48  13.8109 N  63  28.0970 W   2.1        2.6       13.0        8.5      107.3 
080827  210447  48  13.8103 N  63  28.0969 W   2.2        2.6       13.0        8.5      107.3 
080827  210448  48  13.8097 N  63  28.0969 W   2.2        2.4*      13.0        8.5      110.4*
080827  210449  48  13.8090 N  63  28.0968 W   2.2        2.4       13.0        3.2*     110.4 
080827  210450  48  13.8085 N  63  28.0968 W   2.1        2.4       13.0        3.2      110.4 
080827  210451  48  13.8080 N  63  28.0967 W   2.1        2.4       13.0        3.2      110.4 
080827  210452  48  13.8074 N  63  28.0966 W   2.1        2.4       13.0        3.2      110.4 
080827  210453  48  13.8067 N  63  28.0966 W   2.2        2.4       13.0        3.2      117.0*
080827  210454  48  13.8061 N  63  28.0966 W   2.2        2.4       13.0        7.1*     117.0 
080827  210455  48  13.8055 N  63  28.0965 W   2.1        2.4       13.0        7.1      117.0 
080827  210456  48  13.8050 N  63  28.0964 W   2.1        2.4       13.0        7.1      117.0 
080827  210457  48  13.8043 N  63  28.0963 W   2.2        2.4       13.0        7.1      117.0 
080827  210458  48  13.8037 N  63  28.0963 W   2.2        2.4       13.0        7.1      118.3*
080827  210459  48  13.8031 N  63  28.0962 W   2.2        2.4       13.0        7.1      118.3 
080827  210500  48  13.8025 N  63  28.0962 W   2.2        2.4       13.0        7.1*     118.3 
080827  210501  48  13.8019 N  63  28.0961 W   2.2        2.4       13.0        7.1      118.3 
080827  210502  48  13.8012 N  63  28.0960 W   2.2        2.4       13.0        7.1      118.3 
080827  210503  48  13.8007 N  63  28.0959 W   2.2        2.4       13.0        7.1      118.3 
080827  210504  48  13.8001 N  63  28.0960 W   2.1        2.4       13.0        7.1      117.4*
080827  210505  48  13.7995 N  63  28.0959 W   2.1        2.4       13.0        6.5*     117.4 
080827  210506  48  13.7989 N  63  28.0958 W   2.1        2.4       13.0        6.5      117.4 
080827  210507  48  13.7983 N  63  28.0957 W   2.1        2.4       13.0        6.5      117.4 
080827  210508  48  13.7978 N  63  28.0957 W   2.1        2.4       13.0        6.5      117.4 
080827  210509  48  13.7972 N  63  28.0957 W   2.1        2.4       13.0        6.5      123.2*
080827  210510  48  13.7966 N  63  28.0956 W   2.1        2.4       13.0        7.3*     123.2 
080827  210511  48  13.7960 N  63  28.0955 W   2.1        2.4       13.0        7.3      123.2 
080827  210512  48  13.7954 N  63  28.0954 W   2.1        2.4       13.0        7.3      123.2 
080827  210513  48  13.7949 N  63  28.0954 W   2.1        2.4       13.0        7.3      123.2 
080827  210514  48  13.7943 N  63  28.0954 W   2.1        2.6*      13.0        7.3      123.2 
080827  210515  48  13.7937 N  63  28.0954 W   2.1        2.6       13.0        7.4*     120.1*
080827  210516  48  13.7932 N  63  28.0954 W   2.1        2.6       13.0        7.4      120.1 
080827  210517  48  13.7926 N  63  28.0953 W   2.1        2.6       13.0        7.4      120.1 
080827  210518  48  13.7919 N  63  28.0952 W   2.1        2.6       13.0        7.4      120.1 
080827  210519  48  13.7913 N  63  28.0951 W   2.1        2.6       13.0        7.4      120.1 
080827  210520  48  13.7908 N  63  28.0952 W   2.1        2.6       13.0        7.4      123.2*
080827  210521  48  13.7902 N  63  28.0952 W   2.0        2.6       13.0        7.7*     123.2 
080827  210522  48  13.7896 N  63  28.0951 W   2.1        2.6       13.0        7.7      123.2 
080827  210523  48  13.7890 N  63  28.0950 W   2.1        2.6       13.0        7.7      123.2 
080827  210524  48  13.7884 N  63  28.0949 W   2.1        2.6       13.0        7.7      123.2 
080827  210525  48  13.7879 N  63  28.0949 W   2.1        2.6       13.0        7.7      123.2 
080827  210526  48  13.7873 N  63  28.0949 W   2.1        2.6       13.0        7.7      122.3*
080827  210527  48  13.7866 N  63  28.0948 W   2.1        2.1*      13.0        7.7      122.3 
080827  210528  48  13.7860 N  63  28.0948 W   2.1        2.1       13.0        7.7      122.3 
080827  210529  48  13.7855 N  63  28.0948 W   2.1        2.1       13.0        7.7      122.3 
080827  210530  48  13.7849 N  63  28.0947 W   2.1        2.1       13.0        7.7      122.3 
080827  210531  48  13.7842 N  63  28.0946 W   2.1        2.1       13.0        7.7      122.7*
080827  210532  48  13.7836 N  63  28.0947 W   2.2        2.1       13.0        7.7      122.7 
080827  210533  48  13.7830 N  63  28.0947 W   2.1        2.1        2.5*       7.7      122.7 
080827  210534  48  13.7825 N  63  28.0946 W   2.1        2.1        2.5        7.7      122.7 
080827  210535  48  13.7819 N  63  28.0946 W   2.1        2.1        2.5        7.7      122.7 
080827  210536  48  13.7812 N  63  28.0945 W   2.2        2.1        2.5        7.7      122.7 
080827  210537  48  13.7805 N  63  28.0945 W   2.2        2.1        2.5        7.7      124.9*
080827  210538  48  13.7801 N  63  28.0945 W   2.1        2.1        2.5        7.7      124.9 
080827  210539  48  13.7794 N  63  28.0945 W   2.1        2.1        2.5        7.7      124.9 
080827  210540  48  13.7787 N  63  28.0944 W   2.2        2.1       12.9*       7.7      124.9 
080827  210541  48  13.7781 N  63  28.0944 W   2.2        2.1       12.9        7.7      124.9 
080827  210542  48  13.7776 N  63  28.0944 W   2.1        2.1       12.9        9.4*     123.2*
080827  210543  48  13.7770 N  63  28.0944 W   2.1        2.1       12.9        9.4      123.2 
080827  210544  48  13.7764 N  63  28.0944 W   2.1        2.1       12.9        9.4      123.2 
080827  210545  48  13.7758 N  63  28.0943 W   2.2        2.1       12.9        9.4      123.2 
080827  210546  48  13.7752 N  63  28.0942 W   2.1        2.1       12.9        9.4      123.2 
080827  210547  48  13.7747 N  63  28.0942 W   2.1        2.1       12.9       10.0*     123.2 
080827  210548  48  13.7741 N  63  28.0942 W   2.1        2.1       12.9       10.0      124.0*
080827  210549  48  13.7734 N  63  28.0942 W   2.2        2.1       12.9       10.0      124.0 
080827  210550  48  13.7729 N  63  28.0942 W   2.2        2.1       12.9       10.0      124.0 
080827  210551  48  13.7723 N  63  28.0942 W   2.1        2.1       12.9       10.0      124.0 
080827  210552  48  13.7717 N  63  28.0942 W   2.1        2.1       12.9       10.2*     124.0 
080827  210553  48  13.7711 N  63  28.0941 W   2.2        2.1       12.9       10.2      121.8*
080827  210554  48  13.7704 N  63  28.0940 W   2.2        2.1       12.9       10.2      121.8 
080827  210555  48  13.7699 N  63  28.0940 W   2.1        2.1       12.9       10.2      121.8 
080827  210556  48  13.7693 N  63  28.0941 W   2.1        2.1       12.9       10.2      121.8 
080827  210557  48  13.7687 N  63  28.0941 W   2.1        2.1       12.9       10.2      121.8 
080827  210558  48  13.7682 N  63  28.0940 W   2.1        2.1       12.9       10.5*     121.8 
080827  210559  48  13.7676 N  63  28.0939 W   2.1        2.1        2.4*      10.5      124.5*
080827  210600  48  13.7670 N  63  28.0938 W   2.1        2.1        2.4       10.5      124.5 
080827  210601  48  13.7664 N  63  28.0937 W   2.1        2.1        2.4       10.5      124.5 
080827  210602  48  13.7659 N  63  28.0937 W   2.1        2.1        2.4       10.5      124.5 
080827  210603  48  13.7653 N  63  28.0937 W   2.1        2.1        2.4       10.7*     124.5 
080827  210604  48  13.7647 N  63  28.0936 W   2.1        2.1        2.4       10.7      161.0*
080827  210605  48  13.7640 N  63  28.0935 W   2.2        2.1        2.4       10.7      161.0 
080827  210606  48  13.7635 N  63  28.0934 W   2.1        2.1       12.9*      10.7      161.0 
080827  210607  48  13.7630 N  63  28.0933 W   2.1        2.1       12.9       10.7      161.0 
080827  210608  48  13.7624 N  63  28.0934 W   2.1        2.1       12.9       10.7      161.0 
080827  210609  48  13.7617 N  63  28.0934 W   2.2        2.1       12.9       18.3*     161.0 
080827  210610  48  13.7611 N  63  28.0932 W   2.2        2.1       12.9       18.3       85.3*
080827  210611  48  13.7605 N  63  28.0931 W   2.2        2.1       12.9       18.3       85.3 
080827  210612  48  13.7599 N  63  28.0930 W   2.2        2.1       12.9       18.3       85.3 
080827  210613  48  13.7592 N  63  28.0931 W   2.2        2.1       12.9       18.3       85.3 
080827  210614  48  13.7586 N  63  28.0930 W   2.2        2.1       12.9        3.6*      85.3 
080827  210615  48  13.7580 N  63  28.0928 W   2.2        2.1       12.9        3.6      124.0*
080827  210616  48  13.7574 N  63  28.0927 W   2.2        2.1       12.9        3.6      124.0 
080827  210617  48  13.7567 N  63  28.0925 W   2.2        2.1       12.9        3.6      124.0 
080827  210618  48  13.7561 N  63  28.0924 W   2.2        2.1       12.9        3.6      124.0 
080827  210619  48  13.7555 N  63  28.0924 W   2.2        2.1*      12.9       16.0*     124.0 
080827  210620  48  13.7548 N  63  28.0924 W   2.2        2.1       12.9       16.0      124.0 
080827  210621  48  13.7542 N  63  28.0923 W   2.2        2.1       12.9       16.0      123.2*
080827  210622  48  13.7536 N  63  28.0921 W   2.2        2.1       12.9       16.0      123.2 
080827  210623  48  13.7530 N  63  28.0919 W   2.2        2.1       12.9       16.0      123.2 
080827  210624  48  13.7525 N  63  28.0919 W   2.2        2.1       12.9        6.5*     123.2 
080827  210625  48  13.7518 N  63  28.0918 W   2.2        2.1       12.9        6.5      123.2 
080827  210626  48  13.7512 N  63  28.0918 W   2.2        2.1       12.9        6.5      124.0*
080827  210627  48  13.7507 N  63  28.0916 W   2.2        2.1       12.9        6.5      124.0 
080827  210628  48  13.7501 N  63  28.0914 W   2.2        2.1       12.9        6.5      124.0 
080827  210629  48  13.7494 N  63  28.0914 W   2.2        2.1       12.9        6.5      124.0 
080827  210630  48  13.7488 N  63  28.0914 W   2.2        2.1       12.9       11.1*     124.0 
080827  210631  48  13.7483 N  63  28.0913 W   2.2        2.1       12.9       11.1      124.0 
080827  210632  48  13.7477 N  63  28.0911 W   2.1        2.1*      12.9       11.1      126.2*
080827  210633  48  13.7471 N  63  28.0910 W   2.2        2.1       12.9       11.1      126.2 
080827  210634  48  13.7465 N  63  28.0910 W   2.2        2.1       12.9       11.1      126.2 
080827  210635  48  13.7459 N  63  28.0909 W   2.2        2.1       12.9       11.1*     126.2 
080827  210636  48  13.7453 N  63  28.0907 W   2.2        2.1       12.9       11.1      126.2 
080827  210637  48  13.7447 N  63  28.0906 W   2.2        2.1       12.9       11.1      123.2*
080827  210638  48  13.7441 N  63  28.0906 W   2.2        2.1       12.9       11.1      123.2 
080827  210639  48  13.7435 N  63  28.0905 W   2.1        2.1       12.9       11.1      123.2 
080827  210640  48  13.7429 N  63  28.0904 W   2.2        2.1       12.9       11.2*     123.2 
080827  210641  48  13.7422 N  63  28.0903 W   2.2        2.1       12.9       11.2      123.2 
080827  210642  48  13.7417 N  63  28.0902 W   2.2        2.1       12.9       11.2      123.2 
080827  210643  48  13.7411 N  63  28.0901 W   2.1        2.1       12.9       11.2      123.6*
080827  210644  48  13.7405 N  63  28.0900 W   2.2        2.1       12.9       11.2      123.6 
080827  210645  48  13.7399 N  63  28.0899 W   2.2        2.1*      12.9       11.2      123.6 
080827  210646  48  13.7393 N  63  28.0898 W   2.1        2.1       12.9       11.9*     123.6 
080827  210647  48  13.7387 N  63  28.0896 W   2.2        2.1       12.9       11.9      123.6 
080827  210648  48  13.7380 N  63  28.0895 W   2.2        2.1       12.9       11.9      124.5*
080827  210649  48  13.7374 N  63  28.0894 W   2.2        2.1       12.9       11.9      124.5 
080827  210650  48  13.7369 N  63  28.0893 W   2.1        2.1       12.9       11.9      124.5 
080827  210651  48  13.7363 N  63  28.0892 W   2.1        2.1       12.9       17.1*     124.5 
080827  210652  48  13.7357 N  63  28.0891 W   2.2        2.1       12.9       17.1      124.5 
080827  210653  48  13.7350 N  63  28.0890 W   2.2        2.1       12.9       17.1      124.5 
080827  210654  48  13.7345 N  63  28.0888 W   2.2        2.1       12.9       17.1      124.0*
080827  210655  48  13.7339 N  63  28.0887 W   2.1        2.1       12.9       17.1      124.0 
080827  210656  48  13.7333 N  63  28.0886 W   2.1        2.1       12.9        5.4*     124.0 
080827  210657  48  13.7327 N  63  28.0886 W   2.1        2.1       12.9        5.4      124.0 
080827  210658  48  13.7321 N  63  28.0885 W   2.2        2.2*      12.9        5.4      124.0 
080827  210659  48  13.7315 N  63  28.0883 W   2.2        2.2       12.9        5.4      121.8*
080827  210700  48  13.7309 N  63  28.0881 W   2.2        2.2       12.9        5.4      121.8 
080827  210701  48  13.7303 N  63  28.0880 W   2.2        2.2       12.9        5.4      121.8 
080827  210702  48  13.7297 N  63  28.0880 W   2.1        2.2       12.9       11.5*     121.8 
080827  210703  48  13.7291 N  63  28.0880 W   2.1        2.2       12.9       11.5      121.8 
080827  210704  48  13.7285 N  63  28.0879 W   2.2        2.2       12.9       11.5      121.8 
080827  210705  48  13.7278 N  63  28.0877 W   2.2        2.2       12.9       11.5      124.9*
080827  210706  48  13.7273 N  63  28.0876 W   2.2        2.2       12.9       11.5      124.9 
080827  210707  48  13.7267 N  63  28.0875 W   2.1        2.2       12.9       11.6*     124.9 
080827  210708  48  13.7262 N  63  28.0875 W   2.1        2.2       12.9       11.6      124.9 
080827  210709  48  13.7255 N  63  28.0874 W   2.2        2.2       12.9       11.6      124.9 
080827  210710  48  13.7248 N  63  28.0871 W   2.2        2.2       12.9       11.6      124.0*
080827  210711  48  13.7242 N  63  28.0870 W   2.2        2.3*      12.9       11.6      124.0 
080827  210712  48  13.7236 N  63  28.0869 W   2.2        2.3       12.9       11.6      124.0 
080827  210713  48  13.7230 N  63  28.0868 W   2.2        2.3       12.9       11.6      124.0 
080827  210714  48  13.7223 N  63  28.0867 W   2.3        2.3       12.9       11.6      124.0 
080827  210715  48  13.7217 N  63  28.0865 W   2.2        2.3       12.9       11.6      124.0 
080827  210716  48  13.7211 N  63  28.0864 W   2.2        2.3       12.9       11.6      137.7*
080827  210717  48  13.7205 N  63  28.0863 W   2.2        2.3        2.5*      11.6      137.7 
080827  210718  48  13.7199 N  63  28.0861 W   2.2        2.3        2.5       11.6      137.7 
080827  210719  48  13.7193 N  63  28.0860 W   2.2        2.3        2.5       11.6      137.7 
080827  210720  48  13.7187 N  63  28.0859 W   2.2        2.3        2.5       11.6      137.7 
080827  210721  48  13.7181 N  63  28.0858 W   2.2        2.3        2.5       11.6      111.3*
080827  210722  48  13.7175 N  63  28.0857 W   2.2        2.3        2.5       11.6      111.3 
080827  210723  48  13.7169 N  63  28.0856 W   2.2        2.3        2.5       11.6      111.3 
080827  210724  48  13.7163 N  63  28.0855 W   2.2        2.3        2.5       11.6      111.3 
080827  210725  48  13.7157 N  63  28.0854 W   2.2        2.3        2.5       11.6      111.3 
080827  210726  48  13.7151 N  63  28.0853 W   2.2        2.3        2.5       11.6      111.3 
080827  210727  48  13.7145 N  63  28.0853 W   2.2        2.3        2.5       11.6      121.8*
080827  210728  48  13.7140 N  63  28.0852 W   2.1        2.3        2.5       11.7*     121.8 
080827  210729  48  13.7133 N  63  28.0851 W   2.1        2.3        2.5       11.7      121.8 
080827  210730  48  13.7127 N  63  28.0850 W   2.2        2.3        2.5       11.7      121.8 
080827  210731  48  13.7121 N  63  28.0848 W   2.2        2.3        2.5       11.7      121.8 
080827  210732  48  13.7115 N  63  28.0848 W   2.1        2.3        2.5       11.7      123.2*
080827  210733  48  13.7110 N  63  28.0848 W   2.1        2.3        2.5       11.7      123.2 
080827  210734  48  13.7103 N  63  28.0847 W   2.2        2.3        2.5       11.6*     123.2 
080827  210735  48  13.7097 N  63  28.0845 W   2.2        2.3        2.5       11.6      123.2 
080827  210736  48  13.7092 N  63  28.0843 W   2.2        2.2*       2.5       11.6      123.2 
080827  210737  48  13.7087 N  63  28.0842 W   2.1        2.2        2.5       11.6      123.2 
080827  210738  48  13.7080 N  63  28.0842 W   2.1        2.2        2.5       11.6      122.3*
080827  210739  48  13.7073 N  63  28.0842 W   2.2        2.2        2.5       12.4*     122.3 
080827  210740  48  13.7067 N  63  28.0840 W   2.2        2.2        2.5       12.4      122.3 
080827  210741  48  13.7062 N  63  28.0837 W   2.2        2.2        2.5       12.4      122.3 
080827  210742  48  13.7057 N  63  28.0836 W   2.1        2.2        2.5       12.4      122.3 
080827  210743  48  13.7049 N  63  28.0836 W   2.2        2.2        2.5       12.4      122.3*
080827  210744  48  13.7042 N  63  28.0834 W   2.3        2.2        2.5       12.1*     122.3 
080827  210745  48  13.7036 N  63  28.0832 W   2.2        2.2        2.5       12.1      122.3 
080827  210746  48  13.7031 N  63  28.0830 W   2.2        2.2        2.5       12.1      122.3 
080827  210747  48  13.7025 N  63  28.0828 W   2.2        2.2        2.5       12.1      122.3 
080827  210748  48  13.7018 N  63  28.0827 W   2.2        2.2        2.5       12.1      125.8*
080827  210749  48  13.7011 N  63  28.0826 W   2.3        2.2        2.5       12.1      125.8 
080827  210750  48  13.7005 N  63  28.0824 W   2.3        2.2        2.5       18.1*     125.8 
080827  210751  48  13.6999 N  63  28.0821 W   2.2        2.2        2.5       18.1      125.8 
080827  210752  48  13.6994 N  63  28.0820 W   2.2        2.2        2.5       18.1      125.8 
080827  210753  48  13.6987 N  63  28.0818 W   2.2        2.2        2.5       18.1      125.8 
080827  210754  48  13.6981 N  63  28.0817 W   2.3        2.2        2.5       18.1      121.0*
080827  210755  48  13.6974 N  63  28.0816 W   2.3        2.2        2.5        5.5*     121.0 
080827  210756  48  13.6969 N  63  28.0814 W   2.2        2.2        2.5        5.5      121.0 
080827  210757  48  13.6963 N  63  28.0812 W   2.2        2.2        2.5        5.5      121.0 
080827  210758  48  13.6957 N  63  28.0810 W   2.2        2.2        2.5        5.5      121.0 
080827  210759  48  13.6951 N  63  28.0809 W   2.2        2.2        2.5        5.5      123.6*
080827  210800  48  13.6946 N  63  28.0808 W   2.1        2.2        2.5       16.5*     123.6 
080827  210801  48  13.6940 N  63  28.0806 W   2.2        2.2        2.5       16.5      123.6 
080827  210802  48  13.6933 N  63  28.0804 W   2.2        2.1*       2.5       16.5      123.6 
080827  210803  48  13.6928 N  63  28.0802 W   2.2        2.1        2.5       16.5      123.6 
080827  210804  48  13.6923 N  63  28.0801 W   2.1        2.1        2.5       16.5      123.6 
080827  210805  48  13.6917 N  63  28.0801 W   2.1        2.1        2.5       16.5      123.6 
080827  210806  48  13.6911 N  63  28.0799 W   2.1        2.1        2.5        5.9*     123.6 
080827  210807  48  13.6905 N  63  28.0797 W   2.2        2.1        2.5        5.9      123.6 
080827  210808  48  13.6899 N  63  28.0795 W   2.1        2.1        2.5        5.9      123.6 
080827  210809  48  13.6894 N  63  28.0794 W   2.1        2.1        2.5        5.9      123.6 
080827  210810  48  13.6888 N  63  28.0794 W   2.1        2.1        2.5        5.9      123.6 
080827  210811  48  13.6882 N  63  28.0792 W   2.1        2.1        2.5       11.3*     123.6 
080827  210812  48  13.6876 N  63  28.0790 W   2.1        2.1        2.5       11.3      123.6 
080827  210813  48  13.6871 N  63  28.0789 W   2.1        2.1        2.5       11.3      123.6 
080827  210814  48  13.6865 N  63  28.0788 W   2.1        2.1        2.5       11.3      123.6 
080827  210815  48  13.6859 N  63  28.0786 W   2.1        2.1        2.5       11.3      123.6 
080827  210816  48  13.6853 N  63  28.0785 W   2.1        2.1        2.5       11.0*     123.2*
080827  210817  48  13.6848 N  63  28.0783 W   2.1        2.1        2.5       11.0      123.2 
080827  210818  48  13.6843 N  63  28.0782 W   2.1        2.1        2.5       11.0      123.2 
080827  210819  48  13.6837 N  63  28.0781 W   2.1        2.1        2.5       11.0      123.2 
080827  210820  48  13.6831 N  63  28.0780 W   2.1        2.1        2.5       11.0      123.2 
080827  210821  48  13.6826 N  63  28.0779 W   2.1        2.1        2.5       11.0      123.6*
080827  210822  48  13.6821 N  63  28.0778 W   2.0        2.1        2.5       18.0*     123.6 
080827  210823  48  13.6815 N  63  28.0776 W   2.0        2.1        2.5       18.0      123.6 
080827  210824  48  13.6809 N  63  28.0774 W   2.0        2.1        2.5       18.0      123.6 
080827  210825  48  13.6803 N  63  28.0774 W   2.1        2.1        2.5       18.0      123.6 
080827  210826  48  13.6798 N  63  28.0773 W   2.0        2.1        2.5       18.0      123.6 
080827  210827  48  13.6793 N  63  28.0772 W   2.0        2.1        2.5       11.5*     171.1*
080827  210828  48  13.6787 N  63  28.0771 W   2.0        2.1        2.5       11.5      171.1 
080827  210829  48  13.6781 N  63  28.0770 W   2.0        2.1        2.5       11.5      171.1 
080827  210830  48  13.6776 N  63  28.0769 W   2.0        2.1        2.5       11.5      171.1 
080827  210831  48  13.6771 N  63  28.0768 W   2.0        2.1        2.5       11.5      171.1 
080827  210832  48  13.6765 N  63  28.0767 W   2.0        2.1        2.5        5.6*      72.6*
080827  210833  48  13.6760 N  63  28.0766 W   2.0        2.1        2.5        5.6       72.6 
080827  210834  48  13.6754 N  63  28.0765 W   2.0        2.1        2.1*       5.6       72.6 
080827  210835  48  13.6749 N  63  28.0764 W   2.0        2.1        2.1        5.6       72.6 
080827  210836  48  13.6743 N  63  28.0763 W   2.0        2.1        2.1        5.6       72.6 
080827  210837  48  13.6737 N  63  28.0763 W   2.0        2.1        2.1        5.6       72.6 
080827  210838  48  13.6732 N  63  28.0762 W   2.0        2.1        2.1        5.6      122.3*
080827  210839  48  13.6727 N  63  28.0761 W   2.0        2.1        2.1        5.6      122.3 
080827  210840  48  13.6720 N  63  28.0760 W   2.1        2.1        2.1        5.6      122.3 
080827  210841  48  13.6714 N  63  28.0760 W   2.1        2.2*       2.1        5.6      122.3 
080827  210842  48  13.6709 N  63  28.0760 W   2.0        2.2        2.1        5.6      122.3 
080827  210843  48  13.6703 N  63  28.0758 W   2.0        2.2        2.1       11.3*     119.6*
080827  210844  48  13.6697 N  63  28.0756 W   2.1        2.2        2.1       11.3      119.6 
080827  210845  48  13.6691 N  63  28.0756 W   2.1        2.2        2.1       11.3      119.6 
080827  210846  48  13.6686 N  63  28.0756 W   2.1        2.2        2.1       11.3      119.6 
080827  210847  48  13.6680 N  63  28.0755 W   2.1        2.2        2.1       11.3      119.6 
080827  210848  48  13.6675 N  63  28.0754 W   2.1        2.2        2.1       10.7*     119.6 
080827  210849  48  13.6669 N  63  28.0753 W   2.1        2.2        2.1       10.7      123.6*
080827  210850  48  13.6663 N  63  28.0753 W   2.1        2.2        2.1       10.7      123.6 
080827  210851  48  13.6658 N  63  28.0753 W   2.0        2.2        2.1       10.7      123.6 
080827  210852  48  13.6652 N  63  28.0751 W   2.1        2.2        2.1       10.7      123.6 
080827  210853  48  13.6646 N  63  28.0749 W   2.1        2.2        2.1       10.8*     123.6 
080827  210854  48  13.6640 N  63  28.0748 W   2.0        2.2*       2.1       10.8      122.3*
080827  210855  48  13.6634 N  63  28.0748 W   2.0        2.2        2.1       10.8      122.3 
080827  210856  48  13.6628 N  63  28.0747 W   2.1        2.2        2.1       10.8      122.3 
080827  210857  48  13.6622 N  63  28.0746 W   2.1        2.2        2.1       10.8      122.3 
080827  210858  48  13.6617 N  63  28.0745 W   2.1        2.2        2.1       10.9*     122.3 
080827  210859  48  13.6611 N  63  28.0744 W   2.1        2.2        2.1       10.9      122.3 
080827  210900  48  13.6605 N  63  28.0743 W   2.1        2.2        2.1       10.9      123.6*
080827  210901  48  13.6599 N  63  28.0743 W   2.1        2.2        2.1       10.9      123.6 
080827  210902  48  13.6594 N  63  28.0741 W   2.1        2.2        2.1       10.9      123.6 
080827  210903  48  13.6587 N  63  28.0741 W   2.1        2.2        2.1       10.9      123.6 
080827  210904  48  13.6581 N  63  28.0740 W   2.1        2.2        2.1       10.2*     123.6 
080827  210905  48  13.6576 N  63  28.0739 W   2.1        2.2        2.1       10.2      120.5*
080827  210906  48  13.6570 N  63  28.0738 W   2.1        2.2        2.1       10.2      120.5 
080827  210907  48  13.6565 N  63  28.0737 W   2.1        2.1*       2.1       10.2      120.5 
080827  210908  48  13.6557 N  63  28.0736 W   2.2        2.1        2.1       10.2      120.5 
080827  210909  48  13.6551 N  63  28.0735 W   2.2        2.1        2.1       11.0*     120.5 
080827  210910  48  13.6546 N  63  28.0734 W   2.1        2.1        2.1       11.0      120.5 
080827  210911  48  13.6540 N  63  28.0732 W   2.1        2.1        2.1       11.0      120.1*
080827  210912  48  13.6533 N  63  28.0731 W   2.2        2.1        2.1       11.0      120.1 
080827  210913  48  13.6526 N  63  28.0729 W   2.2        2.1        2.1       11.0      120.1 
080827  210914  48  13.6521 N  63  28.0729 W   2.2        2.1        2.1       10.5*     120.1 
080827  210915  48  13.6515 N  63  28.0728 W   2.1        2.1        2.1       10.5      120.1 
080827  210916  48  13.6509 N  63  28.0726 W   2.2        2.1        2.1       10.5      122.7*
080827  210917  48  13.6503 N  63  28.0725 W   2.2        2.1        2.1       10.5      122.7 
080827  210918  48  13.6497 N  63  28.0724 W   2.2        2.1        2.1       10.5      122.7 
080827  210919  48  13.6492 N  63  28.0724 W   2.1        2.1        2.1       10.5      122.7 
080827  210920  48  13.6486 N  63  28.0722 W   2.1        2.1        2.1       10.1*     122.7 
080827  210921  48  13.6480 N  63  28.0722 W   2.1        2.1        2.1       10.1      122.7 
080827  210922  48  13.6474 N  63  28.0722 W   2.1        2.1        2.1       10.1      121.8*
080827  210923  48  13.6468 N  63  28.0721 W   2.1        2.1        2.1       10.1      121.8 
080827  210924  48  13.6462 N  63  28.0719 W   2.1        2.1        2.1       10.1      121.8 
080827  210925  48  13.6457 N  63  28.0718 W   2.1        2.1        2.1       10.7*     121.8 
080827  210926  48  13.6451 N  63  28.0718 W   2.1        2.1        2.1       10.7      121.8 
080827  210927  48  13.6445 N  63  28.0717 W   2.2        2.1        2.1       10.7      119.2*
080827  210928  48  13.6439 N  63  28.0716 W   2.2        2.1        2.1       10.7      119.2 
080827  210929  48  13.6434 N  63  28.0715 W   2.1        2.1        2.1       10.7      119.2 
080827  210930  48  13.6428 N  63  28.0714 W   2.1        2.1        2.1       10.7*     119.2 
080827  210931  48  13.6422 N  63  28.0714 W   2.1        2.1        2.1       10.7      119.2 
080827  210932  48  13.6416 N  63  28.0712 W   2.1        2.1        2.1       10.7      119.2 
080827  210933  48  13.6410 N  63  28.0711 W   2.1        2.1        2.1       10.7      122.3*
080827  210934  48  13.6405 N  63  28.0710 W   2.1        2.1        2.1       10.7      122.3 
080827  210935  48  13.6399 N  63  28.0710 W   2.1        2.1        2.1       10.7      122.3 
080827  210936  48  13.6393 N  63  28.0708 W   2.1        2.1        2.1       20.9*     122.3 
080827  210937  48  13.6387 N  63  28.0707 W   2.1        2.1        2.1       20.9      122.3 
080827  210938  48  13.6381 N  63  28.0705 W   2.1        2.1        2.1       20.9      121.4*
080827  210939  48  13.6376 N  63  28.0704 W   2.1        2.1        2.1       20.9      121.4 
080827  210940  48  13.6370 N  63  28.0704 W   2.1        2.1        2.1       20.9      121.4 
080827  210941  48  13.6364 N  63  28.0703 W   2.1        2.1        2.1        0.2*     121.4 
080827  210942  48  13.6358 N  63  28.0701 W   2.1        2.1        2.1        0.2      121.4 
080827  210943  48  13.6353 N  63  28.0700 W   2.1        2.1        2.1        0.2      121.4 
080827  210944  48  13.6348 N  63  28.0698 W   2.1        2.1        2.1        0.2      125.8*
080827  210945  48  13.6342 N  63  28.0698 W   2.1        2.1        2.1        0.2      125.8 
080827  210946  48  13.6336 N  63  28.0697 W   2.1        2.1        2.1       10.4*     125.8 
080827  210947  48  13.6330 N  63  28.0696 W   2.1        2.1        2.1       10.4      125.8 
080827  210948  48  13.6325 N  63  28.0694 W   2.1        2.1        2.1       10.4      125.8 
080827  210949  48  13.6319 N  63  28.0693 W   2.1        2.1        2.1       10.4      119.2*
080827  210950  48  13.6312 N  63  28.0692 W   2.1        2.1        2.1       10.4      119.2 
080827  210951  48  13.6307 N  63  28.0691 W   2.1        2.1        2.1       10.4      119.2 
080827  210952  48  13.6302 N  63  28.0690 W   2.1        2.1        2.1       10.4*     119.2 
080827  210953  48  13.6296 N  63  28.0689 W   2.1        2.1        2.1       10.4      119.2 
080827  210954  48  13.6289 N  63  28.0687 W   2.1        2.1        2.1       10.4      119.2 
080827  210955  48  13.6283 N  63  28.0687 W   2.1        2.1        2.1       10.4      117.0*
080827  210956  48  13.6278 N  63  28.0686 W   2.1        2.1        2.1       10.4      117.0 
080827  210957  48  13.6272 N  63  28.0684 W   2.1        2.1        2.1       10.2*     117.0 
080827  210958  48  13.6266 N  63  28.0682 W   2.1        2.1        2.1       10.2      117.0 
080827  210959  48  13.6259 N  63  28.0681 W   2.1        2.1        2.1       10.2      117.0 
080827  211000  48  13.6254 N  63  28.0680 W   2.1        2.1        2.1       10.2      124.0*
080827  211001  48  13.6248 N  63  28.0679 W   2.1        2.1        2.1       10.2      124.0 
080827  211002  48  13.6242 N  63  28.0677 W   2.1        2.1        2.1       15.9*     124.0 
080827  211003  48  13.6237 N  63  28.0677 W   2.1        2.1        2.1       15.9      124.0 
080827  211004  48  13.6232 N  63  28.0676 W   2.0        2.1        2.1       15.9      124.0 
080827  211005  48  13.6227 N  63  28.0676 W   2.0        2.1        2.4*      15.9      124.0 
080827  211006  48  13.6223 N  63  28.0675 W   1.9        2.1        2.4       15.9      160.6*
080827  211007  48  13.6219 N  63  28.0674 W   1.8        2.1        2.4       15.9      160.6 
080827  211008  48  13.6215 N  63  28.0674 W   1.8        2.1        2.4        8.8*     160.6 
080827  211009  48  13.6211 N  63  28.0674 W   1.7        2.1        2.4        8.8      160.6 
080827  211010  48  13.6207 N  63  28.0674 W   1.7        2.1        2.4        8.8      160.6 
080827  211011  48  13.6204 N  63  28.0673 W   1.6        2.1        2.4        8.8      127.6*
080827  211012  48  13.6201 N  63  28.0672 W   1.5        2.1        2.4        8.8      127.6 
080827  211013  48  13.6198 N  63  28.0673 W   1.4        2.1        2.4        8.8      127.6 
080827  211014  48  13.6195 N  63  28.0674 W   1.4        2.1        2.4        8.8      127.6 
080827  211015  48  13.6192 N  63  28.0674 W   1.3        2.1        2.4        8.8      127.6 
080827  211016  48  13.6189 N  63  28.0673 W   1.3        2.1        2.4        8.8      127.6 
080827  211017  48  13.6186 N  63  28.0673 W   1.2        2.1        2.4        8.8      127.6 
080827  211018  48  13.6184 N  63  28.0673 W   1.2        2.1        2.4        8.8      127.6 
080827  211019  48  13.6182 N  63  28.0674 W   1.1        2.1        2.4        8.8      127.6 
080827  211020  48  13.6180 N  63  28.0673 W   1.1        2.1        2.4        8.8      127.6 
080827  211021  48  13.6178 N  63  28.0673 W   1.0        2.1        2.4        8.8      127.6 
080827  211022  48  13.6175 N  63  28.0673 W   1.0        2.1        2.4        8.8      127.6 
080827  211023  48  13.6173 N  63  28.0673 W   1.0        2.1        2.4        8.8      127.6 
080827  211024  48  13.6172 N  63  28.0673 W   0.9        2.1        2.4        8.8      127.6 
080827  211025  48  13.6169 N  63  28.0673 W   0.9        2.1        2.4        8.8      127.6 
080827  211026  48  13.6167 N  63  28.0673 W   0.9        2.1        2.4        8.8      127.6 
080827  211027  48  13.6165 N  63  28.0673 W   0.9        2.1        2.4        8.8      102.9*
080827  211028  48  13.6163 N  63  28.0673 W   0.8        2.1        2.4        8.8      102.9 
080827  211029  48  13.6161 N  63  28.0672 W   0.8        2.1        2.4        8.8      102.9 
080827  211030  48  13.6159 N  63  28.0672 W   0.8        2.1        2.4        8.8      102.9 
080827  211031  48  13.6157 N  63  28.0673 W   0.8        2.1        2.4        8.8      102.9 
080827  211032  48  13.6156 N  63  28.0673 W   0.7        2.1        2.4        8.8      102.9 
080827  211033  48  13.6154 N  63  28.0673 W   0.7        2.1        2.4        8.8      102.9 
080827  211034  48  13.6152 N  63  28.0672 W   0.7        2.1        2.4        8.8      102.9 
080827  211035  48  13.6150 N  63  28.0672 W   0.7        2.1        2.4        8.8      102.9 
080827  211036  48  13.6149 N  63  28.0672 W   0.7        2.1        2.4        8.8      102.9 
080827  211037  48  13.6148 N  63  28.0672 W   0.6        2.1        2.4        8.8      102.9 
080827  211038  48  13.6146 N  63  28.0673 W   0.7        2.1        2.4        8.8      102.9 
080827  211039  48  13.6143 N  63  28.0674 W   0.7        2.1        2.4        5.7*     102.9 
080827  211040  48  13.6142 N  63  28.0673 W   0.7        2.1        2.4        5.7      102.9 
080827  211041  48  13.6142 N  63  28.0673 W   0.6        2.1        2.4        5.7      102.9 
080827  211042  48  13.6140 N  63  28.0674 W   0.6        2.1        2.4        5.7      102.9 
080827  211043  48  13.6138 N  63  28.0674 W   0.6        2.1        2.4        5.7      102.9 
080827  211044  48  13.6136 N  63  28.0674 W   0.6        2.1        2.4        3.2*     102.9 
080827  211045  48  13.6135 N  63  28.0673 W   0.6        2.1        2.4        3.2      102.9 
080827  211046  48  13.6133 N  63  28.0673 W   0.6        2.1        2.4        3.2      102.9 
080827  211047  48  13.6131 N  63  28.0673 W   0.6        2.1        2.4        3.2      102.9 
080827  211048  48  13.6130 N  63  28.0673 W   0.6        2.1        2.4        3.2      102.9 
080827  211049  48  13.6128 N  63  28.0673 W   0.6        2.1        2.4        3.2      108.2*
080827  211050  48  13.6126 N  63  28.0672 W   0.6        2.1        2.4        3.2      108.2 
080827  211051  48  13.6125 N  63  28.0672 W   0.6        2.1       13.5*       3.2      108.2 
080827  211052  48  13.6124 N  63  28.0673 W   0.6        2.1       13.5        3.2      108.2 
080827  211053  48  13.6122 N  63  28.0673 W   0.6        2.1       13.5        3.2      108.2 
080827  211054  48  13.6120 N  63  28.0672 W   0.6        2.1       13.5        3.2      108.2 
080827  211055  48  13.6118 N  63  28.0672 W   0.6        2.1       13.5        3.2      113.0*
080827  211056  48  13.6118 N  63  28.0671 W   0.6        2.1       13.5        3.2      113.0 
080827  211057  48  13.6116 N  63  28.0671 W   0.6        2.1       13.5        3.2      113.0 
080827  211058  48  13.6114 N  63  28.0672 W   0.6        2.1       13.5        3.2      113.0 
080827  211059  48  13.6112 N  63  28.0671 W   0.6        2.1       13.5        3.2      113.0 
080827  211100  48  13.6111 N  63  28.0671 W   0.6        2.1       13.5       10.5*     151.8*
080827  211101  48  13.6110 N  63  28.0671 W   0.6        2.1       13.5       10.5      151.8 
080827  211102  48  13.6108 N  63  28.0671 W   0.6        2.1       13.5       10.5      151.8 
080827  211103  48  13.6107 N  63  28.0672 W   0.5        2.1       13.5       10.5      151.8 
080827  211104  48  13.6105 N  63  28.0671 W   0.6        2.6*      13.5       10.5      151.8 
080827  211105  48  13.6103 N  63  28.0670 W   0.5        2.6       13.5        2.2*     151.8 
080827  211106  48  13.6103 N  63  28.0670 W   0.5        2.6       13.5        2.2       87.5*
080827  211107  48  13.6101 N  63  28.0670 W   0.5        2.6       13.5        2.2       87.5 
080827  211108  48  13.6099 N  63  28.0671 W   0.6        2.6       13.5        2.2       87.5 
080827  211109  48  13.6097 N  63  28.0671 W   0.6        2.6       13.5        2.2       87.5 
080827  211110  48  13.6096 N  63  28.0670 W   0.5        2.6       13.5        2.2       87.5 
080827  211111  48  13.6095 N  63  28.0670 W   0.5        2.6       13.5       21.4*      87.5 
080827  211112  48  13.6093 N  63  28.0671 W   0.5        2.6       13.5       21.4       87.5 
080827  211113  48  13.6092 N  63  28.0671 W   0.5        2.6       13.5       21.4       87.5 
080827  211114  48  13.6090 N  63  28.0671 W   0.5        2.6       13.5       21.4       87.5 
080827  211115  48  13.6089 N  63  28.0671 W   0.5        2.6       13.5       21.4       87.5 
080827  211116  48  13.6087 N  63  28.0671 W   0.5        2.6       13.5       21.4       87.5 
080827  211117  48  13.6086 N  63  28.0671 W   0.5        2.6       13.5       21.4       87.5 
080827  211118  48  13.6085 N  63  28.0671 W   0.5        2.6       13.5       21.4       87.5 
080827  211119  48  13.6082 N  63  28.0671 W   0.5        2.6       13.5       21.4       87.5 
080827  211120  48  13.6081 N  63  28.0671 W   0.5        2.6       13.5       21.4       87.5 
080827  211121  48  13.6080 N  63  28.0671 W   0.5        2.6       13.5        6.7*      87.5 
080827  211122  48  13.6078 N  63  28.0670 W   0.5        2.6       13.5        6.7       87.5 
080827  211123  48  13.6075 N  63  28.0669 W   0.6        2.6       13.5        6.7       87.5 
080827  211124  48  13.6073 N  63  28.0670 W   0.6        2.6       13.5        6.7       87.5 
080827  211125  48  13.6072 N  63  28.0670 W   0.6        2.6       13.5        6.7       87.5 
080827  211126  48  13.6070 N  63  28.0669 W   0.6        2.6       13.5       15.5*      87.5 
080827  211127  48  13.6067 N  63  28.0669 W   0.6        2.6       13.5       15.5       87.5 
080827  211128  48  13.6066 N  63  28.0668 W   0.6        2.6       13.5       15.5      146.0*
080827  211129  48  13.6065 N  63  28.0668 W   0.6        2.6       13.5       15.5      146.0 
080827  211130  48  13.6063 N  63  28.0668 W   0.6        2.6       13.5       15.5      146.0 
080827  211131  48  13.6061 N  63  28.0667 W   0.6        2.6       13.5       15.5      146.0 
080827  211132  48  13.6059 N  63  28.0667 W   0.6        2.6       13.5       15.5      146.0 
080827  211133  48  13.6058 N  63  28.0666 W   0.6        2.6       13.5       15.5      134.2*
080827  211134  48  13.6057 N  63  28.0665 W   0.6        2.6       13.5       15.5      134.2 
080827  211135  48  13.6056 N  63  28.0665 W   0.5        2.6       13.5       15.5      134.2 
080827  211136  48  13.6055 N  63  28.0665 W   0.5        2.6        2.3*      15.5      134.2 
080827  211137  48  13.6052 N  63  28.0665 W   0.6        2.6        2.3       16.4*     134.2 
080827  211138  48  13.6051 N  63  28.0664 W   0.6        2.6        2.3       16.4       18.0*
080827  211139  48  13.6051 N  63  28.0664 W   0.5        2.6        2.3       16.4       18.0 
080827  211140  48  13.6049 N  63  28.0664 W   0.5        2.6        2.3       16.4       18.0 
080827  211141  48  13.6047 N  63  28.0664 W   0.6        2.6        2.3       16.4       18.0 
080827  211142  48  13.6044 N  63  28.0662 W   0.6        2.6        2.3       16.4       18.0 
080827  211143  48  13.6042 N  63  28.0660 W   0.6        2.6       12.7*      16.4       18.0 
080827  211144  48  13.6042 N  63  28.0659 W   0.6        2.6       12.7       16.4      190.0*
080827  211145  48  13.6041 N  63  28.0659 W   0.6        2.6       12.7       16.4      190.0 
080827  211146  48  13.6038 N  63  28.0659 W   0.7        2.6       12.7       16.4      190.0 
080827  211147  48  13.6035 N  63  28.0658 W   0.7        2.6       12.7       16.4      190.0 
080827  211148  48  13.6034 N  63  28.0656 W   0.7        2.6       12.7       16.4      190.0 
080827  211149  48  13.6033 N  63  28.0656 W   0.6        2.6        2.7*      16.4      190.0 
080827  211150  48  13.6031 N  63  28.0656 W   0.6        2.6        2.7       16.4       99.4*
080827  211151  48  13.6029 N  63  28.0656 W   0.7        2.6        2.7       16.4       99.4 
080827  211152  48  13.6027 N  63  28.0654 W   0.7        2.6        2.7        7.4*      99.4 
080827  211153  48  13.6026 N  63  28.0653 W   0.6        2.6        2.7        7.4       99.4 
080827  211154  48  13.6026 N  63  28.0653 W   0.6        2.6        2.7        7.4       99.4 
080827  211155  48  13.6024 N  63  28.0652 W   0.6        2.6        2.7        7.4       61.6*
080827  211156  48  13.6022 N  63  28.0652 W   0.6        2.6        2.7        7.4       61.6 
080827  211157  48  13.6020 N  63  28.0650 W   0.6        2.6        2.7        7.4       61.6 
080827  211158  48  13.6020 N  63  28.0650 W   0.5        2.6        2.7        6.4*      61.6 
080827  211159  48  13.6019 N  63  28.0649 W   0.5        2.6        2.7        6.4       61.6 
080827  211200  48  13.6016 N  63  28.0648 W   0.6        2.6        2.7        6.4      108.6*
080827  211201  48  13.6016 N  63  28.0648 W   0.6        2.6        2.7        6.4      108.6 
080827  211202  48  13.6016 N  63  28.0647 W   0.5        2.6        2.7        6.4      108.6 
080827  211203  48  13.6014 N  63  28.0648 W   0.5        2.6        2.7       17.9*     108.6 
080827  211204  48  13.6013 N  63  28.0647 W   0.5        2.6        2.7       17.9      108.6 
080827  211205  48  13.6011 N  63  28.0646 W   0.5        2.6        2.7       17.9      108.6 
080827  211206  48  13.6012 N  63  28.0645 W   0.4        2.6        2.7       17.9      105.1*
080827  211207  48  13.6011 N  63  28.0645 W   0.4        2.6        2.7       17.9      105.1 
080827  211208  48  13.6008 N  63  28.0644 W   0.5        2.6        2.7        0.1*     105.1 
080827  211209  48  13.6006 N  63  28.0643 W   0.6        2.6        2.7        0.1      105.1 
080827  211210  48  13.6006 N  63  28.0643 W   0.5        2.6        2.7        0.1      105.1 
080827  211211  48  13.6005 N  63  28.0642 W   0.5        2.6        2.7        0.1      105.1 
080827  211212  48  13.6002 N  63  28.0641 W   0.6        2.6        2.7        0.1      105.1 
080827  211213  48  13.5998 N  63  28.0641 W   0.7        2.6        2.7        1.7*     105.1 
080827  211214  48  13.5998 N  63  28.0640 W   0.7        2.6        2.7        1.7      105.1 
080827  211215  48  13.5997 N  63  28.0640 W   0.7        2.6        2.7        1.7      105.1 
080827  211216  48  13.5993 N  63  28.0639 W   0.8        2.6        2.7        1.7      105.1 
080827  211217  48  13.5990 N  63  28.0638 W   0.9        2.6        2.7        1.7      105.1 
080827  211218  48  13.5988 N  63  28.0637 W   0.8        2.6        2.7        1.7      105.1 
080827  211219  48  13.5987 N  63  28.0636 W   0.8        2.6        2.7       10.5*     105.1 
080827  211220  48  13.5983 N  63  28.0635 W   0.9        2.6        2.7       10.5      105.1 
080827  211221  48  13.5979 N  63  28.0634 W   0.9        2.6       13.6*      10.5      105.1 
080827  211222  48  13.5977 N  63  28.0633 W   0.9        2.6       13.6       10.5       47.1*
080827  211223  48  13.5976 N  63  28.0632 W   0.9        2.6       13.6       10.5       47.1 
080827  211224  48  13.5973 N  63  28.0632 W   0.9        2.6       13.6        8.2*      47.1 
080827  211225  48  13.5970 N  63  28.0631 W   0.9        2.6       13.6        8.2       47.1 
080827  211226  48  13.5968 N  63  28.0631 W   0.9        2.6       13.6        8.2       47.1 
080827  211227  48  13.5966 N  63  28.0629 W   0.9        2.6       13.6        8.2       47.1 
080827  211228  48  13.5964 N  63  28.0629 W   0.9        2.6       13.6        8.2       47.1 
080827  211229  48  13.5961 N  63  28.0629 W   0.9        2.6       13.6        4.3*      47.1 
080827  211230  48  13.5959 N  63  28.0628 W   0.8        2.6       13.6        4.3       47.1 
080827  211231  48  13.5957 N  63  28.0628 W   0.8        2.6       13.6        4.3       47.1 
080827  211232  48  13.5955 N  63  28.0627 W   0.8        2.6       13.6        4.3       47.1 
080827  211233  48  13.5953 N  63  28.0627 W   0.8        2.6       13.6        4.3       47.1 
080827  211234  48  13.5951 N  63  28.0627 W   0.8        2.6       13.6       11.4*      47.1 
080827  211235  48  13.5949 N  63  28.0626 W   0.7        2.6       13.6       11.4       47.1 
080827  211236  48  13.5948 N  63  28.0625 W   0.7        2.6       13.6       11.4       47.1 
080827  211237  48  13.5946 N  63  28.0625 W   0.7        2.6       13.6       11.4       47.1 
080827  211238  48  13.5944 N  63  28.0626 W   0.7        2.6       13.6       11.4       47.1 
080827  211239  48  13.5942 N  63  28.0625 W   0.7        2.6       13.6       11.4       47.1 
080827  211240  48  13.5941 N  63  28.0624 W   0.7        2.6       13.6        6.4*      47.1 
080827  211241  48  13.5939 N  63  28.0623 W   0.6        2.6       13.6        6.4       47.1 
080827  211242  48  13.5937 N  63  28.0623 W   0.7        2.6       13.6        6.4       47.1 
080827  211243  48  13.5935 N  63  28.0623 W   0.7        2.6       13.6        6.4       47.1 
080827  211244  48  13.5933 N  63  28.0623 W   0.6        2.6       13.6        6.4      113.0*
080827  211245  48  13.5932 N  63  28.0623 W   0.6        2.6       13.6        6.4      113.0 
080827  211246  48  13.5930 N  63  28.0622 W   0.6        2.6       13.6        6.4      113.0 
080827  211247  48  13.5928 N  63  28.0622 W   0.7        2.6       13.4*       6.4      113.0 
080827  211248  48  13.5926 N  63  28.0621 W   0.6        2.6       13.4        6.4      113.0 
080827  211249  48  13.5925 N  63  28.0621 W   0.6        2.6       13.4        6.4       86.2*
080827  211250  48  13.5923 N  63  28.0621 W   0.6        2.6       13.4        6.8*      86.2 
080827  211251  48  13.5920 N  63  28.0621 W   0.7        2.6       13.4        6.8       86.2 
080827  211252  48  13.5918 N  63  28.0621 W   0.7        2.6       13.4        6.8       86.2 
080827  211253  48  13.5918 N  63  28.0620 W   0.6        2.6       13.4        6.8       86.2 
080827  211254  48  13.5915 N  63  28.0620 W   0.6        2.6       13.4        6.8       65.5*
080827  211255  48  13.5913 N  63  28.0621 W   0.7        2.6       13.4        7.1*      65.5 
080827  211256  48  13.5912 N  63  28.0621 W   0.6        2.6       13.4        7.1       65.5 
080827  211257  48  13.5910 N  63  28.0621 W   0.6        2.6       13.4        7.1       65.5 
080827  211258  48  13.5908 N  63  28.0621 W   0.6        2.6       13.4        7.1       65.5 
080827  211259  48  13.5906 N  63  28.0621 W   0.7        2.6       13.4        7.1       65.5 
080827  211300  48  13.5904 N  63  28.0620 W   0.7        2.6       13.4        7.1       29.0*
080827  211301  48  13.5903 N  63  28.0620 W   0.6        2.6       13.4        3.5*      29.0 
080827  211302  48  13.5902 N  63  28.0620 W   0.6        2.6       13.4        3.5       29.0 
080827  211303  48  13.5899 N  63  28.0620 W   0.6        2.6       13.4        3.5       29.0 
080827  211304  48  13.5897 N  63  28.0620 W   0.7        2.6       13.4        3.5       29.0 
080827  211305  48  13.5896 N  63  28.0619 W   0.6        2.6       13.4        3.5       69.5*
080827  211306  48  13.5895 N  63  28.0619 W   0.6        2.6       13.4        5.5*      69.5 
080827  211307  48  13.5893 N  63  28.0619 W   0.6        2.6       13.4        5.5       69.5 
080827  211308  48  13.5890 N  63  28.0619 W   0.7        2.6       13.4        5.5       69.5 
080827  211309  48  13.5888 N  63  28.0618 W   0.7        2.6       13.4        5.5       69.5 
080827  211310  48  13.5887 N  63  28.0617 W   0.6        2.6       13.4        5.5       63.8*
080827  211311  48  13.5885 N  63  28.0617 W   0.6        2.6       13.4       16.0*      63.8 
080827  211312  48  13.5883 N  63  28.0617 W   0.6        2.6       13.4       16.0       63.8 
080827  211313  48  13.5881 N  63  28.0617 W   0.6        2.3*      13.4       16.0       63.8 
080827  211314  48  13.5879 N  63  28.0615 W   0.6        2.3       13.4       16.0       63.8 
080827  211315  48  13.5878 N  63  28.0614 W   0.6        2.3       13.4       16.0       63.8 
080827  211316  48  13.5876 N  63  28.0614 W   0.6        2.3       13.4       16.0       89.3*
080827  211317  48  13.5875 N  63  28.0614 W   0.6        2.3       13.4       16.0       89.3 
080827  211318  48  13.5873 N  63  28.0614 W   0.6        2.3       13.4       16.0       89.3 
080827  211319  48  13.5871 N  63  28.0613 W   0.6        2.3        4.2*      16.0       89.3 
080827  211320  48  13.5869 N  63  28.0612 W   0.6        2.3        4.2       16.0       89.3 
080827  211321  48  13.5868 N  63  28.0612 W   0.6        2.3        4.2       16.0       24.6*
080827  211322  48  13.5867 N  63  28.0612 W   0.6        2.3        4.2        5.8*      24.6 
080827  211323  48  13.5864 N  63  28.0612 W   0.6        2.3        4.2        5.8       24.6 
080827  211324  48  13.5861 N  63  28.0611 W   0.7        2.3        4.2        5.8       24.6 
080827  211325  48  13.5860 N  63  28.0611 W   0.7        2.3        4.2        5.8       24.6 
080827  211326  48  13.5859 N  63  28.0610 W   0.6        2.3       11.5*       5.8       24.6 
080827  211327  48  13.5856 N  63  28.0610 W   0.7        2.3       11.5        5.2*      24.6 
080827  211328  48  13.5852 N  63  28.0609 W   0.8        2.3       11.5        5.2       24.6 
080827  211329  48  13.5850 N  63  28.0608 W   0.8        2.3       11.5        5.2       24.6 
080827  211330  48  13.5848 N  63  28.0608 W   0.8        2.3       11.5        5.2       24.6 
080827  211331  48  13.5845 N  63  28.0607 W   0.8        2.3       11.5        5.2       24.6 
080827  211332  48  13.5841 N  63  28.0606 W   0.9        2.3        3.4*       5.2       24.6 
080827  211333  48  13.5837 N  63  28.0605 W   1.0        2.3        3.4        5.2       24.6 
080827  211334  48  13.5834 N  63  28.0605 W   1.0        2.3        3.4        5.2       24.6 
080827  211335  48  13.5830 N  63  28.0604 W   1.1        2.3        3.4        5.2       24.6 
080827  211336  48  13.5826 N  63  28.0602 W   1.1        2.3        3.4        5.2       24.6 
