FileName: C:\TRAWLS~1\FALL\GP151F.TXT
Local Time: Sun Jul 27 21:34:14 2008

Ship: 27 juillet 2008 Trip: GP151F Tow: 16
Comments: Area 12, Sud des grenades sous-marines
 Date    Time     Latitude       Longitude    Speed    Primary  Secondary DoorSpread      Depth 
080728  003414  48   3.2002 N  61  50.7858 W   6.1        8.4       11.5*      52.6*       4.4*
080728  003415  48   3.1989 N  61  50.7854 W   5.9        8.4       11.5       52.6        4.4 
080728  003416  48   3.1977 N  61  50.7850 W   5.7        8.4       11.5       52.6        4.4 
080728  003417  48   3.1965 N  61  50.7847 W   5.4        8.4       11.5       52.6        4.4 
080728  003418  48   3.1952 N  61  50.7843 W   5.3        8.4       11.5       52.6        4.4 
080728  003419  48   3.1941 N  61  50.7840 W   5.1        8.4       11.5       52.6        4.4 
080728  003420  48   3.1932 N  61  50.7836 W   4.9        8.4       11.5       52.6        4.4 
080728  003421  48   3.1921 N  61  50.7833 W   4.7        8.4       11.5       52.6        4.4 
080728  003422  48   3.1911 N  61  50.7830 W   4.6        8.4       11.5       52.6        4.4 
080728  003423  48   3.1902 N  61  50.7827 W   4.4        8.4       11.5        2.3*       4.4 
080728  003424  48   3.1893 N  61  50.7823 W   4.2        8.4       11.5        2.3        4.4 
080728  003425  48   3.1883 N  61  50.7820 W   4.1        8.4       11.5        2.3        4.4 
080728  003426  48   3.1874 N  61  50.7817 W   4.0        8.4       11.5        2.3        4.4 
080728  003427  48   3.1865 N  61  50.7813 W   3.8        8.4       11.5        2.3        4.4 
080728  003428  48   3.1855 N  61  50.7810 W   3.8        8.4       11.5        2.3        4.4 
080728  003429  48   3.1847 N  61  50.7806 W   3.6        8.4       11.5        2.3        4.4 
080728  003430  48   3.1841 N  61  50.7802 W   3.4        8.4       11.5        2.3        4.4 
080728  003431  48   3.1834 N  61  50.7799 W   3.3        8.4       11.5        2.3        4.4 
080728  003432  48   3.1826 N  61  50.7796 W   3.3        8.4       11.5        2.3        4.4 
080728  003433  48   3.1819 N  61  50.7793 W   3.2        8.4       11.5        2.3        4.4 
080728  003434  48   3.1813 N  61  50.7790 W   3.0        8.4       11.5        4.6*       4.4 
080728  003435  48   3.1807 N  61  50.7785 W   2.9        8.4       11.5        4.6        4.4 
080728  003436  48   3.1800 N  61  50.7781 W   2.9        8.4       11.5        4.6        4.4 
080728  003437  48   3.1793 N  61  50.7779 W   2.9        8.4       11.5        4.6        4.4 
080728  003438  48   3.1787 N  61  50.7776 W   2.7        8.4       11.5        4.6        4.4 
080728  003439  48   3.1782 N  61  50.7772 W   2.6        8.4       11.5        4.6        4.4 
080728  003440  48   3.1775 N  61  50.7768 W   2.6        8.4       11.5        4.6        4.4 
080728  003441  48   3.1769 N  61  50.7765 W   2.6        8.4       11.5        4.6        4.4 
080728  003442  48   3.1764 N  61  50.7762 W   2.5        8.4       11.5        4.6        4.4 
080728  003443  48   3.1757 N  61  50.7759 W   2.5        8.4       11.5        4.6        4.4 
080728  003444  48   3.1750 N  61  50.7756 W   2.5        8.4       11.5        2.9*       4.4 
080728  003445  48   3.1743 N  61  50.7753 W   2.5        8.4       11.5        2.9        4.4 
080728  003446  48   3.1736 N  61  50.7749 W   2.6        8.4       11.5        2.9        4.4 
080728  003447  48   3.1727 N  61  50.7745 W   2.7        8.4       11.5        2.9        4.4 
080728  003448  48   3.1718 N  61  50.7741 W   2.7        8.4       11.5        2.9       19.8*
080728  003449  48   3.1709 N  61  50.7736 W   2.9        8.4       11.5        2.7*      19.8 
080728  003450  48   3.1698 N  61  50.7730 W   3.1        8.4       11.5        2.7       19.8 
080728  003451  48   3.1686 N  61  50.7726 W   3.3        8.4       11.5        2.7       19.8 
080728  003452  48   3.1674 N  61  50.7721 W   3.5        8.4       11.5        2.7       19.8 
080728  003453  48   3.1661 N  61  50.7715 W   3.7        8.4       11.5        2.7       19.8 
080728  003454  48   3.1646 N  61  50.7709 W   4.0        8.4       11.5        8.0*      19.8 
080728  003455  48   3.1632 N  61  50.7703 W   4.2        8.4       11.5        8.0       19.8 
080728  003456  48   3.1618 N  61  50.7697 W   4.4        8.4       11.5        8.0       19.8 
080728  003457  48   3.1602 N  61  50.7690 W   4.6        8.4       11.5        8.0       19.8 
080728  003458  48   3.1585 N  61  50.7683 W   4.9        8.4       11.5        8.0       19.8 
080728  003459  48   3.1568 N  61  50.7677 W   5.0        8.4       11.5        8.0       19.8 
080728  003500  48   3.1552 N  61  50.7670 W   5.2        8.4       11.5        0.8*      19.8 
080728  003501  48   3.1534 N  61  50.7662 W   5.4        8.4       11.5        0.8       19.8 
080728  003502  48   3.1515 N  61  50.7656 W   5.6        8.4       11.5        0.8       19.8 
080728  003503  48   3.1497 N  61  50.7649 W   5.7        8.4       11.5        0.8       19.8 
080728  003504  48   3.1479 N  61  50.7642 W   5.9        8.4       11.5        0.8       19.8 
080728  003505  48   3.1462 N  61  50.7636 W   6.0        8.4       11.5       13.5*      19.8 
080728  003506  48   3.1444 N  61  50.7629 W   6.1        8.4       11.5       13.5       19.8 
080728  003507  48   3.1425 N  61  50.7622 W   6.3        8.4       11.5       13.5       19.8 
080728  003508  48   3.1406 N  61  50.7615 W   6.3        8.4       11.5       13.5       19.8 
080728  003509  48   3.1389 N  61  50.7609 W   6.4        2.5*      11.5       13.5       19.8 
080728  003510  48   3.1370 N  61  50.7602 W   6.5        2.5       11.5       13.5       19.8 
080728  003511  48   3.1350 N  61  50.7596 W   6.6        2.5       11.5       13.5       19.8 
080728  003512  48   3.1331 N  61  50.7590 W   6.7        2.5       11.5       13.5       19.8 
080728  003513  48   3.1312 N  61  50.7584 W   6.7        2.5       11.5       13.5       19.8 
080728  003514  48   3.1293 N  61  50.7577 W   6.8        2.5       11.5       13.5       19.8 
080728  003515  48   3.1274 N  61  50.7572 W   6.8        2.5       11.5        4.4*      19.8 
080728  003516  48   3.1254 N  61  50.7567 W   6.8        2.5       11.5        4.4       19.8 
080728  003517  48   3.1235 N  61  50.7561 W   6.9        2.5       11.5        4.4       19.8 
080728  003518  48   3.1216 N  61  50.7555 W   6.9        2.5       11.5        4.4       19.8 
080728  003519  48   3.1197 N  61  50.7549 W   7.0        2.5       11.5        4.4       19.8 
080728  003520  48   3.1177 N  61  50.7544 W   7.0        2.5       11.5        4.4        1.3*
080728  003521  48   3.1156 N  61  50.7537 W   7.0        2.5       11.5        4.4        1.3 
080728  003522  48   3.1139 N  61  50.7531 W   7.0        2.5       11.5        4.4        1.3 
080728  003523  48   3.1120 N  61  50.7524 W   7.1        2.5       11.5        4.4        1.3 
080728  003524  48   3.1101 N  61  50.7518 W   7.1        2.5       11.5        4.4        1.3 
080728  003525  48   3.1083 N  61  50.7511 W   7.1        2.5       11.5        4.4        1.3 
080728  003526  48   3.1065 N  61  50.7503 W   7.1        2.5       11.5        4.4        1.3 
080728  003527  48   3.1045 N  61  50.7497 W   7.1        2.5       11.5        4.4        1.3 
080728  003528  48   3.1025 N  61  50.7490 W   7.1        2.5       11.5        4.4        1.3 
080728  003529  48   3.1006 N  61  50.7483 W   7.1        2.5       11.5        4.4        1.3 
080728  003530  48   3.0987 N  61  50.7476 W   7.1        2.5       11.5        4.4        1.3 
080728  003531  48   3.0968 N  61  50.7469 W   7.1        2.5       11.5       11.9*       1.3 
080728  003532  48   3.0950 N  61  50.7463 W   7.1        2.5       11.5       11.9        1.3 
080728  003533  48   3.0931 N  61  50.7457 W   7.1        2.3*      11.5       11.9        1.3 
080728  003534  48   3.0912 N  61  50.7450 W   7.1        2.3       11.5       11.9        1.3 
080728  003535  48   3.0893 N  61  50.7443 W   7.1        2.3       11.5       11.9        1.3 
080728  003536  48   3.0873 N  61  50.7436 W   7.1        2.3       11.5       11.9        1.3 
080728  003537  48   3.0855 N  61  50.7430 W   7.1        2.3       11.5       14.6*       1.3 
080728  003538  48   3.0836 N  61  50.7423 W   7.1        2.3       11.5       14.6        1.3 
080728  003539  48   3.0816 N  61  50.7415 W   7.1        2.3       11.5       14.6        1.3 
080728  003540  48   3.0797 N  61  50.7408 W   7.1        2.3       11.5       14.6        1.3 
080728  003541  48   3.0778 N  61  50.7401 W   7.1        2.3       11.5       14.6        1.3 
080728  003542  48   3.0760 N  61  50.7394 W   7.1        2.3       11.5       14.6        1.3 
080728  003543  48   3.0742 N  61  50.7385 W   7.1        2.3       11.5       14.6        1.3 
080728  003544  48   3.0723 N  61  50.7378 W   7.1        2.3       11.5       14.6        1.3 
080728  003545  48   3.0703 N  61  50.7371 W   7.1        2.3       11.5       14.6        1.3 
080728  003546  48   3.0684 N  61  50.7364 W   7.1        2.3       11.5       14.6        1.3 
080728  003547  48   3.0665 N  61  50.7355 W   7.0        2.3       11.5       15.8*       1.3 
080728  003548  48   3.0644 N  61  50.7347 W   7.1        2.3       11.5       15.8        1.3 
080728  003549  48   3.0625 N  61  50.7339 W   7.1        2.3       11.5       15.8        1.3 
080728  003550  48   3.0607 N  61  50.7331 W   7.0        2.3       11.5       15.8        1.3 
080728  003551  48   3.0587 N  61  50.7324 W   7.1        2.3       11.5       15.8        1.3 
080728  003552  48   3.0568 N  61  50.7315 W   7.1        2.3       11.5       15.8        1.3 
080728  003553  48   3.0549 N  61  50.7307 W   7.0        2.3       11.5       15.8        1.3 
080728  003554  48   3.0529 N  61  50.7300 W   7.1        2.3       11.5       15.8        1.3 
080728  003555  48   3.0510 N  61  50.7293 W   7.1        2.3       11.5       15.8        1.3 
080728  003556  48   3.0492 N  61  50.7285 W   7.0        2.3       11.5       15.8        1.3 
080728  003557  48   3.0474 N  61  50.7276 W   7.0        2.3       11.5       15.8        1.3 
080728  003558  48   3.0455 N  61  50.7269 W   7.0        2.3       11.5       15.8        1.3 
080728  003559  48   3.0435 N  61  50.7261 W   7.1        2.3       11.5       15.8        1.3 
080728  003600  48   3.0417 N  61  50.7253 W   7.0        2.3       11.5       15.8        1.3 
080728  003601  48   3.0398 N  61  50.7245 W   7.0        2.3       11.5       15.8        1.3 
080728  003602  48   3.0379 N  61  50.7237 W   7.0        2.3       11.5       15.8       85.8*
080728  003603  48   3.0360 N  61  50.7229 W   7.0        2.3       11.5       15.8       85.8 
080728  003604  48   3.0341 N  61  50.7221 W   7.0        2.3       11.5       15.8       85.8 
080728  003605  48   3.0321 N  61  50.7214 W   7.0        2.3       11.5       15.8       85.8 
080728  003606  48   3.0302 N  61  50.7206 W   7.0        2.3       11.5       15.8       85.8 
080728  003607  48   3.0284 N  61  50.7198 W   7.0        2.3       11.5       15.8       85.8 
080728  003608  48   3.0265 N  61  50.7191 W   7.0        2.3       11.5       15.8       85.8 
080728  003609  48   3.0247 N  61  50.7183 W   7.0        2.3       11.5       15.8       85.8 
080728  003610  48   3.0229 N  61  50.7175 W   7.0        2.3       11.5       15.8       85.8 
080728  003611  48   3.0211 N  61  50.7167 W   7.0        2.3       11.5       15.8       85.8 
080728  003612  48   3.0192 N  61  50.7161 W   7.0        2.3       11.5       15.8       67.7*
080728  003613  48   3.0173 N  61  50.7154 W   7.0        2.3       11.5       15.8       67.7 
080728  003614  48   3.0154 N  61  50.7146 W   7.0        2.3       11.5       15.8       67.7 
080728  003615  48   3.0135 N  61  50.7140 W   7.0        2.3       11.5       15.8       67.7 
080728  003616  48   3.0115 N  61  50.7134 W   7.1        2.3       11.5       15.8       67.7 
080728  003617  48   3.0097 N  61  50.7127 W   7.0        2.3       11.5       15.8       67.7 
080728  003618  48   3.0078 N  61  50.7121 W   7.1        2.3       11.5       15.8       67.7 
080728  003619  48   3.0059 N  61  50.7115 W   7.1        2.3       11.5       15.8       67.7 
080728  003620  48   3.0041 N  61  50.7110 W   7.0        2.3       11.5       15.8       67.7 
080728  003621  48   3.0021 N  61  50.7103 W   7.0        2.3       11.5       15.8       67.7 
080728  003622  48   3.0003 N  61  50.7097 W   7.0        2.3       11.5       15.8       67.7 
080728  003623  48   2.9984 N  61  50.7092 W   7.0        2.3       11.5       15.8       67.7 
080728  003624  48   2.9965 N  61  50.7087 W   7.0        2.3       11.5       15.8       67.7 
080728  003625  48   2.9948 N  61  50.7080 W   7.0        2.3       11.5       15.8       67.7 
080728  003626  48   2.9929 N  61  50.7074 W   7.0        2.3       11.5       15.8       67.7 
080728  003627  48   2.9911 N  61  50.7068 W   7.0        2.3       11.5       15.8       67.7 
080728  003628  48   2.9892 N  61  50.7063 W   7.0        2.3       11.5       15.8      442.1*
080728  003629  48   2.9874 N  61  50.7057 W   7.0        2.3       11.5       15.8      442.1 
080728  003630  48   2.9854 N  61  50.7053 W   7.0        2.3       11.5       15.8      442.1 
080728  003631  48   2.9836 N  61  50.7048 W   6.9        2.3       11.5       15.8      442.1 
080728  003632  48   2.9818 N  61  50.7042 W   6.9        2.3       11.5       15.8      442.1 
080728  003633  48   2.9799 N  61  50.7037 W   6.9        2.3       11.5        6.7*      28.6*
080728  003634  48   2.9781 N  61  50.7032 W   6.8        2.3       11.5        6.7       28.6 
080728  003635  48   2.9762 N  61  50.7028 W   6.7        2.3       11.5        6.7       28.6 
080728  003636  48   2.9743 N  61  50.7024 W   6.8        2.3       11.5        6.7       28.6 
080728  003637  48   2.9724 N  61  50.7020 W   6.7        2.3       11.5        6.7       28.6 
080728  003638  48   2.9706 N  61  50.7015 W   6.7       10.3*      11.5        6.0*      36.9*
080728  003639  48   2.9687 N  61  50.7011 W   6.7       10.3       11.5        6.0       36.9 
080728  003640  48   2.9669 N  61  50.7007 W   6.7       10.3       11.5        6.0       36.9 
080728  003641  48   2.9651 N  61  50.7004 W   6.6       10.3       11.5        6.0       36.9 
080728  003642  48   2.9633 N  61  50.6999 W   6.6       10.3       11.5        6.0       36.9 
080728  003643  48   2.9615 N  61  50.6995 W   6.6       10.3       11.5        6.0       36.9 
080728  003644  48   2.9597 N  61  50.6991 W   6.5       10.3       11.5        6.0       36.9 
080728  003645  48   2.9580 N  61  50.6988 W   6.5       10.3       11.5        6.0       36.9 
080728  003646  48   2.9564 N  61  50.6983 W   6.4       10.3       11.5        6.0       36.9 
080728  003647  48   2.9546 N  61  50.6978 W   6.4       10.3       11.5        6.0       36.9 
080728  003648  48   2.9530 N  61  50.6974 W   6.3       10.3       11.5        3.6*      36.9 
080728  003649  48   2.9515 N  61  50.6970 W   6.2       10.3       11.5        3.6      299.6*
080728  003650  48   2.9499 N  61  50.6964 W   6.2       10.3       11.5        3.6      299.6 
080728  003651  48   2.9482 N  61  50.6959 W   6.2       10.3       11.5        3.6      299.6 
080728  003652  48   2.9466 N  61  50.6955 W   6.1       10.3       11.5        3.6      299.6 
080728  003653  48   2.9450 N  61  50.6951 W   6.0       10.3       11.5        3.6      299.6 
080728  003654  48   2.9435 N  61  50.6946 W   6.0       10.3       11.5        3.6      299.6 
080728  003655  48   2.9418 N  61  50.6941 W   6.0       10.3       11.5        3.6      299.6 
080728  003656  48   2.9402 N  61  50.6938 W   6.0       10.3       11.5        3.6      299.6 
080728  003657  48   2.9387 N  61  50.6935 W   5.9       10.3       11.5        3.6      299.6 
080728  003658  48   2.9372 N  61  50.6930 W   5.8       10.3       11.5        3.6      299.6 
080728  003659  48   2.9355 N  61  50.6925 W   5.9       10.3       11.5        3.6      299.6 
080728  003700  48   2.9340 N  61  50.6922 W   5.8       10.3       11.5        3.6      299.6 
080728  003701  48   2.9326 N  61  50.6917 W   5.7       10.3       11.5        3.6      299.6 
080728  003702  48   2.9310 N  61  50.6912 W   5.7       10.3       11.5        3.6      299.6 
080728  003703  48   2.9294 N  61  50.6908 W   5.8       10.3       11.5        3.6      299.6 
080728  003704  48   2.9278 N  61  50.6904 W   5.8       10.3       11.5        7.1*     299.6 
080728  003705  48   2.9264 N  61  50.6900 W   5.7       10.3       11.5        7.1       33.9*
080728  003706  48   2.9248 N  61  50.6894 W   5.7       10.3       11.5        7.1       33.9 
080728  003707  48   2.9232 N  61  50.6889 W   5.7       10.3       11.5        7.1       33.9 
080728  003708  48   2.9217 N  61  50.6886 W   5.7       10.3       11.5        7.1       33.9 
080728  003709  48   2.9201 N  61  50.6882 W   5.7        2.4*      11.5       10.2*      33.9 
080728  003710  48   2.9186 N  61  50.6878 W   5.7        2.4       11.5       10.2       36.9*
080728  003711  48   2.9171 N  61  50.6873 W   5.7        2.4       11.5       10.2       36.9 
080728  003712  48   2.9155 N  61  50.6868 W   5.7        2.4       11.5       10.2       36.9 
080728  003713  48   2.9139 N  61  50.6864 W   5.7        2.4       11.5       10.2       36.9 
080728  003714  48   2.9123 N  61  50.6860 W   5.7        2.4       11.5        4.0*      36.9 
080728  003715  48   2.9108 N  61  50.6856 W   5.7        2.4       11.5        4.0       36.9 
080728  003716  48   2.9093 N  61  50.6851 W   5.7        2.4       11.5        4.0       26.0*
080728  003717  48   2.9076 N  61  50.6846 W   5.7        2.4       11.5        4.0       26.0 
080728  003718  48   2.9062 N  61  50.6842 W   5.7        2.4       11.5        4.0       26.0 
080728  003719  48   2.9048 N  61  50.6838 W   5.6        2.4       11.5        4.0       26.0 
080728  003720  48   2.9032 N  61  50.6834 W   5.6        2.4       11.5       16.8*      26.0 
080728  003721  48   2.9019 N  61  50.6830 W   5.5        2.4       11.5       16.8      150.9*
080728  003722  48   2.9009 N  61  50.6826 W   5.2        2.4       11.5       16.8      150.9 
080728  003723  48   2.8997 N  61  50.6822 W   5.1        2.4       11.5       16.8      150.9 
080728  003724  48   2.8984 N  61  50.6819 W   5.0        2.4       11.5       16.8      150.9 
080728  003725  48   2.8974 N  61  50.6815 W   4.7        2.4       11.5        0.1*     150.9 
080728  003726  48   2.8966 N  61  50.6811 W   4.5        2.4       11.5        0.1      150.9 
080728  003727  48   2.8956 N  61  50.6808 W   4.3        2.4       11.5        0.1      150.9 
080728  003728  48   2.8947 N  61  50.6804 W   4.1        2.4       11.5        0.1      150.9 
080728  003729  48   2.8940 N  61  50.6801 W   3.9        2.4       11.5        0.1      150.9 
080728  003730  48   2.8933 N  61  50.6798 W   3.6        2.4       11.5        0.1      150.9 
080728  003731  48   2.8925 N  61  50.6794 W   3.5        2.4       11.5        0.1        7.0*
080728  003732  48   2.8918 N  61  50.6792 W   3.4        2.4       11.5        0.1        7.0 
080728  003733  48   2.8912 N  61  50.6790 W   3.2        2.4       11.9*       0.1        7.0 
080728  003734  48   2.8906 N  61  50.6786 W   3.0        2.4       11.9        0.1        7.0 
080728  003735  48   2.8900 N  61  50.6782 W   2.9        2.4       11.9        7.9*       7.0 
080728  003736  48   2.8894 N  61  50.6780 W   2.8        2.4       11.9        7.9        7.0 
080728  003737  48   2.8890 N  61  50.6778 W   2.6        2.4       11.9        7.9       44.4*
080728  003738  48   2.8885 N  61  50.6775 W   2.5        2.4       11.9        7.9       44.4 
080728  003739  48   2.8880 N  61  50.6771 W   2.4        2.4       11.9        7.9       44.4 
080728  003740  48   2.8875 N  61  50.6768 W   2.4        2.4       11.9        7.9       44.4 
080728  003741  48   2.8871 N  61  50.6766 W   2.2        2.4       11.9        9.1*      44.4 
080728  003742  48   2.8867 N  61  50.6764 W   2.1        2.4       11.9        9.1       73.0*
080728  003743  48   2.8862 N  61  50.6760 W   2.1        2.4       11.9        9.1       73.0 
080728  003744  48   2.8857 N  61  50.6757 W   2.1        2.4       11.9        9.1       73.0 
080728  003745  48   2.8854 N  61  50.6755 W   2.0        2.4        9.6*       9.1       73.0 
080728  003746  48   2.8851 N  61  50.6751 W   1.9        2.4        9.6       10.7*      73.0 
080728  003747  48   2.8846 N  61  50.6748 W   1.9        2.4        9.6       10.7        0.4*
080728  003748  48   2.8842 N  61  50.6746 W   1.8        2.4        9.6       10.7        0.4 
080728  003749  48   2.8839 N  61  50.6744 W   1.7        2.4        9.6       10.7        0.4 
080728  003750  48   2.8836 N  61  50.6741 W   1.7        2.4        9.6       10.7        0.4 
080728  003751  48   2.8832 N  61  50.6738 W   1.7        2.4        9.6        3.4*       0.4 
080728  003752  48   2.8828 N  61  50.6735 W   1.7        2.4        9.6        3.4        0.4 
080728  003753  48   2.8825 N  61  50.6733 W   1.6        2.4        9.6        3.4       38.7*
080728  003754  48   2.8821 N  61  50.6731 W   1.6        2.4        9.6        3.4       38.7 
080728  003755  48   2.8818 N  61  50.6728 W   1.6        2.4        9.6        3.4       38.7 
080728  003756  48   2.8814 N  61  50.6725 W   1.5        2.4        9.6        6.8*      38.7 
080728  003757  48   2.8811 N  61  50.6723 W   1.5        2.4       11.9*       6.8       38.7 
080728  003758  48   2.8807 N  61  50.6721 W   1.5        2.4       11.9        6.8       43.5*
080728  003759  48   2.8804 N  61  50.6718 W   1.5        2.4       11.9        6.8       43.5 
080728  003800  48   2.8800 N  61  50.6714 W   1.5        2.4       11.9        6.8       43.5 
080728  003801  48   2.8797 N  61  50.6711 W   1.5        2.4       11.9        6.8       43.5 
080728  003802  48   2.8793 N  61  50.6708 W   1.5        2.4       11.9        5.7*      43.5 
080728  003803  48   2.8789 N  61  50.6705 W   1.5        2.4       11.9        5.7       45.3*
080728  003804  48   2.8785 N  61  50.6702 W   1.5        2.4       11.9        5.7       45.3 
080728  003805  48   2.8781 N  61  50.6699 W   1.6        2.4       11.9        5.7       45.3 
080728  003806  48   2.8777 N  61  50.6696 W   1.6        2.4       11.9        5.7       45.3 
080728  003807  48   2.8773 N  61  50.6692 W   1.6        2.4       11.9        6.1*      45.3 
080728  003808  48   2.8769 N  61  50.6688 W   1.6        2.4       11.9        6.1       45.3 
080728  003809  48   2.8765 N  61  50.6687 W   1.7        2.4       11.9        6.1       44.9*
080728  003810  48   2.8761 N  61  50.6684 W   1.7        2.4       11.9        6.1       44.9 
080728  003811  48   2.8757 N  61  50.6680 W   1.7        2.4       11.9        6.1       44.9 
080728  003812  48   2.8753 N  61  50.6675 W   1.7        2.4       11.9        6.0*      44.9 
080728  003813  48   2.8749 N  61  50.6673 W   1.8        2.4       11.9        6.0       44.9 
080728  003814  48   2.8744 N  61  50.6671 W   1.8        2.4       11.9        6.0       50.1*
080728  003815  48   2.8740 N  61  50.6668 W   1.8        2.4       11.9        6.0       50.1 
080728  003816  48   2.8735 N  61  50.6664 W   1.8        2.4       11.9        6.0       50.1 
080728  003817  48   2.8731 N  61  50.6660 W   1.8        2.4       11.9        5.6*      50.1 
080728  003818  48   2.8726 N  61  50.6655 W   1.9        2.4       11.9        5.6       50.1 
080728  003819  48   2.8721 N  61  50.6652 W   1.9        2.4       11.9        5.6       52.3*
080728  003820  48   2.8717 N  61  50.6649 W   1.9        2.4       11.9        5.6       52.3 
080728  003821  48   2.8712 N  61  50.6645 W   1.9        2.4       11.9        5.6       52.3 
080728  003822  48   2.8707 N  61  50.6641 W   1.9        2.4       11.9        5.6       52.3 
080728  003823  48   2.8702 N  61  50.6637 W   2.0        2.4       11.9        4.9*      52.3 
080728  003824  48   2.8697 N  61  50.6634 W   1.9        2.4       11.9        4.9       52.3 
080728  003825  48   2.8692 N  61  50.6632 W   1.9        2.4       11.9        4.9       56.7*
080728  003826  48   2.8686 N  61  50.6627 W   2.0        2.4       11.9        4.9       56.7 
080728  003827  48   2.8681 N  61  50.6623 W   2.1        2.4       11.9        4.9       56.7 
080728  003828  48   2.8677 N  61  50.6620 W   2.0        2.4       11.9        5.5*      56.7 
080728  003829  48   2.8671 N  61  50.6617 W   2.0        2.4       11.9        5.5       56.7 
080728  003830  48   2.8665 N  61  50.6613 W   2.1        2.4       11.9        5.5       58.1*
080728  003831  48   2.8660 N  61  50.6608 W   2.1        2.4       11.9        5.5       58.1 
080728  003832  48   2.8655 N  61  50.6605 W   2.1        2.4       11.9        5.5       58.1 
080728  003833  48   2.8650 N  61  50.6602 W   2.1        2.4       11.9        5.6*      58.1 
080728  003834  48   2.8644 N  61  50.6598 W   2.1        2.4       11.9        5.6       58.1 
080728  003835  48   2.8638 N  61  50.6595 W   2.1        2.4       11.9        5.6       60.3*
080728  003836  48   2.8633 N  61  50.6591 W   2.1        2.4       11.9        5.6       60.3 
080728  003837  48   2.8627 N  61  50.6587 W   2.1        2.4       11.9        5.6       60.3 
080728  003838  48   2.8622 N  61  50.6583 W   2.1        2.4       11.9        6.0*      60.3 
080728  003839  48   2.8616 N  61  50.6579 W   2.1        2.4        2.5*       6.0       60.3 
080728  003840  48   2.8610 N  61  50.6575 W   2.1        2.4        2.5        6.0       60.3 
080728  003841  48   2.8604 N  61  50.6571 W   2.1        2.4        2.5        6.0       63.3*
080728  003842  48   2.8599 N  61  50.6567 W   2.2        2.4        2.5        6.0       63.3 
080728  003843  48   2.8593 N  61  50.6562 W   2.1        2.4        2.5        6.0       63.3 
080728  003844  48   2.8588 N  61  50.6558 W   2.1        2.4        2.5        5.7*      63.3 
080728  003845  48   2.8581 N  61  50.6555 W   2.2        2.4        2.5        5.7       63.3 
080728  003846  48   2.8575 N  61  50.6551 W   2.2       11.9*       2.5        5.7       64.7*
080728  003847  48   2.8570 N  61  50.6546 W   2.2       11.9        2.5        5.7       64.7 
080728  003848  48   2.8564 N  61  50.6541 W   2.2       11.9        2.5        5.7       64.7 
080728  003849  48   2.8557 N  61  50.6537 W   2.2       11.9        2.5        5.7*      64.7 
080728  003850  48   2.8551 N  61  50.6533 W   2.3       11.9        2.5        5.7       64.7 
080728  003851  48   2.8547 N  61  50.6528 W   2.2       11.9        2.5        5.7       65.1*
080728  003852  48   2.8543 N  61  50.6523 W   2.2       11.9        2.7*       5.7       65.1 
080728  003853  48   2.8537 N  61  50.6517 W   2.2       11.9        2.7        5.7       65.1 
080728  003854  48   2.8531 N  61  50.6514 W   2.2       11.9        2.7        6.7*      65.1 
080728  003855  48   2.8527 N  61  50.6509 W   2.1       11.9        2.7        6.7       65.1 
080728  003856  48   2.8523 N  61  50.6502 W   2.1       11.9        2.7        6.7       65.1 
080728  003857  48   2.8517 N  61  50.6497 W   2.2       11.9        2.7        6.7       67.7*
080728  003858  48   2.8513 N  61  50.6492 W   2.1       11.9        2.7        6.7       67.7 
080728  003859  48   2.8508 N  61  50.6487 W   2.1       11.9        2.7        6.3*      67.7 
080728  003900  48   2.8503 N  61  50.6483 W   2.1        6.5*       2.7        6.3       67.7 
080728  003901  48   2.8498 N  61  50.6477 W   2.1        6.5        2.7        6.3       67.7 
080728  003902  48   2.8493 N  61  50.6472 W   2.1        6.5        2.7        6.3       69.1*
080728  003903  48   2.8488 N  61  50.6468 W   2.1        6.5        2.7        6.3       69.1 
080728  003904  48   2.8483 N  61  50.6464 W   2.1        6.5        2.7        6.3       69.1 
080728  003905  48   2.8478 N  61  50.6457 W   2.1        6.5        2.7        6.7*      69.1 
080728  003906  48   2.8473 N  61  50.6451 W   2.1        6.5        2.7        6.7       69.1 
080728  003907  48   2.8468 N  61  50.6447 W   2.1        6.5        2.7        6.7       70.8*
080728  003908  48   2.8463 N  61  50.6443 W   2.1        6.5        2.7        6.7       70.8 
080728  003909  48   2.8459 N  61  50.6438 W   2.1        6.5        2.7        6.7       70.8 
080728  003910  48   2.8455 N  61  50.6433 W   2.0        6.5        2.7        7.1*      70.8 
080728  003911  48   2.8450 N  61  50.6428 W   2.0        6.5        2.7        7.1       70.8 
080728  003912  48   2.8444 N  61  50.6423 W   2.1        6.5        2.7        7.1       70.8 
080728  003913  48   2.8440 N  61  50.6419 W   2.0        6.5        2.7        7.1       71.3*
080728  003914  48   2.8435 N  61  50.6414 W   2.0        6.5        2.7        7.1       71.3 
080728  003915  48   2.8429 N  61  50.6409 W   2.1        6.5        2.7        7.2*      71.3 
080728  003916  48   2.8425 N  61  50.6404 W   2.0        6.5        2.7        7.2       71.3 
080728  003917  48   2.8421 N  61  50.6399 W   2.0        6.5        2.7        7.2       71.3 
080728  003918  48   2.8415 N  61  50.6394 W   2.1        6.5        2.7        7.2       73.0*
080728  003919  48   2.8409 N  61  50.6389 W   2.1        6.5        2.7        7.2       73.0 
080728  003920  48   2.8404 N  61  50.6385 W   2.1        6.5        2.7        7.8*      73.0 
080728  003921  48   2.8400 N  61  50.6379 W   2.1        6.5        2.7        7.8       73.0 
080728  003922  48   2.8395 N  61  50.6374 W   2.1        6.5        2.7        7.8       73.0 
080728  003923  48   2.8389 N  61  50.6369 W   2.1        6.5        2.7        7.8       73.0 
080728  003924  48   2.8385 N  61  50.6365 W   2.1        6.5        2.7        7.8       72.6*
080728  003925  48   2.8381 N  61  50.6361 W   2.0        6.5        2.7        7.8       72.6 
080728  003926  48   2.8376 N  61  50.6356 W   2.1        6.5        2.7        8.0*      72.6 
080728  003927  48   2.8371 N  61  50.6351 W   2.1        6.5        2.7        8.0       72.6 
080728  003928  48   2.8368 N  61  50.6347 W   2.0        6.5        2.7        8.0       72.6 
080728  003929  48   2.8363 N  61  50.6343 W   2.1        6.5        2.7        8.0       72.6 
080728  003930  48   2.8358 N  61  50.6338 W   2.1        6.5        2.7        8.0       72.6 
080728  003931  48   2.8354 N  61  50.6334 W   2.1        6.5        2.7        7.9*      72.6 
080728  003932  48   2.8350 N  61  50.6329 W   2.0        6.5        2.7        7.9       72.6 
080728  003933  48   2.8345 N  61  50.6324 W   2.1        6.5        2.7        7.9       72.6 
080728  003934  48   2.8340 N  61  50.6320 W   2.1        6.5        2.7        7.9       72.6 
080728  003935  48   2.8336 N  61  50.6316 W   2.0        6.5        2.7        7.9       72.6 
080728  003936  48   2.8332 N  61  50.6311 W   2.0        6.5        2.7        8.6*      72.6 
080728  003937  48   2.8326 N  61  50.6305 W   2.1        6.5        2.7        8.6       72.6 
080728  003938  48   2.8321 N  61  50.6300 W   2.1        6.5        2.7        8.6       72.6 
080728  003939  48   2.8318 N  61  50.6296 W   2.0        6.5        2.7        8.6       72.6 
080728  003940  48   2.8313 N  61  50.6290 W   2.0        6.5        2.7        8.6       75.2*
080728  003941  48   2.8307 N  61  50.6285 W   2.1        6.5        2.7        8.6       75.2 
080728  003942  48   2.8303 N  61  50.6280 W   2.1        6.5        2.7        8.4*      75.2 
080728  003943  48   2.8299 N  61  50.6276 W   2.0        6.5        2.7        8.4       75.2 
080728  003944  48   2.8294 N  61  50.6270 W   2.0        6.5        2.7        8.4       75.2 
080728  003945  48   2.8289 N  61  50.6265 W   2.1        6.5        2.7        8.4       72.1*
080728  003946  48   2.8284 N  61  50.6261 W   2.1        6.5        2.7        8.4       72.1 
080728  003947  48   2.8279 N  61  50.6256 W   2.1        6.5        2.7        8.9*      72.1 
080728  003948  48   2.8274 N  61  50.6250 W   2.1        6.5        2.7        8.9       72.1 
080728  003949  48   2.8269 N  61  50.6244 W   2.1        6.5        2.7        8.9       72.1 
080728  003950  48   2.8263 N  61  50.6238 W   2.1        6.5        2.7        8.9       70.8*
080728  003951  48   2.8259 N  61  50.6234 W   2.1        6.5        2.7        8.9       70.8 
080728  003952  48   2.8253 N  61  50.6230 W   2.1        6.5        2.7        8.6*      70.8 
080728  003953  48   2.8248 N  61  50.6224 W   2.1        6.5        2.7        8.6       70.8 
080728  003954  48   2.8243 N  61  50.6220 W   2.1        6.5        2.7        8.6       70.8 
080728  003955  48   2.8238 N  61  50.6215 W   2.1        6.5        2.7        8.6       70.8 
080728  003956  48   2.8232 N  61  50.6210 W   2.1        6.5        2.7        8.6       72.6*
080728  003957  48   2.8227 N  61  50.6206 W   2.1        6.5        2.7        9.3*      72.6 
080728  003958  48   2.8222 N  61  50.6201 W   2.1        6.5        2.7        9.3       72.6 
080728  003959  48   2.8217 N  61  50.6195 W   2.1        6.5        2.7        9.3       72.6 
080728  004000  48   2.8212 N  61  50.6190 W   2.1        6.5        2.7        9.3       72.6 
080728  004001  48   2.8206 N  61  50.6185 W   2.2        6.5        2.7        9.3       74.3*
080728  004002  48   2.8201 N  61  50.6180 W   2.2        6.5        2.7        9.3       74.3 
080728  004003  48   2.8196 N  61  50.6175 W   2.1        6.5        2.7        8.7*      74.3 
080728  004004  48   2.8191 N  61  50.6170 W   2.1        6.5        2.7        8.7       74.3 
080728  004005  48   2.8186 N  61  50.6164 W   2.2        6.5        2.7        8.7       74.3 
080728  004006  48   2.8181 N  61  50.6159 W   2.2        6.5        2.7        8.7       72.6*
080728  004007  48   2.8177 N  61  50.6155 W   2.1        6.5        2.7        8.7       72.6 
080728  004008  48   2.8172 N  61  50.6150 W   2.1        6.5        2.7        8.9*      72.6 
080728  004009  48   2.8167 N  61  50.6144 W   2.2        6.5        2.7        8.9       72.6 
080728  004010  48   2.8162 N  61  50.6139 W   2.2        6.5        2.7        8.9       72.6 
080728  004011  48   2.8157 N  61  50.6134 W   2.1        6.5        2.7        8.9       72.6 
080728  004012  48   2.8152 N  61  50.6129 W   2.1        6.5        2.7        8.9       72.6*
080728  004013  48   2.8147 N  61  50.6124 W   2.1        6.5        2.7        9.6*      72.6 
080728  004014  48   2.8142 N  61  50.6118 W   2.1        6.5        2.7        9.6       72.6 
080728  004015  48   2.8137 N  61  50.6113 W   2.1        6.5        2.7        9.6       72.6 
080728  004016  48   2.8133 N  61  50.6107 W   2.2        6.5        2.7        9.6       72.6 
080728  004017  48   2.8127 N  61  50.6101 W   2.2        6.5        2.7        9.6       73.9*
080728  004018  48   2.8123 N  61  50.6097 W   2.2        6.5        2.7        9.6       73.9 
080728  004019  48   2.8117 N  61  50.6091 W   2.2        6.5        2.7        8.5*      73.9 
080728  004020  48   2.8112 N  61  50.6085 W   2.2        6.5        2.7        8.5       73.9 
080728  004021  48   2.8107 N  61  50.6080 W   2.2        6.5        2.7        8.5       73.9 
080728  004022  48   2.8103 N  61  50.6075 W   2.1        6.5        2.7        8.5       73.9 
080728  004023  48   2.8097 N  61  50.6069 W   2.2        6.5        2.7        8.5       72.1*
080728  004024  48   2.8091 N  61  50.6064 W   2.2        6.5        9.7*       9.4*      72.1 
080728  004025  48   2.8087 N  61  50.6058 W   2.2        6.5        9.7        9.4       72.1 
080728  004026  48   2.8083 N  61  50.6053 W   2.2        6.5        9.7        9.4       72.1 
080728  004027  48   2.8077 N  61  50.6047 W   2.2        6.5        9.7        9.4       72.1 
080728  004028  48   2.8071 N  61  50.6042 W   2.2        6.5        9.7        9.4       71.7*
080728  004029  48   2.8066 N  61  50.6035 W   2.2        6.5        9.7        9.0*      71.7 
080728  004030  48   2.8061 N  61  50.6030 W   2.2        6.5        9.7        9.0       71.7 
080728  004031  48   2.8056 N  61  50.6024 W   2.2        6.5        9.7        9.0       71.7 
080728  004032  48   2.8051 N  61  50.6017 W   2.2        6.5        9.7        9.0       71.7 
080728  004033  48   2.8047 N  61  50.6012 W   2.2        6.5        9.7        9.0       73.0*
080728  004034  48   2.8041 N  61  50.6006 W   2.2        6.5        9.7        9.4*      73.0 
080728  004035  48   2.8036 N  61  50.6001 W   2.2        6.5        9.7        9.4       73.0 
080728  004036  48   2.8031 N  61  50.5995 W   2.2        6.5       11.6*       9.4       73.0 
080728  004037  48   2.8026 N  61  50.5990 W   2.2        6.5       11.6        9.4       73.0 
080728  004038  48   2.8022 N  61  50.5985 W   2.1        6.5       11.6        9.4       73.0 
080728  004039  48   2.8016 N  61  50.5979 W   2.2        6.5       11.6        9.4       71.3*
080728  004040  48   2.8011 N  61  50.5973 W   2.2        6.5       11.6        8.7*      71.3 
080728  004041  48   2.8007 N  61  50.5969 W   2.1        6.5       11.6        8.7       71.3 
080728  004042  48   2.8001 N  61  50.5963 W   2.2        6.5       11.6        8.7       71.3 
080728  004043  48   2.7996 N  61  50.5957 W   2.2        6.5       11.6        8.7       71.3 
080728  004044  48   2.7992 N  61  50.5952 W   2.2        6.5       11.6        8.7       73.9*
080728  004045  48   2.7987 N  61  50.5947 W   2.2        6.5       11.6        9.2*      73.9 
080728  004046  48   2.7982 N  61  50.5942 W   2.2        6.5       11.6        9.2       73.9 
080728  004047  48   2.7977 N  61  50.5936 W   2.2        6.5       11.6        9.2       73.9 
080728  004048  48   2.7972 N  61  50.5931 W   2.2        6.5       11.6        9.2       73.9 
080728  004049  48   2.7967 N  61  50.5926 W   2.1        6.5       11.6        9.2       70.8*
080728  004050  48   2.7962 N  61  50.5920 W   2.2        6.5       11.6        8.5*      70.8 
080728  004051  48   2.7957 N  61  50.5915 W   2.2        6.5       11.6        8.5       70.8 
080728  004052  48   2.7953 N  61  50.5909 W   2.1        6.5       11.6        8.5       70.8 
080728  004053  48   2.7948 N  61  50.5902 W   2.2        6.5       11.6        8.5       70.8 
080728  004054  48   2.7942 N  61  50.5897 W   2.2        6.5       11.6        8.5       70.8 
080728  004055  48   2.7937 N  61  50.5892 W   2.2        6.5       11.6        8.5       72.6*
080728  004056  48   2.7933 N  61  50.5885 W   2.1        6.5       11.6        8.6*      72.6 
080728  004057  48   2.7929 N  61  50.5878 W   2.2        6.5       11.6        8.6       72.6 
080728  004058  48   2.7924 N  61  50.5873 W   2.2        6.5       11.6        8.6       72.6 
080728  004059  48   2.7919 N  61  50.5868 W   2.2        6.5       11.6        8.6       72.6 
080728  004100  48   2.7914 N  61  50.5862 W   2.1        6.5       11.6        8.6       71.7*
080728  004101  48   2.7911 N  61  50.5855 W   2.1        6.5       11.6        8.9*      71.7 
080728  004102  48   2.7907 N  61  50.5848 W   2.1        6.5       11.6        8.9       71.7 
080728  004103  48   2.7902 N  61  50.5843 W   2.1        6.5       11.6        8.9       71.7 
080728  004104  48   2.7896 N  61  50.5838 W   2.1        6.5       11.6        8.9       71.7 
080728  004105  48   2.7891 N  61  50.5832 W   2.1        6.5       11.6        8.9       71.7 
080728  004106  48   2.7888 N  61  50.5825 W   2.1        6.5        2.3*       7.9*      72.1*
080728  004107  48   2.7884 N  61  50.5818 W   2.1        6.5        2.3        7.9       72.1 
080728  004108  48   2.7879 N  61  50.5814 W   2.1        6.5        2.3        7.9       72.1 
080728  004109  48   2.7873 N  61  50.5808 W   2.1        6.5        2.3        7.9       72.1 
080728  004110  48   2.7870 N  61  50.5802 W   2.1        6.5        2.3        7.9       72.1 
080728  004111  48   2.7866 N  61  50.5795 W   2.1        6.5        2.3        7.9       73.0*
080728  004112  48   2.7862 N  61  50.5789 W   2.1        6.5        2.3       10.9*      73.0 
080728  004113  48   2.7858 N  61  50.5784 W   2.1        2.4*       2.3       10.9       73.0 
080728  004114  48   2.7853 N  61  50.5778 W   2.1        2.4        2.3       10.9       73.0 
080728  004115  48   2.7850 N  61  50.5772 W   2.1        2.4        2.3       10.9       73.0 
080728  004116  48   2.7847 N  61  50.5766 W   2.0        2.4        2.3       10.9       74.8*
080728  004117  48   2.7843 N  61  50.5759 W   2.1        2.4        2.3        7.2*      74.8 
080728  004118  48   2.7839 N  61  50.5752 W   2.1        2.4        2.3        7.2       74.8 
080728  004119  48   2.7834 N  61  50.5748 W   2.1        2.4        2.3        7.2       74.8 
080728  004120  48   2.7830 N  61  50.5742 W   2.1        2.4        2.3        7.2       74.8 
080728  004121  48   2.7827 N  61  50.5734 W   2.1        2.4        2.3        7.2       74.8 
080728  004122  48   2.7823 N  61  50.5728 W   2.1        2.4        2.3        8.7*      70.8*
080728  004123  48   2.7819 N  61  50.5723 W   2.1        2.4        2.3        8.7       70.8 
080728  004124  48   2.7815 N  61  50.5717 W   2.1        2.4        2.3        8.7       70.8 
080728  004125  48   2.7811 N  61  50.5712 W   2.1        2.4        2.3        8.7       70.8 
080728  004126  48   2.7806 N  61  50.5706 W   2.1        2.4        2.3        8.7       70.8 
080728  004127  48   2.7802 N  61  50.5699 W   2.1        2.4        2.3        8.5*      70.8*
080728  004128  48   2.7799 N  61  50.5694 W   2.1        2.4        2.3        8.5       70.8 
080728  004129  48   2.7794 N  61  50.5688 W   2.1        2.4        2.3        8.5       70.8 
080728  004130  48   2.7789 N  61  50.5682 W   2.1        2.4        2.3        8.5       70.8 
080728  004131  48   2.7785 N  61  50.5677 W   2.1        2.4        2.3        8.5       70.8 
080728  004132  48   2.7781 N  61  50.5670 W   2.1        2.4        2.3        8.5       73.5*
080728  004133  48   2.7777 N  61  50.5664 W   2.1        2.4        2.3        9.2*      73.5 
080728  004134  48   2.7773 N  61  50.5657 W   2.1        2.4        2.3        9.2       73.5 
080728  004135  48   2.7767 N  61  50.5652 W   2.2        2.4        2.3        9.2       73.5 
080728  004136  48   2.7763 N  61  50.5647 W   2.1        2.4        2.3        9.2       73.5 
080728  004137  48   2.7760 N  61  50.5641 W   2.1        2.4        2.3        9.2       73.5 
080728  004138  48   2.7756 N  61  50.5634 W   2.1        2.4        2.3        9.5*      70.4*
080728  004139  48   2.7751 N  61  50.5629 W   2.1        2.4        2.3        9.5       70.4 
080728  004140  48   2.7746 N  61  50.5624 W   2.1        2.4        2.3        9.5       70.4 
080728  004141  48   2.7742 N  61  50.5619 W   2.1        2.4        2.3        9.5       70.4 
080728  004142  48   2.7740 N  61  50.5612 W   2.0        2.4        2.3        9.5       70.4 
080728  004143  48   2.7736 N  61  50.5605 W   2.1        2.4        2.3       12.2*      73.5*
080728  004144  48   2.7730 N  61  50.5601 W   2.1        2.4        2.3       12.2       73.5 
080728  004145  48   2.7727 N  61  50.5597 W   2.0        2.4        2.3       12.2       73.5 
080728  004146  48   2.7723 N  61  50.5591 W   2.0        2.4        2.3       12.2       73.5 
080728  004147  48   2.7719 N  61  50.5585 W   2.0        2.4        2.3       12.2       73.5 
080728  004148  48   2.7714 N  61  50.5580 W   2.0        2.4        2.3        4.5*      73.5 
080728  004149  48   2.7710 N  61  50.5576 W   2.0        2.4        2.3        4.5       72.1*
080728  004150  48   2.7707 N  61  50.5570 W   2.0        2.4        2.3        4.5       72.1 
080728  004151  48   2.7702 N  61  50.5565 W   2.0        2.4        2.3        4.5       72.1 
080728  004152  48   2.7697 N  61  50.5559 W   2.0        2.4        2.3        4.5       72.1 
080728  004153  48   2.7693 N  61  50.5555 W   2.0        2.4        2.3        4.5       72.1 
080728  004154  48   2.7690 N  61  50.5550 W   1.9        2.4        2.3        8.5*      73.0*
080728  004155  48   2.7685 N  61  50.5544 W   2.0        2.4        2.3        8.5       73.0 
080728  004156  48   2.7680 N  61  50.5539 W   2.0        2.4        2.3        8.5       73.0 
080728  004157  48   2.7676 N  61  50.5535 W   2.0        2.4        2.3        8.5       73.0 
080728  004158  48   2.7672 N  61  50.5530 W   2.0        2.4        2.3        8.5       73.0 
080728  004159  48   2.7668 N  61  50.5524 W   2.0        2.4        2.3        8.8*      73.0*
080728  004200  48   2.7664 N  61  50.5519 W   1.9        2.4        2.3        8.8       73.0 
080728  004201  48   2.7659 N  61  50.5515 W   2.0        2.4        2.3        8.8       73.0 
080728  004202  48   2.7654 N  61  50.5511 W   2.0        2.4        2.3        8.8       73.0 
080728  004203  48   2.7650 N  61  50.5506 W   1.9        2.4        2.3        8.8       73.0 
080728  004204  48   2.7646 N  61  50.5501 W   2.0        2.4        2.3        8.7*      73.0 
080728  004205  48   2.7641 N  61  50.5497 W   2.0        2.4        2.3        8.7       69.9*
080728  004206  48   2.7635 N  61  50.5493 W   2.0        3.6*       2.3        8.7       69.9 
080728  004207  48   2.7631 N  61  50.5488 W   2.0        3.6        2.3        8.7       69.9 
080728  004208  48   2.7627 N  61  50.5482 W   2.0        3.6        2.3        8.7       69.9 
080728  004209  48   2.7622 N  61  50.5478 W   2.0        3.6        2.3        8.7       69.9 
080728  004210  48   2.7617 N  61  50.5475 W   2.0        3.6        2.3        8.6*      75.2*
080728  004211  48   2.7612 N  61  50.5470 W   2.0        3.6        2.3        8.6       75.2 
080728  004212  48   2.7608 N  61  50.5464 W   2.0        3.6        2.3        8.6       75.2 
080728  004213  48   2.7603 N  61  50.5459 W   2.0        2.1*       2.3        8.6       75.2 
080728  004214  48   2.7597 N  61  50.5456 W   2.1        2.1        2.3        8.6       75.2 
080728  004215  48   2.7593 N  61  50.5451 W   2.0        2.1        2.3        8.6*      73.9*
080728  004216  48   2.7588 N  61  50.5445 W   2.0        2.1        2.3        8.6       73.9 
080728  004217  48   2.7583 N  61  50.5440 W   2.1        2.1        2.3        8.6       73.9 
080728  004218  48   2.7578 N  61  50.5436 W   2.1        2.1        2.3        8.6       73.9 
080728  004219  48   2.7574 N  61  50.5432 W   2.0        2.1        2.3        8.6       73.9 
080728  004220  48   2.7569 N  61  50.5427 W   2.1        2.1        2.3        8.3*      73.9 
080728  004221  48   2.7564 N  61  50.5421 W   2.1        2.1        2.3        8.3       71.3*
080728  004222  48   2.7560 N  61  50.5417 W   2.1        2.1        2.3        8.3       71.3 
080728  004223  48   2.7555 N  61  50.5413 W   2.1        2.1        2.3        8.3       71.3 
080728  004224  48   2.7550 N  61  50.5408 W   2.1        2.1        2.3        8.3       71.3 
080728  004225  48   2.7545 N  61  50.5403 W   2.1        2.1        2.3        8.6*      71.3 
080728  004226  48   2.7541 N  61  50.5399 W   2.1        2.1        2.3        8.6       73.0*
080728  004227  48   2.7536 N  61  50.5394 W   2.1        2.1        2.3        8.6       73.0 
080728  004228  48   2.7530 N  61  50.5388 W   2.1        2.1        2.3        8.6       73.0 
080728  004229  48   2.7525 N  61  50.5383 W   2.1        2.1        2.3        8.6       73.0 
080728  004230  48   2.7520 N  61  50.5379 W   2.1        2.1        2.3        8.6       73.0 
080728  004231  48   2.7515 N  61  50.5375 W   2.1        2.1        2.3        8.3*      73.0 
080728  004232  48   2.7510 N  61  50.5369 W   2.1        2.1        2.3        8.3       72.6*
080728  004233  48   2.7505 N  61  50.5364 W   2.1        2.1        2.3        8.3       72.6 
080728  004234  48   2.7500 N  61  50.5359 W   2.1        2.1        2.3        8.3       72.6 
080728  004235  48   2.7496 N  61  50.5355 W   2.1        2.1        2.3        8.3       72.6 
080728  004236  48   2.7490 N  61  50.5350 W   2.1        2.1        2.3        8.2*      72.6 
080728  004237  48   2.7484 N  61  50.5345 W   2.1        2.1        2.3        8.2       70.8*
080728  004238  48   2.7480 N  61  50.5340 W   2.1        2.1        2.3        8.2       70.8 
080728  004239  48   2.7475 N  61  50.5334 W   2.1        2.1        2.3        8.2       70.8 
080728  004240  48   2.7469 N  61  50.5329 W   2.1        2.1        2.3        8.2       70.8 
080728  004241  48   2.7462 N  61  50.5326 W   2.2        2.1        2.3        8.4*      70.8 
080728  004242  48   2.7458 N  61  50.5322 W   2.1        2.1        2.3        8.4       92.8*
080728  004243  48   2.7453 N  61  50.5315 W   2.1        2.1        2.3        8.4       92.8 
080728  004244  48   2.7447 N  61  50.5309 W   2.1        2.1        2.3        8.4       92.8 
080728  004245  48   2.7441 N  61  50.5305 W   2.1        2.1        2.3        8.4       92.8 
080728  004246  48   2.7436 N  61  50.5302 W   2.1        2.1        2.3        8.4       92.8 
080728  004247  48   2.7431 N  61  50.5296 W   2.1        2.1        2.3        8.4*      92.8 
080728  004248  48   2.7426 N  61  50.5289 W   2.1        2.1        2.3        8.4       93.3*
080728  004249  48   2.7422 N  61  50.5284 W   2.1        2.3*       2.3        8.4       93.3 
080728  004250  48   2.7416 N  61  50.5282 W   2.1        2.3        2.3        8.4       93.3 
080728  004251  48   2.7411 N  61  50.5279 W   2.1        2.3        2.3        8.4       93.3 
080728  004252  48   2.7406 N  61  50.5274 W   2.1        2.3        2.3        8.7*      93.3 
080728  004253  48   2.7401 N  61  50.5269 W   2.1        2.3        2.3        8.7       33.4*
080728  004254  48   2.7397 N  61  50.5264 W   2.1        2.3        2.3        8.7       33.4 
080728  004255  48   2.7392 N  61  50.5260 W   2.1        2.3        2.3        8.7       33.4 
080728  004256  48   2.7385 N  61  50.5256 W   2.1        2.3        2.3        8.7       33.4 
080728  004257  48   2.7382 N  61  50.5251 W   2.1        2.3        2.3        8.2*      33.4 
080728  004258  48   2.7377 N  61  50.5245 W   2.1        2.3        2.3        8.2       73.0*
080728  004259  48   2.7372 N  61  50.5240 W   2.1        2.3        2.3        8.2       73.0 
080728  004300  48   2.7367 N  61  50.5236 W   2.1        2.3        2.3        8.2       73.0 
080728  004301  48   2.7361 N  61  50.5234 W   2.1        2.3        2.3        8.2       73.0 
080728  004302  48   2.7356 N  61  50.5229 W   2.1        2.3        2.3        8.5*      73.0 
080728  004303  48   2.7351 N  61  50.5225 W   2.1        2.3        2.3        8.5       73.0 
080728  004304  48   2.7347 N  61  50.5220 W   2.1        2.3        2.3        8.5       70.8*
080728  004305  48   2.7342 N  61  50.5216 W   2.1        2.3        2.3        8.5       70.8 
080728  004306  48   2.7336 N  61  50.5213 W   2.1        2.3        2.3        8.5       70.8 
080728  004307  48   2.7332 N  61  50.5210 W   2.1        2.3        2.3        8.5       70.8 
080728  004308  48   2.7327 N  61  50.5205 W   2.0        2.3        2.3        8.2*      70.8 
080728  004309  48   2.7322 N  61  50.5200 W   2.1        2.3        2.3        8.2       71.7*
080728  004310  48   2.7317 N  61  50.5196 W   2.1        2.3        2.3        8.2       71.7 
080728  004311  48   2.7313 N  61  50.5191 W   2.1        2.3        2.3        8.2       71.7 
080728  004312  48   2.7307 N  61  50.5188 W   2.1        2.3        2.3        8.2       71.7 
080728  004313  48   2.7302 N  61  50.5185 W   2.1        2.3        2.3        8.7*      71.7 
080728  004314  48   2.7298 N  61  50.5179 W   2.1        2.3        2.3        8.7       70.8*
080728  004315  48   2.7294 N  61  50.5173 W   2.0        2.3        2.3        8.7       70.8 
080728  004316  48   2.7288 N  61  50.5169 W   2.1        2.3        2.3        8.7       70.8 
080728  004317  48   2.7283 N  61  50.5166 W   2.1        2.3        2.3        8.7       70.8 
080728  004318  48   2.7279 N  61  50.5161 W   2.1        2.3        2.3        8.2*      70.8 
080728  004319  48   2.7276 N  61  50.5156 W   2.0        2.3        2.3        8.2       70.8 
080728  004320  48   2.7271 N  61  50.5150 W   2.1        2.3        2.3        8.2       73.0*
080728  004321  48   2.7265 N  61  50.5146 W   2.1        2.3        2.3        8.2       73.0 
080728  004322  48   2.7261 N  61  50.5142 W   2.1        2.3        2.3        8.2       73.0 
080728  004323  48   2.7257 N  61  50.5138 W   2.0        2.3        2.3        8.2       73.0 
080728  004324  48   2.7252 N  61  50.5132 W   2.1        2.3        2.3        8.9*      73.0 
080728  004325  48   2.7248 N  61  50.5127 W   2.1        2.3        2.3        8.9       70.4*
080728  004326  48   2.7243 N  61  50.5122 W   2.0        2.3        2.3        8.9       70.4 
080728  004327  48   2.7239 N  61  50.5118 W   2.0        2.3        2.3        8.9       70.4 
080728  004328  48   2.7234 N  61  50.5114 W   2.0        2.3        2.3        8.9       70.4 
080728  004329  48   2.7230 N  61  50.5109 W   2.0        2.3        2.3        8.6*      70.4 
080728  004330  48   2.7227 N  61  50.5103 W   2.0        2.3        2.3        8.6       70.4 
080728  004331  48   2.7222 N  61  50.5098 W   2.0        2.3        2.3        8.6       72.1*
080728  004332  48   2.7216 N  61  50.5094 W   2.1        2.3        2.3        8.6       72.1 
080728  004333  48   2.7211 N  61  50.5090 W   2.0        2.3        2.3        8.6       72.1 
080728  004334  48   2.7208 N  61  50.5084 W   2.0        2.3        2.3        8.3*      72.1 
080728  004335  48   2.7204 N  61  50.5077 W   2.0        2.3        2.3        8.3       72.1 
080728  004336  48   2.7199 N  61  50.5071 W   2.0        2.3        2.3        8.3       73.9*
080728  004337  48   2.7195 N  61  50.5069 W   2.0        2.3        2.3        8.3       73.9 
080728  004338  48   2.7190 N  61  50.5064 W   2.0        2.3        2.3        8.3       73.9 
080728  004339  48   2.7186 N  61  50.5057 W   2.0        2.3        2.3        8.9*      73.9 
080728  004340  48   2.7182 N  61  50.5051 W   2.0        2.3        2.3        8.9       73.9 
080728  004341  48   2.7177 N  61  50.5046 W   2.0        2.3        2.3        8.9       69.5*
080728  004342  48   2.7173 N  61  50.5043 W   2.0        2.3        2.3        8.9       69.5 
080728  004343  48   2.7167 N  61  50.5038 W   2.0        2.3        2.3        8.9       69.5 
080728  004344  48   2.7162 N  61  50.5033 W   2.0        2.3        2.3        8.9       69.5 
080728  004345  48   2.7158 N  61  50.5028 W   2.0        2.3        2.3        7.7*      69.5 
080728  004346  48   2.7154 N  61  50.5023 W   2.0        2.3        2.3        7.7       69.5 
080728  004347  48   2.7148 N  61  50.5019 W   2.0        2.3        2.3        7.7       70.8*
080728  004348  48   2.7143 N  61  50.5013 W   2.0        2.3        2.3        7.7       70.8 
080728  004349  48   2.7138 N  61  50.5009 W   2.0        2.3        2.3        7.7       70.8 
080728  004350  48   2.7133 N  61  50.5003 W   2.0        2.3        2.3        9.8*      70.8 
080728  004351  48   2.7129 N  61  50.4998 W   2.0        2.3        2.3        9.8       70.8 
080728  004352  48   2.7124 N  61  50.4993 W   2.0        2.3        2.3        9.8       72.6*
080728  004353  48   2.7119 N  61  50.4988 W   2.0        2.3        2.3        9.8       72.6 
080728  004354  48   2.7115 N  61  50.4983 W   2.0        2.3        2.3        9.8       72.6 
080728  004355  48   2.7110 N  61  50.4978 W   2.1        2.3        2.3        8.6*      72.6 
080728  004356  48   2.7106 N  61  50.4972 W   2.0        2.3        2.3        8.6       72.6 
080728  004357  48   2.7101 N  61  50.4966 W   2.0        2.3        2.3        8.6       72.6*
080728  004358  48   2.7097 N  61  50.4961 W   2.1        2.3        2.3        8.6       72.6 
080728  004359  48   2.7091 N  61  50.4957 W   2.0        2.3        2.3        8.6       72.6 
080728  004400  48   2.7088 N  61  50.4953 W   2.0        2.3        2.3        8.6       72.6 
080728  004401  48   2.7084 N  61  50.4946 W   2.0        2.3        2.3       11.6*      72.6 
080728  004402  48   2.7082 N  61  50.4942 W   1.9        2.3        2.3       11.6       72.6 
080728  004403  48   2.7078 N  61  50.4938 W   1.8        2.3        2.3       11.6      121.4*
080728  004404  48   2.7075 N  61  50.4933 W   1.8        2.3        2.3       11.6      121.4 
080728  004405  48   2.7073 N  61  50.4930 W   1.7        2.3        2.3       11.6      121.4 
080728  004406  48   2.7071 N  61  50.4926 W   1.6        2.3        2.3       13.6*     121.4 
080728  004407  48   2.7070 N  61  50.4923 W   1.5        2.3        2.3       13.6      121.4 
080728  004408  48   2.7068 N  61  50.4920 W   1.4        2.3        2.3       13.6       37.4*
080728  004409  48   2.7066 N  61  50.4918 W   1.3        2.3        2.3       13.6       37.4 
080728  004410  48   2.7064 N  61  50.4915 W   1.3        2.3        2.3       13.6       37.4 
080728  004411  48   2.7064 N  61  50.4911 W   1.2        2.3        2.3        8.0*      37.4 
080728  004412  48   2.7063 N  61  50.4908 W   1.1        2.3        2.3        8.0       37.4 
080728  004413  48   2.7062 N  61  50.4906 W   1.1        2.3        2.3        8.0       37.4 
080728  004414  48   2.7062 N  61  50.4904 W   1.0        2.3        2.3        8.0      126.7*
080728  004415  48   2.7061 N  61  50.4901 W   0.9        2.3        2.3        8.0      126.7 
080728  004416  48   2.7061 N  61  50.4899 W   0.9        2.3        2.3        1.7*     126.7 
080728  004417  48   2.7062 N  61  50.4897 W   0.8        2.3        2.3        1.7      126.7 
080728  004418  48   2.7062 N  61  50.4895 W   0.8        2.3        2.3        1.7      126.7 
080728  004419  48   2.7061 N  61  50.4893 W   0.8        2.3        2.3        1.7      126.7 
080728  004420  48   2.7060 N  61  50.4891 W   0.7        2.3        2.3        1.7      126.7 
080728  004421  48   2.7060 N  61  50.4888 W   0.7        2.3        2.3        1.7      126.7 
080728  004422  48   2.7061 N  61  50.4886 W   0.7        2.3        2.3        8.6*     126.7 
080728  004423  48   2.7061 N  61  50.4884 W   0.6        2.3        2.3        8.6      126.7 
080728  004424  48   2.7061 N  61  50.4882 W   0.6        2.3        2.3        8.6      126.7 
080728  004425  48   2.7061 N  61  50.4880 W   0.6        2.3        2.3        8.6      126.7 
080728  004426  48   2.7061 N  61  50.4879 W   0.6        2.3        2.3        8.6      126.7 
080728  004427  48   2.7061 N  61  50.4878 W   0.6        2.3        2.3        7.1*     126.7 
080728  004428  48   2.7061 N  61  50.4875 W   0.6        2.3        2.3        7.1      126.7 
080728  004429  48   2.7061 N  61  50.4873 W   0.6        2.3        2.3        7.1      126.7 
080728  004430  48   2.7061 N  61  50.4871 W   0.5        2.3        2.3        7.1       37.8*
080728  004431  48   2.7061 N  61  50.4869 W   0.6        2.3        2.3        7.1       37.8 
080728  004432  48   2.7061 N  61  50.4867 W   0.6        2.3        2.3       15.3*      37.8 
080728  004433  48   2.7060 N  61  50.4865 W   0.5        2.3        2.3       15.3       37.8 
080728  004434  48   2.7059 N  61  50.4864 W   0.5        2.3        2.3       15.3       37.8 
080728  004435  48   2.7060 N  61  50.4862 W   0.5        2.3        2.3       15.3       37.8 
080728  004436  48   2.7060 N  61  50.4860 W   0.6        2.3        2.3       15.3       37.8 
080728  004437  48   2.7060 N  61  50.4857 W   0.5        2.3        2.3       15.3       37.8 
080728  004438  48   2.7061 N  61  50.4857 W   0.5        2.3        2.3       15.3       37.8 
080728  004439  48   2.7061 N  61  50.4856 W   0.5        2.3        2.3       15.3       37.8 
080728  004440  48   2.7062 N  61  50.4855 W   0.5        2.3        2.3       15.3       37.8 
080728  004441  48   2.7063 N  61  50.4853 W   0.5        2.3        2.3       15.3       37.8 
080728  004442  48   2.7063 N  61  50.4851 W   0.5        2.3        2.3       15.3       37.8 
080728  004443  48   2.7064 N  61  50.4850 W   0.5        2.3        2.3        4.9*      37.8 
080728  004444  48   2.7065 N  61  50.4849 W   0.5        2.3        2.3        4.9       37.8 
080728  004445  48   2.7066 N  61  50.4847 W   0.5        2.3        2.3        4.9       37.8 
080728  004446  48   2.7067 N  61  50.4846 W   0.5        2.3        2.3        4.9      120.5*
080728  004447  48   2.7068 N  61  50.4845 W   0.5        2.3        2.3        4.9      120.5 
080728  004448  48   2.7069 N  61  50.4844 W   0.5        2.3        2.3       19.3*     120.5 
080728  004449  48   2.7070 N  61  50.4843 W   0.5        2.3        2.3       19.3      120.5 
080728  004450  48   2.7070 N  61  50.4841 W   0.5        2.3        2.3       19.3      120.5 
080728  004451  48   2.7071 N  61  50.4840 W   0.5        2.3        2.3       19.3       44.0*
080728  004452  48   2.7073 N  61  50.4839 W   0.5        2.3        2.3       19.3       44.0 
080728  004453  48   2.7073 N  61  50.4837 W   0.5        2.3        2.3       19.3       44.0 
080728  004454  48   2.7074 N  61  50.4835 W   0.5        2.3        2.3       19.3       44.0 
080728  004455  48   2.7075 N  61  50.4834 W   0.5        2.3        2.3       19.3       44.0 
080728  004456  48   2.7077 N  61  50.4832 W   0.5        2.3        2.3       19.3       44.0 
080728  004457  48   2.7078 N  61  50.4830 W   0.5        2.3        2.3       19.3       81.4*
080728  004458  48   2.7078 N  61  50.4829 W   0.5        2.3        2.3        7.9*      81.4 
080728  004459  48   2.7078 N  61  50.4828 W   0.4        2.3        2.3        7.9       81.4 
080728  004500  48   2.7080 N  61  50.4827 W   0.5        2.3        2.3        7.9       81.4 
080728  004501  48   2.7082 N  61  50.4826 W   0.5        2.3        2.3        7.9       81.4 
080728  004502  48   2.7083 N  61  50.4824 W   0.5        2.3        2.3        7.9       30.8*
080728  004503  48   2.7084 N  61  50.4823 W   0.5        2.3        2.3        7.9       30.8 
080728  004504  48   2.7085 N  61  50.4823 W   0.4        2.3        2.3        5.3*      30.8 
080728  004505  48   2.7086 N  61  50.4822 W   0.5        2.3        2.3        5.3       30.8 
080728  004506  48   2.7088 N  61  50.4820 W   0.5        2.3        2.3        5.3       30.8 
080728  004507  48   2.7089 N  61  50.4819 W   0.5        2.3        2.3        5.3       30.8 
080728  004508  48   2.7089 N  61  50.4818 W   0.4        2.3        2.3        5.3      137.7*
080728  004509  48   2.7090 N  61  50.4817 W   0.4        2.3        2.3       33.6*     137.7 
080728  004510  48   2.7091 N  61  50.4816 W   0.5        2.3        2.3       33.6      137.7 
080728  004511  48   2.7092 N  61  50.4814 W   0.5        2.3        2.3       33.6      137.7 
080728  004512  48   2.7093 N  61  50.4813 W   0.5        2.3        2.3       33.6      137.7 
080728  004513  48   2.7095 N  61  50.4812 W   0.5        2.3        2.3       33.6      137.7 
080728  004514  48   2.7096 N  61  50.4811 W   0.5        2.3        2.3       33.6      137.7 
080728  004515  48   2.7097 N  61  50.4811 W   0.5        2.3        2.3       33.6      137.7 
080728  004516  48   2.7099 N  61  50.4810 W   0.5        2.3        2.3       33.6      137.7 
080728  004517  48   2.7100 N  61  50.4809 W   0.5        2.3        2.3       33.6      137.7 
080728  004518  48   2.7101 N  61  50.4809 W   0.4        2.3        2.3       33.6       96.3*
080728  004519  48   2.7102 N  61  50.4808 W   0.4        2.3        2.3       33.6       96.3 
080728  004520  48   2.7104 N  61  50.4807 W   0.5        2.3        2.3       33.6       96.3 
080728  004521  48   2.7105 N  61  50.4806 W   0.5        2.3        2.3       33.6       96.3 
080728  004522  48   2.7105 N  61  50.4806 W   0.4        2.3        2.3       33.6       96.3 
080728  004523  48   2.7106 N  61  50.4805 W   0.4        2.3        2.3       33.6       96.3 
080728  004524  48   2.7108 N  61  50.4803 W   0.5        2.3        2.3       33.6       81.8*
080728  004525  48   2.7110 N  61  50.4801 W   0.6        2.3        2.3       33.6       81.8 
080728  004526  48   2.7110 N  61  50.4800 W   0.5        2.3        2.3       33.6       81.8 
080728  004527  48   2.7111 N  61  50.4801 W   0.5        2.3        2.3       33.6       81.8 
080728  004528  48   2.7113 N  61  50.4799 W   0.5        2.3        2.3       33.6       81.8 
080728  004529  48   2.7115 N  61  50.4797 W   0.6        2.3        2.3       33.6       84.5*
080728  004530  48   2.7117 N  61  50.4797 W   0.6        2.3        2.3       16.8*      84.5 
080728  004531  48   2.7118 N  61  50.4797 W   0.6        2.3        2.3       16.8       84.5 
080728  004532  48   2.7119 N  61  50.4796 W   0.5        2.3        2.3       16.8       84.5 
080728  004533  48   2.7120 N  61  50.4796 W   0.5        2.3        2.3       16.8       84.5 
080728  004534  48   2.7122 N  61  50.4795 W   0.5        2.3        2.3       16.8       84.5 
080728  004535  48   2.7123 N  61  50.4794 W   0.6        2.3        2.3       16.8       84.5 
080728  004536  48   2.7124 N  61  50.4793 W   0.5        2.3        2.3       13.4*      84.5 
080728  004537  48   2.7124 N  61  50.4792 W   0.5        2.3        2.3       13.4       84.5 
080728  004538  48   2.7126 N  61  50.4792 W   0.5        2.3        2.3       13.4       84.5 
080728  004539  48   2.7126 N  61  50.4791 W   0.5        2.3       13.4*      13.4       24.2*
080728  004540  48   2.7126 N  61  50.4790 W   0.5        2.3       13.4       13.4       24.2 
080728  004541  48   2.7126 N  61  50.4790 W   0.5        2.3       13.4       13.4       24.2 
080728  004542  48   2.7126 N  61  50.4790 W   0.6        2.3       13.4       13.4       24.2 
080728  004543  48   2.7126 N  61  50.4792 W   0.5        2.3       13.4       13.4       24.2 
080728  004544  48   2.7126 N  61  50.4792 W   0.5        2.3       13.4       13.4       24.2 
080728  004545  48   2.7128 N  61  50.4790 W   0.6        2.3       13.4       13.4       40.0*
080728  004546  48   2.7127 N  61  50.4789 W   0.6        2.3       13.4        3.8*      40.0 
080728  004547  48   2.7125 N  61  50.4788 W   0.6        2.3       13.4        3.8       40.0 
080728  004548  48   2.7123 N  61  50.4787 W   0.6        2.3       13.4        3.8       40.0 
080728  004549  48   2.7124 N  61  50.4785 W   0.6        2.3       13.4        3.8       40.0 
080728  004550  48   2.7125 N  61  50.4783 W   0.6        2.3       13.4        3.8       18.9*
080728  004551  48   2.7126 N  61  50.4781 W   0.6        2.3       13.4        3.8       18.9 
080728  004552  48   2.7125 N  61  50.4780 W   0.5        2.3       13.4        3.8       18.9 
080728  004553  48   2.7125 N  61  50.4775 W   0.5        2.3       13.4        3.8       18.9 
080728  004554  48   2.7126 N  61  50.4771 W   0.6        2.3       13.4        3.8       18.9 
080728  004555  48   2.7127 N  61  50.4767 W   0.7        2.3       13.4        3.8       40.5*
080728  004556  48   2.7125 N  61  50.4767 W   0.6        2.3       13.4        5.7*      40.5 
080728  004557  48   2.7125 N  61  50.4763 W   0.7        2.3       13.4        5.7       40.5 
080728  004558  48   2.7125 N  61  50.4757 W   0.7        2.3       13.4        5.7       40.5 
080728  004559  48   2.7127 N  61  50.4753 W   0.8        2.3       13.4        5.7       40.5 
080728  004600  48   2.7129 N  61  50.4748 W   0.9        2.3       13.4        5.7       40.5 
