FileName: C:\TRAWLS~1\FALL\GP210F.TXT
Local Time: Fri Aug 15 17:17:44 2008

Ship: 15 août 2008 Trip: GP210F Tow: 12
Comments: Area 12, Grenades sous- marines - Sud-ouest
 Date    Time     Latitude       Longitude    Speed    Primary  Secondary DoorSpread      Depth 
080815  201742  48   0.4445 N  62  22.7993 W   5.6        2.5*      13.5*       3.5*     623.7*
080815  201743  48   0.4433 N  62  22.7997 W   5.4        2.5       13.5        3.5      623.7 
080815  201744  48   0.4421 N  62  22.7999 W   5.3        2.5       13.5        0.6*     623.7 
080815  201745  48   0.4409 N  62  22.8001 W   5.1        2.5       13.5        0.6      623.7 
080815  201746  48   0.4399 N  62  22.8005 W   4.9        2.5       13.5        0.6      623.7 
080815  201747  48   0.4388 N  62  22.8010 W   4.8        2.5       13.5        0.6      623.7 
080815  201748  48   0.4378 N  62  22.8013 W   4.6        2.5       13.5        0.6      623.7 
080815  201749  48   0.4369 N  62  22.8013 W   4.5        2.5       13.5        0.6      623.7 
080815  201750  48   0.4358 N  62  22.8015 W   4.3        2.5       13.5        2.5*     623.7 
080815  201751  48   0.4349 N  62  22.8017 W   4.2        2.5       13.5        2.5      623.7 
080815  201752  48   0.4339 N  62  22.8020 W   4.1        2.5       13.5        2.5      623.7 
080815  201753  48   0.4329 N  62  22.8022 W   4.0        2.5       13.5        2.5      623.7 
080815  201754  48   0.4320 N  62  22.8023 W   3.9        2.5       13.5        2.5      623.7 
080815  201755  48   0.4311 N  62  22.8024 W   3.7        2.5       13.5        2.5      623.7 
080815  201756  48   0.4303 N  62  22.8026 W   3.7        2.5       13.5        2.5      623.7 
080815  201757  48   0.4293 N  62  22.8029 W   3.6        2.5       13.5        2.5      623.7 
080815  201758  48   0.4286 N  62  22.8030 W   3.5        2.5       13.5        2.5      623.7 
080815  201759  48   0.4277 N  62  22.8031 W   3.4        2.5       13.5        2.5      623.7 
080815  201800  48   0.4270 N  62  22.8032 W   3.3        2.5       13.5        2.8*     623.7 
080815  201801  48   0.4262 N  62  22.8034 W   3.2        2.5       13.5        2.8      623.7 
080815  201802  48   0.4254 N  62  22.8035 W   3.1        2.5       13.5        2.8      623.7 
080815  201803  48   0.4246 N  62  22.8036 W   3.1        2.5       13.5        2.8      623.7 
080815  201804  48   0.4239 N  62  22.8036 W   3.0        2.5       13.5        2.8      623.7 
080815  201805  48   0.4231 N  62  22.8038 W   3.1        2.5       13.5        2.8        4.8*
080815  201806  48   0.4221 N  62  22.8039 W   3.1        2.5       13.5        2.8        4.8 
080815  201807  48   0.4211 N  62  22.8041 W   3.2        2.5       13.5        2.8        4.8 
080815  201808  48   0.4200 N  62  22.8043 W   3.3        2.5       13.5        2.8        4.8 
080815  201809  48   0.4189 N  62  22.8045 W   3.4        2.5       13.5        2.8        4.8 
080815  201810  48   0.4176 N  62  22.8048 W   3.6        2.5       13.5        2.8        4.8 
080815  201811  48   0.4162 N  62  22.8052 W   3.8        2.5       13.5        2.8        4.8 
080815  201812  48   0.4148 N  62  22.8056 W   4.0        2.5       13.5        2.8        4.8 
080815  201813  48   0.4133 N  62  22.8059 W   4.2        2.5       13.5        2.8        4.8 
080815  201814  48   0.4118 N  62  22.8063 W   4.4        2.5       13.5        2.8        4.8 
080815  201815  48   0.4103 N  62  22.8067 W   4.6        2.5       13.5        2.8        4.8 
080815  201816  48   0.4087 N  62  22.8073 W   4.8        2.5       13.5        2.8        4.8 
080815  201817  48   0.4070 N  62  22.8079 W   5.1        2.5       13.5        2.8        4.8 
080815  201818  48   0.4053 N  62  22.8085 W   5.3        2.5       13.5        2.8        4.8 
080815  201819  48   0.4036 N  62  22.8090 W   5.4        2.5       13.5        2.8        4.8 
080815  201820  48   0.4019 N  62  22.8095 W   5.6        2.5       13.5        2.8        4.8 
080815  201821  48   0.4001 N  62  22.8101 W   5.7        2.5       13.5        2.8        4.8 
080815  201822  48   0.3983 N  62  22.8108 W   5.8        2.5       13.5        2.8        4.8 
080815  201823  48   0.3964 N  62  22.8114 W   6.0        2.5       13.5        2.8        4.8 
080815  201824  48   0.3945 N  62  22.8122 W   6.2        2.5       13.5        2.8        4.8 
080815  201825  48   0.3927 N  62  22.8131 W   6.3        2.5       13.5        2.8        4.8 
080815  201826  48   0.3908 N  62  22.8139 W   6.4        2.5       13.5        2.8        4.8 
080815  201827  48   0.3890 N  62  22.8147 W   6.5        2.5       13.5        2.8        4.8 
080815  201828  48   0.3871 N  62  22.8156 W   6.6        2.5       13.5        2.8        4.8 
080815  201829  48   0.3852 N  62  22.8165 W   6.6        2.5       13.5        2.8        4.8 
080815  201830  48   0.3833 N  62  22.8173 W   6.7        2.5       13.5        2.8        4.8 
080815  201831  48   0.3813 N  62  22.8182 W   6.7        2.5       13.5        2.8        4.8 
080815  201832  48   0.3794 N  62  22.8190 W   6.8        2.5       13.5        2.8        4.8 
080815  201833  48   0.3775 N  62  22.8199 W   6.9        2.5       13.5        2.8        4.8 
080815  201834  48   0.3756 N  62  22.8209 W   6.9        2.5       13.5        2.8        4.8 
080815  201835  48   0.3737 N  62  22.8220 W   7.0        2.5       13.5        2.8        4.8 
080815  201836  48   0.3717 N  62  22.8230 W   7.0        2.5       13.5        2.8        4.8 
080815  201837  48   0.3698 N  62  22.8240 W   7.0        2.5       13.5        2.8        4.8 
080815  201838  48   0.3679 N  62  22.8248 W   7.1        2.5       13.5        2.8        4.8 
080815  201839  48   0.3659 N  62  22.8255 W   7.1        2.5       13.5        2.8        4.8 
080815  201840  48   0.3640 N  62  22.8263 W   7.1        2.5       13.5        2.8        4.8 
080815  201841  48   0.3620 N  62  22.8272 W   7.1        2.5       13.5        2.8        4.8 
080815  201842  48   0.3601 N  62  22.8282 W   7.1        2.5       13.5       22.2*       4.8 
080815  201843  48   0.3582 N  62  22.8294 W   7.1        2.5       13.5       22.2        4.8 
080815  201844  48   0.3563 N  62  22.8304 W   7.2        2.5       13.5       22.2        4.8 
080815  201845  48   0.3544 N  62  22.8313 W   7.2        2.5       13.5       22.2        4.8 
080815  201846  48   0.3524 N  62  22.8322 W   7.2        2.5       13.5       22.2        4.8 
080815  201847  48   0.3504 N  62  22.8330 W   7.3        2.5       13.5       22.2        4.8 
080815  201848  48   0.3484 N  62  22.8340 W   7.3        2.5       13.5      102.5*       4.8 
080815  201849  48   0.3465 N  62  22.8349 W   7.3        2.5       13.5      102.5        4.8 
080815  201850  48   0.3445 N  62  22.8359 W   7.3        2.5       13.5      102.5        4.8 
080815  201851  48   0.3426 N  62  22.8368 W   7.3        2.5       13.5      102.5        4.8 
080815  201852  48   0.3407 N  62  22.8376 W   7.3        2.5       13.5      102.5        4.8 
080815  201853  48   0.3387 N  62  22.8383 W   7.3        2.5       13.5      102.5        4.8 
080815  201854  48   0.3367 N  62  22.8392 W   7.3        2.5       13.5      102.5        4.8 
080815  201855  48   0.3348 N  62  22.8401 W   7.3        2.5       13.5      102.5        4.8 
080815  201856  48   0.3328 N  62  22.8410 W   7.3        2.5       13.5      102.5        4.8 
080815  201857  48   0.3307 N  62  22.8417 W   7.4        2.5       13.5      102.5        4.8 
080815  201858  48   0.3288 N  62  22.8424 W   7.4        2.5       13.5      102.5        4.8 
080815  201859  48   0.3268 N  62  22.8430 W   7.4        2.5       13.5      102.5        4.8 
080815  201900  48   0.3249 N  62  22.8437 W   7.3        2.5       13.5      102.5        4.8 
080815  201901  48   0.3230 N  62  22.8445 W   7.3        2.5       13.5      102.5        4.8 
080815  201902  48   0.3210 N  62  22.8452 W   7.3        2.5       13.5      102.5        4.8 
080815  201903  48   0.3191 N  62  22.8458 W   7.3        2.5       13.5      102.5        4.8 
080815  201904  48   0.3170 N  62  22.8465 W   7.4        2.5       13.5      102.5        4.8 
080815  201905  48   0.3150 N  62  22.8472 W   7.4        2.5       13.5      102.5        4.8 
080815  201906  48   0.3130 N  62  22.8479 W   7.4        2.5       13.5      102.5        4.8 
080815  201907  48   0.3110 N  62  22.8486 W   7.4        2.5       13.5      102.5        4.8 
080815  201908  48   0.3090 N  62  22.8491 W   7.4        2.5       13.5      102.5        4.8 
080815  201909  48   0.3070 N  62  22.8496 W   7.3        2.5       13.5      102.5        4.8 
080815  201910  48   0.3051 N  62  22.8501 W   7.3        2.5       13.5      102.5        4.8 
080815  201911  48   0.3031 N  62  22.8507 W   7.3        2.5       13.5      102.5        4.8 
080815  201912  48   0.3011 N  62  22.8515 W   7.3        2.5       13.5      102.5        4.8 
080815  201913  48   0.2991 N  62  22.8520 W   7.3        2.5       13.5        7.4*       4.8 
080815  201914  48   0.2971 N  62  22.8526 W   7.3        2.5       13.5        7.4        4.8 
080815  201915  48   0.2950 N  62  22.8531 W   7.4        2.5       13.5        7.4        4.8 
080815  201916  48   0.2931 N  62  22.8537 W   7.3        2.5       13.5        7.4        4.8 
080815  201917  48   0.2911 N  62  22.8543 W   7.3        2.5       13.5        7.4        4.8 
080815  201918  48   0.2891 N  62  22.8550 W   7.3        2.5       13.5        7.4       84.9*
080815  201919  48   0.2872 N  62  22.8556 W   7.3        2.5       13.5        7.4       84.9 
080815  201920  48   0.2851 N  62  22.8562 W   7.3        2.5       13.5        7.4       84.9 
080815  201921  48   0.2831 N  62  22.8567 W   7.3        2.5       13.5        7.4       84.9 
080815  201922  48   0.2811 N  62  22.8572 W   7.3        2.5       13.5        7.4       84.9 
080815  201923  48   0.2791 N  62  22.8579 W   7.3        2.5       13.5        7.4       84.9 
080815  201924  48   0.2771 N  62  22.8585 W   7.3        2.5       13.5       53.9*      84.9 
080815  201925  48   0.2751 N  62  22.8589 W   7.3        2.5       13.5       53.9       84.9 
080815  201926  48   0.2731 N  62  22.8594 W   7.3        2.5       13.5       53.9       84.9 
080815  201927  48   0.2711 N  62  22.8598 W   7.3        2.5       13.5       53.9       84.9 
080815  201928  48   0.2691 N  62  22.8604 W   7.3        2.5       13.5       53.9       84.9 
080815  201929  48   0.2671 N  62  22.8612 W   7.3        2.5       13.5       53.9       84.9 
080815  201930  48   0.2651 N  62  22.8617 W   7.3        2.5       13.5       53.9       84.9 
080815  201931  48   0.2630 N  62  22.8623 W   7.3        2.5       13.5       53.9       84.9 
080815  201932  48   0.2610 N  62  22.8627 W   7.3        2.5       13.5       53.9       84.9 
080815  201933  48   0.2591 N  62  22.8631 W   7.3        2.5       13.5       53.9       84.9 
080815  201934  48   0.2571 N  62  22.8636 W   7.3        2.5       13.5       53.9       84.9 
080815  201935  48   0.2552 N  62  22.8643 W   7.2        2.5       13.5       53.9       84.9 
080815  201936  48   0.2532 N  62  22.8649 W   7.2        2.5       13.5       53.9       84.9 
080815  201937  48   0.2513 N  62  22.8655 W   7.2        2.5       13.5       53.9       84.9 
080815  201938  48   0.2493 N  62  22.8659 W   7.3        2.5       13.5       53.9       84.9 
080815  201939  48   0.2472 N  62  22.8665 W   7.3        2.5       13.5       53.9       42.7*
080815  201940  48   0.2451 N  62  22.8671 W   7.3        2.5       12.6*       8.2*      42.7 
080815  201941  48   0.2431 N  62  22.8677 W   7.3        2.5       12.6        8.2       42.7 
080815  201942  48   0.2412 N  62  22.8681 W   7.3        2.5       12.6        8.2       42.7 
080815  201943  48   0.2393 N  62  22.8686 W   7.2        2.5       12.6        8.2       42.7 
080815  201944  48   0.2373 N  62  22.8693 W   7.2        2.5       12.6        8.2       42.7 
080815  201945  48   0.2353 N  62  22.8699 W   7.2        2.5       12.6        8.2       42.7 
080815  201946  48   0.2333 N  62  22.8705 W   7.2        2.5       12.6        8.2       42.7 
080815  201947  48   0.2314 N  62  22.8710 W   7.2        2.5       12.6        8.2       42.7 
080815  201948  48   0.2294 N  62  22.8717 W   7.2        2.5       12.6        8.2       42.7 
080815  201949  48   0.2274 N  62  22.8724 W   7.2        2.5       12.6        8.2       42.7 
080815  201950  48   0.2255 N  62  22.8729 W   7.2        2.5       12.6        8.2       42.7 
080815  201951  48   0.2235 N  62  22.8734 W   7.1        2.5       12.6        8.2       42.7 
080815  201952  48   0.2216 N  62  22.8739 W   7.1        2.5        5.8*       8.2       42.7 
080815  201953  48   0.2198 N  62  22.8746 W   7.1        2.5        5.8        8.2       42.7 
080815  201954  48   0.2178 N  62  22.8752 W   7.1        2.5        5.8        8.2       42.7 
080815  201955  48   0.2158 N  62  22.8758 W   7.1        2.5        5.8        8.2       42.7 
080815  201956  48   0.2140 N  62  22.8763 W   7.1        2.5        5.8        8.2       42.7 
080815  201957  48   0.2120 N  62  22.8769 W   7.1        2.5        5.8        8.2       42.7 
080815  201958  48   0.2100 N  62  22.8776 W   7.1        2.5        5.8        8.2       42.7 
080815  201959  48   0.2080 N  62  22.8782 W   7.1        2.5        5.8        8.2       42.7 
080815  202000  48   0.2061 N  62  22.8788 W   7.1        2.5        5.8        8.2       42.7 
080815  202001  48   0.2041 N  62  22.8794 W   7.1        2.5        5.8        8.2       42.7 
080815  202002  48   0.2022 N  62  22.8801 W   7.1        2.5        5.8        8.2       42.7 
080815  202003  48   0.2003 N  62  22.8807 W   7.0        2.5        5.8        8.2       42.7 
080815  202004  48   0.1983 N  62  22.8813 W   7.0        2.5        5.8        8.2       42.7 
080815  202005  48   0.1963 N  62  22.8820 W   7.1        2.5        5.8        8.2       42.7 
080815  202006  48   0.1944 N  62  22.8825 W   7.1        2.5        5.8        8.9*      42.7 
080815  202007  48   0.1924 N  62  22.8832 W   7.1        2.5        5.8        8.9       42.7 
080815  202008  48   0.1905 N  62  22.8840 W   7.1        2.5        5.8        8.9       42.7 
080815  202009  48   0.1886 N  62  22.8848 W   7.1        2.5        5.8        8.9       42.7 
080815  202010  48   0.1867 N  62  22.8854 W   7.0        2.5        5.8        8.9       42.7 
080815  202011  48   0.1849 N  62  22.8859 W   7.0        2.5        5.8        8.9       42.7 
080815  202012  48   0.1830 N  62  22.8863 W   7.0        2.5        5.8        8.9       42.7 
080815  202013  48   0.1811 N  62  22.8869 W   7.0        2.5        5.8        8.9       42.7 
080815  202014  48   0.1793 N  62  22.8875 W   7.0        2.5        5.8        8.9       42.7 
080815  202015  48   0.1773 N  62  22.8882 W   7.0        2.5        5.8        8.9       42.7 
080815  202016  48   0.1755 N  62  22.8889 W   7.0        2.5        5.8        8.9       42.7 
080815  202017  48   0.1736 N  62  22.8895 W   6.9        2.5        5.8        8.9       42.7 
080815  202018  48   0.1718 N  62  22.8901 W   6.9        2.5        5.8        8.9       42.7 
080815  202019  48   0.1700 N  62  22.8905 W   6.8        2.5        5.8        8.9       42.7 
080815  202020  48   0.1683 N  62  22.8909 W   6.7        2.5        5.8        8.9       42.7 
080815  202021  48   0.1666 N  62  22.8913 W   6.6        2.5        5.8        8.9       42.7 
080815  202022  48   0.1649 N  62  22.8918 W   6.6        2.5        5.8        8.9      675.2*
080815  202023  48   0.1634 N  62  22.8923 W   6.5        2.5        5.8        8.9      675.2 
080815  202024  48   0.1618 N  62  22.8927 W   6.4        2.5        5.8        8.9      675.2 
080815  202025  48   0.1601 N  62  22.8930 W   6.3        2.5        5.8        8.9      675.2 
080815  202026  48   0.1586 N  62  22.8934 W   6.2        2.5        5.8        8.9      675.2 
080815  202027  48   0.1569 N  62  22.8939 W   6.2        2.5        5.8       51.2*      40.0*
080815  202028  48   0.1554 N  62  22.8944 W   6.1        2.5        5.8       51.2       40.0 
080815  202029  48   0.1538 N  62  22.8948 W   6.1        2.5        5.8       51.2       40.0 
080815  202030  48   0.1522 N  62  22.8953 W   6.0        2.5        5.8       51.2       40.0 
080815  202031  48   0.1507 N  62  22.8956 W   6.0        2.5        5.8       51.2       40.0 
080815  202032  48   0.1491 N  62  22.8959 W   5.9        2.5        5.8        7.5*      36.5*
080815  202033  48   0.1475 N  62  22.8963 W   5.9        2.5        5.8        7.5       36.5 
080815  202034  48   0.1459 N  62  22.8967 W   5.9        2.5        5.8        7.5       36.5 
080815  202035  48   0.1444 N  62  22.8972 W   5.8        2.5        5.8        7.5       36.5 
080815  202036  48   0.1428 N  62  22.8976 W   5.8        2.5        5.8        7.5       36.5 
080815  202037  48   0.1413 N  62  22.8979 W   5.8        2.5        5.8        8.0*      36.5 
080815  202038  48   0.1397 N  62  22.8983 W   5.8        2.5        5.8        8.0       42.7*
080815  202039  48   0.1382 N  62  22.8987 W   5.8        2.5        5.8        8.0       42.7 
080815  202040  48   0.1366 N  62  22.8991 W   5.8        2.5        5.8        8.0       42.7 
080815  202041  48   0.1350 N  62  22.8994 W   5.7        2.5        5.8        8.0       42.7 
080815  202042  48   0.1334 N  62  22.8998 W   5.7        2.5        5.8        8.0       42.7 
080815  202043  48   0.1318 N  62  22.9002 W   5.7        2.5        5.8        8.1*      42.7 
080815  202044  48   0.1302 N  62  22.9005 W   5.7        2.5        5.8        8.1       42.7 
080815  202045  48   0.1287 N  62  22.9008 W   5.7        2.5        5.8        8.1       42.7 
080815  202046  48   0.1272 N  62  22.9013 W   5.7        2.5        5.8        8.1       42.7 
080815  202047  48   0.1257 N  62  22.9017 W   5.7        2.5        5.8        8.1       42.7 
080815  202048  48   0.1242 N  62  22.9020 W   5.7        2.5        5.8        7.4*     420.1*
080815  202049  48   0.1226 N  62  22.9023 W   5.7        2.5        5.8        7.4      420.1 
080815  202050  48   0.1209 N  62  22.9026 W   5.7        2.5        5.8        7.4      420.1 
080815  202051  48   0.1193 N  62  22.9030 W   5.7        2.5        5.8        7.4      420.1 
080815  202052  48   0.1178 N  62  22.9034 W   5.7        2.5        5.8        7.4      420.1 
080815  202053  48   0.1162 N  62  22.9037 W   5.7        2.5        5.8        7.5*     420.1 
080815  202054  48   0.1146 N  62  22.9039 W   5.7        2.5        5.8        7.5       29.5*
080815  202055  48   0.1130 N  62  22.9042 W   5.7        2.5        5.8        7.5       29.5 
080815  202056  48   0.1114 N  62  22.9046 W   5.7        2.5        5.8        7.5       29.5 
080815  202057  48   0.1098 N  62  22.9051 W   5.7        2.5        5.8        7.5       29.5 
080815  202058  48   0.1082 N  62  22.9054 W   5.7        2.5        5.8        7.5       29.5 
080815  202059  48   0.1066 N  62  22.9059 W   5.7        2.5        5.8        7.6*      40.5*
080815  202100  48   0.1050 N  62  22.9061 W   5.7        2.5        5.8        7.6       40.5 
080815  202101  48   0.1035 N  62  22.9064 W   5.7        2.5        5.8        7.6       40.5 
080815  202102  48   0.1019 N  62  22.9067 W   5.7        2.5        5.8        7.6       40.5 
080815  202103  48   0.1002 N  62  22.9072 W   5.8        2.5        5.8        7.6       40.5 
080815  202104  48   0.0987 N  62  22.9076 W   5.7        2.5        5.8        7.6*      38.7*
080815  202105  48   0.0972 N  62  22.9080 W   5.7        2.5        5.8        7.6       38.7 
080815  202106  48   0.0955 N  62  22.9083 W   5.7        2.5        5.8        7.6       38.7 
080815  202107  48   0.0940 N  62  22.9086 W   5.7        2.5        5.8        7.6       38.7 
080815  202108  48   0.0925 N  62  22.9090 W   5.7        2.5        5.8        7.6       38.7 
080815  202109  48   0.0909 N  62  22.9094 W   5.7        2.5        5.8        7.1*      37.8*
080815  202110  48   0.0893 N  62  22.9097 W   5.7        2.5        5.8        7.1       37.8 
080815  202111  48   0.0878 N  62  22.9100 W   5.7        2.5        5.8        7.1       37.8 
080815  202112  48   0.0865 N  62  22.9104 W   5.6        2.5        5.8        7.1       37.8 
080815  202113  48   0.0851 N  62  22.9107 W   5.5        2.5        5.8        7.1       37.8 
080815  202114  48   0.0839 N  62  22.9109 W   5.3        2.5        5.8        8.2*      37.8 
080815  202115  48   0.0827 N  62  22.9110 W   5.1        2.5        5.8        8.2       33.9*
080815  202116  48   0.0817 N  62  22.9111 W   4.9        2.5        5.8        8.2       33.9 
080815  202117  48   0.0807 N  62  22.9113 W   4.7        2.5        5.8        8.2       33.9 
080815  202118  48   0.0797 N  62  22.9114 W   4.5        2.5        5.8        8.2       33.9 
080815  202119  48   0.0789 N  62  22.9115 W   4.3        2.5        5.8        8.2       33.9 
080815  202120  48   0.0781 N  62  22.9116 W   4.1        2.5        5.8        6.9*      42.2*
080815  202121  48   0.0773 N  62  22.9115 W   3.9        2.5        5.8        6.9       42.2 
080815  202122  48   0.0765 N  62  22.9115 W   3.8        2.5        5.8        6.9       42.2 
080815  202123  48   0.0757 N  62  22.9116 W   3.6        2.5       11.8*       6.9       42.2 
080815  202124  48   0.0750 N  62  22.9117 W   3.5        2.5       11.8        6.9       42.2 
080815  202125  48   0.0743 N  62  22.9117 W   3.3        2.5       11.8        8.3*      41.3*
080815  202126  48   0.0737 N  62  22.9116 W   3.1        2.5       11.8        8.3       41.3 
080815  202127  48   0.0730 N  62  22.9115 W   3.0        2.5       11.8        8.3       41.3 
080815  202128  48   0.0723 N  62  22.9114 W   3.0        2.5       11.8        8.3       41.3 
080815  202129  48   0.0717 N  62  22.9114 W   2.8        2.5       11.8        8.3       41.3 
080815  202130  48   0.0711 N  62  22.9114 W   2.7        2.5       11.8        7.5*      41.3 
080815  202131  48   0.0705 N  62  22.9113 W   2.6        2.5       11.8        7.5       47.5*
080815  202132  48   0.0700 N  62  22.9111 W   2.5        2.5       11.8        7.5       47.5 
080815  202133  48   0.0693 N  62  22.9111 W   2.4        2.5       11.8        7.5       47.5 
080815  202134  48   0.0686 N  62  22.9111 W   2.4        2.5       11.8        7.5       47.5 
080815  202135  48   0.0681 N  62  22.9110 W   2.4        2.5       13.2*       6.0*      47.5 
080815  202136  48   0.0676 N  62  22.9109 W   2.3        2.5       13.2        6.0       32.1*
080815  202137  48   0.0671 N  62  22.9106 W   2.2        2.5       13.2        6.0       32.1 
080815  202138  48   0.0666 N  62  22.9105 W   2.2        2.5       13.2        6.0       32.1 
080815  202139  48   0.0661 N  62  22.9104 W   2.2        2.5       13.2        6.0       32.1 
080815  202140  48   0.0657 N  62  22.9102 W   2.1        2.5       13.2        6.0       32.1 
080815  202141  48   0.0652 N  62  22.9099 W   2.1        2.5       13.2        6.8*      54.1*
080815  202142  48   0.0648 N  62  22.9097 W   2.0        2.5       13.2        6.8       54.1 
080815  202143  48   0.0643 N  62  22.9096 W   2.0        2.5       13.2        6.8       54.1 
080815  202144  48   0.0638 N  62  22.9094 W   2.0        2.5       13.2        6.8       54.1 
080815  202145  48   0.0634 N  62  22.9091 W   2.0        2.5       13.2        6.8       54.1 
080815  202146  48   0.0629 N  62  22.9089 W   1.9        2.5       13.2        6.7*      54.1 
080815  202147  48   0.0624 N  62  22.9087 W   1.9        2.5       13.2        6.7       45.3*
080815  202148  48   0.0618 N  62  22.9085 W   1.9        2.5       13.2        6.7       45.3 
080815  202149  48   0.0612 N  62  22.9084 W   1.9        2.5       13.2        6.7       45.3 
080815  202150  48   0.0607 N  62  22.9083 W   1.9        2.5       13.2        6.7       45.3 
080815  202151  48   0.0602 N  62  22.9080 W   1.9        2.5       13.2        6.3*      45.3 
080815  202152  48   0.0596 N  62  22.9078 W   1.9        2.5        6.8*       6.3       48.4*
080815  202153  48   0.0591 N  62  22.9076 W   2.0        2.5        6.8        6.3       48.4 
080815  202154  48   0.0585 N  62  22.9075 W   2.0        2.5        6.8        6.3       48.4 
080815  202155  48   0.0579 N  62  22.9074 W   2.0        2.5        6.8        6.3       48.4 
080815  202156  48   0.0573 N  62  22.9071 W   2.0        2.5        6.8        6.1*      48.4 
080815  202157  48   0.0568 N  62  22.9069 W   2.0        2.5        6.8        6.1       48.4*
080815  202158  48   0.0562 N  62  22.9067 W   2.0        2.5        6.8        6.1       48.4 
080815  202159  48   0.0556 N  62  22.9067 W   2.0        3.9*       6.8        6.1       48.4 
080815  202200  48   0.0550 N  62  22.9066 W   2.1        3.9        6.8        6.1       48.4 
080815  202201  48   0.0544 N  62  22.9063 W   2.1        3.9        6.8        6.1       48.4 
080815  202202  48   0.0538 N  62  22.9060 W   2.1        3.9        6.8        6.2*      48.4 
080815  202203  48   0.0533 N  62  22.9058 W   2.1        3.9        6.8        6.2       55.0*
080815  202204  48   0.0528 N  62  22.9058 W   2.1        3.9        6.8        6.2       55.0 
080815  202205  48   0.0521 N  62  22.9057 W   2.1        3.9        6.8        6.2       55.0 
080815  202206  48   0.0516 N  62  22.9054 W   2.1        3.9        6.8        6.2       55.0 
080815  202207  48   0.0511 N  62  22.9051 W   2.1        3.9        6.8        5.7*      55.0 
080815  202208  48   0.0505 N  62  22.9049 W   2.1        3.9        6.8        5.7      101.2*
080815  202209  48   0.0499 N  62  22.9049 W   2.1        3.9        6.8        5.7      101.2 
080815  202210  48   0.0493 N  62  22.9048 W   2.1        3.9        6.8        5.7      101.2 
080815  202211  48   0.0488 N  62  22.9045 W   2.1        3.9        6.8        5.7      101.2 
080815  202212  48   0.0484 N  62  22.9043 W   2.1        3.9       12.9*       5.3*     101.2 
080815  202213  48   0.0478 N  62  22.9042 W   2.1        3.9       12.9        5.3       14.1*
080815  202214  48   0.0472 N  62  22.9041 W   2.1        3.9       12.9        5.3       14.1 
080815  202215  48   0.0467 N  62  22.9039 W   2.1        3.9       12.9        5.3       14.1 
080815  202216  48   0.0463 N  62  22.9037 W   2.1        3.9       12.9        5.3       14.1 
080815  202217  48   0.0457 N  62  22.9035 W   2.1        3.9       12.9        5.8*      14.1 
080815  202218  48   0.0451 N  62  22.9033 W   2.1        3.9       12.9        5.8       14.1 
080815  202219  48   0.0446 N  62  22.9032 W   2.1        3.9       12.9        5.8       59.8*
080815  202220  48   0.0441 N  62  22.9031 W   2.1        3.9       12.9        5.8       59.8 
080815  202221  48   0.0435 N  62  22.9028 W   2.1        3.9       12.9        5.8       59.8 
080815  202222  48   0.0429 N  62  22.9026 W   2.1        3.9       12.9        5.8       59.8 
080815  202223  48   0.0424 N  62  22.9025 W   2.1        3.9       12.9        6.6*      59.8 
080815  202224  48   0.0418 N  62  22.9024 W   2.1        3.9       12.9        6.6       62.9*
080815  202225  48   0.0413 N  62  22.9023 W   2.1        3.9       12.9        6.6       62.9 
080815  202226  48   0.0408 N  62  22.9020 W   2.1        3.9       12.9        6.6       62.9 
080815  202227  48   0.0401 N  62  22.9018 W   2.1        3.9       12.9        6.6       62.9 
080815  202228  48   0.0395 N  62  22.9016 W   2.1        3.9       12.9        6.7*      62.9 
080815  202229  48   0.0388 N  62  22.9016 W   2.1        3.9       12.9        6.7       69.9*
080815  202230  48   0.0382 N  62  22.9014 W   2.1        3.9        4.5*       6.7       69.9 
080815  202231  48   0.0375 N  62  22.9010 W   2.1        3.9        4.5        6.7       69.9 
080815  202232  48   0.0369 N  62  22.9008 W   2.1        3.9        4.5        6.7       69.9 
080815  202233  48   0.0363 N  62  22.9007 W   2.1        3.9        4.5        6.2*      69.9 
080815  202234  48   0.0356 N  62  22.9007 W   2.1        3.9        4.5        6.2       69.9 
080815  202235  48   0.0350 N  62  22.9005 W   2.2        3.9        4.5        6.2       72.1*
080815  202236  48   0.0344 N  62  22.9002 W   2.1        3.9        4.5        6.2       72.1 
080815  202237  48   0.0338 N  62  22.9000 W   2.1        3.9        4.5        6.2       72.1 
080815  202238  48   0.0332 N  62  22.9000 W   2.2       12.6*       4.5        6.6*      72.1 
080815  202239  48   0.0326 N  62  22.8999 W   2.2       12.6        4.5        6.6       72.1 
080815  202240  48   0.0319 N  62  22.8998 W   2.2       12.6        4.5        6.6       70.4*
080815  202241  48   0.0314 N  62  22.8995 W   2.1       12.6        4.5        6.6       70.4 
080815  202242  48   0.0308 N  62  22.8993 W   2.1       12.6        4.5        6.6       70.4 
080815  202243  48   0.0301 N  62  22.8992 W   2.2       12.6        4.5        6.6       70.4 
080815  202244  48   0.0295 N  62  22.8992 W   2.2       12.6        6.4*       7.5*      70.4 
080815  202245  48   0.0289 N  62  22.8991 W   2.1       12.6        6.4        7.5       70.4 
080815  202246  48   0.0283 N  62  22.8988 W   2.1       12.6        6.4        7.5       77.0*
080815  202247  48   0.0278 N  62  22.8986 W   2.1       12.6        6.4        7.5       77.0 
080815  202248  48   0.0272 N  62  22.8985 W   2.1       12.6        6.4        7.5       77.0 
080815  202249  48   0.0265 N  62  22.8985 W   2.2       12.6        6.4        7.9*      77.0 
080815  202250  48   0.0259 N  62  22.8984 W   2.2       12.6        6.4        7.9       77.0 
080815  202251  48   0.0254 N  62  22.8982 W   2.1       12.6        6.4        7.9       75.7*
080815  202252  48   0.0248 N  62  22.8980 W   2.1        7.7*       6.4        7.9       75.7 
080815  202253  48   0.0242 N  62  22.8979 W   2.2        7.7        6.4        7.9       75.7 
080815  202254  48   0.0235 N  62  22.8978 W   2.2        7.7        6.4        7.1*      75.7 
080815  202255  48   0.0230 N  62  22.8975 W   2.2        7.7        6.4        7.1       75.7 
080815  202256  48   0.0225 N  62  22.8973 W   2.1        7.7        6.4        7.1       77.0*
080815  202257  48   0.0218 N  62  22.8972 W   2.2        7.7        6.4        7.1       77.0 
080815  202258  48   0.0211 N  62  22.8971 W   2.2        7.7        6.4        7.1       77.0 
080815  202259  48   0.0205 N  62  22.8970 W   2.2        7.7        6.4        7.1       77.0 
080815  202300  48   0.0200 N  62  22.8968 W   2.2        7.7        6.4        6.9*      77.0 
080815  202301  48   0.0194 N  62  22.8966 W   2.1        7.7        6.4        6.9       77.0 
080815  202302  48   0.0189 N  62  22.8965 W   2.2        7.7        6.4        6.9       78.7*
080815  202303  48   0.0182 N  62  22.8964 W   2.2        7.7        6.4        6.9       78.7 
080815  202304  48   0.0177 N  62  22.8963 W   2.1        7.7        6.4        6.9       78.7 
080815  202305  48   0.0171 N  62  22.8961 W   2.1        7.7        6.4        6.8*      78.7 
080815  202306  48   0.0166 N  62  22.8959 W   2.1        7.7        6.4        6.8       78.7 
080815  202307  48   0.0160 N  62  22.8957 W   2.1        7.7        6.4        6.8       78.3*
080815  202308  48   0.0154 N  62  22.8957 W   2.1        7.7        6.4        6.8       78.3 
080815  202309  48   0.0149 N  62  22.8956 W   2.1        7.7        6.4        6.8       78.3 
080815  202310  48   0.0144 N  62  22.8953 W   2.1        7.7        6.4        6.2*      78.3 
080815  202311  48   0.0139 N  62  22.8949 W   2.1        7.7        6.4        6.2       78.3 
080815  202312  48   0.0133 N  62  22.8948 W   2.1        7.7        6.4        6.2       78.3*
080815  202313  48   0.0126 N  62  22.8948 W   2.1        7.7        6.4        6.2       78.3 
080815  202314  48   0.0121 N  62  22.8948 W   2.1        7.7        6.4        6.2       78.3 
080815  202315  48   0.0115 N  62  22.8945 W   2.1        7.7        6.4        6.6*      78.3 
080815  202316  48   0.0110 N  62  22.8941 W   2.1        7.7        6.4        6.6       78.3 
080815  202317  48   0.0103 N  62  22.8940 W   2.1        7.7        6.4        6.6       78.3 
080815  202318  48   0.0097 N  62  22.8940 W   2.1        7.7        6.4        6.6       79.2*
080815  202319  48   0.0092 N  62  22.8938 W   2.1        7.7        6.4        6.6       79.2 
080815  202320  48   0.0087 N  62  22.8935 W   2.1        7.7        6.4        6.6       79.2 
080815  202321  48   0.0081 N  62  22.8933 W   2.1        7.7        6.4        9.8*      79.2 
080815  202322  48   0.0075 N  62  22.8932 W   2.1        7.7        6.4        9.8       79.2 
080815  202323  48   0.0070 N  62  22.8931 W   2.1        7.7        6.4        9.8       81.8*
080815  202324  48   0.0064 N  62  22.8929 W   2.1        7.7        6.4        9.8       81.8 
080815  202325  48   0.0059 N  62  22.8926 W   2.1        7.7        6.4        9.8       81.8 
080815  202326  48   0.0054 N  62  22.8924 W   2.0        7.7        6.4        8.2*      81.8 
080815  202327  48   0.0048 N  62  22.8924 W   2.0        7.7        6.4        8.2       81.8 
080815  202328  48   0.0043 N  62  22.8922 W   2.0        7.7        6.4        8.2       81.8 
080815  202329  48   0.0038 N  62  22.8920 W   2.0        7.7        6.4        8.2       84.9*
080815  202330  48   0.0033 N  62  22.8918 W   2.0        7.7        6.4        8.2       84.9 
080815  202331  48   0.0027 N  62  22.8916 W   2.0        7.7        6.4        2.7*      84.9 
080815  202332  48   0.0023 N  62  22.8915 W   1.9        7.7        6.4        2.7       84.9 
080815  202333  48   0.0018 N  62  22.8913 W   1.9        7.7        6.4        2.7       84.9 
080815  202334  48   0.0013 N  62  22.8911 W   1.9        7.7        6.4        2.7       72.6*
080815  202335  48   0.0008 N  62  22.8908 W   1.9        7.7        6.4        2.7       72.6 
080815  202336  48   0.0002 N  62  22.8906 W   1.9        7.7        6.4        5.7*      72.6 
080815  202337  47  59.9997 N  62  22.8905 W   1.9        7.7        6.4        5.7       72.6 
080815  202338  47  59.9992 N  62  22.8903 W   1.9        7.7        6.4        5.7       72.6 
080815  202339  47  59.9987 N  62  22.8901 W   1.9        7.7        6.4        5.7       80.1*
080815  202340  47  59.9982 N  62  22.8898 W   1.9        7.7       12.5*       5.7       80.1 
080815  202341  47  59.9976 N  62  22.8896 W   2.0        7.7       12.5        5.7       80.1 
080815  202342  47  59.9971 N  62  22.8894 W   2.0        7.7       12.5        6.2*      80.1 
080815  202343  47  59.9966 N  62  22.8893 W   1.9        7.7       12.5        6.2       80.1 
080815  202344  47  59.9961 N  62  22.8891 W   2.0        7.7       12.5        6.2       80.1 
080815  202345  47  59.9955 N  62  22.8887 W   2.0        7.7       12.5        6.2       79.6*
080815  202346  47  59.9949 N  62  22.8885 W   2.0        7.7       12.5        6.2       79.6 
080815  202347  47  59.9944 N  62  22.8884 W   2.0        7.7       12.5        6.7*      79.6 
080815  202348  47  59.9939 N  62  22.8882 W   2.0        7.7       12.5        6.7       79.6 
080815  202349  47  59.9933 N  62  22.8879 W   2.1        7.7       12.5        6.7       79.6 
080815  202350  47  59.9927 N  62  22.8876 W   2.1        7.7       12.5        6.7       80.1*
080815  202351  47  59.9921 N  62  22.8874 W   2.1        7.7       12.5        6.7       80.1 
080815  202352  47  59.9915 N  62  22.8872 W   2.2        7.7       12.5        7.5*      80.1 
080815  202353  47  59.9910 N  62  22.8869 W   2.2        7.7       12.5        7.5       80.1 
080815  202354  47  59.9905 N  62  22.8867 W   2.2        7.7       12.5        7.5       80.1 
080815  202355  47  59.9898 N  62  22.8865 W   2.2        7.7       12.5        7.5       80.1 
080815  202356  47  59.9892 N  62  22.8862 W   2.3        7.7       12.5        7.5       80.1*
080815  202357  47  59.9887 N  62  22.8859 W   2.2        7.7       12.5        7.8*      80.1 
080815  202358  47  59.9881 N  62  22.8857 W   2.2        7.7       12.5        7.8       80.1 
080815  202359  47  59.9875 N  62  22.8856 W   2.2        7.7       12.5        7.8       80.1 
080815  202400  47  59.9868 N  62  22.8854 W   2.2        7.7       12.5        7.8       80.1 
080815  202401  47  59.9863 N  62  22.8851 W   2.2        7.7       12.5        7.8       79.6*
080815  202402  47  59.9857 N  62  22.8849 W   2.2        7.7       12.5        7.8       79.6 
080815  202403  47  59.9851 N  62  22.8847 W   2.2        7.7       12.5        8.3*      79.6 
080815  202404  47  59.9845 N  62  22.8846 W   2.2        7.7       12.5        8.3       79.6 
080815  202405  47  59.9839 N  62  22.8845 W   2.2        7.7       12.5        8.3       79.6 
080815  202406  47  59.9832 N  62  22.8842 W   2.2        7.7       12.5        8.3       82.3*
080815  202407  47  59.9827 N  62  22.8839 W   2.2        7.7       12.5        8.3       82.3 
080815  202408  47  59.9821 N  62  22.8836 W   2.2        7.7       12.5       10.9*      82.3 
080815  202409  47  59.9814 N  62  22.8836 W   2.2        7.7       12.5       10.9       82.3 
080815  202410  47  59.9808 N  62  22.8835 W   2.2        7.7       12.5       10.9       82.3 
080815  202411  47  59.9802 N  62  22.8831 W   2.2        7.7       12.5       10.9       82.3 
080815  202412  47  59.9797 N  62  22.8827 W   2.2        7.7       12.5       10.9       78.7*
080815  202413  47  59.9791 N  62  22.8826 W   2.2        7.7       12.5       12.5*      78.7 
080815  202414  47  59.9785 N  62  22.8825 W   2.2        7.7       12.5       12.5       78.7 
080815  202415  47  59.9778 N  62  22.8823 W   2.2        7.7       12.5       12.5       78.7 
080815  202416  47  59.9773 N  62  22.8818 W   2.2        7.7       12.5       12.5       78.7 
080815  202417  47  59.9768 N  62  22.8815 W   2.2        7.7       12.5       12.5       81.8*
080815  202418  47  59.9763 N  62  22.8813 W   2.2        7.7       12.5       12.5       81.8 
080815  202419  47  59.9757 N  62  22.8812 W   2.2        7.7       12.5        8.3*      81.8 
080815  202420  47  59.9752 N  62  22.8809 W   2.1        7.7       12.5        8.3       81.8 
080815  202421  47  59.9747 N  62  22.8805 W   2.1        7.7       12.5        8.3       81.8 
080815  202422  47  59.9741 N  62  22.8803 W   2.1        7.7       12.5        8.3       81.8 
080815  202423  47  59.9736 N  62  22.8801 W   2.1        7.7       12.5        8.3       78.7*
080815  202424  47  59.9732 N  62  22.8799 W   2.1        7.7       12.5        8.9*      78.7 
080815  202425  47  59.9727 N  62  22.8796 W   2.1        7.7       12.5        8.9       78.7 
080815  202426  47  59.9721 N  62  22.8793 W   2.1        7.7       12.5        8.9       78.7 
080815  202427  47  59.9716 N  62  22.8790 W   2.1        7.7       12.5        8.9       78.7 
080815  202428  47  59.9712 N  62  22.8788 W   2.0        7.7       12.5        8.9       81.4*
080815  202429  47  59.9707 N  62  22.8786 W   2.0        7.7       12.5       12.2*      81.4 
080815  202430  47  59.9701 N  62  22.8783 W   2.1        7.7       12.5       12.2       81.4 
080815  202431  47  59.9696 N  62  22.8780 W   2.1        7.7       12.5       12.2       81.4 
080815  202432  47  59.9691 N  62  22.8777 W   2.0        7.7       12.5       12.2       81.4 
080815  202433  47  59.9686 N  62  22.8774 W   2.0        7.7       12.5       12.2       77.0*
080815  202434  47  59.9680 N  62  22.8772 W   2.0        7.7       12.5        5.3*      77.0 
080815  202435  47  59.9674 N  62  22.8769 W   2.1        7.7       12.5        5.3       77.0 
080815  202436  47  59.9669 N  62  22.8766 W   2.1        7.7       12.5        5.3       77.0 
080815  202437  47  59.9663 N  62  22.8763 W   2.0        7.7       12.5        5.3       77.0 
080815  202438  47  59.9658 N  62  22.8760 W   2.0        7.7       12.5        5.3       77.0 
080815  202439  47  59.9653 N  62  22.8757 W   2.1        7.7       12.5        5.3       81.4*
080815  202440  47  59.9647 N  62  22.8755 W   2.1        7.7       12.5        9.6*      81.4 
080815  202441  47  59.9641 N  62  22.8752 W   2.1        7.7       12.5        9.6       81.4 
080815  202442  47  59.9637 N  62  22.8749 W   2.0        7.7       12.5        9.6       81.4 
080815  202443  47  59.9632 N  62  22.8746 W   2.1        7.7       12.5        9.6       81.4 
080815  202444  47  59.9626 N  62  22.8744 W   2.1        7.7       12.5        9.6       80.1*
080815  202445  47  59.9620 N  62  22.8741 W   2.1        7.7       12.5        8.8*      80.1 
080815  202446  47  59.9615 N  62  22.8738 W   2.1        7.7       12.5        8.8       80.1 
080815  202447  47  59.9610 N  62  22.8735 W   2.1        7.7       12.5        8.8       80.1 
080815  202448  47  59.9604 N  62  22.8732 W   2.1        7.7       12.5        8.8       80.1 
080815  202449  47  59.9598 N  62  22.8730 W   2.1        7.7       12.5        8.8       80.1 
080815  202450  47  59.9593 N  62  22.8728 W   2.1        7.7       12.5        9.6*      80.1*
080815  202451  47  59.9588 N  62  22.8725 W   2.1        7.7       12.5        9.6       80.1 
080815  202452  47  59.9582 N  62  22.8721 W   2.1        7.7       12.5        9.6       80.1 
080815  202453  47  59.9577 N  62  22.8718 W   2.1        7.7       12.5        9.6       80.1 
080815  202454  47  59.9571 N  62  22.8717 W   2.1        7.7       12.5        9.6       80.1 
080815  202455  47  59.9566 N  62  22.8715 W   2.1        7.7       12.5        9.6       80.1*
080815  202456  47  59.9561 N  62  22.8711 W   2.1        7.7       12.5        9.6       80.1 
080815  202457  47  59.9556 N  62  22.8707 W   2.1        7.7       12.5        9.6       80.1 
080815  202458  47  59.9550 N  62  22.8704 W   2.1        7.7       12.5        9.6       80.1 
080815  202459  47  59.9543 N  62  22.8703 W   2.1        7.7       12.5        9.6       80.1 
080815  202500  47  59.9538 N  62  22.8701 W   2.1        7.7       12.5        9.6       82.3*
080815  202501  47  59.9533 N  62  22.8697 W   2.1        7.7       12.5        9.2*      82.3 
080815  202502  47  59.9528 N  62  22.8693 W   2.1        7.7       12.5        9.2       82.3 
080815  202503  47  59.9521 N  62  22.8691 W   2.1        7.7       11.5*       9.2       82.3 
080815  202504  47  59.9515 N  62  22.8689 W   2.1        7.7       11.5        9.2       82.3 
080815  202505  47  59.9510 N  62  22.8686 W   2.1        7.7       11.5        9.2       82.3 
080815  202506  47  59.9505 N  62  22.8682 W   2.1        7.7       11.5       10.3*      74.8*
080815  202507  47  59.9498 N  62  22.8679 W   2.1        7.7       11.5       10.3       74.8 
080815  202508  47  59.9492 N  62  22.8677 W   2.1        7.7       11.5       10.3       74.8 
080815  202509  47  59.9486 N  62  22.8674 W   2.1        7.7       11.5       10.3       74.8 
080815  202510  47  59.9481 N  62  22.8671 W   2.1        7.7       11.5       10.3       74.8 
080815  202511  47  59.9475 N  62  22.8668 W   2.1        7.7       11.5        8.6*      79.6*
080815  202512  47  59.9470 N  62  22.8664 W   2.1        7.7       11.5        8.6       79.6 
080815  202513  47  59.9464 N  62  22.8662 W   2.1        7.7       11.5        8.6       79.6 
080815  202514  47  59.9459 N  62  22.8660 W   2.1        7.7       11.5        8.6       79.6 
080815  202515  47  59.9454 N  62  22.8657 W   2.1        7.7       11.5        8.6       79.6 
080815  202516  47  59.9448 N  62  22.8654 W   2.1        7.7       11.5        8.6       79.6 
080815  202517  47  59.9442 N  62  22.8651 W   2.1        7.7       11.5       28.1*      83.6*
080815  202518  47  59.9437 N  62  22.8649 W   2.1        7.7       11.5       28.1       83.6 
080815  202519  47  59.9432 N  62  22.8646 W   2.0        7.7       11.5       28.1       83.6 
080815  202520  47  59.9426 N  62  22.8643 W   2.1        7.7       11.5       28.1       83.6 
080815  202521  47  59.9421 N  62  22.8640 W   2.1        7.7       11.5       28.1       83.6 
080815  202522  47  59.9415 N  62  22.8638 W   2.1        7.7       11.5       28.1       77.4*
080815  202523  47  59.9410 N  62  22.8636 W   2.1        7.7       11.5       28.1       77.4 
080815  202524  47  59.9404 N  62  22.8633 W   2.0        7.7       11.5       28.1       77.4 
080815  202525  47  59.9399 N  62  22.8630 W   2.1        7.7       11.5       28.1       77.4 
080815  202526  47  59.9393 N  62  22.8627 W   2.1        7.7       11.5       28.1       77.4 
080815  202527  47  59.9387 N  62  22.8624 W   2.1        7.7       11.5        9.6*      81.4*
080815  202528  47  59.9383 N  62  22.8622 W   2.1        7.7       11.5        9.6       81.4 
080815  202529  47  59.9377 N  62  22.8619 W   2.0        7.7       11.5        9.6       81.4 
080815  202530  47  59.9372 N  62  22.8616 W   2.1        7.7       11.5        9.6       81.4 
080815  202531  47  59.9366 N  62  22.8612 W   2.1        7.7       11.5        9.6       81.4 
080815  202532  47  59.9361 N  62  22.8610 W   2.1        7.7       11.5        9.2*      81.4 
080815  202533  47  59.9356 N  62  22.8607 W   2.1        7.7       11.5        9.2       78.7*
080815  202534  47  59.9350 N  62  22.8605 W   2.1        7.7       11.5        9.2       78.7 
080815  202535  47  59.9345 N  62  22.8602 W   2.1        7.7       11.5        9.2       78.7 
080815  202536  47  59.9339 N  62  22.8599 W   2.1        7.7       11.5        9.2       78.7 
080815  202537  47  59.9334 N  62  22.8595 W   2.1        7.7       11.5        9.2       78.7 
080815  202538  47  59.9329 N  62  22.8592 W   2.1        7.7       11.5        9.8*      81.8*
080815  202539  47  59.9324 N  62  22.8591 W   2.1        7.7       11.5        9.8       81.8 
080815  202540  47  59.9318 N  62  22.8588 W   2.1        7.7       11.5        9.8       81.8 
080815  202541  47  59.9313 N  62  22.8584 W   2.1        7.7       11.5        9.8       81.8 
080815  202542  47  59.9308 N  62  22.8580 W   2.1        7.7       11.5        9.8       81.8 
080815  202543  47  59.9302 N  62  22.8577 W   2.1        7.7       11.5        9.8*      81.8 
080815  202544  47  59.9297 N  62  22.8574 W   2.1        7.7        5.9*       9.8       78.3*
080815  202545  47  59.9291 N  62  22.8571 W   2.1        7.7        5.9        9.8       78.3 
080815  202546  47  59.9286 N  62  22.8569 W   2.1        7.7        5.9        9.8       78.3 
080815  202547  47  59.9279 N  62  22.8565 W   2.1        7.7        5.9        9.8       78.3 
080815  202548  47  59.9274 N  62  22.8561 W   2.1        7.7        5.9        9.8*      78.3 
080815  202549  47  59.9269 N  62  22.8558 W   2.1        7.7        5.9        9.8       81.4*
080815  202550  47  59.9263 N  62  22.8556 W   2.1        7.7        5.9        9.8       81.4 
080815  202551  47  59.9257 N  62  22.8553 W   2.2        2.2*       5.9        9.8       81.4 
080815  202552  47  59.9252 N  62  22.8550 W   2.2        2.2        5.9        9.8       81.4 
080815  202553  47  59.9247 N  62  22.8546 W   2.1        2.2        5.9        9.8       81.4 
080815  202554  47  59.9241 N  62  22.8543 W   2.1        2.2        5.9       10.0*      78.3*
080815  202555  47  59.9235 N  62  22.8540 W   2.2        2.2        5.9       10.0       78.3 
080815  202556  47  59.9229 N  62  22.8538 W   2.2        2.2        5.9       10.0       78.3 
080815  202557  47  59.9224 N  62  22.8534 W   2.2        2.2        5.9       10.0       78.3 
080815  202558  47  59.9218 N  62  22.8530 W   2.2        2.2        5.9       10.0       78.3 
080815  202559  47  59.9213 N  62  22.8527 W   2.2        2.2        5.9       10.2*      78.3 
080815  202600  47  59.9207 N  62  22.8523 W   2.2        2.2        5.9       10.2       81.8*
080815  202601  47  59.9201 N  62  22.8520 W   2.2        2.2        5.9       10.2       81.8 
080815  202602  47  59.9194 N  62  22.8518 W   2.2        2.2        5.9       10.2       81.8 
080815  202603  47  59.9189 N  62  22.8514 W   2.2        2.2        5.9       10.2       81.8 
080815  202604  47  59.9183 N  62  22.8511 W   2.2        2.2        5.9        9.8*      81.8 
080815  202605  47  59.9177 N  62  22.8507 W   2.2        2.2        5.9        9.8       79.2*
080815  202606  47  59.9171 N  62  22.8504 W   2.2        2.2        5.9        9.8       79.2 
080815  202607  47  59.9165 N  62  22.8501 W   2.2        2.2        5.9        9.8       79.2 
080815  202608  47  59.9160 N  62  22.8498 W   2.2        2.2        5.9        9.8       79.2 
080815  202609  47  59.9154 N  62  22.8494 W   2.2        2.2        5.9        9.8       79.2 
080815  202610  47  59.9148 N  62  22.8490 W   2.2        2.2        5.9       10.3*      79.2 
080815  202611  47  59.9143 N  62  22.8487 W   2.2        2.2        5.9       10.3       79.2*
080815  202612  47  59.9137 N  62  22.8484 W   2.2        2.2        5.9       10.3       79.2 
080815  202613  47  59.9132 N  62  22.8480 W   2.2        2.2        5.9       10.3       79.2 
080815  202614  47  59.9127 N  62  22.8477 W   2.2        2.2        5.9       10.3       79.2 
080815  202615  47  59.9121 N  62  22.8473 W   2.2        2.2        5.9       18.5*      79.2 
080815  202616  47  59.9115 N  62  22.8470 W   2.2        2.2        5.9       18.5       79.2 
080815  202617  47  59.9109 N  62  22.8467 W   2.2        2.2        5.9       18.5       79.2 
080815  202618  47  59.9104 N  62  22.8464 W   2.2        2.2        5.9       18.5       79.2 
080815  202619  47  59.9098 N  62  22.8460 W   2.2        2.2        5.9       18.5       79.2 
080815  202620  47  59.9093 N  62  22.8457 W   2.2        2.2        5.9        1.1*      79.2 
080815  202621  47  59.9087 N  62  22.8454 W   2.1        2.2        5.9        1.1      542.4*
080815  202622  47  59.9082 N  62  22.8451 W   2.1        2.2        5.9        1.1      542.4 
080815  202623  47  59.9076 N  62  22.8447 W   2.1        2.2        5.9        1.1      542.4 
080815  202624  47  59.9071 N  62  22.8443 W   2.2        2.2        5.9        1.1      542.4 
080815  202625  47  59.9065 N  62  22.8440 W   2.2        2.2        5.9        9.5*     542.4 
080815  202626  47  59.9060 N  62  22.8438 W   2.1        2.2        5.9        9.5      542.4 
080815  202627  47  59.9054 N  62  22.8435 W   2.1        2.1*       5.9        9.5       79.2*
080815  202628  47  59.9048 N  62  22.8432 W   2.1        2.1        5.9        9.5       79.2 
080815  202629  47  59.9043 N  62  22.8428 W   2.1        2.1        5.9        9.5       79.2 
080815  202630  47  59.9037 N  62  22.8425 W   2.1        2.1        5.9        9.5       79.2 
080815  202631  47  59.9032 N  62  22.8423 W   2.1        2.1        5.9       10.1*      79.2 
080815  202632  47  59.9026 N  62  22.8420 W   2.1        2.1        5.9       10.1       79.2*
080815  202633  47  59.9021 N  62  22.8415 W   2.2        2.1        5.9       10.1       79.2 
080815  202634  47  59.9016 N  62  22.8411 W   2.2        2.1        5.9       10.1       79.2 
080815  202635  47  59.9011 N  62  22.8409 W   2.1        2.1        5.9       10.1       79.2 
080815  202636  47  59.9005 N  62  22.8406 W   2.1        2.1        5.9        9.3*      79.2 
080815  202637  47  59.8999 N  62  22.8403 W   2.2        2.1        5.9        9.3       81.8*
080815  202638  47  59.8993 N  62  22.8399 W   2.2        2.1        5.9        9.3       81.8 
080815  202639  47  59.8989 N  62  22.8395 W   2.1        2.1       11.3*       9.3       81.8 
080815  202640  47  59.8983 N  62  22.8392 W   2.1        2.1       11.3        9.3       81.8 
080815  202641  47  59.8977 N  62  22.8390 W   2.1        2.1       11.3        9.5*      81.8 
080815  202642  47  59.8972 N  62  22.8386 W   2.1        2.1       11.3        9.5       81.8 
080815  202643  47  59.8967 N  62  22.8382 W   2.1        2.1       11.3        9.5       81.4*
080815  202644  47  59.8961 N  62  22.8379 W   2.1        2.1       11.3        9.5       81.4 
080815  202645  47  59.8956 N  62  22.8377 W   2.1        2.1       11.3        9.5       81.4 
080815  202646  47  59.8950 N  62  22.8374 W   2.1        2.1       11.3        9.5       81.4 
080815  202647  47  59.8945 N  62  22.8371 W   2.1        2.1       11.3        9.3*      81.4 
080815  202648  47  59.8939 N  62  22.8368 W   2.1        2.1       11.3        9.3       79.2*
080815  202649  47  59.8934 N  62  22.8363 W   2.1        2.1       11.3        9.3       79.2 
080815  202650  47  59.8929 N  62  22.8361 W   2.1        2.1       11.3        9.3       79.2 
080815  202651  47  59.8923 N  62  22.8358 W   2.1        2.1       11.3        9.3       79.2 
080815  202652  47  59.8917 N  62  22.8355 W   2.1        2.1       11.3        9.9*      79.2 
080815  202653  47  59.8912 N  62  22.8352 W   2.1        2.1       11.3        9.9       79.2 
080815  202654  47  59.8907 N  62  22.8348 W   2.1        2.1       11.3        9.9       79.6*
080815  202655  47  59.8901 N  62  22.8345 W   2.1        2.1       11.3        9.9       79.6 
080815  202656  47  59.8895 N  62  22.8342 W   2.1        2.1       11.3        9.9       79.6 
080815  202657  47  59.8890 N  62  22.8339 W   2.1        2.1       11.3       10.1*      79.6 
080815  202658  47  59.8885 N  62  22.8335 W   2.1        2.1       11.3       10.1       79.6 
080815  202659  47  59.8879 N  62  22.8332 W   2.1        2.1       11.3       10.1       80.5*
080815  202700  47  59.8873 N  62  22.8329 W   2.1        2.1       11.3       10.1       80.5 
080815  202701  47  59.8867 N  62  22.8326 W   2.1        2.1       11.3       10.1       80.5 
080815  202702  47  59.8862 N  62  22.8322 W   2.1        2.1       11.3       10.1       80.5 
080815  202703  47  59.8856 N  62  22.8319 W   2.1        2.1       11.3       10.1*      80.5 
080815  202704  47  59.8850 N  62  22.8317 W   2.1        2.1       11.3       10.1       77.4*
080815  202705  47  59.8845 N  62  22.8314 W   2.1        2.1       11.3       10.1       77.4 
080815  202706  47  59.8839 N  62  22.8309 W   2.1        2.1       11.3       10.1       77.4 
080815  202707  47  59.8834 N  62  22.8305 W   2.1        2.1       11.3       10.1       77.4 
080815  202708  47  59.8828 N  62  22.8302 W   2.2        2.1       11.3       10.1       77.4 
080815  202709  47  59.8822 N  62  22.8300 W   2.1        2.1       11.3       10.1       77.4 
080815  202710  47  59.8817 N  62  22.8297 W   2.1        2.1       11.3       10.1       82.3*
080815  202711  47  59.8811 N  62  22.8293 W   2.2        2.1       11.3       10.1       82.3 
080815  202712  47  59.8805 N  62  22.8288 W   2.2        2.1       11.3       10.1       82.3 
080815  202713  47  59.8800 N  62  22.8285 W   2.1        2.1       11.3       47.6*      82.3 
080815  202714  47  59.8795 N  62  22.8283 W   2.1        2.1       11.3       47.6       82.3 
080815  202715  47  59.8789 N  62  22.8280 W   2.1        2.1       11.3       47.6       80.1*
080815  202716  47  59.8783 N  62  22.8275 W   2.2        2.1       11.3       47.6       80.1 
080815  202717  47  59.8777 N  62  22.8271 W   2.1        2.1       11.3       47.6       80.1 
080815  202718  47  59.8772 N  62  22.8268 W   2.1        2.1       11.3        9.2*      80.1 
080815  202719  47  59.8766 N  62  22.8265 W   2.1        2.1       11.3        9.2       80.1 
080815  202720  47  59.8761 N  62  22.8262 W   2.1        2.1       11.3        9.2       80.1 
080815  202721  47  59.8755 N  62  22.8258 W   2.1        2.1       11.3        9.2       80.1*
080815  202722  47  59.8750 N  62  22.8254 W   2.1        2.1       11.3        9.2       80.1 
080815  202723  47  59.8745 N  62  22.8251 W   2.1        2.1       11.3        9.2       80.1 
080815  202724  47  59.8740 N  62  22.8248 W   2.1        2.1       11.3       10.1*      80.1 
080815  202725  47  59.8734 N  62  22.8245 W   2.1        2.1       11.3       10.1       80.1 
080815  202726  47  59.8728 N  62  22.8241 W   2.1        2.1       11.3       10.1       77.9*
080815  202727  47  59.8722 N  62  22.8237 W   2.1        2.1       11.3       10.1       77.9 
080815  202728  47  59.8718 N  62  22.8233 W   2.1        2.1       11.3       10.1       77.9 
080815  202729  47  59.8712 N  62  22.8230 W   2.1        2.1       11.3       10.1       77.9 
080815  202730  47  59.8706 N  62  22.8228 W   2.1        2.1       11.3       10.1       77.9 
080815  202731  47  59.8700 N  62  22.8224 W   2.1        2.1       11.3       10.1       80.1*
080815  202732  47  59.8695 N  62  22.8219 W   2.1        2.1       11.3       10.1       80.1 
080815  202733  47  59.8690 N  62  22.8216 W   2.1        2.1       11.3       10.1       80.1 
080815  202734  47  59.8683 N  62  22.8213 W   2.1        2.1       11.3       10.1*      80.1 
080815  202735  47  59.8677 N  62  22.8211 W   2.1        2.1       11.3       10.1       80.1 
080815  202736  47  59.8672 N  62  22.8207 W   2.1        2.1       11.3       10.1       80.1 
080815  202737  47  59.8667 N  62  22.8202 W   2.1        2.1       11.3       10.1       83.6*
080815  202738  47  59.8661 N  62  22.8198 W   2.1        2.1       11.3       10.1       83.6 
080815  202739  47  59.8655 N  62  22.8195 W   2.2        2.1       11.3       10.1       83.6 
080815  202740  47  59.8650 N  62  22.8192 W   2.2        2.1       11.3       10.1       83.6 
080815  202741  47  59.8646 N  62  22.8188 W   2.1        2.1       11.3       10.1       83.6 
080815  202742  47  59.8640 N  62  22.8183 W   2.1        2.1       11.3       10.1       78.3*
080815  202743  47  59.8635 N  62  22.8179 W   2.1        2.1       11.3       10.1       78.3 
080815  202744  47  59.8630 N  62  22.8176 W   2.1        2.1       11.3       10.1       78.3 
080815  202745  47  59.8624 N  62  22.8172 W   2.2        2.1       11.3       10.1       78.3 
080815  202746  47  59.8619 N  62  22.8168 W   2.1        2.1       11.3       10.1       78.3 
080815  202747  47  59.8614 N  62  22.8164 W   2.1        2.1       11.3       10.1       78.3 
080815  202748  47  59.8608 N  62  22.8161 W   2.1        2.1       11.3       10.1      133.3*
080815  202749  47  59.8603 N  62  22.8157 W   2.1        2.1       11.3       10.1      133.3 
080815  202750  47  59.8598 N  62  22.8154 W   2.1        2.1       10.6*      14.7*     133.3 
080815  202751  47  59.8594 N  62  22.8151 W   2.0        2.1       10.6       14.7      133.3 
080815  202752  47  59.8591 N  62  22.8147 W   1.9        2.1       10.6       14.7      133.3 
080815  202753  47  59.8586 N  62  22.8144 W   1.9        2.1       10.6       14.7      133.3 
080815  202754  47  59.8582 N  62  22.8141 W   1.9        2.1       10.6       14.7      133.3 
080815  202755  47  59.8578 N  62  22.8138 W   1.8        2.1       10.6       10.1*     133.3 
080815  202756  47  59.8576 N  62  22.8135 W   1.7        2.1       10.6       10.1      133.3 
080815  202757  47  59.8573 N  62  22.8132 W   1.6        2.1       10.6       10.1      133.3 
080815  202758  47  59.8569 N  62  22.8128 W   1.6        2.1       10.6       10.1      133.3 
080815  202759  47  59.8567 N  62  22.8125 W   1.5        2.1       10.6       10.1      133.3 
080815  202800  47  59.8565 N  62  22.8122 W   1.4        2.1       10.6       21.2*     133.3 
080815  202801  47  59.8563 N  62  22.8119 W   1.4        2.1       10.6       21.2      133.3 
080815  202802  47  59.8560 N  62  22.8117 W   1.3        2.1       10.6       21.2      133.3 
080815  202803  47  59.8558 N  62  22.8114 W   1.2        2.1       10.6       21.2      133.3 
080815  202804  47  59.8556 N  62  22.8112 W   1.2        2.1       10.6       21.2       55.4*
080815  202805  47  59.8554 N  62  22.8109 W   1.1        2.1       10.6       21.2       55.4 
080815  202806  47  59.8552 N  62  22.8106 W   1.1        2.1       10.6       21.2       55.4 
080815  202807  47  59.8550 N  62  22.8103 W   1.1        2.1       10.6       21.2       55.4 
080815  202808  47  59.8549 N  62  22.8101 W   1.0        2.1       10.6       21.2       55.4 
080815  202809  47  59.8547 N  62  22.8098 W   1.0        2.1       10.6       21.2      121.0*
080815  202810  47  59.8545 N  62  22.8095 W   1.0        2.1       10.6       21.2      121.0 
080815  202811  47  59.8544 N  62  22.8093 W   0.9        2.1       10.6       21.2      121.0 
080815  202812  47  59.8543 N  62  22.8090 W   0.9        2.1       10.6       21.2      121.0 
080815  202813  47  59.8542 N  62  22.8087 W   0.9        2.1       10.6       21.2      121.0 
080815  202814  47  59.8540 N  62  22.8085 W   0.9        2.1       10.6       21.2      121.0 
080815  202815  47  59.8540 N  62  22.8082 W   0.8        2.1       10.6       21.2      121.0 
080815  202816  47  59.8540 N  62  22.8079 W   0.8        2.1       10.6       14.3*     121.0 
080815  202817  47  59.8539 N  62  22.8076 W   0.8        2.1       10.6       14.3      121.0 
080815  202818  47  59.8538 N  62  22.8074 W   0.8        2.1       10.6       14.3      121.0 
080815  202819  47  59.8537 N  62  22.8072 W   0.7        2.1       10.6       14.3      121.0 
080815  202820  47  59.8536 N  62  22.8069 W   0.7        2.1       10.6       14.3      121.0 
080815  202821  47  59.8536 N  62  22.8066 W   0.7        2.1       10.6        3.1*     121.0 
080815  202822  47  59.8535 N  62  22.8063 W   0.7        2.1       10.6        3.1      121.0 
080815  202823  47  59.8534 N  62  22.8061 W   0.7        2.1       10.6        3.1      121.0 
080815  202824  47  59.8532 N  62  22.8058 W   0.7        2.1       10.6        3.1      121.0 
080815  202825  47  59.8532 N  62  22.8055 W   0.7        2.1       10.6        3.1      121.0 
080815  202826  47  59.8532 N  62  22.8052 W   0.7        2.1       10.6       12.5*     121.0 
080815  202827  47  59.8531 N  62  22.8049 W   0.7        2.1       10.6       12.5      121.0 
080815  202828  47  59.8530 N  62  22.8046 W   0.7        2.1       10.6       12.5      121.0 
080815  202829  47  59.8531 N  62  22.8043 W   0.7        2.1       10.6       12.5      121.0 
080815  202830  47  59.8531 N  62  22.8040 W   0.7        2.1       10.6       12.5      121.0 
080815  202831  47  59.8530 N  62  22.8037 W   0.7        2.1       10.6       12.5       67.3*
080815  202832  47  59.8528 N  62  22.8033 W   0.8        2.1       10.6        4.1*      67.3 
080815  202833  47  59.8528 N  62  22.8030 W   0.8        2.1       10.6        4.1       67.3 
080815  202834  47  59.8528 N  62  22.8028 W   0.7        2.1       10.6        4.1       67.3 
080815  202835  47  59.8527 N  62  22.8025 W   0.7        2.1       10.6        4.1       67.3 
080815  202836  47  59.8525 N  62  22.8020 W   0.8        2.1       10.6        4.1       40.0*
080815  202837  47  59.8525 N  62  22.8017 W   0.8        2.1       10.6        4.1       40.0 
080815  202838  47  59.8525 N  62  22.8014 W   0.8        2.3*      10.6        4.1       40.0 
080815  202839  47  59.8524 N  62  22.8011 W   0.8        2.3       10.6        4.1       40.0 
080815  202840  47  59.8523 N  62  22.8008 W   0.8        2.3       10.6        4.1       40.0 
080815  202841  47  59.8522 N  62  22.8005 W   0.8        2.3       10.6        4.1       40.0 
080815  202842  47  59.8523 N  62  22.8001 W   0.8        2.3       10.6       11.5*      85.8*
080815  202843  47  59.8522 N  62  22.7998 W   0.8        2.3       10.6       11.5       85.8 
080815  202844  47  59.8521 N  62  22.7995 W   0.8        2.3       10.6       11.5       85.8 
080815  202845  47  59.8520 N  62  22.7992 W   0.8        2.3       10.6       11.5       85.8 
080815  202846  47  59.8520 N  62  22.7989 W   0.8        2.3       10.6       11.5       85.8 
080815  202847  47  59.8520 N  62  22.7985 W   0.8        2.3       10.6        6.1*      95.9*
080815  202848  47  59.8520 N  62  22.7982 W   0.8        2.3       10.6        6.1       95.9 
080815  202849  47  59.8520 N  62  22.7978 W   0.8        2.3       10.6        6.1       95.9 
080815  202850  47  59.8520 N  62  22.7975 W   0.8        2.3       10.6        6.1       95.9 
080815  202851  47  59.8520 N  62  22.7973 W   0.7        2.3       10.6        6.1       95.9 
080815  202852  47  59.8520 N  62  22.7969 W   0.7        2.3       10.6        6.1       78.3*
080815  202853  47  59.8521 N  62  22.7966 W   0.8        2.3       10.6       18.2*      78.3 
080815  202854  47  59.8522 N  62  22.7962 W   0.8        2.3       10.6       18.2       78.3 
080815  202855  47  59.8522 N  62  22.7960 W   0.7        2.3       10.6       18.2       78.3 
080815  202856  47  59.8522 N  62  22.7957 W   0.7        2.3       10.6       18.2       78.3 
080815  202857  47  59.8522 N  62  22.7955 W   0.7        2.3       10.6       18.2       78.3 
080815  202858  47  59.8523 N  62  22.7952 W   0.7        2.3       10.6       18.2       52.3*
080815  202859  47  59.8524 N  62  22.7949 W   0.7        2.3       10.6       18.2       52.3 
080815  202900  47  59.8524 N  62  22.7945 W   0.7        2.3       10.6       18.2       52.3 
080815  202901  47  59.8525 N  62  22.7942 W   0.7        2.3       10.6       18.2       52.3 
080815  202902  47  59.8526 N  62  22.7940 W   0.7        2.3       10.6       18.2       52.3 
080815  202903  47  59.8526 N  62  22.7937 W   0.7        2.3       10.6        9.6*      52.3 
080815  202904  47  59.8526 N  62  22.7934 W   0.7        2.3       10.6        9.6       52.3 
080815  202905  47  59.8526 N  62  22.7931 W   0.7        2.3       10.6        9.6       52.3 
080815  202906  47  59.8527 N  62  22.7927 W   0.7        2.3       10.6        9.6       52.3 
080815  202907  47  59.8527 N  62  22.7924 W   0.7        2.3       10.6        9.6       52.3 
080815  202908  47  59.8527 N  62  22.7922 W   0.7        2.3       10.6        9.6       52.3 
080815  202909  47  59.8526 N  62  22.7919 W   0.7        2.3       10.6       23.5*      52.3 
080815  202910  47  59.8526 N  62  22.7915 W   0.7        2.3       10.6       23.5       52.3 
080815  202911  47  59.8527 N  62  22.7911 W   0.8        2.3       10.6       23.5       52.3 
080815  202912  47  59.8527 N  62  22.7909 W   0.7        2.3       10.6       23.5       52.3 
080815  202913  47  59.8525 N  62  22.7906 W   0.7        2.3       10.6       23.5       52.3 
080815  202914  47  59.8524 N  62  22.7903 W   0.7        2.5*      10.6       23.5       52.3 
080815  202915  47  59.8525 N  62  22.7900 W   0.7        2.5       10.6       23.5       52.3 
080815  202916  47  59.8525 N  62  22.7897 W   0.7        2.5       10.6       23.5       52.3 
080815  202917  47  59.8524 N  62  22.7893 W   0.8        2.5       10.6       23.5       52.3 
080815  202918  47  59.8523 N  62  22.7889 W   0.8        2.5       10.6       23.5       52.3 
080815  202919  47  59.8523 N  62  22.7886 W   0.8        2.5       10.6       23.5      523.0*
080815  202920  47  59.8524 N  62  22.7883 W   0.8        2.5       10.6       23.5      523.0 
080815  202921  47  59.8523 N  62  22.7880 W   0.8        2.5       10.6       23.5      523.0 
080815  202922  47  59.8523 N  62  22.7877 W   0.8        2.5       10.6       23.5      523.0 
080815  202923  47  59.8523 N  62  22.7874 W   0.8        2.5       10.6       23.5      523.0 
080815  202924  47  59.8523 N  62  22.7871 W   0.8        2.5       10.6       10.2*     523.0 
080815  202925  47  59.8524 N  62  22.7867 W   0.8        2.5       10.6       10.2       92.4*
080815  202926  47  59.8524 N  62  22.7865 W   0.7        2.5       10.6       10.2       92.4 
080815  202927  47  59.8523 N  62  22.7863 W   0.7        2.5       10.6       10.2       92.4 
080815  202928  47  59.8523 N  62  22.7859 W   0.7        2.5       10.6       10.2       92.4 
080815  202929  47  59.8523 N  62  22.7855 W   0.8        2.5       10.6        1.8*      92.4 
080815  202930  47  59.8523 N  62  22.7853 W   0.8        2.5       10.6        1.8       81.8*
080815  202931  47  59.8523 N  62  22.7850 W   0.8        2.5       10.6        1.8       81.8 
080815  202932  47  59.8522 N  62  22.7847 W   0.7        2.5       10.6        1.8       81.8 
080815  202933  47  59.8522 N  62  22.7845 W   0.7        2.5       10.6        1.8       81.8 
080815  202934  47  59.8522 N  62  22.7841 W   0.7        2.5       10.6        1.8       81.8 
080815  202935  47  59.8522 N  62  22.7837 W   0.8        2.5       10.6        3.6*      81.8 
080815  202936  47  59.8522 N  62  22.7834 W   0.8        2.5       10.6        3.6       81.8 
080815  202937  47  59.8523 N  62  22.7832 W   0.7        2.5       10.6        3.6       81.8 
080815  202938  47  59.8523 N  62  22.7829 W   0.7        2.5       13.4*       3.6       81.8 
080815  202939  47  59.8522 N  62  22.7825 W   0.8        2.5       13.4        3.6       81.8 
080815  202940  47  59.8522 N  62  22.7821 W   0.8        2.5       13.4        7.5*      81.8 
080815  202941  47  59.8524 N  62  22.7819 W   0.8        2.5       13.4        7.5      450.0*
080815  202942  47  59.8522 N  62  22.7816 W   0.7        2.5       13.4        7.5      450.0 
080815  202943  47  59.8522 N  62  22.7813 W   0.7        2.5       13.4        7.5      450.0 
080815  202944  47  59.8520 N  62  22.7810 W   0.7        2.5       13.4        7.5      450.0 
080815  202945  47  59.8521 N  62  22.7807 W   0.8        2.5       13.4        6.1*     450.0 
080815  202946  47  59.8521 N  62  22.7803 W   0.8        2.5       13.4        6.1      450.0 
080815  202947  47  59.8520 N  62  22.7801 W   0.8        2.5       13.4        6.1      450.0 
080815  202948  47  59.8519 N  62  22.7797 W   0.8        2.5       13.4        6.1      450.0 
080815  202949  47  59.8518 N  62  22.7793 W   0.8        2.5       13.4        6.1      450.0 
080815  202950  47  59.8518 N  62  22.7790 W   0.8        2.5       13.4       18.8*     450.0 
080815  202951  47  59.8517 N  62  22.7788 W   0.8        2.5       13.4       18.8      450.0 
080815  202952  47  59.8518 N  62  22.7785 W   0.8        2.5       13.4       18.8      450.0 
080815  202953  47  59.8518 N  62  22.7780 W   0.8        2.5       13.4       18.8      450.0 
080815  202954  47  59.8518 N  62  22.7777 W   0.8        2.5       13.4       18.8      450.0 
080815  202955  47  59.8517 N  62  22.7775 W   0.8        2.5       13.4       18.8      450.0 
080815  202956  47  59.8517 N  62  22.7773 W   0.7        2.5       13.4       18.8      450.0 
080815  202957  47  59.8517 N  62  22.7769 W   0.8        2.5       13.4       18.8       51.0*
080815  202958  47  59.8517 N  62  22.7765 W   0.8        2.5       13.4       18.8       51.0 
080815  202959  47  59.8516 N  62  22.7762 W   0.8        2.5       13.4       18.8       51.0 
080815  203000  47  59.8515 N  62  22.7760 W   0.7        2.5       13.4       18.8       51.0 
080815  203001  47  59.8515 N  62  22.7757 W   0.7        2.5       13.4       23.1*      51.0 
080815  203002  47  59.8513 N  62  22.7752 W   0.8        2.5       13.4       23.1       47.1*
080815  203003  47  59.8513 N  62  22.7749 W   0.8        2.5       13.4       23.1       47.1 
080815  203004  47  59.8513 N  62  22.7746 W   0.8        2.5       13.4       23.1       47.1 
080815  203005  47  59.8513 N  62  22.7743 W   0.8        2.5       13.4       23.1       47.1 
080815  203006  47  59.8512 N  62  22.7739 W   0.8        2.5       13.4       23.1       47.1 
080815  203007  47  59.8511 N  62  22.7737 W   0.8        2.5       13.4       23.1       42.7*
080815  203008  47  59.8510 N  62  22.7733 W   0.8        2.5       13.4       23.1       42.7 
080815  203009  47  59.8510 N  62  22.7728 W   0.8        2.5       13.4       23.1       42.7 
080815  203010  47  59.8509 N  62  22.7724 W   0.9        2.5       13.4       23.1       42.7 
080815  203011  47  59.8507 N  62  22.7721 W   0.9        2.5       13.4        2.9*      42.7 
080815  203012  47  59.8506 N  62  22.7717 W   0.9        2.5       13.4        2.9       42.7 
080815  203013  47  59.8504 N  62  22.7713 W   0.9        2.5       13.4        2.9       17.2*
080815  203014  47  59.8502 N  62  22.7709 W   0.9        2.5       13.2*       2.9       17.2 
080815  203015  47  59.8501 N  62  22.7706 W   0.9        2.5       13.2        2.9       17.2 
