FileName: C:\TRAWLS~1\FALL\GP219Fr.TXT
Local Time: Thu Sep 18 21:19:45 2008

Ship: 18 septembre 2008 Trip: GP219Fr Tow: 13
Comments: Area 12, Banc Bradelle - Ouest
 Date    Time     Latitude       Longitude    Speed    Primary  Secondary DoorSpread      Depth 
080919  001944  47  26.0930 N  63   9.5644 W   6.2        3.2        9.6*       7.5*     483.9*
080919  001945  47  26.0918 N  63   9.5634 W   6.0        3.2        9.6        7.5      483.9 
080919  001946  47  26.0906 N  63   9.5623 W   5.9        3.2        9.6        7.5      483.9 
080919  001947  47  26.0892 N  63   9.5613 W   5.8        3.2        9.6        7.5      483.9 
080919  001948  47  26.0878 N  63   9.5602 W   5.7        3.2        9.6        7.5      483.9 
080919  001949  47  26.0866 N  63   9.5592 W   5.6        3.2        9.6        7.5      483.9 
080919  001950  47  26.0856 N  63   9.5582 W   5.4        3.2        9.6        7.5      483.9 
080919  001951  47  26.0846 N  63   9.5574 W   5.2        3.2        9.6        7.5      483.9 
080919  001952  47  26.0837 N  63   9.5566 W   5.0        3.2        9.6        7.5      483.9 
080919  001953  47  26.0826 N  63   9.5557 W   4.9        3.2        9.6        7.5      483.9 
080919  001954  47  26.0814 N  63   9.5548 W   4.9        3.2        9.6        7.5      483.9 
080919  001955  47  26.0802 N  63   9.5541 W   4.8        3.2        9.6        7.5      483.9 
080919  001956  47  26.0791 N  63   9.5533 W   4.8        3.2        9.6        7.5      483.9 
080919  001957  47  26.0780 N  63   9.5523 W   4.8        3.2        9.6        7.5      483.9 
080919  001958  47  26.0771 N  63   9.5515 W   4.6        3.2        9.6        7.5      483.9 
080919  001959  47  26.0764 N  63   9.5510 W   4.4        3.2        9.6        7.5      483.9 
080919  002000  47  26.0756 N  63   9.5505 W   4.2        3.2        9.6        7.5      483.9 
080919  002001  47  26.0747 N  63   9.5498 W   4.1        3.2        9.6        7.5      483.9 
080919  002002  47  26.0736 N  63   9.5488 W   4.1        3.2        9.6        7.5      483.9 
080919  002003  47  26.0726 N  63   9.5479 W   4.2        3.2        9.6        7.5      483.9 
080919  002004  47  26.0716 N  63   9.5473 W   4.1        3.2        9.6        7.5      483.9 
080919  002005  47  26.0707 N  63   9.5468 W   4.1        3.2        9.6        7.5      483.9 
080919  002006  47  26.0699 N  63   9.5462 W   4.0        3.2        9.6        7.5      483.9 
080919  002007  47  26.0691 N  63   9.5453 W   4.0        3.2        9.6        7.5      483.9 
080919  002008  47  26.0683 N  63   9.5446 W   3.8        3.2        9.6        7.5      483.9 
080919  002009  47  26.0675 N  63   9.5439 W   3.8        3.2        9.6        7.5      483.9 
080919  002010  47  26.0664 N  63   9.5432 W   3.9        3.2        9.6        7.5      483.9 
080919  002011  47  26.0652 N  63   9.5423 W   4.0        3.2        9.6        7.5      483.9 
080919  002012  47  26.0642 N  63   9.5414 W   4.1        3.2        9.6        7.5      483.9 
080919  002013  47  26.0632 N  63   9.5404 W   4.1        3.2        9.6        7.5      483.9 
080919  002014  47  26.0622 N  63   9.5394 W   4.2        3.2        9.6        7.5      483.9 
080919  002015  47  26.0611 N  63   9.5385 W   4.2        3.2        9.6        7.5      483.9 
080919  002016  47  26.0599 N  63   9.5374 W   4.4        3.2        9.6        7.5      483.9 
080919  002017  47  26.0584 N  63   9.5360 W   4.8        3.2        9.6        7.5      483.9 
080919  002018  47  26.0568 N  63   9.5345 W   5.1        3.2        9.6        7.5      483.9 
080919  002019  47  26.0554 N  63   9.5330 W   5.3        3.2        9.6        7.5      483.9 
080919  002020  47  26.0538 N  63   9.5314 W   5.6        3.2        9.6        7.5      483.9 
080919  002021  47  26.0523 N  63   9.5299 W   5.7        3.2        9.6        7.5      483.9 
080919  002022  47  26.0508 N  63   9.5285 W   5.9        3.2        9.6        7.5      483.9 
080919  002023  47  26.0494 N  63   9.5271 W   6.0        3.2        9.6        7.5      483.9 
080919  002024  47  26.0480 N  63   9.5256 W   6.1        3.2        9.6        7.5      483.9 
080919  002025  47  26.0465 N  63   9.5241 W   6.2        3.2        9.6        7.5      483.9 
080919  002026  47  26.0448 N  63   9.5225 W   6.3        3.2        9.6        7.5      483.9 
080919  002027  47  26.0432 N  63   9.5209 W   6.5        3.2        9.6        7.5      483.9 
080919  002028  47  26.0414 N  63   9.5190 W   6.7        3.2        9.6        7.5      483.9 
080919  002029  47  26.0397 N  63   9.5171 W   6.9        3.2        9.6        7.5      483.9 
080919  002030  47  26.0378 N  63   9.5154 W   7.0        3.2        9.6        7.5      483.9 
080919  002031  47  26.0360 N  63   9.5139 W   7.1        3.2        9.6        7.5      483.9 
080919  002032  47  26.0343 N  63   9.5123 W   7.1        3.2        9.6        7.5      483.9 
080919  002033  47  26.0328 N  63   9.5106 W   7.1        3.2        9.6        7.5      483.9 
080919  002034  47  26.0313 N  63   9.5087 W   7.1        3.2        9.6        7.5      483.9 
080919  002035  47  26.0297 N  63   9.5068 W   7.1        3.2        9.6        7.5      483.9 
080919  002036  47  26.0279 N  63   9.5051 W   7.2        3.2        9.6        7.5      483.9 
080919  002037  47  26.0260 N  63   9.5034 W   7.3        3.2        9.6        7.5      483.9 
080919  002038  47  26.0241 N  63   9.5018 W   7.4        3.2        9.6        7.5      483.9 
080919  002039  47  26.0223 N  63   9.5001 W   7.4        3.2        9.6        7.5      483.9 
080919  002040  47  26.0208 N  63   9.4981 W   7.4        3.2        9.6        7.5      483.9 
080919  002041  47  26.0193 N  63   9.4961 W   7.4        3.2        9.6        7.5      483.9 
080919  002042  47  26.0178 N  63   9.4941 W   7.3        3.2        9.6        7.5      483.9 
080919  002043  47  26.0162 N  63   9.4922 W   7.3        3.2        9.6        7.5      483.9 
080919  002044  47  26.0144 N  63   9.4907 W   7.3        3.2        9.6        7.5      483.9 
080919  002045  47  26.0125 N  63   9.4890 W   7.4        3.2        9.6        7.5      483.9 
080919  002046  47  26.0107 N  63   9.4873 W   7.4        3.2        9.6        7.5      483.9 
080919  002047  47  26.0090 N  63   9.4854 W   7.5        3.2        9.6        7.5      483.9 
080919  002048  47  26.0072 N  63   9.4834 W   7.5        3.2        9.6        7.5      483.9 
080919  002049  47  26.0057 N  63   9.4815 W   7.5        3.2        9.6        7.5      483.9 
080919  002050  47  26.0044 N  63   9.4797 W   7.5        3.2        9.6        7.5      483.9 
080919  002051  47  26.0027 N  63   9.4778 W   7.5        3.2        9.6        7.5      483.9 
080919  002052  47  26.0012 N  63   9.4758 W   7.5        3.2        9.6        7.5      483.9 
080919  002053  47  25.9995 N  63   9.4740 W   7.5        3.2        9.6        7.5      483.9 
080919  002054  47  25.9977 N  63   9.4723 W   7.6        3.2        9.6        7.5      483.9 
080919  002055  47  25.9959 N  63   9.4706 W   7.6        3.2        9.6        7.5      483.9 
080919  002056  47  25.9940 N  63   9.4689 W   7.6        3.2        9.6        7.5      483.9 
080919  002057  47  25.9922 N  63   9.4671 W   7.7        3.2        9.6        7.5      483.9 
080919  002058  47  25.9905 N  63   9.4651 W   7.7        3.2        9.6        7.5      483.9 
080919  002059  47  25.9888 N  63   9.4631 W   7.7        3.2        9.6        7.5      483.9 
080919  002100  47  25.9872 N  63   9.4610 W   7.7        3.2        9.6        7.5      483.9 
080919  002101  47  25.9855 N  63   9.4589 W   7.7        3.2        9.6        7.5      483.9 
080919  002102  47  25.9837 N  63   9.4571 W   7.7        3.2        9.6        7.5      483.9 
080919  002103  47  25.9818 N  63   9.4555 W   7.7        3.2        9.6        7.5       36.9*
080919  002104  47  25.9799 N  63   9.4540 W   7.7        3.2        9.6        7.5       36.9 
080919  002105  47  25.9780 N  63   9.4524 W   7.7        3.2        9.6        7.5       36.9 
080919  002106  47  25.9764 N  63   9.4505 W   7.7        3.2        9.6        7.5       36.9 
080919  002107  47  25.9747 N  63   9.4484 W   7.7        3.2        9.6        7.5       36.9 
080919  002108  47  25.9730 N  63   9.4461 W   7.7        3.2        9.6        6.8*      36.9 
080919  002109  47  25.9713 N  63   9.4440 W   7.7        3.2        9.6        6.8       36.9 
080919  002110  47  25.9694 N  63   9.4420 W   7.7        2.5*       9.6        6.8       36.9 
080919  002111  47  25.9676 N  63   9.4403 W   7.7        2.5        9.6        6.8       36.9 
080919  002112  47  25.9658 N  63   9.4386 W   7.6        2.5        9.6        6.8       36.9 
080919  002113  47  25.9641 N  63   9.4368 W   7.5        2.5        9.6        6.8       36.9 
080919  002114  47  25.9625 N  63   9.4350 W   7.4        2.5        9.6        6.8       36.9 
080919  002115  47  25.9611 N  63   9.4330 W   7.4        2.5        9.6        6.8       36.9 
080919  002116  47  25.9595 N  63   9.4309 W   7.4        2.5        9.6        6.8       36.9 
080919  002117  47  25.9578 N  63   9.4287 W   7.5        2.5        9.6        6.8       36.9 
080919  002118  47  25.9560 N  63   9.4267 W   7.5        2.5        9.6        6.8       36.9 
080919  002119  47  25.9541 N  63   9.4248 W   7.5        2.5        9.6        6.8       36.9 
080919  002120  47  25.9524 N  63   9.4232 W   7.5        2.5        9.6        6.8       36.9 
080919  002121  47  25.9507 N  63   9.4215 W   7.4        2.5        9.6        6.8       36.9 
080919  002122  47  25.9494 N  63   9.4197 W   7.3        2.5        9.6        6.8       36.9 
080919  002123  47  25.9479 N  63   9.4176 W   7.3        2.5        9.6        6.8       36.9 
080919  002124  47  25.9464 N  63   9.4155 W   7.3        2.5        9.6        6.8       36.9 
080919  002125  47  25.9447 N  63   9.4135 W   7.4        2.5        9.6        6.8       36.9 
080919  002126  47  25.9430 N  63   9.4118 W   7.4        2.5        9.6        6.8       36.9 
080919  002127  47  25.9413 N  63   9.4102 W   7.4        2.5        9.6        6.8       36.9 
080919  002128  47  25.9396 N  63   9.4087 W   7.3        2.5        9.6        6.8       36.9 
080919  002129  47  25.9381 N  63   9.4071 W   7.3        2.5        9.6        6.8       36.9 
080919  002130  47  25.9366 N  63   9.4054 W   7.2        2.5        9.6        6.8       36.9 
080919  002131  47  25.9350 N  63   9.4035 W   7.2        2.5        9.6        6.8       36.9 
080919  002132  47  25.9335 N  63   9.4015 W   7.2        2.5        9.6        6.8       36.9 
080919  002133  47  25.9319 N  63   9.3995 W   7.3        2.5        9.6        6.8       36.9 
080919  002134  47  25.9303 N  63   9.3976 W   7.3        2.5        9.6        6.8       36.9 
080919  002135  47  25.9285 N  63   9.3958 W   7.3        2.5        9.6        6.8       36.9 
080919  002136  47  25.9267 N  63   9.3943 W   7.3        2.5        9.6        6.8       36.9 
080919  002137  47  25.9251 N  63   9.3928 W   7.3        2.5        9.6        6.8       36.9 
080919  002138  47  25.9234 N  63   9.3911 W   7.3        2.5        9.6        6.8       36.9 
080919  002139  47  25.9219 N  63   9.3892 W   7.3        2.5        9.6        6.8       36.9 
080919  002140  47  25.9204 N  63   9.3872 W   7.3        2.5        9.6        6.8       36.9 
080919  002141  47  25.9189 N  63   9.3851 W   7.3        2.5        9.6        6.8       36.9 
080919  002142  47  25.9175 N  63   9.3832 W   7.3        2.5        9.6        6.8       36.9 
080919  002143  47  25.9158 N  63   9.3815 W   7.3        2.5        9.6        6.8       36.9 
080919  002144  47  25.9142 N  63   9.3799 W   7.2        2.5        9.6        6.8       36.9 
080919  002145  47  25.9125 N  63   9.3784 W   7.2        2.5        9.6        6.8       36.9 
080919  002146  47  25.9108 N  63   9.3767 W   7.3        2.5        9.6        6.8       36.9 
080919  002147  47  25.9090 N  63   9.3749 W   7.3        2.5        9.6        6.8       36.9 
080919  002148  47  25.9075 N  63   9.3731 W   7.4        2.5        9.6        6.8       36.9 
080919  002149  47  25.9057 N  63   9.3714 W   7.5        2.5        9.6        6.8       36.9 
080919  002150  47  25.9041 N  63   9.3696 W   7.4        2.5        9.6        6.8       36.9 
080919  002151  47  25.9026 N  63   9.3678 W   7.4        2.5        9.6        6.8       36.9 
080919  002152  47  25.9011 N  63   9.3660 W   7.3        2.5        9.6        6.8       36.9 
080919  002153  47  25.8996 N  63   9.3642 W   7.2        2.5        9.6        6.8       36.9 
080919  002154  47  25.8980 N  63   9.3626 W   7.2        2.5        9.6        6.8       36.9 
080919  002155  47  25.8962 N  63   9.3610 W   7.2        2.5        9.6        6.8       36.9 
080919  002156  47  25.8943 N  63   9.3595 W   7.3        2.5        9.6        6.8       36.9 
080919  002157  47  25.8924 N  63   9.3579 W   7.3        2.5        9.6        6.8       36.9 
080919  002158  47  25.8907 N  63   9.3562 W   7.4        2.5        9.6        6.8       36.9 
080919  002159  47  25.8890 N  63   9.3543 W   7.4        2.5        9.6        6.8       36.9 
080919  002200  47  25.8875 N  63   9.3523 W   7.4        2.5        9.6        6.8       36.9 
080919  002201  47  25.8860 N  63   9.3503 W   7.4        2.5        9.6        6.8       36.9 
080919  002202  47  25.8845 N  63   9.3484 W   7.4        2.5        9.6        6.8       36.9 
080919  002203  47  25.8829 N  63   9.3469 W   7.3        2.5        9.6        6.8       36.9 
080919  002204  47  25.8812 N  63   9.3455 W   7.2        2.5        9.6        6.8       36.9 
080919  002205  47  25.8794 N  63   9.3442 W   7.2        2.5        9.6        6.8       36.9 
080919  002206  47  25.8776 N  63   9.3427 W   7.2        2.5        9.6        6.8       36.9 
080919  002207  47  25.8760 N  63   9.3410 W   7.2        2.5        9.6        6.8       36.9 
080919  002208  47  25.8744 N  63   9.3390 W   7.2        2.5        9.6        6.8       36.9 
080919  002209  47  25.8729 N  63   9.3371 W   7.2        2.5        9.6        6.8       36.9 
080919  002210  47  25.8714 N  63   9.3355 W   7.1        2.5        9.6        6.8       36.9 
080919  002211  47  25.8699 N  63   9.3342 W   7.0        2.5        9.6        6.8       36.9 
080919  002212  47  25.8684 N  63   9.3330 W   6.8        2.5        9.6        6.8       36.9 
080919  002213  47  25.8669 N  63   9.3318 W   6.7        2.5        9.6        6.8       36.9 
080919  002214  47  25.8656 N  63   9.3304 W   6.6        2.5        9.6        6.8       36.9 
080919  002215  47  25.8644 N  63   9.3290 W   6.5        2.5        9.6        6.8       36.9 
080919  002216  47  25.8630 N  63   9.3274 W   6.4        2.5        9.6        6.8       36.9 
080919  002217  47  25.8616 N  63   9.3258 W   6.5        2.5        9.6        6.8       36.9 
080919  002218  47  25.8602 N  63   9.3245 W   6.5        2.5        9.6        6.8       36.9 
080919  002219  47  25.8586 N  63   9.3232 W   6.5        2.5        9.6        6.8       36.9 
080919  002220  47  25.8572 N  63   9.3220 W   6.4        2.5        9.6        6.8       36.9 
080919  002221  47  25.8560 N  63   9.3207 W   6.2        2.5        9.6        6.8       36.9 
080919  002222  47  25.8549 N  63   9.3192 W   6.1        2.5        9.6        6.8       36.9 
080919  002223  47  25.8536 N  63   9.3177 W   6.1        2.5        9.6        6.8       36.9 
080919  002224  47  25.8522 N  63   9.3164 W   6.1        2.5        9.6        6.8       36.9 
080919  002225  47  25.8506 N  63   9.3152 W   6.1        2.5        9.6        6.8       36.9 
080919  002226  47  25.8490 N  63   9.3139 W   6.2        2.5        9.6        6.8       36.9 
080919  002227  47  25.8475 N  63   9.3126 W   6.2        2.5        9.6        6.8       36.9 
080919  002228  47  25.8462 N  63   9.3114 W   6.1        2.5        9.6        6.8       36.9 
080919  002229  47  25.8450 N  63   9.3101 W   6.0        2.5        9.6        6.8       36.9 
080919  002230  47  25.8438 N  63   9.3087 W   6.0        2.5        9.6        6.8       36.9 
080919  002231  47  25.8424 N  63   9.3074 W   6.0        2.5        9.6        6.8       36.9 
080919  002232  47  25.8412 N  63   9.3061 W   5.9        2.5        9.6        6.8       36.9 
080919  002233  47  25.8399 N  63   9.3047 W   5.9        2.5        9.6        6.8       36.9 
080919  002234  47  25.8386 N  63   9.3035 W   5.9        2.5        9.6        6.8       36.9 
080919  002235  47  25.8372 N  63   9.3024 W   5.8        2.5        9.6        6.8       36.9 
080919  002236  47  25.8359 N  63   9.3015 W   5.7        2.5        9.6        6.8       36.9 
080919  002237  47  25.8347 N  63   9.3004 W   5.6        2.5        9.6        6.8       36.9 
080919  002238  47  25.8337 N  63   9.2992 W   5.5        2.5        9.6        6.8       36.9 
080919  002239  47  25.8328 N  63   9.2981 W   5.3        2.5        9.6        6.8       36.9 
080919  002240  47  25.8319 N  63   9.2972 W   5.0        2.5        9.6        6.8       36.9 
080919  002241  47  25.8310 N  63   9.2964 W   4.8        2.5        9.6        6.8       36.9 
080919  002242  47  25.8300 N  63   9.2957 W   4.7        2.5        9.6        6.8       36.9 
080919  002243  47  25.8290 N  63   9.2950 W   4.5        2.5        9.6        6.8       36.9 
080919  002244  47  25.8282 N  63   9.2942 W   4.4        2.5        9.6        6.8       36.9 
080919  002245  47  25.8274 N  63   9.2933 W   4.3        2.5        9.6        6.8       36.9 
080919  002246  47  25.8267 N  63   9.2924 W   4.2        2.5        9.6        6.8       36.9 
080919  002247  47  25.8260 N  63   9.2917 W   4.0        2.5        9.6        6.8       36.9 
080919  002248  47  25.8253 N  63   9.2912 W   3.8        2.5        9.6        6.8       36.9 
080919  002249  47  25.8245 N  63   9.2907 W   3.7        2.5        9.6        6.8       36.9 
080919  002250  47  25.8237 N  63   9.2900 W   3.7        2.5        9.6        6.8       36.9 
080919  002251  47  25.8230 N  63   9.2891 W   3.6        2.5        9.6        6.8       36.9 
080919  002252  47  25.8223 N  63   9.2883 W   3.5        2.5        9.6        6.8       36.9 
080919  002253  47  25.8216 N  63   9.2877 W   3.4        2.5        9.6        6.8       36.9 
080919  002254  47  25.8210 N  63   9.2871 W   3.3        2.5        9.6        6.8       36.9 
080919  002255  47  25.8203 N  63   9.2866 W   3.2        2.5        9.6        6.8       36.9 
080919  002256  47  25.8197 N  63   9.2860 W   3.1        2.5        9.6        6.8       36.9 
080919  002257  47  25.8190 N  63   9.2853 W   3.1        2.5        9.6        6.8       36.9 
080919  002258  47  25.8183 N  63   9.2845 W   3.1        2.5        9.6        6.8       36.9 
080919  002259  47  25.8178 N  63   9.2838 W   3.0        2.5        9.6        6.8       36.9 
080919  002300  47  25.8172 N  63   9.2834 W   3.0        2.5        9.6        6.8       36.9 
080919  002301  47  25.8164 N  63   9.2828 W   2.9        2.5        9.6        6.8       36.9 
080919  002302  47  25.8157 N  63   9.2822 W   2.9        2.5        9.6        6.8       36.9 
080919  002303  47  25.8153 N  63   9.2816 W   2.8        2.5        9.6        6.8       36.9 
080919  002304  47  25.8150 N  63   9.2809 W   2.7        2.5        9.6        6.8       36.9 
080919  002305  47  25.8145 N  63   9.2801 W   2.7        2.5        9.6        6.8       36.9 
080919  002306  47  25.8139 N  63   9.2795 W   2.7        2.5        9.6        6.8       36.9 
080919  002307  47  25.8130 N  63   9.2789 W   2.8        2.5        9.6        6.8       36.9 
080919  002308  47  25.8123 N  63   9.2784 W   2.9        2.5        9.6        6.8       36.9 
080919  002309  47  25.8116 N  63   9.2779 W   2.8        2.5        9.6        6.8       36.9 
080919  002310  47  25.8111 N  63   9.2773 W   2.7        2.5        9.6        6.8       36.9 
080919  002311  47  25.8106 N  63   9.2766 W   2.7        2.5        9.6        6.8       36.9 
080919  002312  47  25.8100 N  63   9.2757 W   2.8        2.5        9.6        6.8       36.9 
080919  002313  47  25.8095 N  63   9.2750 W   2.8        2.5        9.6        6.8       36.9 
080919  002314  47  25.8089 N  63   9.2745 W   2.8        2.5        9.6        6.8       36.9 
080919  002315  47  25.8082 N  63   9.2741 W   2.7        2.5        9.6        6.8       36.9 
080919  002316  47  25.8076 N  63   9.2736 W   2.8        2.5        9.6        6.8       36.9 
080919  002317  47  25.8070 N  63   9.2728 W   2.8        2.5        9.6        6.8       36.9 
080919  002318  47  25.8065 N  63   9.2720 W   2.8        2.5        9.6        6.8       36.9 
080919  002319  47  25.8059 N  63   9.2713 W   2.8        2.5        9.6        6.8       36.9 
080919  002320  47  25.8052 N  63   9.2707 W   2.8        2.5        9.6        6.8       36.9 
080919  002321  47  25.8046 N  63   9.2702 W   2.8        2.5        9.6        6.8       36.9 
080919  002322  47  25.8040 N  63   9.2697 W   2.8        2.5        9.6        6.8       36.9 
080919  002323  47  25.8032 N  63   9.2692 W   2.8        2.5        9.6        6.8       36.9 
080919  002324  47  25.8027 N  63   9.2686 W   2.8        2.5        9.6        6.8       36.9 
080919  002325  47  25.8022 N  63   9.2678 W   2.8        2.5        9.6        6.8       36.9 
080919  002326  47  25.8016 N  63   9.2671 W   2.8        2.5        9.6        6.8       36.9 
080919  002327  47  25.8010 N  63   9.2666 W   2.8        2.5        9.6        6.8       36.9 
080919  002328  47  25.8005 N  63   9.2661 W   2.7        2.5        9.6        6.8       36.9 
080919  002329  47  25.7999 N  63   9.2655 W   2.6        2.5        9.6        6.8       36.9 
080919  002330  47  25.7991 N  63   9.2649 W   2.7        2.5        9.6        6.8       36.9 
080919  002331  47  25.7984 N  63   9.2643 W   2.7        2.5        9.6        6.8       36.9 
080919  002332  47  25.7977 N  63   9.2638 W   2.7        2.5        9.6        6.8       36.9 
080919  002333  47  25.7973 N  63   9.2634 W   2.7        2.5        9.6        6.8       36.9 
080919  002334  47  25.7965 N  63   9.2627 W   2.7        2.5        9.6        6.8       36.9 
080919  002335  47  25.7958 N  63   9.2620 W   2.8        2.5        9.6        5.2*      36.9 
080919  002336  47  25.7953 N  63   9.2613 W   2.7        2.5        9.6        5.2       36.9 
080919  002337  47  25.7949 N  63   9.2607 W   2.6        2.5        9.6        5.2       36.9 
080919  002338  47  25.7944 N  63   9.2601 W   2.6        2.5        9.6        5.2       36.9 
080919  002339  47  25.7936 N  63   9.2598 W   2.6        2.5        9.6        5.2       36.9 
080919  002340  47  25.7929 N  63   9.2595 W   2.6        2.5        9.6        5.2       36.9 
080919  002341  47  25.7922 N  63   9.2589 W   2.6        2.5        9.6        5.2       36.9 
080919  002342  47  25.7916 N  63   9.2580 W   2.7        2.5        9.6        5.2       36.9 
080919  002343  47  25.7911 N  63   9.2571 W   2.7        2.5        9.6        5.2       36.9 
080919  002344  47  25.7907 N  63   9.2565 W   2.6        2.5        9.6        5.2       36.9 
080919  002345  47  25.7901 N  63   9.2562 W   2.4        2.5        9.6        5.2       36.9 
080919  002346  47  25.7894 N  63   9.2558 W   2.4        2.5        9.6        5.2       36.9 
080919  002347  47  25.7887 N  63   9.2554 W   2.5        2.5        9.6        5.2       36.9 
080919  002348  47  25.7882 N  63   9.2547 W   2.6        2.5        9.6        5.2       36.9 
080919  002349  47  25.7876 N  63   9.2538 W   2.6        2.5        9.6        5.2       36.9 
080919  002350  47  25.7871 N  63   9.2529 W   2.7        2.5        9.6        5.2       36.9 
080919  002351  47  25.7866 N  63   9.2523 W   2.6        2.5        9.6        5.2       36.9 
080919  002352  47  25.7859 N  63   9.2519 W   2.6        2.5        9.6        5.2       36.9 
080919  002353  47  25.7853 N  63   9.2515 W   2.6        2.5        9.6        5.2       36.9 
080919  002354  47  25.7846 N  63   9.2508 W   2.6        2.5        9.6        5.2       36.9 
080919  002355  47  25.7840 N  63   9.2501 W   2.6        2.5        9.6        5.2       36.9 
080919  002356  47  25.7838 N  63   9.2497 W   2.6        2.5        9.6        5.2       36.9 
080919  002357  47  25.7834 N  63   9.2491 W   2.4        2.5        9.6        5.2       36.9 
080919  002358  47  25.7828 N  63   9.2486 W   2.4        2.5        9.6        5.2       87.1*
080919  002359  47  25.7823 N  63   9.2480 W   2.4        2.5        9.6        5.2       87.1 
080919  002400  47  25.7818 N  63   9.2477 W   2.3        2.5        9.6        5.2       87.1 
080919  002401  47  25.7813 N  63   9.2474 W   2.2        2.5        9.6        5.2       87.1 
080919  002402  47  25.7807 N  63   9.2469 W   2.2        2.5        9.6        5.2       87.1 
080919  002403  47  25.7801 N  63   9.2463 W   2.2        2.5        9.6        5.2       47.5*
080919  002404  47  25.7798 N  63   9.2459 W   2.1        2.5        9.6        5.2       47.5 
080919  002405  47  25.7794 N  63   9.2455 W   2.0        2.5        2.2*       5.2       47.5 
080919  002406  47  25.7789 N  63   9.2452 W   2.0        2.5        2.2        5.2       47.5 
080919  002407  47  25.7782 N  63   9.2447 W   2.0        2.5        2.2        5.2       47.5 
080919  002408  47  25.7776 N  63   9.2441 W   2.1        2.5        2.2        5.2       47.5 
080919  002409  47  25.7771 N  63   9.2435 W   2.1        2.5        2.2        5.2       47.5 
080919  002410  47  25.7765 N  63   9.2430 W   2.1        2.5        2.2        5.2       47.5 
080919  002411  47  25.7760 N  63   9.2427 W   2.1        2.5        2.2        5.2       47.5 
080919  002412  47  25.7755 N  63   9.2422 W   2.1        4.9*       2.2        5.2       47.5 
080919  002413  47  25.7750 N  63   9.2417 W   2.1        4.9        2.2        5.2       47.5 
080919  002414  47  25.7746 N  63   9.2411 W   2.1        4.9        2.2        5.2       47.5 
080919  002415  47  25.7744 N  63   9.2407 W   2.1        4.9        2.2        5.2       47.5 
080919  002416  47  25.7737 N  63   9.2401 W   2.2        4.9        2.2        5.2       47.5 
080919  002417  47  25.7730 N  63   9.2397 W   2.2        4.9        2.2        5.2       47.5 
080919  002418  47  25.7725 N  63   9.2393 W   2.2        4.9        2.2        5.2       47.5 
080919  002419  47  25.7720 N  63   9.2389 W   2.1        4.9        2.2        5.2       47.5 
080919  002420  47  25.7715 N  63   9.2383 W   2.2        4.9        2.2        5.2       78.3*
080919  002421  47  25.7710 N  63   9.2376 W   2.2        4.9        2.2        5.2       78.3 
080919  002422  47  25.7705 N  63   9.2371 W   2.2        4.9        2.2        5.2       78.3 
080919  002423  47  25.7701 N  63   9.2369 W   2.1        4.9        2.2        5.2       78.3 
080919  002424  47  25.7695 N  63   9.2367 W   2.1        4.9        2.2        5.2       78.3 
080919  002425  47  25.7690 N  63   9.2362 W   2.1        4.9       13.6*       5.2       80.1*
080919  002426  47  25.7685 N  63   9.2356 W   2.1        4.9       13.6        5.2       80.1 
080919  002427  47  25.7680 N  63   9.2351 W   2.1        4.9       13.6        5.2       80.1 
080919  002428  47  25.7676 N  63   9.2346 W   2.2        4.9       13.6        5.2       80.1 
080919  002429  47  25.7672 N  63   9.2342 W   2.1        4.9       13.6        5.2       80.1 
080919  002430  47  25.7671 N  63   9.2340 W   2.0        4.9       13.6        5.2       65.5*
080919  002431  47  25.7668 N  63   9.2336 W   1.9        4.9       13.6        5.2       65.5 
080919  002432  47  25.7662 N  63   9.2331 W   1.9        4.9       13.6        5.2       65.5 
080919  002433  47  25.7657 N  63   9.2325 W   2.0        4.9       13.6        5.2       65.5 
080919  002434  47  25.7651 N  63   9.2320 W   2.1        4.9       13.6        5.2       65.5 
080919  002435  47  25.7645 N  63   9.2315 W   2.1        4.9       13.6        5.2       65.5 
080919  002436  47  25.7640 N  63   9.2310 W   2.1        4.9       13.6        5.2       77.0*
080919  002437  47  25.7637 N  63   9.2304 W   2.0        4.9       13.6        5.2       77.0 
080919  002438  47  25.7633 N  63   9.2299 W   2.0        4.9       13.3*       5.2       77.0 
080919  002439  47  25.7628 N  63   9.2295 W   2.0        4.9       13.3       10.4*      77.0 
080919  002440  47  25.7621 N  63   9.2293 W   2.1        4.9       13.3       10.4       77.0 
080919  002441  47  25.7615 N  63   9.2288 W   2.2        4.9       13.3       10.4       77.4*
080919  002442  47  25.7611 N  63   9.2283 W   2.2        4.9       13.3       10.4       77.4 
080919  002443  47  25.7608 N  63   9.2277 W   2.1        4.9       13.3       10.4       77.4 
080919  002444  47  25.7603 N  63   9.2272 W   2.1        4.9        2.2*      10.4       77.4 
080919  002445  47  25.7597 N  63   9.2269 W   2.1        4.9        2.2       10.4       77.4 
080919  002446  47  25.7592 N  63   9.2267 W   2.1        4.9        2.2       10.4       77.4 
080919  002447  47  25.7586 N  63   9.2263 W   2.1        4.9        2.2       10.4       77.4 
080919  002448  47  25.7582 N  63   9.2258 W   2.1        4.9        2.2       10.4       77.4 
080919  002449  47  25.7577 N  63   9.2253 W   2.1        4.9        2.2       10.4       77.4 
080919  002450  47  25.7572 N  63   9.2248 W   2.1        4.9        2.2       10.4       77.4 
080919  002451  47  25.7566 N  63   9.2245 W   2.1        2.4*       2.2       10.4       77.4 
080919  002452  47  25.7561 N  63   9.2242 W   2.1        2.4        2.2       10.4       77.4 
080919  002453  47  25.7556 N  63   9.2237 W   2.1        2.4        2.2       10.4       77.4 
080919  002454  47  25.7550 N  63   9.2231 W   2.1        2.4        2.2       10.4       77.4 
080919  002455  47  25.7546 N  63   9.2227 W   2.1        2.4        2.2       10.4       77.4 
080919  002456  47  25.7541 N  63   9.2225 W   2.1        2.4        2.2       10.4       77.4 
080919  002457  47  25.7536 N  63   9.2222 W   2.1        2.4        2.2       10.4       78.7*
080919  002458  47  25.7530 N  63   9.2217 W   2.1        2.4        2.2       10.4       78.7 
080919  002459  47  25.7526 N  63   9.2212 W   2.1        2.4        2.2       10.4       78.7 
080919  002500  47  25.7524 N  63   9.2208 W   2.0        2.4        2.2       10.4       78.7 
080919  002501  47  25.7519 N  63   9.2205 W   2.0        2.4        2.2       10.4       78.7 
080919  002502  47  25.7513 N  63   9.2202 W   2.1        2.4        2.2       10.4       78.7 
080919  002503  47  25.7506 N  63   9.2198 W   2.2        2.4        2.2       10.4       98.1*
080919  002504  47  25.7500 N  63   9.2194 W   2.2        2.4        2.2       10.4       98.1 
080919  002505  47  25.7495 N  63   9.2190 W   2.1        2.4        2.2       10.0*      98.1 
080919  002506  47  25.7490 N  63   9.2185 W   2.1        2.4        2.2       10.0       98.1 
080919  002507  47  25.7487 N  63   9.2180 W   2.1        2.4        2.2       10.0       98.1 
080919  002508  47  25.7482 N  63   9.2177 W   2.1        2.4        2.2       10.0       66.0*
080919  002509  47  25.7477 N  63   9.2175 W   2.0        2.4        2.2       10.0       66.0 
080919  002510  47  25.7472 N  63   9.2170 W   2.0        2.4        2.2       10.0       66.0 
080919  002511  47  25.7466 N  63   9.2165 W   2.1        2.4        2.2       14.4*      66.0 
080919  002512  47  25.7460 N  63   9.2162 W   2.1        2.4        2.2       14.4       66.0 
080919  002513  47  25.7454 N  63   9.2158 W   2.1        2.4        2.2       14.4       66.0 
080919  002514  47  25.7449 N  63   9.2156 W   2.0        2.4        2.2       14.4       66.0 
080919  002515  47  25.7445 N  63   9.2152 W   2.0        2.4        2.2       14.4       66.0 
080919  002516  47  25.7440 N  63   9.2147 W   2.0        2.4        2.2        3.6*      66.0 
080919  002517  47  25.7433 N  63   9.2142 W   2.1        2.4        2.2        3.6       66.0 
080919  002518  47  25.7427 N  63   9.2138 W   2.1        2.4        2.2        3.6       66.0 
080919  002519  47  25.7423 N  63   9.2136 W   2.0        2.4        2.2        3.6       66.0 
080919  002520  47  25.7419 N  63   9.2132 W   1.9        2.4        2.2        3.6       66.0 
080919  002521  47  25.7413 N  63   9.2127 W   2.0        2.4        2.2        3.6       66.0 
080919  002522  47  25.7407 N  63   9.2123 W   2.0        2.4        2.2        3.6       66.0 
080919  002523  47  25.7404 N  63   9.2122 W   2.1        2.4        2.1*       3.6       66.0 
080919  002524  47  25.7397 N  63   9.2118 W   2.1        2.4        2.1        3.6      102.9*
080919  002525  47  25.7391 N  63   9.2112 W   2.1        2.4        2.1        3.6      102.9 
080919  002526  47  25.7387 N  63   9.2107 W   2.1        2.4        2.1        3.6      102.9 
080919  002527  47  25.7383 N  63   9.2104 W   2.0        2.4        2.1        3.6      102.9 
080919  002528  47  25.7378 N  63   9.2103 W   1.9        2.4        2.1        3.6      102.9 
080919  002529  47  25.7373 N  63   9.2100 W   2.0        2.4        2.1        3.6      102.9 
080919  002530  47  25.7367 N  63   9.2095 W   2.0        4.6*       2.1        3.6       67.7*
080919  002531  47  25.7362 N  63   9.2089 W   2.0        4.6        2.1        3.6       67.7 
080919  002532  47  25.7357 N  63   9.2084 W   2.0        4.6        2.1        3.6       67.7 
080919  002533  47  25.7350 N  63   9.2082 W   2.1        4.6        2.1        3.6       67.7 
080919  002534  47  25.7344 N  63   9.2079 W   2.1        4.6        2.1        3.6       67.7 
080919  002535  47  25.7340 N  63   9.2075 W   2.0        4.6        2.1        3.6       82.7*
080919  002536  47  25.7337 N  63   9.2069 W   2.0        4.6        2.1        3.6       82.7 
080919  002537  47  25.7332 N  63   9.2063 W   2.0        4.6        2.1        3.6       82.7 
080919  002538  47  25.7326 N  63   9.2059 W   2.0        4.6        2.1        3.6       82.7 
080919  002539  47  25.7319 N  63   9.2059 W   2.0        4.6        2.1        3.6       82.7 
080919  002540  47  25.7313 N  63   9.2057 W   2.1        4.6        2.1        3.6       75.2*
080919  002541  47  25.7308 N  63   9.2052 W   2.1        4.6        2.1        3.6       75.2 
080919  002542  47  25.7303 N  63   9.2045 W   2.0        4.6        2.1        3.6       75.2 
080919  002543  47  25.7300 N  63   9.2040 W   2.0        2.8*       2.1        3.6       75.2 
080919  002544  47  25.7295 N  63   9.2037 W   2.0        2.8        2.1        3.6       75.2 
080919  002545  47  25.7289 N  63   9.2035 W   2.0        2.8        2.1        3.6       75.2 
080919  002546  47  25.7283 N  63   9.2034 W   2.0        2.8        2.1        3.6       84.9*
080919  002547  47  25.7277 N  63   9.2031 W   2.0        2.8        2.1        6.4*      84.9 
080919  002548  47  25.7272 N  63   9.2025 W   2.0        2.8        2.1        6.4       84.9 
080919  002549  47  25.7268 N  63   9.2019 W   2.1        2.8        2.1        6.4       84.9 
080919  002550  47  25.7262 N  63   9.2014 W   2.1        2.8        2.1        6.4       84.9 
080919  002551  47  25.7257 N  63   9.2012 W   2.0        2.8        2.1        6.4       48.8*
080919  002552  47  25.7253 N  63   9.2009 W   2.0        2.8        2.1        6.4       48.8 
080919  002553  47  25.7249 N  63   9.2005 W   1.9        2.8        2.1        6.4       48.8 
080919  002554  47  25.7242 N  63   9.2000 W   2.0        2.8        2.1        6.4       48.8 
080919  002555  47  25.7235 N  63   9.1996 W   2.1        2.8        2.1        6.4       48.8 
080919  002556  47  25.7229 N  63   9.1992 W   2.2        2.8        2.1        6.4       48.8 
080919  002557  47  25.7224 N  63   9.1986 W   2.2        2.8        2.1        6.4      102.1*
080919  002558  47  25.7218 N  63   9.1981 W   2.2        2.8        2.1        6.4      102.1 
080919  002559  47  25.7214 N  63   9.1976 W   2.2        2.8        2.1        6.4      102.1 
080919  002600  47  25.7210 N  63   9.1972 W   2.1        2.8        2.1        6.4      102.1 
080919  002601  47  25.7204 N  63   9.1968 W   2.1        2.8        2.1        6.4      102.1 
080919  002602  47  25.7197 N  63   9.1964 W   2.2        2.8        2.1        6.4      102.1 
080919  002603  47  25.7189 N  63   9.1959 W   2.3        2.8        2.1        6.4      102.1 
080919  002604  47  25.7182 N  63   9.1954 W   2.3        2.8        2.1        6.4      102.1 
080919  002605  47  25.7177 N  63   9.1948 W   2.3        2.8        2.1        6.4      102.1 
080919  002606  47  25.7173 N  63   9.1942 W   2.3        2.8        2.1        6.4      102.1 
080919  002607  47  25.7166 N  63   9.1938 W   2.3        2.8        2.1        6.4      102.1 
080919  002608  47  25.7159 N  63   9.1933 W   2.3        2.8        2.1        6.4      102.1 
080919  002609  47  25.7153 N  63   9.1930 W   2.2        2.8        2.1        6.2*     102.1 
080919  002610  47  25.7148 N  63   9.1925 W   2.2        2.8        2.1        6.2      102.1 
080919  002611  47  25.7141 N  63   9.1920 W   2.2        2.8        2.1        6.2      102.1 
080919  002612  47  25.7134 N  63   9.1915 W   2.3        2.8        2.1        6.2      102.1 
080919  002613  47  25.7126 N  63   9.1910 W   2.4        2.8        2.1        6.2      102.1 
080919  002614  47  25.7124 N  63   9.1905 W   2.4        2.8        2.1        6.2      102.1 
080919  002615  47  25.7118 N  63   9.1900 W   2.3        2.8        2.1        6.2      102.1 
080919  002616  47  25.7112 N  63   9.1895 W   2.3        2.8        2.1        6.2      102.1 
080919  002617  47  25.7106 N  63   9.1893 W   2.2        2.8        2.1        6.2      102.1 
080919  002618  47  25.7100 N  63   9.1890 W   2.2        2.8        2.1        6.2      102.1 
080919  002619  47  25.7094 N  63   9.1882 W   2.3        2.8        2.1        6.2      102.1 
080919  002620  47  25.7088 N  63   9.1876 W   2.3        2.8        2.1        6.2      102.1 
080919  002621  47  25.7082 N  63   9.1873 W   2.3        2.8        2.1        6.2      102.1 
080919  002622  47  25.7075 N  63   9.1869 W   2.3        2.8        2.1        6.2      102.1 
080919  002623  47  25.7069 N  63   9.1864 W   2.3        2.8        2.1        6.2      102.1 
080919  002624  47  25.7063 N  63   9.1859 W   2.3        2.8        2.1        8.7*     102.1 
080919  002625  47  25.7058 N  63   9.1855 W   2.3        2.8        2.1        8.7      102.1 
080919  002626  47  25.7052 N  63   9.1849 W   2.3        2.8        2.1        8.7      102.1 
080919  002627  47  25.7045 N  63   9.1844 W   2.3        2.8        2.1        8.7      102.1 
080919  002628  47  25.7040 N  63   9.1840 W   2.3        2.8        2.1        8.7      102.1 
080919  002629  47  25.7036 N  63   9.1838 W   2.2        2.8        2.1        8.7      121.4*
080919  002630  47  25.7032 N  63   9.1835 W   2.2        2.8        2.1        8.7      121.4 
080919  002631  47  25.7026 N  63   9.1830 W   2.2        2.8        2.1        8.7      121.4 
080919  002632  47  25.7020 N  63   9.1824 W   2.3        2.8        2.1        8.7      121.4 
080919  002633  47  25.7015 N  63   9.1818 W   2.2        2.8        2.1        8.7      121.4 
080919  002634  47  25.7010 N  63   9.1814 W   2.2        2.8        2.1        8.7      121.4 
080919  002635  47  25.7004 N  63   9.1813 W   2.3        2.8        2.1        8.7      121.4 
080919  002636  47  25.6997 N  63   9.1811 W   2.3        2.8        2.1        8.7      121.4 
080919  002637  47  25.6992 N  63   9.1805 W   2.3        2.8        2.1        8.7      121.4 
080919  002638  47  25.6990 N  63   9.1797 W   2.2        2.8        2.1        8.7      121.4 
080919  002639  47  25.6985 N  63   9.1791 W   2.2        2.8        2.1        8.7      121.4 
080919  002640  47  25.6979 N  63   9.1788 W   2.2        2.8        2.1        8.7      121.4 
080919  002641  47  25.6972 N  63   9.1786 W   2.2        2.8        2.1        8.7      121.4 
080919  002642  47  25.6966 N  63   9.1784 W   2.2        2.8        2.1        8.7      121.4 
080919  002643  47  25.6961 N  63   9.1779 W   2.2        2.8        2.1        8.7      121.4 
080919  002644  47  25.6956 N  63   9.1772 W   2.2        2.8        2.1        8.7      121.4 
080919  002645  47  25.6950 N  63   9.1765 W   2.2        2.8        2.1        8.7      121.4 
080919  002646  47  25.6943 N  63   9.1760 W   2.3        2.8        2.1        8.7      121.4 
080919  002647  47  25.6936 N  63   9.1757 W   2.3        2.8        2.1        8.7      121.4 
080919  002648  47  25.6932 N  63   9.1754 W   2.2        2.8        2.1        8.7      121.4 
080919  002649  47  25.6928 N  63   9.1750 W   2.2        2.8        2.1        8.7      121.4 
080919  002650  47  25.6923 N  63   9.1745 W   2.1        2.8        2.1        8.7      121.4 
080919  002651  47  25.6918 N  63   9.1739 W   2.2        2.8        2.1        8.7      121.4 
080919  002652  47  25.6912 N  63   9.1734 W   2.2        2.8        2.1        8.7      121.4 
080919  002653  47  25.6908 N  63   9.1730 W   2.3        2.8        2.1        8.7      121.4 
080919  002654  47  25.6902 N  63   9.1728 W   2.4        2.8        2.1        8.7      121.4 
080919  002655  47  25.6897 N  63   9.1725 W   2.4        2.8        2.1        8.7      121.4 
080919  002656  47  25.6893 N  63   9.1721 W   2.3        2.8        2.1        8.7      121.4 
080919  002657  47  25.6890 N  63   9.1715 W   2.3        2.8        2.1        8.7      121.4 
080919  002658  47  25.6886 N  63   9.1709 W   2.3        2.8        2.1        8.7      121.4 
080919  002659  47  25.6881 N  63   9.1703 W   2.3        2.8        2.1        8.7      121.4 
080919  002700  47  25.6875 N  63   9.1701 W   2.3        2.8        2.1        8.7      121.4 
080919  002701  47  25.6870 N  63   9.1701 W   2.3        2.8       13.4*       8.7       95.9*
080919  002702  47  25.6864 N  63   9.1698 W   2.3        2.8       13.4        8.7       95.9 
080919  002703  47  25.6858 N  63   9.1692 W   2.3        2.8       13.4        8.7       95.9 
080919  002704  47  25.6854 N  63   9.1686 W   2.3        2.8       13.4        8.7       95.9 
080919  002705  47  25.6848 N  63   9.1681 W   2.3        2.8       13.4        8.7       95.9 
080919  002706  47  25.6842 N  63   9.1676 W   2.4        2.8       13.4        8.7       62.0*
080919  002707  47  25.6835 N  63   9.1674 W   2.4        2.8       13.4        8.7       62.0 
080919  002708  47  25.6831 N  63   9.1671 W   2.2        2.8       13.4        8.7       62.0 
080919  002709  47  25.6827 N  63   9.1668 W   2.1        2.8       13.4        8.7       62.0 
080919  002710  47  25.6822 N  63   9.1663 W   2.2        2.8       13.4        8.7       62.0 
080919  002711  47  25.6815 N  63   9.1658 W   2.3        2.8       13.4        8.7       62.0 
080919  002712  47  25.6808 N  63   9.1654 W   2.4        2.8       13.4        8.7       96.8*
080919  002713  47  25.6801 N  63   9.1652 W   2.4        2.8       13.4        8.7       96.8 
080919  002714  47  25.6796 N  63   9.1649 W   2.3        2.8       13.4        8.7       96.8 
080919  002715  47  25.6789 N  63   9.1644 W   2.3        2.8       13.4        8.7       96.8 
080919  002716  47  25.6784 N  63   9.1639 W   2.3        2.8       13.4        8.7       96.8 
080919  002717  47  25.6779 N  63   9.1635 W   2.3        2.8       13.4        8.7       71.7*
080919  002718  47  25.6772 N  63   9.1632 W   2.3        2.8       13.4        8.7       71.7 
080919  002719  47  25.6765 N  63   9.1628 W   2.3        2.8       13.4        8.7       71.7 
080919  002720  47  25.6761 N  63   9.1624 W   2.3        2.8       13.4        8.7       71.7 
080919  002721  47  25.6755 N  63   9.1621 W   2.3        2.8       13.4        8.7       71.7 
080919  002722  47  25.6748 N  63   9.1616 W   2.3        2.8       13.4       11.6*      71.7 
080919  002723  47  25.6742 N  63   9.1612 W   2.3        2.8       13.4       11.6       58.5*
080919  002724  47  25.6735 N  63   9.1608 W   2.3        2.8       13.4       11.6       58.5 
080919  002725  47  25.6729 N  63   9.1603 W   2.3        2.8       13.4       11.6       58.5 
080919  002726  47  25.6722 N  63   9.1599 W   2.4        2.8       13.4       11.6       58.5 
080919  002727  47  25.6715 N  63   9.1595 W   2.4        2.8       13.4       11.6       58.5 
080919  002728  47  25.6708 N  63   9.1591 W   2.4        2.8       13.4       10.1*      83.1*
080919  002729  47  25.6703 N  63   9.1588 W   2.3        2.8       13.4       10.1       83.1 
080919  002730  47  25.6698 N  63   9.1584 W   2.2        2.8       13.4       10.1       83.1 
080919  002731  47  25.6692 N  63   9.1579 W   2.2        2.8       13.4       10.1       83.1 
080919  002732  47  25.6687 N  63   9.1575 W   2.3        2.8       13.4       10.1       83.1 
080919  002733  47  25.6681 N  63   9.1572 W   2.4        2.8       13.4       10.1      101.6*
080919  002734  47  25.6675 N  63   9.1569 W   2.4        2.8       13.4       10.1      101.6 
080919  002735  47  25.6669 N  63   9.1564 W   2.4        2.8       13.4       10.1      101.6 
080919  002736  47  25.6664 N  63   9.1558 W   2.3        2.8       13.4       10.1      101.6 
080919  002737  47  25.6658 N  63   9.1553 W   2.3        2.8       13.4       10.1      101.6 
080919  002738  47  25.6651 N  63   9.1551 W   2.3        2.8       13.4       10.1      101.6 
080919  002739  47  25.6643 N  63   9.1548 W   2.4        2.8       13.4       10.1      101.6 
080919  002740  47  25.6635 N  63   9.1544 W   2.5        2.8       13.0*      10.1      101.6 
080919  002741  47  25.6630 N  63   9.1539 W   2.5        2.8       13.0       10.1      101.6 
080919  002742  47  25.6626 N  63   9.1534 W   2.4        2.8       13.0       10.1      101.6 
080919  002743  47  25.6620 N  63   9.1530 W   2.4        2.8       13.0       10.1      101.6 
080919  002744  47  25.6613 N  63   9.1527 W   2.4        2.8       13.0       10.1      101.6 
080919  002745  47  25.6606 N  63   9.1525 W   2.4        2.8       13.0       10.1      101.6 
080919  002746  47  25.6600 N  63   9.1522 W   2.4        2.8        2.3*      10.1      101.6 
080919  002747  47  25.6595 N  63   9.1517 W   2.4        2.8        2.3       10.1      101.6 
080919  002748  47  25.6590 N  63   9.1513 W   2.4        2.8        2.3       10.1      101.6 
080919  002749  47  25.6585 N  63   9.1510 W   2.3        2.8        2.3       10.1      101.6 
080919  002750  47  25.6581 N  63   9.1507 W   2.2        2.8        2.3       10.1      101.6 
080919  002751  47  25.6575 N  63   9.1503 W   2.2        2.8        2.3       10.1      101.6 
080919  002752  47  25.6568 N  63   9.1499 W   2.3        2.8        2.3       10.1      101.6 
080919  002753  47  25.6565 N  63   9.1496 W   2.3        2.8        2.3       10.1      101.6 
080919  002754  47  25.6559 N  63   9.1494 W   2.2        2.8        2.3       10.1      101.6 
080919  002755  47  25.6553 N  63   9.1490 W   2.2        2.8        2.3       10.1      101.6 
080919  002756  47  25.6547 N  63   9.1486 W   2.2        2.8        2.3       10.1      101.6 
080919  002757  47  25.6540 N  63   9.1481 W   2.2        2.8        2.3       10.1      101.6 
080919  002758  47  25.6533 N  63   9.1478 W   2.3        2.8        2.3       10.1      101.6 
080919  002759  47  25.6526 N  63   9.1476 W   2.3        2.8        2.3       12.2*     101.6 
080919  002800  47  25.6522 N  63   9.1472 W   2.2        2.8        2.3       12.2      101.6 
080919  002801  47  25.6518 N  63   9.1468 W   2.2        2.8        2.3       12.2      101.6 
080919  002802  47  25.6512 N  63   9.1464 W   2.2        2.8        2.3       12.2      101.6 
080919  002803  47  25.6505 N  63   9.1460 W   2.3        2.8        2.3       12.2      101.6 
080919  002804  47  25.6498 N  63   9.1457 W   2.3        2.8        2.3       12.2      101.6 
080919  002805  47  25.6491 N  63   9.1454 W   2.3        2.8        2.3       12.2      101.6 
080919  002806  47  25.6484 N  63   9.1449 W   2.4        2.8        2.3       12.2       49.7*
080919  002807  47  25.6477 N  63   9.1445 W   2.4        2.8        2.3       12.2       49.7 
080919  002808  47  25.6471 N  63   9.1441 W   2.3        2.8        2.3       12.2       49.7 
080919  002809  47  25.6467 N  63   9.1438 W   2.2        2.8        2.3       12.2       49.7 
080919  002810  47  25.6462 N  63   9.1433 W   2.2        2.8        2.3       12.2       49.7 
080919  002811  47  25.6454 N  63   9.1428 W   2.3        2.8        2.3       12.2       49.7 
080919  002812  47  25.6447 N  63   9.1424 W   2.4        2.8        2.3       12.2       49.7 
080919  002813  47  25.6440 N  63   9.1421 W   2.4        2.8        2.3       12.2       49.7 
080919  002814  47  25.6433 N  63   9.1417 W   2.4        2.8        2.3       12.2       49.7 
080919  002815  47  25.6426 N  63   9.1411 W   2.5        2.8        2.3       12.2       49.7 
080919  002816  47  25.6419 N  63   9.1407 W   2.5        2.8        2.3       12.2       49.7 
080919  002817  47  25.6417 N  63   9.1404 W   2.4        2.8        2.3       12.2       49.7 
080919  002818  47  25.6412 N  63   9.1401 W   2.4        2.8        2.3       12.2       49.7 
080919  002819  47  25.6405 N  63   9.1396 W   2.4        2.8        2.3       12.2       49.7 
080919  002820  47  25.6399 N  63   9.1392 W   2.4        2.8        2.3       12.2       49.7 
080919  002821  47  25.6395 N  63   9.1388 W   2.3        2.8        2.3       12.2       49.7 
080919  002822  47  25.6390 N  63   9.1384 W   2.2        2.8        2.3       12.2       63.3*
080919  002823  47  25.6385 N  63   9.1380 W   2.2        2.8        2.3       12.2       63.3 
080919  002824  47  25.6379 N  63   9.1377 W   2.2        2.8        2.3       12.2       63.3 
080919  002825  47  25.6376 N  63   9.1374 W   2.2        2.8        2.3       12.2       63.3 
080919  002826  47  25.6370 N  63   9.1370 W   2.2        2.8        2.3       12.2       63.3 
080919  002827  47  25.6364 N  63   9.1365 W   2.3        2.8        2.3       12.2       63.3 
080919  002828  47  25.6358 N  63   9.1361 W   2.3        2.8        2.3       12.2       63.3 
080919  002829  47  25.6354 N  63   9.1356 W   2.2        2.8        2.3       12.2       63.3 
080919  002830  47  25.6350 N  63   9.1352 W   2.1        2.8        2.3       12.2       63.3 
080919  002831  47  25.6343 N  63   9.1349 W   2.1        2.8       13.5*      12.2       63.3 
080919  002832  47  25.6338 N  63   9.1347 W   2.1        2.8       13.5       12.2       63.3 
080919  002833  47  25.6332 N  63   9.1342 W   2.2        2.8       13.5       12.2       63.3 
080919  002834  47  25.6325 N  63   9.1336 W   2.3        2.8       13.5       12.2       63.3 
080919  002835  47  25.6320 N  63   9.1331 W   2.3        2.8       13.5       12.2       63.3 
080919  002836  47  25.6314 N  63   9.1327 W   2.3        2.8       13.5       12.2       63.3 
080919  002837  47  25.6308 N  63   9.1323 W   2.3        2.8       13.5       12.2       63.3 
080919  002838  47  25.6304 N  63   9.1318 W   2.2        2.8       13.5       12.2       63.3 
080919  002839  47  25.6299 N  63   9.1312 W   2.2        2.8       13.5       12.2       63.3 
080919  002840  47  25.6292 N  63   9.1308 W   2.2        2.8       13.5       12.2       63.3 
080919  002841  47  25.6283 N  63   9.1304 W   2.4        2.8       13.5       12.2       63.3 
080919  002842  47  25.6279 N  63   9.1302 W   2.4        2.8       13.5       12.2       63.3 
080919  002843  47  25.6275 N  63   9.1297 W   2.3        2.8       13.5       12.2       63.3 
080919  002844  47  25.6273 N  63   9.1291 W   2.2        2.8       13.5       12.2       63.3 
080919  002845  47  25.6269 N  63   9.1286 W   2.2        2.8       13.5       12.2       63.3 
080919  002846  47  25.6267 N  63   9.1283 W   2.2        2.8       13.5       12.2       63.3 
080919  002847  47  25.6262 N  63   9.1282 W   2.2        2.8       13.5       12.2       63.3 
080919  002848  47  25.6256 N  63   9.1279 W   2.2        2.8       13.5       12.2       63.3 
080919  002849  47  25.6249 N  63   9.1272 W   2.3        2.8       13.5       12.2       63.3 
080919  002850  47  25.6242 N  63   9.1266 W   2.4        2.8       13.5       12.2       63.3 
080919  002851  47  25.6237 N  63   9.1260 W   2.4        2.8       13.5       12.2       63.3 
080919  002852  47  25.6232 N  63   9.1257 W   2.3        2.8       13.5       12.2       63.3 
080919  002853  47  25.6227 N  63   9.1252 W   2.3        2.8       13.5       12.2       63.3 
080919  002854  47  25.6220 N  63   9.1247 W   2.3        2.8       13.5       12.2       63.3 
080919  002855  47  25.6215 N  63   9.1242 W   2.3        2.8       13.5       12.2       63.3 
080919  002856  47  25.6209 N  63   9.1238 W   2.3        2.8       13.5       12.2       63.3 
080919  002857  47  25.6203 N  63   9.1234 W   2.3        2.8       13.6*      12.2       63.3 
080919  002858  47  25.6198 N  63   9.1229 W   2.3        2.8       13.6       12.2       63.3 
080919  002859  47  25.6192 N  63   9.1224 W   2.3        2.8       13.6       12.2       82.7*
080919  002900  47  25.6186 N  63   9.1220 W   2.3        2.8       13.6       12.2       82.7 
080919  002901  47  25.6180 N  63   9.1215 W   2.3        2.8       13.6       12.2       82.7 
080919  002902  47  25.6174 N  63   9.1210 W   2.3        2.8       13.6       12.2       82.7 
080919  002903  47  25.6170 N  63   9.1205 W   2.4        2.8       13.6       12.2       82.7 
080919  002904  47  25.6164 N  63   9.1200 W   2.3        2.8       13.6       12.2       82.7 
080919  002905  47  25.6160 N  63   9.1196 W   2.3        2.8       13.6       12.2       82.7 
080919  002906  47  25.6154 N  63   9.1192 W   2.3        2.8       13.6       15.1*      82.7 
080919  002907  47  25.6148 N  63   9.1188 W   2.3        2.8       13.6       15.1       82.7 
080919  002908  47  25.6146 N  63   9.1183 W   2.4        2.8       13.6       15.1       82.7 
080919  002909  47  25.6141 N  63   9.1176 W   2.4        2.8       13.6       15.1       82.7 
080919  002910  47  25.6136 N  63   9.1170 W   2.4        2.8       13.6       15.1       82.7 
080919  002911  47  25.6130 N  63   9.1165 W   2.3        2.8       13.6       15.1       82.7 
080919  002912  47  25.6123 N  63   9.1160 W   2.4        2.8       13.6       15.1       82.7 
080919  002913  47  25.6116 N  63   9.1156 W   2.4        2.8       13.6       15.1       82.7 
080919  002914  47  25.6111 N  63   9.1153 W   2.3        2.8       13.6       15.1       82.7 
080919  002915  47  25.6106 N  63   9.1147 W   2.3        2.8       13.6       15.1       82.7 
080919  002916  47  25.6100 N  63   9.1139 W   2.4        2.8       13.6       15.1       82.7 
080919  002917  47  25.6093 N  63   9.1132 W   2.5        2.8       13.6       15.1       82.7 
080919  002918  47  25.6087 N  63   9.1128 W   2.4        2.8       13.6       15.1       82.7 
080919  002919  47  25.6083 N  63   9.1125 W   2.4        2.8       13.6       15.1       82.7 
080919  002920  47  25.6078 N  63   9.1120 W   2.4        2.8       13.6       15.1       82.7 
080919  002921  47  25.6071 N  63   9.1114 W   2.4        2.8       13.6       15.1       76.5*
080919  002922  47  25.6065 N  63   9.1110 W   2.4        2.8       13.6       15.1       76.5 
080919  002923  47  25.6060 N  63   9.1106 W   2.3        2.5*      13.6       15.1       76.5 
080919  002924  47  25.6054 N  63   9.1102 W   2.3        2.5       13.6       15.1       76.5 
080919  002925  47  25.6049 N  63   9.1096 W   2.3        2.5       13.6       15.1       76.5 
080919  002926  47  25.6043 N  63   9.1093 W   2.2        2.5       13.6       15.1       57.2*
080919  002927  47  25.6038 N  63   9.1091 W   2.2        2.5       13.6       15.1       57.2 
080919  002928  47  25.6033 N  63   9.1088 W   2.1        2.5       13.6       15.1       57.2 
080919  002929  47  25.6028 N  63   9.1085 W   2.0        2.5       13.6       15.1       57.2 
080919  002930  47  25.6024 N  63   9.1082 W   2.0        2.5       13.6       15.1       57.2 
080919  002931  47  25.6020 N  63   9.1079 W   1.9        2.5       13.6       15.1       57.2 
080919  002932  47  25.6015 N  63   9.1077 W   1.9        2.5       13.6       15.1       57.2 
080919  002933  47  25.6012 N  63   9.1076 W   1.7        2.5       13.6       15.1       57.2 
080919  002934  47  25.6009 N  63   9.1076 W   1.6        2.5       13.6       15.1       57.2 
080919  002935  47  25.6006 N  63   9.1074 W   1.5        2.5       13.6       15.1       57.2 
080919  002936  47  25.6001 N  63   9.1070 W   1.6        2.5       13.6       15.1       57.2 
080919  002937  47  25.5996 N  63   9.1067 W   1.7        2.5       13.6       15.1       57.2 
080919  002938  47  25.5992 N  63   9.1065 W   1.6        2.5       13.6       15.1       57.2 
080919  002939  47  25.5989 N  63   9.1064 W   1.5        2.5       13.6       15.1       57.2 
080919  002940  47  25.5984 N  63   9.1063 W   1.5        2.5       13.6       15.1       57.2 
080919  002941  47  25.5980 N  63   9.1062 W   1.5        2.5       13.6       15.1       57.2 
080919  002942  47  25.5976 N  63   9.1060 W   1.5        2.5       13.6       15.1       57.2 
080919  002943  47  25.5971 N  63   9.1056 W   1.5        2.5       13.6       15.1       57.2 
080919  002944  47  25.5968 N  63   9.1053 W   1.6        2.5       13.6       15.1       57.2 
080919  002945  47  25.5964 N  63   9.1051 W   1.5        2.5       13.6       15.1       57.2 
080919  002946  47  25.5962 N  63   9.1050 W   1.4        2.5       13.6       15.1       57.2 
080919  002947  47  25.5957 N  63   9.1049 W   1.4        2.5       13.6       15.1       57.2 
080919  002948  47  25.5953 N  63   9.1047 W   1.5        2.5       13.6       15.1       57.2 
080919  002949  47  25.5949 N  63   9.1044 W   1.5        2.5       13.6       15.1       57.2 
080919  002950  47  25.5946 N  63   9.1042 W   1.4        2.5       13.6       15.1       57.2 
080919  002951  47  25.5947 N  63   9.1040 W   1.4        2.5       13.6       15.1       57.2 
080919  002952  47  25.5944 N  63   9.1038 W   1.3        2.5       13.6       15.1       57.2 
080919  002953  47  25.5942 N  63   9.1037 W   1.2        2.5       13.6       15.1       57.2 
080919  002954  47  25.5937 N  63   9.1036 W   1.3        2.5       13.6       15.1       57.2 
080919  002955  47  25.5932 N  63   9.1033 W   1.4        2.5       13.6       15.1       57.2 
080919  002956  47  25.5928 N  63   9.1031 W   1.4        2.5       13.6       15.1       57.2 
080919  002957  47  25.5926 N  63   9.1029 W   1.3        2.5       13.6       15.1       57.2 
080919  002958  47  25.5925 N  63   9.1027 W   1.2        2.5       13.6       15.1       57.2 
080919  002959  47  25.5924 N  63   9.1024 W   1.2        2.5       13.6       15.1       57.2 
080919  003000  47  25.5921 N  63   9.1023 W   1.2        2.5       13.6       15.1       57.2 
080919  003001  47  25.5917 N  63   9.1022 W   1.2        2.5       13.6       15.1       57.2 
080919  003002  47  25.5912 N  63   9.1020 W   1.2        2.5       13.6       15.1       57.2 
080919  003003  47  25.5908 N  63   9.1016 W   1.3        2.5       13.6       15.1       57.2 
080919  003004  47  25.5906 N  63   9.1013 W   1.2        2.5       13.6       15.1       57.2 
080919  003005  47  25.5905 N  63   9.1012 W   1.1        2.5       13.6       15.1       57.2 
080919  003006  47  25.5902 N  63   9.1012 W   1.0        2.5       13.6       15.1       57.2 
080919  003007  47  25.5897 N  63   9.1011 W   1.1        2.5       13.6       15.1       57.2 
080919  003008  47  25.5892 N  63   9.1008 W   1.2        2.5       13.6       15.1       57.2 
080919  003009  47  25.5888 N  63   9.1004 W   1.3        2.5       13.6       15.1       57.2 
080919  003010  47  25.5886 N  63   9.1001 W   1.3        2.5       13.6       15.1       57.2 
080919  003011  47  25.5882 N  63   9.0999 W   1.2        2.5       13.6       15.1       57.2 
080919  003012  47  25.5880 N  63   9.0999 W   1.1        2.5       13.6       15.1       57.2 
080919  003013  47  25.5877 N  63   9.0998 W   1.1        2.5       13.6       15.1       57.2 
080919  003014  47  25.5874 N  63   9.0995 W   1.2        2.5       13.6       15.1       57.2 
080919  003015  47  25.5869 N  63   9.0991 W   1.2        2.5       13.6       15.1       57.2 
080919  003016  47  25.5866 N  63   9.0988 W   1.2        2.5       13.6       15.1       57.2 
080919  003017  47  25.5863 N  63   9.0987 W   1.2        2.5       13.6       15.1       57.2 
080919  003018  47  25.5860 N  63   9.0986 W   1.1        2.5       13.6       15.1       57.2 
080919  003019  47  25.5858 N  63   9.0985 W   1.0        2.5       13.6       15.1       57.2 
080919  003020  47  25.5856 N  63   9.0982 W   1.1        2.5       13.6       15.1      337.8*
080919  003021  47  25.5853 N  63   9.0978 W   1.2        2.5       13.6       15.1      337.8 
080919  003022  47  25.5852 N  63   9.0975 W   1.1        2.5       13.6       15.1      337.8 
080919  003023  47  25.5851 N  63   9.0975 W   0.9        2.5       13.6       15.1      337.8 
080919  003024  47  25.5848 N  63   9.0975 W   0.9        2.5       13.6       15.1      337.8 
080919  003025  47  25.5845 N  63   9.0973 W   1.0        2.5       13.6       15.1      337.8 
080919  003026  47  25.5841 N  63   9.0969 W   1.1        2.5       13.6       15.1       70.8*
080919  003027  47  25.5837 N  63   9.0965 W   1.2        2.5       13.6       15.1       70.8 
080919  003028  47  25.5837 N  63   9.0962 W   1.2        2.5       13.6       15.1       70.8 
080919  003029  47  25.5834 N  63   9.0960 W   1.1        2.5       13.6       15.1       70.8 
080919  003030  47  25.5831 N  63   9.0958 W   1.1        2.5       13.6       15.1       70.8 
080919  003031  47  25.5829 N  63   9.0957 W   1.1        2.5       13.6       15.1       70.8 
080919  003032  47  25.5828 N  63   9.0955 W   1.1        2.5       13.6       15.1       70.8 
080919  003033  47  25.5827 N  63   9.0952 W   1.0        2.5       13.6       15.1       70.8 
080919  003034  47  25.5824 N  63   9.0948 W   1.0        2.5       13.6       15.1       70.8 
080919  003035  47  25.5819 N  63   9.0945 W   1.1        2.5       13.6       15.1       70.8 
080919  003036  47  25.5815 N  63   9.0946 W   1.1        2.5       13.6       15.1       70.8 
080919  003037  47  25.5812 N  63   9.0945 W   1.1        2.5       13.6       15.1       70.8 
080919  003038  47  25.5812 N  63   9.0941 W   1.1        2.5       13.6       15.1       70.8 
080919  003039  47  25.5810 N  63   9.0936 W   1.0        2.5       13.6       15.1       70.8 
080919  003040  47  25.5808 N  63   9.0934 W   1.0        2.5       13.6       15.1       70.8 
080919  003041  47  25.5804 N  63   9.0934 W   1.0        2.5       13.6       15.1       70.8 
080919  003042  47  25.5799 N  63   9.0934 W   1.1        2.5       13.6       15.1       70.8 
080919  003043  47  25.5797 N  63   9.0934 W   1.0        2.5       13.6       15.1       70.8 
080919  003044  47  25.5798 N  63   9.0932 W   0.9        2.5       13.6       15.1       70.8 
080919  003045  47  25.5796 N  63   9.0927 W   0.9        2.5       13.6       15.1       70.8 
080919  003046  47  25.5792 N  63   9.0924 W   1.0        2.5       13.6       15.1       70.8 
080919  003047  47  25.5787 N  63   9.0923 W   1.1        2.5       13.6       15.1       70.8 
080919  003048  47  25.5785 N  63   9.0924 W   1.1        2.5        5.6*      15.1       70.8 
080919  003049  47  25.5783 N  63   9.0924 W   1.0        2.5        5.6       15.1       70.8 
080919  003050  47  25.5780 N  63   9.0922 W   1.0        2.5        5.6       15.1       70.8 
080919  003051  47  25.5776 N  63   9.0916 W   1.1        2.5        5.6       15.1       70.8 
080919  003052  47  25.5773 N  63   9.0912 W   1.1        2.5        5.6       15.1       70.8 
080919  003053  47  25.5772 N  63   9.0910 W   1.0        2.5        5.6       15.1       70.8 
080919  003054  47  25.5768 N  63   9.0909 W   1.0        2.5        5.6       15.1       70.8 
080919  003055  47  25.5763 N  63   9.0907 W   1.1        2.5        5.6       15.1       70.8 
080919  003056  47  25.5761 N  63   9.0904 W   1.3        2.5        5.6        4.3*      70.8 
080919  003057  47  25.5757 N  63   9.0900 W   1.3        2.5        5.6        4.3       70.8 
080919  003058  47  25.5755 N  63   9.0897 W   1.2        2.5        5.6        4.3       70.8 
080919  003059  47  25.5756 N  63   9.0894 W   1.2        2.5        5.6        4.3       70.8 
080919  003100  47  25.5752 N  63   9.0892 W   1.2        2.5        5.6        4.3       70.8 
080919  003101  47  25.5749 N  63   9.0890 W   1.2        2.5        5.6        4.3       70.8 
080919  003102  47  25.5746 N  63   9.0888 W   1.2        2.5        5.6        4.3       70.8 
080919  003103  47  25.5744 N  63   9.0885 W   1.1        2.5        5.6        4.3       70.8 
080919  003104  47  25.5740 N  63   9.0883 W   1.1        2.5        5.6        4.3       70.8 
080919  003105  47  25.5736 N  63   9.0881 W   1.2        2.5        5.6        4.3       70.8 
080919  003106  47  25.5736 N  63   9.0879 W   1.2        2.5        5.6        4.3       70.8 
080919  003107  47  25.5734 N  63   9.0876 W   1.1        2.5        5.6        4.3       70.8 
080919  003108  47  25.5732 N  63   9.0874 W   1.1        2.5        5.6        4.3       70.8 
080919  003109  47  25.5729 N  63   9.0872 W   1.0        2.5        5.6        4.3       70.8 
080919  003110  47  25.5726 N  63   9.0870 W   1.1        2.5        5.6        4.3       70.8 
080919  003111  47  25.5724 N  63   9.0868 W   1.0        2.5        5.6        4.3       70.8 
080919  003112  47  25.5721 N  63   9.0866 W   1.0        2.5        5.6        4.3       70.8 
080919  003113  47  25.5718 N  63   9.0863 W   1.0        2.5        5.6        4.3       70.8 
080919  003114  47  25.5716 N  63   9.0861 W   1.1        2.5        5.6        4.3       70.8 
080919  003115  47  25.5712 N  63   9.0858 W   1.1        2.5        5.6        4.3       70.8 
080919  003116  47  25.5710 N  63   9.0855 W   1.1        2.5        5.6        4.3       70.8 
080919  003117  47  25.5709 N  63   9.0853 W   1.1        2.5        5.6        4.3       70.8 
080919  003118  47  25.5707 N  63   9.0851 W   1.0        2.5        5.6        4.3       70.8 
080919  003119  47  25.5704 N  63   9.0849 W   1.0        2.5        5.6        4.3       70.8 
080919  003120  47  25.5704 N  63   9.0847 W   1.0        2.5        5.6        4.3       70.8 
080919  003121  47  25.5702 N  63   9.0842 W   1.0        2.5        5.6        4.3       70.8 
080919  003122  47  25.5699 N  63   9.0839 W   1.0        2.5        5.6        4.3       70.8 
080919  003123  47  25.5695 N  63   9.0838 W   1.0        2.5        5.6       12.6*      70.8 
080919  003124  47  25.5692 N  63   9.0839 W   1.0        2.5        5.6       12.6       70.8 
080919  003125  47  25.5691 N  63   9.0837 W   1.0        2.5        5.6       12.6       70.8 
080919  003126  47  25.5692 N  63   9.0833 W   1.0        2.5        5.6       12.6       70.8 
080919  003127  47  25.5690 N  63   9.0830 W   1.0        2.5        5.6       12.6       70.8 
080919  003128  47  25.5687 N  63   9.0827 W   1.1        2.5        5.6       12.6       70.8 
080919  003129  47  25.5684 N  63   9.0825 W   1.0        2.5        5.6       12.6       70.8 
080919  003130  47  25.5681 N  63   9.0824 W   1.0        2.5        5.6       12.6       70.8 
080919  003131  47  25.5679 N  63   9.0822 W   1.0        2.5        5.6       12.6       70.8 
080919  003132  47  25.5677 N  63   9.0820 W   1.0        2.5        5.6       12.6       70.8 
080919  003133  47  25.5674 N  63   9.0818 W   1.0        2.5        5.6       12.6       70.8 
080919  003134  47  25.5671 N  63   9.0815 W   1.0        2.5        5.6       12.6       70.8 
080919  003135  47  25.5668 N  63   9.0814 W   1.0        2.5        5.6       12.6       70.8 
080919  003136  47  25.5667 N  63   9.0812 W   1.0        2.5        5.6       12.6       70.8 
080919  003137  47  25.5664 N  63   9.0808 W   1.1        2.5        5.6       12.6       70.8 
080919  003138  47  25.5661 N  63   9.0805 W   1.1        2.5        5.6        8.9*      70.8 
080919  003139  47  25.5659 N  63   9.0804 W   1.1        2.5        5.6        8.9       70.8 
080919  003140  47  25.5656 N  63   9.0803 W   1.0        2.5        5.6        8.9       70.8 
080919  003141  47  25.5653 N  63   9.0802 W   1.1        2.5        5.6        8.9       70.8 
080919  003142  47  25.5649 N  63   9.0799 W   1.1        2.5        5.6        8.9       70.8 
080919  003143  47  25.5647 N  63   9.0796 W   1.1        2.5        5.6        8.9       70.8 
080919  003144  47  25.5645 N  63   9.0793 W   1.1        2.5        5.6        8.9       70.8 
080919  003145  47  25.5642 N  63   9.0792 W   1.1        2.5        5.6        8.9       70.8 
080919  003146  47  25.5639 N  63   9.0790 W   1.1        2.5        5.6        8.9       70.8 
080919  003147  47  25.5634 N  63   9.0787 W   1.3        2.5        5.6        8.9       70.8 
080919  003148  47  25.5631 N  63   9.0782 W   1.3        2.5       12.5*       8.9       70.8 
080919  003149  47  25.5631 N  63   9.0777 W   1.2        2.5       12.5        1.2*      70.8 
080919  003150  47  25.5631 N  63   9.0776 W   1.1        2.5       12.5        1.2       70.8 
080919  003151  47  25.5628 N  63   9.0774 W   1.1        2.5       12.5        1.2       70.8 
080919  003152  47  25.5622 N  63   9.0770 W   1.3        2.5       12.5        1.2       70.8 
080919  003153  47  25.5615 N  63   9.0763 W   1.6        2.5       12.5        1.2       70.8 
080919  003154  47  25.5609 N  63   9.0756 W   1.8        2.5       12.5        5.1*      70.8 
080919  003155  47  25.5606 N  63   9.0751 W   1.8        2.5       12.5        5.1       70.8 
080919  003156  47  25.5602 N  63   9.0746 W   1.8        2.5       12.5        5.1       70.8 
080919  003157  47  25.5598 N  63   9.0739 W   1.8        2.5       12.5        5.1       70.8 
080919  003158  47  25.5594 N  63   9.0734 W   1.8        2.5       12.5        5.1       70.8 
