FileName: C:\TRAWLS~1\FALL\GP249F.TXT
Local Time: Sat Sep 13 07:40:44 2008

Ship: 13 septembre 2008 Trip: GP249F Tow: 2
Comments: Area 12, West of Inverness, NS
 Date    Time     Latitude       Longitude    Speed    Primary  Secondary DoorSpread      Depth 
080913  104040  46  17.4969 N  61  34.0466 W   6.3        3.1       12.2*      10.4*      40.5*
080913  104041  46  17.4983 N  61  34.0460 W   6.1        3.1       12.2       10.4       40.5 
080913  104042  46  17.4996 N  61  34.0456 W   5.9        3.1       12.2       10.4       40.5 
080913  104043  46  17.5008 N  61  34.0452 W   5.7        3.1       12.2       10.4       40.5 
080913  104044  46  17.5020 N  61  34.0448 W   5.4        3.1       12.2       10.4       40.5 
080913  104045  46  17.5032 N  61  34.0443 W   5.3        3.1       12.2       10.4       40.5 
080913  104046  46  17.5043 N  61  34.0437 W   5.2        3.1       12.2       10.4       40.5 
080913  104047  46  17.5053 N  61  34.0431 W   5.0        3.1       12.2       10.4       40.5 
080913  104048  46  17.5063 N  61  34.0426 W   4.8        3.1       12.2       10.4       40.5 
080913  104049  46  17.5073 N  61  34.0423 W   4.6        3.1       12.2       10.4       40.5 
080913  104050  46  17.5083 N  61  34.0419 W   4.5        3.1       12.2       10.4       40.5 
080913  104051  46  17.5093 N  61  34.0414 W   4.3        3.1       12.2       10.4       40.5 
080913  104052  46  17.5102 N  61  34.0408 W   4.3        3.1       12.2       10.4       40.5 
080913  104053  46  17.5112 N  61  34.0402 W   4.2        3.1       12.2       10.4       40.5 
080913  104054  46  17.5120 N  61  34.0397 W   4.0        3.1       12.2       10.4       40.5 
080913  104055  46  17.5129 N  61  34.0394 W   3.9        3.1       12.2       10.4       40.5 
080913  104056  46  17.5138 N  61  34.0391 W   3.8        3.1       12.2       10.4       40.5 
080913  104057  46  17.5147 N  61  34.0386 W   3.8        3.1       12.2       10.4       40.5 
080913  104058  46  17.5157 N  61  34.0381 W   3.7        3.1       12.2       10.4       40.5 
080913  104059  46  17.5165 N  61  34.0375 W   3.6        3.1       12.2       10.4       40.5 
080913  104100  46  17.5174 N  61  34.0372 W   3.5        3.1       12.2       10.4       40.5 
080913  104101  46  17.5183 N  61  34.0370 W   3.4        3.1       12.2       10.4       40.5 
080913  104102  46  17.5191 N  61  34.0367 W   3.4        3.1       12.2       10.4       40.5 
080913  104103  46  17.5200 N  61  34.0361 W   3.4        3.1       12.2       10.4       40.5 
080913  104104  46  17.5208 N  61  34.0355 W   3.3        3.1       12.2       10.4       40.5 
080913  104105  46  17.5216 N  61  34.0351 W   3.3        3.1       12.2       10.4       40.5 
080913  104106  46  17.5223 N  61  34.0348 W   3.2        3.1       12.2       10.4       40.5 
080913  104107  46  17.5231 N  61  34.0345 W   3.1        3.1       12.2       10.4       40.5 
080913  104108  46  17.5239 N  61  34.0341 W   3.1        3.1       12.2       10.4       40.5 
080913  104109  46  17.5246 N  61  34.0337 W   3.1        3.1       12.2       10.4       40.5 
080913  104110  46  17.5254 N  61  34.0332 W   3.0        3.1       12.2       10.4       40.5 
080913  104111  46  17.5262 N  61  34.0328 W   3.0        3.1       12.2       10.4       40.5 
080913  104112  46  17.5270 N  61  34.0324 W   3.1        3.1       12.2       10.4       40.5 
080913  104113  46  17.5280 N  61  34.0320 W   3.1        3.1       12.2       10.4       40.5 
080913  104114  46  17.5289 N  61  34.0314 W   3.2        3.1       12.2       10.4       40.5 
080913  104115  46  17.5300 N  61  34.0309 W   3.4        3.1       12.2       10.4       40.5 
080913  104116  46  17.5312 N  61  34.0304 W   3.5        3.1       12.2       10.4       40.5 
080913  104117  46  17.5325 N  61  34.0298 W   3.7        3.1       12.2       10.4       40.5 
080913  104118  46  17.5338 N  61  34.0292 W   4.0        3.1       12.2       10.4       40.5 
080913  104119  46  17.5352 N  61  34.0285 W   4.2        3.1       12.2       10.4       40.5 
080913  104120  46  17.5367 N  61  34.0279 W   4.4        3.1       12.2       10.4       40.5 
080913  104121  46  17.5382 N  61  34.0273 W   4.6        3.1       12.2       10.4       40.5 
080913  104122  46  17.5397 N  61  34.0267 W   4.8        3.1       12.2       10.4       40.5 
080913  104123  46  17.5414 N  61  34.0261 W   5.0        3.1       12.2       10.4       40.5 
080913  104124  46  17.5432 N  61  34.0253 W   5.3        3.1       12.2       10.4       40.5 
080913  104125  46  17.5450 N  61  34.0246 W   5.5        3.1       12.2       10.4       40.5 
080913  104126  46  17.5468 N  61  34.0239 W   5.7        3.1       12.2       10.4       40.5 
080913  104127  46  17.5486 N  61  34.0233 W   5.8        3.1       12.2       10.4       40.5 
080913  104128  46  17.5504 N  61  34.0228 W   6.0        3.1       12.2       10.4       40.5 
080913  104129  46  17.5522 N  61  34.0222 W   6.1        3.1       12.2       10.4       40.5 
080913  104130  46  17.5541 N  61  34.0216 W   6.2        3.1       12.2       10.4       40.5 
080913  104131  46  17.5560 N  61  34.0210 W   6.4        3.1       12.2       10.4       40.5 
080913  104132  46  17.5580 N  61  34.0203 W   6.5        3.1       12.2       10.4       40.5 
080913  104133  46  17.5599 N  61  34.0196 W   6.6        3.1       12.2       10.4       40.5 
080913  104134  46  17.5618 N  61  34.0191 W   6.7        3.1       12.2       10.4       40.5 
080913  104135  46  17.5638 N  61  34.0187 W   6.7        3.1       12.2       10.4       40.5 
080913  104136  46  17.5657 N  61  34.0183 W   6.8        3.1       12.2       10.4       40.5 
080913  104137  46  17.5677 N  61  34.0176 W   6.9        3.1       12.2       10.4       40.5 
080913  104138  46  17.5697 N  61  34.0170 W   6.9        3.1       12.2       10.4       40.5 
080913  104139  46  17.5716 N  61  34.0165 W   7.0        3.1       12.2       10.4       40.5 
080913  104140  46  17.5736 N  61  34.0160 W   7.0        3.1       12.2       10.4       40.5 
080913  104141  46  17.5756 N  61  34.0157 W   7.0        3.1       12.2       10.4       40.5 
080913  104142  46  17.5776 N  61  34.0152 W   7.1        3.1       12.2       10.4       40.5 
080913  104143  46  17.5797 N  61  34.0146 W   7.1        3.1       12.2       10.4       40.5 
080913  104144  46  17.5816 N  61  34.0141 W   7.2        3.1       12.2       10.4       40.5 
080913  104145  46  17.5836 N  61  34.0137 W   7.1        3.1       12.2       10.4       40.5 
080913  104146  46  17.5856 N  61  34.0133 W   7.1        3.1       12.2       10.4       40.5 
080913  104147  46  17.5875 N  61  34.0129 W   7.1        3.1       12.2       10.4       40.5 
080913  104148  46  17.5895 N  61  34.0124 W   7.1        3.1       12.2       10.4       40.5 
080913  104149  46  17.5914 N  61  34.0120 W   7.2        3.1       12.2       10.4       40.5 
080913  104150  46  17.5935 N  61  34.0114 W   7.2        3.1       12.2       10.4       40.5 
080913  104151  46  17.5955 N  61  34.0109 W   7.2        3.1       12.2       10.4       40.5 
080913  104152  46  17.5975 N  61  34.0104 W   7.2        3.1       12.2       10.4       40.5 
080913  104153  46  17.5995 N  61  34.0099 W   7.2        3.1       12.2       10.4       40.5 
080913  104154  46  17.6015 N  61  34.0096 W   7.2        3.1       12.2       10.4       40.5 
080913  104155  46  17.6034 N  61  34.0093 W   7.2        3.1       12.2       10.4       40.5 
080913  104156  46  17.6054 N  61  34.0090 W   7.2        3.1       12.2       10.4       40.5 
080913  104157  46  17.6074 N  61  34.0087 W   7.2        3.1       12.2       10.4       40.5 
080913  104158  46  17.6094 N  61  34.0084 W   7.2        3.1       12.2       10.4       40.5 
080913  104159  46  17.6115 N  61  34.0079 W   7.2        3.1       12.2       10.4       40.5 
080913  104200  46  17.6135 N  61  34.0074 W   7.3        3.1       12.2       10.4       40.5 
080913  104201  46  17.6156 N  61  34.0070 W   7.3        3.1       12.2       10.4       40.5 
080913  104202  46  17.6176 N  61  34.0066 W   7.3        3.1       12.2       10.4       40.5 
080913  104203  46  17.6195 N  61  34.0062 W   7.3        3.1       12.2       10.4       40.5 
080913  104204  46  17.6215 N  61  34.0059 W   7.2        3.1       12.2       10.4       40.5 
080913  104205  46  17.6235 N  61  34.0056 W   7.2        3.1       12.2       10.4       40.5 
080913  104206  46  17.6255 N  61  34.0053 W   7.3        3.1       12.2       10.4       40.5 
080913  104207  46  17.6275 N  61  34.0048 W   7.3        3.1       12.2       10.4       40.5 
080913  104208  46  17.6296 N  61  34.0043 W   7.3        3.1       12.2       10.4       40.5 
080913  104209  46  17.6317 N  61  34.0039 W   7.3        3.1       12.2       10.4       40.5 
080913  104210  46  17.6337 N  61  34.0036 W   7.3        3.1       12.2       10.4       40.5 
080913  104211  46  17.6356 N  61  34.0032 W   7.3        3.1       12.2       10.4       40.5 
080913  104212  46  17.6375 N  61  34.0028 W   7.2        3.1       12.2       10.4       40.5 
080913  104213  46  17.6394 N  61  34.0025 W   7.2        3.1       12.2       10.4       40.5 
080913  104214  46  17.6414 N  61  34.0021 W   7.2        3.1       12.2       10.4       40.5 
080913  104215  46  17.6434 N  61  34.0016 W   7.2        3.1       12.2       10.4       40.5 
080913  104216  46  17.6453 N  61  34.0009 W   7.2        3.1       12.2       10.4       40.5 
080913  104217  46  17.6472 N  61  34.0005 W   7.2        3.1       12.2       10.4       40.5 
080913  104218  46  17.6491 N  61  34.0001 W   7.1        3.1       12.2       10.4       40.5 
080913  104219  46  17.6510 N  61  33.9998 W   7.1        3.1       12.2       10.4       40.5 
080913  104220  46  17.6529 N  61  33.9995 W   7.1        3.1       12.2       10.4       40.5 
080913  104221  46  17.6549 N  61  33.9989 W   7.1        3.1       12.2       10.4       40.5 
080913  104222  46  17.6568 N  61  33.9983 W   7.1        3.1       12.2       10.4       40.5 
080913  104223  46  17.6586 N  61  33.9979 W   7.0        3.1       12.2       10.4       40.5 
080913  104224  46  17.6605 N  61  33.9976 W   7.0        3.1       12.2       10.4       40.5 
080913  104225  46  17.6624 N  61  33.9972 W   6.9        3.1       12.2       10.4       40.5 
080913  104226  46  17.6642 N  61  33.9968 W   6.9        3.1       12.2       10.4       40.5 
080913  104227  46  17.6661 N  61  33.9963 W   6.9        3.1       12.2       10.4       40.5 
080913  104228  46  17.6681 N  61  33.9958 W   6.9        3.1       12.2       10.4       40.5 
080913  104229  46  17.6700 N  61  33.9951 W   7.0        3.1       12.2       10.4       40.5 
080913  104230  46  17.6718 N  61  33.9946 W   6.9        3.1       12.2       10.4       40.5 
080913  104231  46  17.6736 N  61  33.9942 W   6.8        3.1       12.2       10.4       40.5 
080913  104232  46  17.6754 N  61  33.9938 W   6.8        3.1       12.2       10.4       40.5 
080913  104233  46  17.6773 N  61  33.9933 W   6.8        3.1       12.2       10.4       40.5 
080913  104234  46  17.6793 N  61  33.9926 W   6.9        3.1       12.2       10.4       40.5 
080913  104235  46  17.6812 N  61  33.9918 W   6.9        3.1       12.2       10.4       40.5 
080913  104236  46  17.6831 N  61  33.9911 W   6.9        3.1       12.2       10.4       40.5 
080913  104237  46  17.6850 N  61  33.9908 W   6.9        3.1       12.2       10.4       40.5 
080913  104238  46  17.6868 N  61  33.9905 W   6.9        3.1       12.2       10.4       40.5 
080913  104239  46  17.6887 N  61  33.9900 W   6.9        3.1       12.2       10.4       40.5 
080913  104240  46  17.6905 N  61  33.9893 W   6.9        3.1       12.2       10.4       40.5 
080913  104241  46  17.6924 N  61  33.9886 W   6.9        3.1       12.2       10.4       40.5 
080913  104242  46  17.6943 N  61  33.9879 W   6.9        3.1       12.2       10.4       40.5 
080913  104243  46  17.6961 N  61  33.9873 W   6.9        3.1       12.2       10.4       40.5 
080913  104244  46  17.6980 N  61  33.9868 W   6.9        3.1       12.2       10.4       40.5 
080913  104245  46  17.6999 N  61  33.9862 W   6.9        3.1       12.2       10.4       40.5 
080913  104246  46  17.7017 N  61  33.9857 W   6.9        3.1       12.2       10.4       40.5 
080913  104247  46  17.7036 N  61  33.9851 W   6.9        3.1       12.2       10.4       40.5 
080913  104248  46  17.7054 N  61  33.9846 W   6.9        3.1       12.2       10.4       40.5 
080913  104249  46  17.7073 N  61  33.9841 W   6.9        3.1       12.2       10.4       40.5 
080913  104250  46  17.7091 N  61  33.9835 W   6.8        3.1       12.2       10.4       40.5 
080913  104251  46  17.7110 N  61  33.9830 W   6.8        3.1       12.2       10.4       40.5 
080913  104252  46  17.7128 N  61  33.9825 W   6.8        3.1       12.2       10.4       40.5 
080913  104253  46  17.7147 N  61  33.9820 W   6.8        3.1       12.2       10.4       40.5 
080913  104254  46  17.7165 N  61  33.9816 W   6.8        3.1       12.2       10.4       40.5 
080913  104255  46  17.7183 N  61  33.9812 W   6.8        3.1       12.2       10.4       40.5 
080913  104256  46  17.7202 N  61  33.9808 W   6.8        3.1       12.2       10.4       40.5 
080913  104257  46  17.7220 N  61  33.9802 W   6.7        3.1       12.2       10.4       40.5 
080913  104258  46  17.7237 N  61  33.9797 W   6.7        3.1       12.2       10.4       40.5 
080913  104259  46  17.7255 N  61  33.9794 W   6.7        3.1       12.2       10.4       40.5 
080913  104300  46  17.7273 N  61  33.9792 W   6.6        3.1       12.2       10.4       40.5 
080913  104301  46  17.7292 N  61  33.9788 W   6.7        3.1       12.2       10.4       40.5 
080913  104302  46  17.7311 N  61  33.9782 W   6.7        3.1       12.2       10.4       40.5 
080913  104303  46  17.7329 N  61  33.9778 W   6.7        3.1       12.2       10.4       40.5 
080913  104304  46  17.7348 N  61  33.9774 W   6.7        3.1       12.2       10.4       40.5 
080913  104305  46  17.7366 N  61  33.9772 W   6.7        3.1       12.2       10.4       40.5 
080913  104306  46  17.7384 N  61  33.9770 W   6.7        3.1       12.2       10.4       40.5 
080913  104307  46  17.7402 N  61  33.9767 W   6.7        3.1       12.2       10.4       40.5 
080913  104308  46  17.7421 N  61  33.9763 W   6.7        3.1       12.2       10.4       40.5 
080913  104309  46  17.7441 N  61  33.9759 W   6.8        3.1       12.2       10.4       40.5 
080913  104310  46  17.7461 N  61  33.9755 W   6.9        3.1       12.2       10.4       40.5 
080913  104311  46  17.7481 N  61  33.9751 W   6.9        3.1       12.2       10.4       40.5 
080913  104312  46  17.7500 N  61  33.9749 W   6.9        3.1       12.2       10.4       40.5 
080913  104313  46  17.7519 N  61  33.9748 W   6.9        3.1       12.2       10.4       40.5 
080913  104314  46  17.7538 N  61  33.9745 W   6.9        3.1       12.2       10.4       40.5 
080913  104315  46  17.7558 N  61  33.9739 W   6.9        3.1       12.2       10.4       40.5 
080913  104316  46  17.7577 N  61  33.9734 W   7.0        3.1       12.2       10.4       40.5 
080913  104317  46  17.7597 N  61  33.9730 W   7.0        3.1       12.2       10.4       40.5 
080913  104318  46  17.7617 N  61  33.9727 W   7.1        3.1       12.2       10.4       40.5 
080913  104319  46  17.7638 N  61  33.9723 W   7.1        3.1       12.2       10.4       40.5 
080913  104320  46  17.7657 N  61  33.9719 W   7.1        3.1       12.2       10.4       40.5 
080913  104321  46  17.7676 N  61  33.9715 W   7.0        3.1       12.2       10.4       40.5 
080913  104322  46  17.7694 N  61  33.9710 W   7.0        3.1       12.2       10.4       40.5 
080913  104323  46  17.7713 N  61  33.9706 W   6.9        3.1       12.2       10.4       40.5 
080913  104324  46  17.7731 N  61  33.9702 W   6.9        3.1       12.2       10.4       40.5 
080913  104325  46  17.7750 N  61  33.9696 W   6.9        3.1       12.2       10.4       40.5 
080913  104326  46  17.7767 N  61  33.9690 W   6.8        3.1       12.2       10.4       40.5 
080913  104327  46  17.7785 N  61  33.9685 W   6.8        3.1       12.2       10.4       40.5 
080913  104328  46  17.7802 N  61  33.9681 W   6.7        3.1       12.2       10.4       40.5 
080913  104329  46  17.7818 N  61  33.9677 W   6.6        3.1       12.2       10.4       40.5 
080913  104330  46  17.7835 N  61  33.9673 W   6.5        3.1       12.2       10.4       40.5 
080913  104331  46  17.7852 N  61  33.9668 W   6.4        3.1       12.2       10.4       40.5 
080913  104332  46  17.7868 N  61  33.9664 W   6.4        3.1       12.2       10.4       40.5 
080913  104333  46  17.7884 N  61  33.9660 W   6.3        3.1       12.2       10.4       40.5 
080913  104334  46  17.7900 N  61  33.9657 W   6.2        3.1       12.2       10.4       40.5 
080913  104335  46  17.7915 N  61  33.9653 W   6.1        3.1       12.2       10.4       40.5 
080913  104336  46  17.7929 N  61  33.9650 W   5.9        3.1       12.2       10.4       40.5 
080913  104337  46  17.7941 N  61  33.9646 W   5.7        3.1       12.2       10.4       40.5 
080913  104338  46  17.7953 N  61  33.9644 W   5.5        3.1       12.2       10.4       40.5 
080913  104339  46  17.7965 N  61  33.9641 W   5.3        3.1       12.2       10.4       40.5 
080913  104340  46  17.7975 N  61  33.9638 W   5.1        3.1       12.2       10.4       40.5 
080913  104341  46  17.7985 N  61  33.9635 W   4.8        3.1       12.2       10.4       40.5 
080913  104342  46  17.7995 N  61  33.9633 W   4.6        3.1       12.2       10.4       40.5 
080913  104343  46  17.8004 N  61  33.9631 W   4.4        3.1       12.2       10.4       40.5 
080913  104344  46  17.8012 N  61  33.9627 W   4.2        3.1       12.2       10.4       40.5 
080913  104345  46  17.8020 N  61  33.9625 W   4.0        3.1       12.2       10.4       40.5 
080913  104346  46  17.8029 N  61  33.9623 W   3.9        3.1       12.2       10.4       40.5 
080913  104347  46  17.8037 N  61  33.9620 W   3.7        3.1       12.2       10.4       40.5 
080913  104348  46  17.8044 N  61  33.9617 W   3.6        3.1       12.2       10.4       40.5 
080913  104349  46  17.8051 N  61  33.9615 W   3.4        3.1       12.2       10.4       40.5 
080913  104350  46  17.8058 N  61  33.9613 W   3.3        3.1       12.2       10.4       40.5 
080913  104351  46  17.8065 N  61  33.9610 W   3.2        3.1       12.2       10.4       40.5 
080913  104352  46  17.8071 N  61  33.9608 W   3.1        3.1       12.2       10.4       40.5 
080913  104353  46  17.8077 N  61  33.9606 W   2.9        3.1       12.2       10.4       40.5 
080913  104354  46  17.8083 N  61  33.9604 W   2.8        3.1       12.2       10.4       40.5 
080913  104355  46  17.8089 N  61  33.9602 W   2.8        3.1       12.2       10.4       40.5 
080913  104356  46  17.8096 N  61  33.9598 W   2.7        3.1       12.2       10.4       40.5 
080913  104357  46  17.8101 N  61  33.9596 W   2.6        3.1       12.2       10.4       40.5 
080913  104358  46  17.8106 N  61  33.9594 W   2.5        3.1       12.2       10.4       40.5 
080913  104359  46  17.8112 N  61  33.9593 W   2.5        3.1       12.2       10.4       40.5 
080913  104400  46  17.8118 N  61  33.9591 W   2.4        3.1       12.2       10.4       40.5 
080913  104401  46  17.8123 N  61  33.9588 W   2.4        3.1       12.2       10.4       40.5 
080913  104402  46  17.8128 N  61  33.9584 W   2.3        3.1       12.2       10.4       40.5 
080913  104403  46  17.8133 N  61  33.9583 W   2.3        3.1       12.2       10.4       40.5 
080913  104404  46  17.8138 N  61  33.9583 W   2.2        3.1       12.2       10.4       40.5 
080913  104405  46  17.8144 N  61  33.9580 W   2.2        3.1       12.2       10.4       40.5 
080913  104406  46  17.8149 N  61  33.9576 W   2.2        3.1       12.2       10.4       40.5 
080913  104407  46  17.8153 N  61  33.9573 W   2.1        3.1       12.2       10.4       40.5 
080913  104408  46  17.8158 N  61  33.9571 W   2.1        3.1       12.2       10.4       40.5 
080913  104409  46  17.8164 N  61  33.9570 W   2.1        3.1       12.2       10.4       40.5 
080913  104410  46  17.8169 N  61  33.9568 W   2.0        3.1       12.2       10.4       40.5 
080913  104411  46  17.8174 N  61  33.9566 W   2.0        3.1       12.2       10.4       40.5 
080913  104412  46  17.8179 N  61  33.9563 W   2.0        3.1       12.2       10.4       40.5 
080913  104413  46  17.8183 N  61  33.9561 W   2.0        3.1       12.2       10.4       40.5 
080913  104414  46  17.8188 N  61  33.9560 W   1.9        3.1       12.2       10.4       40.5 
080913  104415  46  17.8193 N  61  33.9559 W   1.9        3.1       12.2       10.4       40.5 
080913  104416  46  17.8198 N  61  33.9556 W   1.9        3.1       12.2        7.0*      40.5 
080913  104417  46  17.8203 N  61  33.9553 W   1.9        3.1       12.2        7.0       40.5 
080913  104418  46  17.8208 N  61  33.9551 W   1.9        3.1       12.2        7.0       40.5 
080913  104419  46  17.8212 N  61  33.9550 W   1.9        3.1       12.2        7.0       40.5 
080913  104420  46  17.8217 N  61  33.9549 W   1.9        3.1       12.2        7.0       40.5 
080913  104421  46  17.8222 N  61  33.9546 W   1.9        3.1       12.2        5.3*      40.5 
080913  104422  46  17.8228 N  61  33.9544 W   1.9        3.1       12.2        5.3       40.5 
080913  104423  46  17.8233 N  61  33.9541 W   1.9        3.1       12.2        5.3       40.5 
080913  104424  46  17.8238 N  61  33.9540 W   1.9        3.1       12.2        5.3       40.5 
080913  104425  46  17.8243 N  61  33.9539 W   1.9        3.1       12.2        5.3       40.5 
080913  104426  46  17.8249 N  61  33.9537 W   1.9        3.1       12.2        5.3       40.5 
080913  104427  46  17.8254 N  61  33.9534 W   2.0        3.1       12.2        6.3*      44.4*
080913  104428  46  17.8259 N  61  33.9532 W   1.9        3.1       12.2        6.3       44.4 
080913  104429  46  17.8264 N  61  33.9530 W   1.9        3.1       12.2        6.3       44.4 
080913  104430  46  17.8270 N  61  33.9528 W   2.0        3.1       12.2        6.3       44.4 
080913  104431  46  17.8275 N  61  33.9527 W   2.0        3.1       12.2        6.3       44.4 
080913  104432  46  17.8280 N  61  33.9525 W   2.0        3.1       12.2        6.2*      30.8*
080913  104433  46  17.8286 N  61  33.9523 W   2.0        3.1       12.2        6.2       30.8 
080913  104434  46  17.8291 N  61  33.9519 W   2.0        3.1       12.2        6.2       30.8 
080913  104435  46  17.8296 N  61  33.9517 W   2.0        3.1       12.2        6.2       30.8 
080913  104436  46  17.8302 N  61  33.9517 W   2.0        3.1       12.2        6.2       30.8 
080913  104437  46  17.8308 N  61  33.9516 W   2.0        3.1       12.2        5.3*      38.7*
080913  104438  46  17.8314 N  61  33.9513 W   2.0        3.1       12.2        5.3       38.7 
080913  104439  46  17.8319 N  61  33.9508 W   2.1        3.1       12.2        5.3       38.7 
080913  104440  46  17.8324 N  61  33.9506 W   2.1        3.1       12.2        5.3       38.7 
080913  104441  46  17.8330 N  61  33.9505 W   2.1        3.1       12.2        5.3       38.7 
080913  104442  46  17.8336 N  61  33.9504 W   2.1        3.1       12.2        6.1*      38.7 
080913  104443  46  17.8341 N  61  33.9502 W   2.1        3.1       12.2        6.1       47.1*
080913  104444  46  17.8347 N  61  33.9499 W   2.1        3.1       12.2        6.1       47.1 
080913  104445  46  17.8353 N  61  33.9496 W   2.1        3.1       12.2        6.1       47.1 
080913  104446  46  17.8359 N  61  33.9494 W   2.1        3.1       12.2        6.1       47.1 
080913  104447  46  17.8364 N  61  33.9493 W   2.1        3.1       12.2        6.1       47.1 
080913  104448  46  17.8370 N  61  33.9491 W   2.1        3.1       12.2        5.8*      49.3*
080913  104449  46  17.8376 N  61  33.9489 W   2.1        3.1       12.2        5.8       49.3 
080913  104450  46  17.8382 N  61  33.9486 W   2.2        3.1       12.2        5.8       49.3 
080913  104451  46  17.8388 N  61  33.9483 W   2.2        3.1       12.2        5.8       49.3 
080913  104452  46  17.8393 N  61  33.9482 W   2.1        3.1       12.2        5.8       49.3 
080913  104453  46  17.8399 N  61  33.9481 W   2.1        3.1       12.2        5.9*      45.3*
080913  104454  46  17.8406 N  61  33.9481 W   2.1        3.1       12.2        5.9       45.3 
080913  104455  46  17.8412 N  61  33.9478 W   2.2        3.1       12.2        5.9       45.3 
080913  104456  46  17.8417 N  61  33.9474 W   2.2        3.1       12.2        5.9       45.3 
080913  104457  46  17.8423 N  61  33.9473 W   2.2        3.1       12.2        5.9       45.3 
080913  104458  46  17.8430 N  61  33.9472 W   2.2        3.1       12.2        6.1*      45.3 
080913  104459  46  17.8435 N  61  33.9470 W   2.2        3.1       12.2        6.1       56.7*
080913  104500  46  17.8441 N  61  33.9468 W   2.1        3.1       12.2        6.1       56.7 
080913  104501  46  17.8446 N  61  33.9467 W   2.2        3.1       12.2        6.1       56.7 
080913  104502  46  17.8453 N  61  33.9464 W   2.2        3.1       12.2        6.1       56.7 
080913  104503  46  17.8458 N  61  33.9462 W   2.2        3.1       12.2        9.8*      56.7 
080913  104504  46  17.8464 N  61  33.9461 W   2.1        3.1       12.2        9.8       62.0*
080913  104505  46  17.8470 N  61  33.9460 W   2.1        3.1       12.2        9.8       62.0 
080913  104506  46  17.8476 N  61  33.9458 W   2.1        3.1       12.2        9.8       62.0 
080913  104507  46  17.8481 N  61  33.9456 W   2.1        3.1       12.2        9.8       62.0 
080913  104508  46  17.8487 N  61  33.9454 W   2.1        3.1       12.2        9.8       62.0 
080913  104509  46  17.8493 N  61  33.9452 W   2.2        3.1       12.2       10.3*      49.3*
080913  104510  46  17.8499 N  61  33.9450 W   2.1        3.1       12.2       10.3       49.3 
080913  104511  46  17.8504 N  61  33.9449 W   2.1        3.1       12.2       10.3       49.3 
080913  104512  46  17.8511 N  61  33.9447 W   2.1        3.1       12.2       10.3       49.3 
080913  104513  46  17.8517 N  61  33.9445 W   2.2        3.1       12.2       10.3       49.3 
080913  104514  46  17.8522 N  61  33.9443 W   2.1        3.1       12.2        4.1*      49.3 
080913  104515  46  17.8527 N  61  33.9441 W   2.1        3.1       12.2        4.1       59.4*
080913  104516  46  17.8533 N  61  33.9440 W   2.1        3.1        2.8*       4.1       59.4 
080913  104517  46  17.8539 N  61  33.9438 W   2.1        3.1        2.8        4.1       59.4 
080913  104518  46  17.8545 N  61  33.9436 W   2.1        3.1        2.8        4.1       59.4 
080913  104519  46  17.8550 N  61  33.9434 W   2.1        3.1        2.8        4.1       59.4 
080913  104520  46  17.8556 N  61  33.9432 W   2.1        3.1        2.8        4.1       60.7*
080913  104521  46  17.8562 N  61  33.9431 W   2.1        3.1        2.8        4.1       60.7 
080913  104522  46  17.8567 N  61  33.9430 W   2.1        3.1        2.8        4.1       60.7 
080913  104523  46  17.8573 N  61  33.9427 W   2.1        5.6*       2.8        4.1       60.7 
080913  104524  46  17.8579 N  61  33.9425 W   2.1        5.6        2.8        4.1       60.7 
080913  104525  46  17.8584 N  61  33.9424 W   2.1        5.6        2.8        4.1       58.9*
080913  104526  46  17.8590 N  61  33.9423 W   2.1        5.6        2.8        4.1       58.9 
080913  104527  46  17.8596 N  61  33.9421 W   2.1        5.6        2.8        4.1       58.9 
080913  104528  46  17.8602 N  61  33.9419 W   2.1        5.6        2.8        4.1       58.9 
080913  104529  46  17.8607 N  61  33.9417 W   2.1        5.6        2.4*       4.1       58.9 
080913  104530  46  17.8613 N  61  33.9416 W   2.1        5.6        2.4        4.1       58.9 
080913  104531  46  17.8619 N  61  33.9414 W   2.1        5.6        2.4        4.1       62.9*
080913  104532  46  17.8624 N  61  33.9412 W   2.1        5.6        2.4        4.1       62.9 
080913  104533  46  17.8629 N  61  33.9411 W   2.0        5.6        2.4        4.1       62.9 
080913  104534  46  17.8634 N  61  33.9409 W   2.0        5.6        2.4        4.1       62.9 
080913  104535  46  17.8640 N  61  33.9407 W   2.1        5.6        2.4        4.1       62.9 
080913  104536  46  17.8645 N  61  33.9405 W   2.0        3.4*       2.4        4.1       62.5*
080913  104537  46  17.8650 N  61  33.9404 W   2.0        3.4        2.4        4.1       62.5 
080913  104538  46  17.8656 N  61  33.9403 W   2.0        3.4        2.4        4.1       62.5 
080913  104539  46  17.8663 N  61  33.9400 W   2.1        3.4        2.4        4.1       62.5 
080913  104540  46  17.8667 N  61  33.9398 W   2.0        3.4        2.4        4.1       62.5 
080913  104541  46  17.8672 N  61  33.9396 W   2.0        3.4        2.4        4.1       64.7*
080913  104542  46  17.8677 N  61  33.9394 W   2.0        3.4        2.4        4.1       64.7 
080913  104543  46  17.8684 N  61  33.9392 W   2.1        3.4        2.4        4.1       64.7 
080913  104544  46  17.8688 N  61  33.9390 W   2.0        3.4        2.4        4.1       64.7 
080913  104545  46  17.8693 N  61  33.9388 W   2.0        3.4        2.4        4.1       64.7 
080913  104546  46  17.8699 N  61  33.9386 W   2.0        3.4        2.4        4.1       64.7 
080913  104547  46  17.8704 N  61  33.9384 W   2.0        3.4        2.4        4.1       58.5*
080913  104548  46  17.8709 N  61  33.9381 W   2.0        3.4        2.4        4.1       58.5 
080913  104549  46  17.8714 N  61  33.9379 W   2.0        3.4        2.4        4.1       58.5 
080913  104550  46  17.8719 N  61  33.9377 W   2.0        3.4        2.4        4.1       58.5 
080913  104551  46  17.8725 N  61  33.9375 W   2.0        3.4        2.4        4.1       58.5 
080913  104552  46  17.8730 N  61  33.9372 W   2.0        3.4        2.4        4.1       62.9*
080913  104553  46  17.8735 N  61  33.9369 W   2.0        3.4        2.4        4.1       62.9 
080913  104554  46  17.8740 N  61  33.9367 W   2.0        3.4        2.4        4.1       62.9 
080913  104555  46  17.8746 N  61  33.9365 W   2.0        3.4        2.4        4.1       62.9 
080913  104556  46  17.8752 N  61  33.9363 W   2.0        3.4        2.4        4.1       62.9 
080913  104557  46  17.8757 N  61  33.9360 W   2.0        3.4        2.4        4.1       64.7*
080913  104558  46  17.8762 N  61  33.9357 W   2.0        3.4        2.4        4.1       64.7 
080913  104559  46  17.8768 N  61  33.9355 W   2.0        3.4        2.4        4.1       64.7 
080913  104600  46  17.8774 N  61  33.9353 W   2.0        3.4        2.4        4.1       64.7 
080913  104601  46  17.8778 N  61  33.9350 W   2.0        3.4        2.4        4.1       64.7 
080913  104602  46  17.8784 N  61  33.9347 W   2.0        3.4        2.4        4.1       64.7 
080913  104603  46  17.8790 N  61  33.9344 W   2.1        3.4        2.4        4.1       62.9*
080913  104604  46  17.8796 N  61  33.9342 W   2.1        3.4        2.4        4.1       62.9 
080913  104605  46  17.8801 N  61  33.9340 W   2.0        3.4        2.4        4.1       62.9 
080913  104606  46  17.8806 N  61  33.9338 W   2.0        3.4        2.4        4.1       62.9 
080913  104607  46  17.8812 N  61  33.9336 W   2.1        3.4        2.4        4.1       62.9 
080913  104608  46  17.8818 N  61  33.9332 W   2.1        3.4        2.4        4.1       62.5*
080913  104609  46  17.8822 N  61  33.9329 W   2.0        3.4        2.4        4.1       62.5 
080913  104610  46  17.8827 N  61  33.9328 W   2.0        3.4        2.4        4.1       62.5 
080913  104611  46  17.8833 N  61  33.9326 W   2.0        3.4        2.4        4.1       62.5 
080913  104612  46  17.8839 N  61  33.9322 W   2.0        3.4        2.4        4.1       62.5 
080913  104613  46  17.8843 N  61  33.9320 W   2.0        3.4        2.4        4.1       64.2*
080913  104614  46  17.8848 N  61  33.9318 W   2.0        3.4        2.4        4.1       64.2 
080913  104615  46  17.8854 N  61  33.9316 W   2.0        3.4        2.4        4.1       64.2 
080913  104616  46  17.8859 N  61  33.9314 W   2.0        3.4        2.4        4.1       64.2 
080913  104617  46  17.8864 N  61  33.9312 W   2.0        3.4        2.4        4.1       64.2 
080913  104618  46  17.8869 N  61  33.9310 W   1.9        3.4        2.4        4.1       64.2 
080913  104619  46  17.8874 N  61  33.9308 W   1.9        3.4        2.4        4.1       64.7*
080913  104620  46  17.8879 N  61  33.9305 W   1.9        3.4        2.4        4.1       64.7 
080913  104621  46  17.8883 N  61  33.9303 W   1.9        3.4        2.4        4.1       64.7 
080913  104622  46  17.8888 N  61  33.9302 W   1.8        3.4        2.4        4.1       64.7 
080913  104623  46  17.8892 N  61  33.9300 W   1.8        3.4        2.4        4.1       64.7 
080913  104624  46  17.8896 N  61  33.9297 W   1.8        3.4        2.4        4.1       71.3*
080913  104625  46  17.8900 N  61  33.9293 W   1.8        3.4        2.4        4.1       71.3 
080913  104626  46  17.8904 N  61  33.9290 W   1.7        3.4        2.4        4.1       71.3 
080913  104627  46  17.8908 N  61  33.9290 W   1.7        3.4        2.4        4.1       71.3 
080913  104628  46  17.8912 N  61  33.9288 W   1.7        3.4        2.4        4.1       71.3 
080913  104629  46  17.8918 N  61  33.9284 W   1.7        3.4        2.4        4.1       71.3 
080913  104630  46  17.8922 N  61  33.9282 W   1.8        3.4        2.4        4.1       54.1*
080913  104631  46  17.8926 N  61  33.9280 W   1.7        3.4        2.4       10.5*      54.1 
080913  104632  46  17.8931 N  61  33.9279 W   1.7        3.4        2.4       10.5       54.1 
080913  104633  46  17.8935 N  61  33.9277 W   1.7        3.4        2.4       10.5       54.1 
080913  104634  46  17.8939 N  61  33.9275 W   1.7        3.4        2.4       10.5       54.1 
080913  104635  46  17.8943 N  61  33.9272 W   1.7        3.4        2.4       10.5       62.0*
080913  104636  46  17.8948 N  61  33.9270 W   1.7        3.4        2.4        8.9*      62.0 
080913  104637  46  17.8952 N  61  33.9268 W   1.7        3.4        2.4        8.9       62.0 
080913  104638  46  17.8955 N  61  33.9265 W   1.7        3.4        2.4        8.9       62.0 
080913  104639  46  17.8960 N  61  33.9263 W   1.7        3.4        2.4        8.9       62.0 
080913  104640  46  17.8964 N  61  33.9261 W   1.7        3.4        2.4        8.9       62.9*
080913  104641  46  17.8969 N  61  33.9258 W   1.8        3.4        2.4        4.4*      62.9 
080913  104642  46  17.8973 N  61  33.9254 W   1.8        3.4        2.4        4.4       62.9 
080913  104643  46  17.8977 N  61  33.9252 W   1.8        3.4        2.4        4.4       62.9 
080913  104644  46  17.8982 N  61  33.9250 W   1.8        3.4        2.4        4.4       62.9 
080913  104645  46  17.8986 N  61  33.9248 W   1.8        3.4        2.4        4.4       62.9 
080913  104646  46  17.8990 N  61  33.9246 W   1.8        3.4        2.4        4.5*      62.0*
080913  104647  46  17.8995 N  61  33.9243 W   1.8        3.4        2.4        4.5       62.0 
080913  104648  46  17.9000 N  61  33.9239 W   1.8        3.4        2.4        4.5       62.0 
080913  104649  46  17.9004 N  61  33.9237 W   1.8        3.4        2.4        4.5       62.0 
080913  104650  46  17.9009 N  61  33.9235 W   1.8        3.4        2.4        4.5       62.0 
080913  104651  46  17.9013 N  61  33.9233 W   1.8        3.4        2.4        4.5       63.3*
080913  104652  46  17.9018 N  61  33.9230 W   1.8        3.4        2.4        4.1*      63.3 
080913  104653  46  17.9022 N  61  33.9227 W   1.8        3.4        2.4        4.1       63.3 
080913  104654  46  17.9027 N  61  33.9224 W   1.9        3.4        2.4        4.1       63.3 
080913  104655  46  17.9033 N  61  33.9221 W   1.9        3.4        2.4        4.1       63.3 
080913  104656  46  17.9038 N  61  33.9219 W   1.9        3.4        2.4        4.1       61.6*
080913  104657  46  17.9042 N  61  33.9217 W   1.9        3.4        2.4        4.9*      61.6 
080913  104658  46  17.9048 N  61  33.9215 W   1.9        3.4        2.4        4.9       61.6 
080913  104659  46  17.9053 N  61  33.9212 W   2.0        3.4        2.4        4.9       61.6 
080913  104700  46  17.9059 N  61  33.9207 W   2.0        3.4        2.4        4.9       61.6 
080913  104701  46  17.9064 N  61  33.9205 W   2.0        3.4        2.4        4.9       61.6 
080913  104702  46  17.9070 N  61  33.9203 W   2.0        3.4        2.4        4.7*      62.9*
080913  104703  46  17.9076 N  61  33.9201 W   2.1        3.4        2.4        4.7       62.9 
080913  104704  46  17.9082 N  61  33.9198 W   2.1        3.4        2.4        4.7       62.9 
080913  104705  46  17.9089 N  61  33.9194 W   2.2        3.4        2.4        4.7       62.9 
080913  104706  46  17.9094 N  61  33.9191 W   2.2        3.4        2.4        4.7       62.9 
080913  104707  46  17.9100 N  61  33.9188 W   2.2        3.4        2.4        4.8*      61.6*
080913  104708  46  17.9107 N  61  33.9186 W   2.2        3.4        2.4        4.8       61.6 
080913  104709  46  17.9113 N  61  33.9184 W   2.3        3.4        2.4        4.8       61.6 
080913  104710  46  17.9119 N  61  33.9180 W   2.3        3.4        2.4        4.8       61.6 
080913  104711  46  17.9124 N  61  33.9176 W   2.2        3.4        2.4        4.8       61.6 
080913  104712  46  17.9131 N  61  33.9173 W   2.3        3.4        2.4        4.9*      62.9*
080913  104713  46  17.9138 N  61  33.9170 W   2.3        3.4        2.4        4.9       62.9 
080913  104714  46  17.9143 N  61  33.9167 W   2.3        3.4        2.4        4.9       62.9 
080913  104715  46  17.9149 N  61  33.9164 W   2.3        3.4        2.4        4.9       62.9 
080913  104716  46  17.9155 N  61  33.9162 W   2.3        3.4        2.4        4.9       62.9 
080913  104717  46  17.9162 N  61  33.9160 W   2.3        3.4        2.4        4.9       62.9 
080913  104718  46  17.9168 N  61  33.9156 W   2.3        3.4        2.4        6.9*      61.6*
080913  104719  46  17.9174 N  61  33.9153 W   2.3        3.4        2.4        6.9       61.6 
080913  104720  46  17.9180 N  61  33.9150 W   2.3        3.4        2.4        6.9       61.6 
080913  104721  46  17.9186 N  61  33.9148 W   2.3        3.4        2.4        6.9       61.6 
080913  104722  46  17.9192 N  61  33.9145 W   2.3        3.4        2.4        6.9       61.6 
080913  104723  46  17.9198 N  61  33.9142 W   2.3        3.4        2.4        3.6*      62.0*
080913  104724  46  17.9204 N  61  33.9138 W   2.3        3.4        2.4        3.6       62.0 
080913  104725  46  17.9209 N  61  33.9135 W   2.3        3.4        2.4        3.6       62.0 
080913  104726  46  17.9214 N  61  33.9133 W   2.2        3.4        2.4        3.6       62.0 
080913  104727  46  17.9221 N  61  33.9131 W   2.2        3.4        2.4        3.6       62.0 
080913  104728  46  17.9227 N  61  33.9127 W   2.3        3.4        2.4        5.6*      63.3*
080913  104729  46  17.9233 N  61  33.9123 W   2.2        3.4        2.4        5.6       63.3 
080913  104730  46  17.9238 N  61  33.9120 W   2.2        3.4        2.4        5.6       63.3 
080913  104731  46  17.9244 N  61  33.9118 W   2.2        3.4        2.4        5.6       63.3 
080913  104732  46  17.9250 N  61  33.9116 W   2.2        3.4        2.4        5.6       63.3 
080913  104733  46  17.9256 N  61  33.9113 W   2.2        3.4        2.4        5.3*      63.3 
080913  104734  46  17.9261 N  61  33.9110 W   2.2        3.4        2.4        5.3       62.0*
080913  104735  46  17.9266 N  61  33.9107 W   2.1        3.4        2.4        5.3       62.0 
080913  104736  46  17.9272 N  61  33.9104 W   2.1        3.4        2.4        5.3       62.0 
080913  104737  46  17.9277 N  61  33.9102 W   2.1        3.4        2.4        5.3       62.0 
080913  104738  46  17.9283 N  61  33.9100 W   2.1        3.4        2.4        5.3       62.0 
080913  104739  46  17.9288 N  61  33.9097 W   2.1        3.4        2.4        5.6*      91.5*
080913  104740  46  17.9294 N  61  33.9093 W   2.1        3.4        2.4        5.6       91.5 
080913  104741  46  17.9299 N  61  33.9090 W   2.1        3.4        2.4        5.6       91.5 
080913  104742  46  17.9304 N  61  33.9088 W   2.0        3.4        2.4        5.6       91.5 
080913  104743  46  17.9309 N  61  33.9086 W   2.0        3.4        2.4        5.6       91.5 
080913  104744  46  17.9315 N  61  33.9084 W   2.0        3.4        2.4        5.1*      35.2*
080913  104745  46  17.9320 N  61  33.9081 W   2.0        3.4        2.4        5.1       35.2 
080913  104746  46  17.9325 N  61  33.9077 W   2.0        3.4        2.4        5.1       35.2 
080913  104747  46  17.9331 N  61  33.9074 W   2.0        3.4        2.4        5.1       35.2 
080913  104748  46  17.9336 N  61  33.9072 W   2.0        3.4        2.4        5.1       35.2 
080913  104749  46  17.9342 N  61  33.9070 W   2.0        3.4        2.4        5.3*      35.2 
080913  104750  46  17.9347 N  61  33.9068 W   2.0        3.4        2.4        5.3       60.3*
080913  104751  46  17.9352 N  61  33.9064 W   2.0        3.4        2.4        5.3       60.3 
080913  104752  46  17.9358 N  61  33.9060 W   2.1        3.4        2.4        5.3       60.3 
080913  104753  46  17.9363 N  61  33.9058 W   2.0        3.4        2.4        5.3       60.3 
080913  104754  46  17.9368 N  61  33.9057 W   2.0        3.4        2.4        5.6*      60.3 
080913  104755  46  17.9375 N  61  33.9055 W   2.0        3.4        2.4        5.6       62.5*
080913  104756  46  17.9380 N  61  33.9052 W   2.0        3.4        2.4        5.6       62.5 
080913  104757  46  17.9385 N  61  33.9048 W   2.0        3.4        2.4        5.6       62.5 
080913  104758  46  17.9390 N  61  33.9045 W   2.0        3.4        2.4        5.6       62.5 
080913  104759  46  17.9396 N  61  33.9044 W   2.0        3.4        2.4        5.6       62.5 
080913  104800  46  17.9401 N  61  33.9042 W   2.0        3.4        2.4        5.6       62.5*
080913  104801  46  17.9407 N  61  33.9040 W   2.0        3.4        2.4        5.6       62.5 
080913  104802  46  17.9412 N  61  33.9035 W   2.0        3.4        2.4        5.6       62.5 
080913  104803  46  17.9418 N  61  33.9032 W   2.0        3.4        2.4        5.6       62.5 
080913  104804  46  17.9423 N  61  33.9030 W   2.0        3.4        2.4        5.6       62.5 
080913  104805  46  17.9428 N  61  33.9028 W   2.0        3.4        2.4        5.6       62.5 
080913  104806  46  17.9434 N  61  33.9025 W   2.0        3.4        2.4        5.6       62.9*
080913  104807  46  17.9439 N  61  33.9021 W   2.0        3.4        2.4        5.6       62.9 
080913  104808  46  17.9444 N  61  33.9018 W   2.0        3.4        2.4        5.6       62.9 
080913  104809  46  17.9450 N  61  33.9016 W   2.0        3.4        2.4        5.6       62.9 
080913  104810  46  17.9455 N  61  33.9014 W   2.0        3.4        2.4        5.6       62.9 
080913  104811  46  17.9461 N  61  33.9012 W   2.0        3.4        2.4        5.6       62.9*
080913  104812  46  17.9466 N  61  33.9008 W   2.0        3.4        2.4        5.6       62.9 
080913  104813  46  17.9472 N  61  33.9005 W   2.0        3.4        2.4        5.6       62.9 
080913  104814  46  17.9477 N  61  33.9003 W   2.0        3.4        2.4        5.6       62.9 
080913  104815  46  17.9482 N  61  33.9001 W   2.0        3.4        2.4        5.6       62.9 
080913  104816  46  17.9487 N  61  33.8998 W   2.0        3.4        2.4        5.6       62.0*
080913  104817  46  17.9493 N  61  33.8996 W   2.0        3.4        2.4        5.6       62.0 
080913  104818  46  17.9497 N  61  33.8993 W   2.0        3.4        2.4        5.6       62.0 
080913  104819  46  17.9503 N  61  33.8990 W   2.0        3.4        2.4        5.6       62.0 
080913  104820  46  17.9509 N  61  33.8986 W   2.0        3.4        2.4        5.6       62.0 
080913  104821  46  17.9514 N  61  33.8984 W   2.0        3.4        2.4        6.2*      62.0 
080913  104822  46  17.9519 N  61  33.8982 W   2.0        3.4        2.4        6.2       62.0*
080913  104823  46  17.9523 N  61  33.8980 W   1.9        3.4        2.4        6.2       62.0 
080913  104824  46  17.9528 N  61  33.8978 W   1.9        3.4        2.4        6.2       62.0 
080913  104825  46  17.9534 N  61  33.8973 W   2.0        3.4        2.4        6.2       62.0 
080913  104826  46  17.9540 N  61  33.8970 W   2.0        3.4        2.4        4.4*      62.0 
080913  104827  46  17.9544 N  61  33.8968 W   1.9        3.4        2.4        4.4       68.2*
080913  104828  46  17.9549 N  61  33.8966 W   1.9        3.4        2.4        4.4       68.2 
080913  104829  46  17.9554 N  61  33.8964 W   1.9        3.4        2.4        4.4       68.2 
080913  104830  46  17.9560 N  61  33.8961 W   2.0        3.4        2.4        4.4       68.2 
080913  104831  46  17.9566 N  61  33.8957 W   2.0        3.4        2.4        9.5*      68.2 
080913  104832  46  17.9570 N  61  33.8953 W   2.0        3.4        2.4        9.5       68.2 
080913  104833  46  17.9575 N  61  33.8951 W   1.9        3.4        2.4        9.5       59.4*
080913  104834  46  17.9580 N  61  33.8948 W   2.0        3.4        2.4        9.5       59.4 
080913  104835  46  17.9586 N  61  33.8945 W   2.0        3.4        2.4        9.5       59.4 
080913  104836  46  17.9591 N  61  33.8941 W   2.0        3.4        2.4        3.0*      59.4 
080913  104837  46  17.9596 N  61  33.8937 W   2.0        3.4        2.4        3.0       59.4 
080913  104838  46  17.9601 N  61  33.8933 W   2.0        3.4        2.4        3.0       61.1*
080913  104839  46  17.9606 N  61  33.8931 W   2.0        3.4        2.4        3.0       61.1 
080913  104840  46  17.9611 N  61  33.8928 W   2.0        3.4        2.4        3.0       61.1 
080913  104841  46  17.9615 N  61  33.8924 W   2.0        3.4        2.4        3.0       61.1 
080913  104842  46  17.9620 N  61  33.8919 W   2.0        3.4        2.4        2.4*      61.1 
080913  104843  46  17.9625 N  61  33.8915 W   2.0        3.4        2.4        2.4       61.1 
080913  104844  46  17.9629 N  61  33.8913 W   2.0        3.4        2.4        2.4       61.1 
080913  104845  46  17.9634 N  61  33.8910 W   2.0        3.4        2.4        2.4       61.1 
080913  104846  46  17.9640 N  61  33.8907 W   2.0        3.4        2.4        2.4       61.1 
080913  104847  46  17.9645 N  61  33.8902 W   2.1        3.4        2.4        6.2*      61.1 
080913  104848  46  17.9649 N  61  33.8898 W   2.0        3.4        2.4        6.2       61.1 
080913  104849  46  17.9654 N  61  33.8895 W   2.0        3.4        2.4        6.2       61.1 
080913  104850  46  17.9660 N  61  33.8892 W   2.1        3.4        2.4        6.2       61.1 
080913  104851  46  17.9666 N  61  33.8889 W   2.1        3.4        2.4        6.2       61.1 
080913  104852  46  17.9670 N  61  33.8885 W   2.1        3.4        2.4        8.8*      61.1 
080913  104853  46  17.9675 N  61  33.8880 W   2.1        3.4        2.4        8.8       61.1 
080913  104854  46  17.9680 N  61  33.8877 W   2.1        3.4        2.4        8.8       63.8*
080913  104855  46  17.9685 N  61  33.8874 W   2.1        3.4        2.4        8.8       63.8 
080913  104856  46  17.9691 N  61  33.8872 W   2.1        3.4        2.4        8.8       63.8 
080913  104857  46  17.9696 N  61  33.8868 W   2.1        3.4        2.4        0.8*      63.8 
080913  104858  46  17.9700 N  61  33.8865 W   2.1        3.4        2.4        0.8       63.8 
080913  104859  46  17.9705 N  61  33.8861 W   2.0        3.4        2.4        0.8       62.9*
080913  104900  46  17.9710 N  61  33.8858 W   2.0        3.4        2.4        0.8       62.9 
080913  104901  46  17.9716 N  61  33.8855 W   2.1        3.4        2.4        0.8       62.9 
080913  104902  46  17.9721 N  61  33.8852 W   2.1        3.4        2.4        5.1*      62.9 
080913  104903  46  17.9727 N  61  33.8848 W   2.1        3.4        2.4        5.1       62.9 
080913  104904  46  17.9732 N  61  33.8845 W   2.1       12.4*       2.4        5.1       62.9 
080913  104905  46  17.9738 N  61  33.8842 W   2.1       12.4        2.4        5.1       61.1*
080913  104906  46  17.9743 N  61  33.8838 W   2.1       12.4        2.4        5.1       61.1 
080913  104907  46  17.9749 N  61  33.8835 W   2.1       12.4        2.4        5.1       61.1 
080913  104908  46  17.9754 N  61  33.8831 W   2.1       12.4        2.4        5.3*      61.1 
080913  104909  46  17.9759 N  61  33.8829 W   2.1       12.4        2.4        5.3       61.1 
080913  104910  46  17.9765 N  61  33.8825 W   2.1       12.4        2.4        5.3       62.5*
080913  104911  46  17.9771 N  61  33.8822 W   2.1        2.4*       2.4        5.3       62.5 
080913  104912  46  17.9776 N  61  33.8818 W   2.1        2.4        2.4        5.3       62.5 
080913  104913  46  17.9782 N  61  33.8816 W   2.1        2.4        2.4        5.3*      62.5 
080913  104914  46  17.9787 N  61  33.8813 W   2.1        2.4        2.4        5.3       62.5 
080913  104915  46  17.9793 N  61  33.8810 W   2.1        2.4        2.4        5.3       62.0*
080913  104916  46  17.9799 N  61  33.8807 W   2.1        2.4        2.4        5.3       62.0 
080913  104917  46  17.9804 N  61  33.8803 W   2.1        2.4        2.4        5.3       62.0 
080913  104918  46  17.9810 N  61  33.8800 W   2.1        2.4        2.4        5.3*      62.0 
080913  104919  46  17.9815 N  61  33.8797 W   2.1        2.4        2.4        5.3       62.0 
080913  104920  46  17.9821 N  61  33.8795 W   2.1        2.4        2.4        5.3       62.0 
080913  104921  46  17.9827 N  61  33.8792 W   2.1        2.4        2.4        5.3       62.5*
080913  104922  46  17.9833 N  61  33.8789 W   2.1        2.4        2.4        5.3       62.5 
080913  104923  46  17.9839 N  61  33.8785 W   2.1        2.4        2.4        5.3       62.5 
080913  104924  46  17.9844 N  61  33.8782 W   2.1        2.4        2.4        5.3       62.5 
080913  104925  46  17.9851 N  61  33.8780 W   2.1        2.4        2.4        5.3       62.5 
080913  104926  46  17.9858 N  61  33.8778 W   2.2        2.4        2.4        5.3       62.9*
080913  104927  46  17.9864 N  61  33.8774 W   2.1        2.4        2.4        5.3       62.9 
080913  104928  46  17.9869 N  61  33.8770 W   2.1        2.4        2.4        5.3       62.9 
080913  104929  46  17.9875 N  61  33.8767 W   2.1        2.4        2.4        5.3       62.9 
080913  104930  46  17.9881 N  61  33.8766 W   2.1        2.4        2.4        5.3       62.9 
080913  104931  46  17.9887 N  61  33.8764 W   2.1        2.4        2.4        5.3       62.5*
080913  104932  46  17.9892 N  61  33.8761 W   2.1        2.4        2.4        5.3       62.5 
080913  104933  46  17.9897 N  61  33.8755 W   2.1        2.4        2.4        5.3       62.5 
080913  104934  46  17.9903 N  61  33.8752 W   2.1        2.4        2.4        5.9*      62.5 
080913  104935  46  17.9909 N  61  33.8751 W   2.1        2.4        2.4        5.9       62.5 
080913  104936  46  17.9916 N  61  33.8749 W   2.1        2.4        2.4        5.9       62.5 
080913  104937  46  17.9921 N  61  33.8746 W   2.1        2.4        2.4        5.9       62.5*
080913  104938  46  17.9926 N  61  33.8741 W   2.1        2.4        2.4        5.9       62.5 
080913  104939  46  17.9931 N  61  33.8738 W   2.1        2.4        2.4        5.9*      62.5 
080913  104940  46  17.9938 N  61  33.8735 W   2.1        2.4        2.4        5.9       62.5 
080913  104941  46  17.9944 N  61  33.8734 W   2.1        2.4        2.4        5.9       62.5 
080913  104942  46  17.9949 N  61  33.8732 W   2.0        2.4        2.4        5.9       61.1*
080913  104943  46  17.9954 N  61  33.8728 W   2.0        2.4        2.4        5.9       61.1 
080913  104944  46  17.9960 N  61  33.8724 W   2.0        2.4        2.4        5.6*      61.1 
080913  104945  46  17.9966 N  61  33.8722 W   2.0        2.4        2.4        5.6       61.1 
080913  104946  46  17.9972 N  61  33.8720 W   2.0        2.4        2.4        5.6       61.1 
080913  104947  46  17.9978 N  61  33.8717 W   2.0        2.4        2.4        5.6       64.7*
080913  104948  46  17.9983 N  61  33.8715 W   2.0        2.4        2.4        5.6       64.7 
080913  104949  46  17.9989 N  61  33.8712 W   2.0        2.4        2.4        5.6       64.7 
080913  104950  46  17.9994 N  61  33.8709 W   2.0        2.4        2.4        5.6*      64.7 
080913  104951  46  18.0000 N  61  33.8705 W   2.0        2.4        2.4        5.6       64.7 
080913  104952  46  18.0005 N  61  33.8703 W   1.9        2.4        2.4        5.6       64.7 
080913  104953  46  18.0010 N  61  33.8701 W   1.9        2.4        2.4        5.6       61.6*
080913  104954  46  18.0016 N  61  33.8698 W   1.9        2.4        2.4        5.6       61.6 
080913  104955  46  18.0021 N  61  33.8694 W   1.9        2.4        2.4        5.3*      61.6 
080913  104956  46  18.0026 N  61  33.8690 W   1.9        2.4        2.4        5.3       61.6 
080913  104957  46  18.0032 N  61  33.8688 W   1.9        2.4        2.4        5.3       61.6 
080913  104958  46  18.0037 N  61  33.8686 W   1.9        2.4        2.4        5.3       60.7*
080913  104959  46  18.0043 N  61  33.8683 W   1.9        2.4        2.4        5.3       60.7 
080913  105000  46  18.0048 N  61  33.8679 W   1.9        2.4        2.4        5.9*      60.7 
080913  105001  46  18.0053 N  61  33.8675 W   1.9        2.4        2.4        5.9       60.7 
080913  105002  46  18.0058 N  61  33.8673 W   1.9        2.4        2.4        5.9       60.7 
080913  105003  46  18.0063 N  61  33.8672 W   1.9        2.4        2.4        5.9       62.9*
080913  105004  46  18.0068 N  61  33.8669 W   1.9        2.4        2.4        5.9       62.9 
080913  105005  46  18.0073 N  61  33.8665 W   1.9        2.4        2.4        5.6*      62.9 
080913  105006  46  18.0078 N  61  33.8661 W   1.9        2.4        2.4        5.6       62.9 
080913  105007  46  18.0084 N  61  33.8658 W   1.9        2.4        2.4        5.6       62.9 
080913  105008  46  18.0089 N  61  33.8657 W   1.9        2.4        2.4        5.6       62.9 
080913  105009  46  18.0093 N  61  33.8654 W   1.9        2.4        2.4        5.6       63.8*
080913  105010  46  18.0098 N  61  33.8650 W   1.9        2.4        2.4        5.6       63.8 
080913  105011  46  18.0102 N  61  33.8646 W   1.9        2.4        2.4        5.9*      63.8 
080913  105012  46  18.0108 N  61  33.8643 W   1.9        2.4        2.4        5.9       63.8 
080913  105013  46  18.0113 N  61  33.8641 W   1.9        2.4        2.4        5.9       63.8 
080913  105014  46  18.0118 N  61  33.8638 W   1.9        2.4        2.4        5.9       62.9*
080913  105015  46  18.0123 N  61  33.8634 W   1.9        2.4        2.4        5.9       62.9 
080913  105016  46  18.0127 N  61  33.8630 W   1.9        2.4        2.4        7.0*      62.9 
080913  105017  46  18.0132 N  61  33.8627 W   1.9        2.4        2.4        7.0       62.9 
080913  105018  46  18.0137 N  61  33.8624 W   1.9        2.4        2.4        7.0       62.9 
080913  105019  46  18.0143 N  61  33.8620 W   1.9        2.4        2.4        7.0       60.7*
080913  105020  46  18.0146 N  61  33.8617 W   1.9        2.4        2.4        7.0       60.7 
080913  105021  46  18.0149 N  61  33.8616 W   1.7        2.4        2.4        7.0       60.7 
080913  105022  46  18.0152 N  61  33.8613 W   1.7        2.4        2.4        7.0       60.7 
080913  105023  46  18.0155 N  61  33.8609 W   1.6        2.4        2.4        7.0       60.7 
080913  105024  46  18.0156 N  61  33.8607 W   1.5        2.4        2.4        7.0       60.7 
080913  105025  46  18.0157 N  61  33.8605 W   1.3        2.4        2.4        7.0       60.7 
080913  105026  46  18.0158 N  61  33.8603 W   1.2        2.4        2.4        7.0       60.7 
080913  105027  46  18.0159 N  61  33.8601 W   1.1        2.4        2.4        7.0       60.7 
080913  105028  46  18.0159 N  61  33.8599 W   0.9        2.4        2.4        7.0       60.7 
080913  105029  46  18.0158 N  61  33.8596 W   0.8        2.4        2.4        7.0       60.7 
080913  105030  46  18.0158 N  61  33.8595 W   0.8        2.4        2.4        7.0       60.7 
080913  105031  46  18.0158 N  61  33.8594 W   0.7        2.4        2.4        7.0       60.7 
080913  105032  46  18.0158 N  61  33.8594 W   0.5        2.4        2.4        7.0       60.7 
080913  105033  46  18.0158 N  61  33.8592 W   0.5        2.4        2.4        7.0       60.7 
080913  105034  46  18.0158 N  61  33.8590 W   0.5        2.4        2.4        7.0       60.7 
080913  105035  46  18.0158 N  61  33.8589 W   0.5        2.4        2.4        7.0       60.7 
080913  105036  46  18.0157 N  61  33.8589 W   0.4        2.4        2.4        7.0       60.7 
080913  105037  46  18.0157 N  61  33.8588 W   0.3        2.4        2.4        7.0       60.7 
080913  105038  46  18.0157 N  61  33.8587 W   0.3        2.4        2.4        7.0       60.7 
080913  105039  46  18.0156 N  61  33.8585 W   0.4        2.4        2.4        7.0       60.7 
080913  105040  46  18.0155 N  61  33.8582 W   0.4        2.4        2.4        7.0       60.7 
080913  105041  46  18.0155 N  61  33.8582 W   0.4        2.4        2.4        7.0       58.5*
080913  105042  46  18.0154 N  61  33.8582 W   0.3        2.4        2.4        7.0       58.5 
080913  105043  46  18.0152 N  61  33.8581 W   0.3        2.4        2.4        7.0       58.5 
080913  105044  46  18.0152 N  61  33.8578 W   0.4        2.4        2.4        7.0       58.5 
080913  105045  46  18.0152 N  61  33.8575 W   0.4        2.4        2.4        7.0       58.5 
080913  105046  46  18.0151 N  61  33.8573 W   0.4        2.4        2.4        7.0       58.5 
080913  105047  46  18.0150 N  61  33.8573 W   0.4        2.4        2.4        7.0       58.5 
080913  105048  46  18.0150 N  61  33.8572 W   0.4        2.4        2.4        7.0       58.5 
080913  105049  46  18.0150 N  61  33.8570 W   0.4        2.4        2.4        7.0       58.5 
080913  105050  46  18.0149 N  61  33.8567 W   0.4        2.4        2.4        7.0       58.5 
080913  105051  46  18.0147 N  61  33.8565 W   0.5        2.4        2.4        7.0       58.5 
080913  105052  46  18.0147 N  61  33.8564 W   0.4        2.4        2.4        7.0       58.5 
080913  105053  46  18.0147 N  61  33.8564 W   0.4        2.4        2.4        7.0       58.5 
080913  105054  46  18.0146 N  61  33.8563 W   0.4        2.4        2.4        7.0       58.5 
080913  105055  46  18.0144 N  61  33.8560 W   0.4        2.4        2.4        7.0       58.5 
080913  105056  46  18.0143 N  61  33.8558 W   0.5        2.4        2.4        7.0       58.5 
080913  105057  46  18.0142 N  61  33.8557 W   0.4        2.4        2.4        7.0       58.5 
080913  105058  46  18.0141 N  61  33.8557 W   0.4        2.4        2.4        7.0       58.5 
080913  105059  46  18.0140 N  61  33.8556 W   0.4        2.4        2.4        7.0       58.5 
080913  105100  46  18.0140 N  61  33.8553 W   0.4        2.4        2.4        7.0       58.5 
080913  105101  46  18.0138 N  61  33.8552 W   0.4        2.4        2.4        7.0       58.5 
080913  105102  46  18.0137 N  61  33.8551 W   0.4        2.4        2.4        7.0       49.3*
080913  105103  46  18.0136 N  61  33.8550 W   0.4        2.4        2.4        7.0       49.3 
080913  105104  46  18.0135 N  61  33.8549 W   0.4        2.4        2.4        7.0       49.3 
080913  105105  46  18.0135 N  61  33.8549 W   0.4        2.4        2.4        7.0       49.3 
080913  105106  46  18.0134 N  61  33.8547 W   0.4        2.4        2.4        7.0       49.3 
080913  105107  46  18.0133 N  61  33.8546 W   0.4        2.4        2.4        7.0       49.3 
080913  105108  46  18.0132 N  61  33.8546 W   0.4        2.4        2.4        7.0       49.3 
080913  105109  46  18.0131 N  61  33.8545 W   0.3        2.4        2.4        7.0       49.3 
080913  105110  46  18.0130 N  61  33.8543 W   0.4        2.4        2.4        7.0       49.3 
080913  105111  46  18.0129 N  61  33.8542 W   0.4        2.4        2.4        7.0       49.3 
080913  105112  46  18.0128 N  61  33.8542 W   0.4        3.4*       2.4        7.0       49.3 
080913  105113  46  18.0128 N  61  33.8541 W   0.4        3.4        2.4        7.0       49.3 
080913  105114  46  18.0126 N  61  33.8539 W   0.4        3.4        2.4        7.0       49.3 
080913  105115  46  18.0125 N  61  33.8538 W   0.4        3.4        2.4        7.0       49.3 
080913  105116  46  18.0124 N  61  33.8537 W   0.4        3.4        2.4        7.0       49.3 
080913  105117  46  18.0123 N  61  33.8536 W   0.4        3.4        2.4        7.0       49.3 
080913  105118  46  18.0122 N  61  33.8535 W   0.4        3.4        2.4        7.0       49.3 
080913  105119  46  18.0122 N  61  33.8534 W   0.4        3.4        2.4        7.0       49.3 
080913  105120  46  18.0121 N  61  33.8534 W   0.4        3.4        2.4        7.0       49.3 
080913  105121  46  18.0120 N  61  33.8533 W   0.4        3.4        2.4        7.0       49.3 
080913  105122  46  18.0119 N  61  33.8532 W   0.4        3.4        2.4        7.0       49.3 
080913  105123  46  18.0118 N  61  33.8531 W   0.5        3.4        2.4        7.0       49.3 
080913  105124  46  18.0117 N  61  33.8531 W   0.4        3.4        2.4        7.0       49.3 
080913  105125  46  18.0117 N  61  33.8531 W   0.4        3.4        2.4        7.0       49.3 
080913  105126  46  18.0117 N  61  33.8529 W   0.4        3.4        2.4        7.0       49.3 
080913  105127  46  18.0115 N  61  33.8527 W   0.5        3.4        2.4        7.0       49.3 
080913  105128  46  18.0114 N  61  33.8527 W   0.5        3.4        2.4        7.0       49.3 
080913  105129  46  18.0114 N  61  33.8527 W   0.4        3.4        2.4        7.0       49.3 
080913  105130  46  18.0113 N  61  33.8525 W   0.4        3.4        2.4        7.0       49.3 
080913  105131  46  18.0111 N  61  33.8524 W   0.5        3.4        2.4        7.0       49.3 
080913  105132  46  18.0109 N  61  33.8523 W   0.5        3.4        2.4        7.0       49.3 
080913  105133  46  18.0109 N  61  33.8522 W   0.5        3.4        2.4        7.0       49.3 
080913  105134  46  18.0109 N  61  33.8521 W   0.5        3.4        2.4        7.0       49.3 
080913  105135  46  18.0107 N  61  33.8520 W   0.5        3.4        2.4        7.0       49.3 
080913  105136  46  18.0106 N  61  33.8518 W   0.5        3.4        2.4        7.0       49.3 
080913  105137  46  18.0105 N  61  33.8518 W   0.5        3.4        2.4        7.0       49.3 
080913  105138  46  18.0104 N  61  33.8516 W   0.5        3.4        2.4        7.0       49.3 
080913  105139  46  18.0103 N  61  33.8516 W   0.5        3.4        2.4        7.0       49.3 
080913  105140  46  18.0102 N  61  33.8516 W   0.5        3.4        2.4        7.0       58.5*
080913  105141  46  18.0101 N  61  33.8514 W   0.6        3.4        2.4        7.0       58.5 
080913  105142  46  18.0100 N  61  33.8513 W   0.6        3.4        2.4        7.0       58.5 
080913  105143  46  18.0099 N  61  33.8513 W   0.6        3.4        2.4        7.0       58.5 
080913  105144  46  18.0097 N  61  33.8513 W   0.6        3.4        2.4        7.0       58.5 
080913  105145  46  18.0096 N  61  33.8511 W   0.6        3.4        2.4        7.0       58.5 
080913  105146  46  18.0095 N  61  33.8509 W   0.6        3.4        2.4        7.0       58.5 
080913  105147  46  18.0093 N  61  33.8508 W   0.6        3.4        2.4        7.0       58.5 
080913  105148  46  18.0093 N  61  33.8509 W   0.6        3.4        2.4        7.0       58.5 
080913  105149  46  18.0091 N  61  33.8508 W   0.6        3.4        2.4        5.7*      58.5 
080913  105150  46  18.0090 N  61  33.8506 W   0.6        3.4        2.4        5.7       58.5 
080913  105151  46  18.0090 N  61  33.8505 W   0.6        3.4        2.4        5.7       58.5 
080913  105152  46  18.0088 N  61  33.8504 W   0.6        3.4        2.4        5.7       58.5 
080913  105153  46  18.0087 N  61  33.8504 W   0.6        3.4        2.4        5.7       58.5 
080913  105154  46  18.0086 N  61  33.8503 W   0.5        3.4        2.4        5.7       58.5 
080913  105155  46  18.0086 N  61  33.8502 W   0.5        3.4        2.4        5.7       58.1*
080913  105156  46  18.0086 N  61  33.8501 W   0.4        3.4        2.4        5.7       58.1 
080913  105157  46  18.0084 N  61  33.8501 W   0.5        3.4        2.4        5.7       58.1 
080913  105158  46  18.0082 N  61  33.8500 W   0.5        3.4        2.4        5.7       58.1 
080913  105159  46  18.0083 N  61  33.8498 W   0.4        3.4        2.4        5.7       58.1 
080913  105200  46  18.0083 N  61  33.8496 W   0.4        3.4        2.4        5.7       58.1 
080913  105201  46  18.0080 N  61  33.8494 W   0.5        3.4        2.4        5.7       18.5*
080913  105202  46  18.0079 N  61  33.8494 W   0.5        3.4        2.4        5.7       18.5 
080913  105203  46  18.0079 N  61  33.8491 W   0.5        3.4        2.4        5.7       18.5 
080913  105204  46  18.0079 N  61  33.8489 W   0.4        3.4       12.5*       5.7       18.5 
080913  105205  46  18.0078 N  61  33.8488 W   0.4        3.4       12.5        5.7       18.5 
080913  105206  46  18.0076 N  61  33.8488 W   0.5        3.4       12.5        5.7       95.9*
080913  105207  46  18.0075 N  61  33.8486 W   0.5        3.4       12.5        5.7       95.9 
080913  105208  46  18.0075 N  61  33.8484 W   0.4        3.4       12.5        5.7       95.9 
080913  105209  46  18.0075 N  61  33.8483 W   0.4        3.4       12.5        5.7       95.9 
080913  105210  46  18.0073 N  61  33.8482 W   0.4        3.4       12.5        7.7*      95.9 
080913  105211  46  18.0072 N  61  33.8481 W   0.4        3.4       12.5        7.7       56.7*
080913  105212  46  18.0071 N  61  33.8479 W   0.4        3.4       12.5        7.7       56.7 
080913  105213  46  18.0071 N  61  33.8477 W   0.4        3.4       12.5        7.7       56.7 
080913  105214  46  18.0069 N  61  33.8477 W   0.4        3.4       12.5        7.7       56.7 
080913  105215  46  18.0068 N  61  33.8477 W   0.4        3.4       12.5        8.9*      56.7 
080913  105216  46  18.0067 N  61  33.8476 W   0.4        3.4       12.5        8.9       56.7 
080913  105217  46  18.0066 N  61  33.8474 W   0.4        3.4       12.5        8.9       56.7 
080913  105218  46  18.0065 N  61  33.8473 W   0.4        3.4       12.5        8.9       56.7 
080913  105219  46  18.0065 N  61  33.8472 W   0.3        3.4       12.5        8.9       56.7 
080913  105220  46  18.0065 N  61  33.8471 W   0.3        3.4       12.5        8.9       56.7 
080913  105221  46  18.0065 N  61  33.8468 W   0.3        3.4       12.5        8.9       56.7 
080913  105222  46  18.0064 N  61  33.8466 W   0.4        3.4       12.5        8.9       56.7 
080913  105223  46  18.0064 N  61  33.8464 W   0.4        3.4       12.5        8.9       56.7 
080913  105224  46  18.0064 N  61  33.8462 W   0.3        3.4       12.5        8.9       56.7 
080913  105225  46  18.0065 N  61  33.8460 W   0.4        3.4       12.5        8.9       56.7 
080913  105226  46  18.0065 N  61  33.8457 W   0.4        3.4       12.5        3.6*      56.7 
080913  105227  46  18.0066 N  61  33.8454 W   0.5        3.4       12.5        3.6       42.2*
080913  105228  46  18.0066 N  61  33.8452 W   0.5        2.1*      12.5        3.6       42.2 
080913  105229  46  18.0068 N  61  33.8451 W   0.5        2.1       12.5        3.6       42.2 
080913  105230  46  18.0070 N  61  33.8448 W   0.6        2.1       12.5        3.6       42.2 
080913  105231  46  18.0072 N  61  33.8443 W   0.7        2.1       12.5        2.6*      42.2 
080913  105232  46  18.0073 N  61  33.8439 W   0.7        2.1       12.5        2.6       42.2 
