FileName: C:\2006NE~1\GP238S.TXT
Local Time: Sun Jun 04 06:11:16 2006

Ship: Marco Michel Trip: 01 Tow: GP 238S
Comments: Spring trawl    Zone 19
 Date    Time     Latitude       Longitude    Speed    Primary  Secondary WingSpread      Depth 
060604  091119  46  50.0950 N  60  57.0110 W   3.6        3.8*       4.6*       3.0*     461.0*
060604  091121  46  50.0960 N  60  57.0090 W   3.0        3.8        4.6        3.0      461.0 
060604  091123  46  50.0970 N  60  57.0070 W   3.6        3.8        4.6        3.0        4.8*
060604  091125  46  50.0980 N  60  57.0050 W   2.7        3.8        4.6        2.2*       4.8 
060604  091127  46  50.1000 N  60  57.0030 W   3.2        3.8        4.6        2.2        4.8 
060604  091129  46  50.1010 N  60  57.0010 W   3.2        3.8        4.6        2.2        9.7*
060604  091131  46  50.1020 N  60  57.0000 W   2.4        3.8        4.6        2.2        9.7 
060604  091133  46  50.1030 N  60  56.9980 W   3.1        3.8        4.6        2.2        9.7 
060604  091134  46  50.1030 N  60  56.9970 W   2.6        3.8        4.6        2.2        9.7*
060604  091137  46  50.1050 N  60  56.9950 W   2.9        3.8        4.6        2.2        9.7 
060604  091139  46  50.1060 N  60  56.9930 W   2.7        3.8        4.6        2.7*      12.3*
060604  091141  46  50.1070 N  60  56.9910 W   2.7        3.8        4.6        2.7       12.3 
060604  091143  46  50.1080 N  60  56.9900 W   3.0        3.8        4.6        2.7       12.3 
060604  091145  46  50.1090 N  60  56.9880 W   3.3        3.8        4.6        2.9*      12.3*
060604  091147  46  50.1100 N  60  56.9860 W   3.6        3.8        4.6        2.9       12.3 
060604  091149  46  50.1120 N  60  56.9830 W   4.9        3.8        4.6        2.9       16.7*
060604  091151  46  50.1130 N  60  56.9800 W   4.8        3.8        4.6        4.1*      16.7 
060604  091153  46  50.1150 N  60  56.9770 W   5.6        3.8        4.6        4.1       16.7 
060604  091155  46  50.1170 N  60  56.9730 W   5.6        3.8        4.6        4.1       16.7 
060604  091157  46  50.1190 N  60  56.9690 W   5.9        3.8        4.6        4.1       16.7 
060604  091159  46  50.1210 N  60  56.9650 W   6.4        3.8        4.6        4.1       16.7 
060604  091201  46  50.1230 N  60  56.9610 W   6.6        3.8        4.6        4.1       16.7 
060604  091203  46  50.1250 N  60  56.9560 W   6.7        3.8        4.6        4.1       16.7 
060604  091205  46  50.1270 N  60  56.9520 W   7.0        3.8        4.6        4.1       16.7 
060604  091207  46  50.1290 N  60  56.9470 W   6.9        3.8        4.6        4.1       16.7 
060604  091209  46  50.1310 N  60  56.9420 W   7.0        3.8        4.6        4.1       16.7 
060604  091211  46  50.1330 N  60  56.9370 W   7.0        3.8        4.6        4.1       16.7 
060604  091213  46  50.1350 N  60  56.9320 W   7.3        3.8        4.6        4.1       16.7 
060604  091215  46  50.1370 N  60  56.9270 W   7.3        3.8        4.6        4.1       16.7 
060604  091217  46  50.1390 N  60  56.9220 W   6.9        3.8        4.6        4.1       16.7 
060604  091219  46  50.1410 N  60  56.9170 W   7.5        3.8        4.6        4.1       16.7 
060604  091221  46  50.1430 N  60  56.9120 W   7.1        3.8        4.6        4.1       16.7 
060604  091223  46  50.1450 N  60  56.9070 W   7.1        3.8        4.6        4.1       16.7 
060604  091225  46  50.1470 N  60  56.9020 W   7.4        3.8        4.6        4.1       16.7 
060604  091227  46  50.1490 N  60  56.8970 W   7.2        3.8        4.6        4.1       16.7 
060604  091229  46  50.1510 N  60  56.8920 W   7.3        3.8        4.6        4.1       16.7 
060604  091231  46  50.1530 N  60  56.8870 W   7.4        3.8        4.6        4.1       36.9*
060604  091233  46  50.1560 N  60  56.8820 W   7.3        3.8        4.6        4.1       36.9 
060604  091235  46  50.1580 N  60  56.8770 W   6.9        3.8        4.6        4.1       36.9 
060604  091237  46  50.1600 N  60  56.8710 W   7.4        3.8        4.6        4.1       36.9 
060604  091239  46  50.1620 N  60  56.8660 W   7.4        3.8        4.6        4.1       36.9 
060604  091241  46  50.1640 N  60  56.8610 W   7.0        3.8        4.6        4.1       36.9 
060604  091243  46  50.1660 N  60  56.8560 W   7.5        3.8        4.6        4.1       36.9 
060604  091245  46  50.1680 N  60  56.8510 W   7.2        3.8        4.6        4.1       36.9 
060604  091247  46  50.1700 N  60  56.8460 W   7.4        3.8        4.6        4.1       36.9 
060604  091249  46  50.1720 N  60  56.8410 W   7.6        3.8        4.6        4.1       36.9 
060604  091251  46  50.1740 N  60  56.8360 W   7.2        3.8        4.6        4.1       36.9 
060604  091253  46  50.1760 N  60  56.8310 W   7.1        3.8        4.6        4.1       36.9 
060604  091255  46  50.1780 N  60  56.8260 W   7.4        3.8        4.6        4.1       36.9 
060604  091257  46  50.1810 N  60  56.8200 W   7.6        3.8        4.6        4.1       36.9 
060604  091259  46  50.1830 N  60  56.8150 W   7.3        3.8        4.6        4.1       36.9 
060604  091301  46  50.1850 N  60  56.8110 W   6.7        3.8        4.6        4.1       36.9 
060604  091303  46  50.1870 N  60  56.8050 W   7.1        3.8        4.6        4.1       36.9 
060604  091305  46  50.1890 N  60  56.8000 W   7.1        3.8        4.6        4.1       36.9 
060604  091307  46  50.1910 N  60  56.7950 W   7.3        3.8        4.6        4.1       36.9 
060604  091309  46  50.1930 N  60  56.7900 W   7.3        3.8        4.6        4.1       36.9 
060604  091311  46  50.1950 N  60  56.7850 W   7.0        3.8        4.6        4.1       36.9 
060604  091313  46  50.1970 N  60  56.7800 W   6.9        3.8        4.6        4.1       36.9 
060604  091315  46  50.1990 N  60  56.7750 W   7.4        3.8        4.6        4.1       36.9 
060604  091317  46  50.2010 N  60  56.7700 W   7.3        3.8        4.6        4.1       36.9 
060604  091319  46  50.2030 N  60  56.7650 W   7.1        3.8        4.6        4.1       36.9 
060604  091321  46  50.2050 N  60  56.7600 W   7.1        3.8        4.6        4.1       36.9 
060604  091323  46  50.2070 N  60  56.7550 W   7.1        3.8        4.6        4.1       36.9 
060604  091325  46  50.2090 N  60  56.7500 W   7.4        3.8        4.6        4.1       36.9 
060604  091327  46  50.2110 N  60  56.7460 W   6.8        3.8        4.6        4.1       36.9 
060604  091329  46  50.2140 N  60  56.7410 W   7.0        3.8        4.6        4.1       36.9 
060604  091331  46  50.2160 N  60  56.7360 W   7.6        3.8        4.6        4.1       36.9 
060604  091333  46  50.2180 N  60  56.7310 W   6.7        3.8        4.6        4.1       36.9 
060604  091335  46  50.2200 N  60  56.7260 W   6.9        3.8        4.6        4.1       36.9 
060604  091337  46  50.2220 N  60  56.7220 W   7.4        3.8        4.6        4.1       36.9 
060604  091339  46  50.2250 N  60  56.7170 W   6.9        3.8        4.6        4.1       36.9 
060604  091341  46  50.2270 N  60  56.7130 W   7.2        3.8        4.6        4.1       36.9 
060604  091343  46  50.2300 N  60  56.7090 W   7.0        3.8        4.6        4.1       36.9 
060604  091345  46  50.2330 N  60  56.7040 W   6.9        3.8        4.6        4.1       36.9 
060604  091347  46  50.2350 N  60  56.7000 W   7.4        3.8        4.6        4.1       36.9 
060604  091349  46  50.2380 N  60  56.6960 W   7.0        3.8        4.6        4.1       36.9 
060604  091351  46  50.2410 N  60  56.6920 W   7.1        3.8        4.6        4.1       36.9 
060604  091353  46  50.2440 N  60  56.6880 W   7.1        3.8        4.6        4.1       36.9 
060604  091355  46  50.2470 N  60  56.6840 W   7.3        3.8        4.6        4.1       36.9 
060604  091357  46  50.2500 N  60  56.6800 W   7.2        3.8        4.6        4.1       36.9 
060604  091359  46  50.2530 N  60  56.6760 W   6.7        3.8        4.6        4.1       36.9 
060604  091401  46  50.2560 N  60  56.6720 W   7.1        3.8        4.6        4.1       36.9 
060604  091403  46  50.2590 N  60  56.6680 W   7.3        3.8        4.6        4.1       36.9 
060604  091405  46  50.2610 N  60  56.6640 W   7.1        3.8        4.6        4.1       36.9 
060604  091407  46  50.2640 N  60  56.6600 W   7.2        3.8        4.6        4.1       36.9 
060604  091409  46  50.2680 N  60  56.6560 W   7.1        3.8        4.6        4.1       36.9 
060604  091411  46  50.2710 N  60  56.6520 W   7.4        3.8        4.6        4.1       36.9 
060604  091413  46  50.2740 N  60  56.6480 W   7.4        3.8        4.6        4.1       36.9 
060604  091415  46  50.2770 N  60  56.6450 W   6.9        3.8        4.6        4.1       36.9 
060604  091417  46  50.2800 N  60  56.6410 W   7.2        3.8        4.6        4.1       36.9 
060604  091419  46  50.2830 N  60  56.6370 W   7.4        3.8        4.6        4.1       36.9 
060604  091421  46  50.2860 N  60  56.6330 W   7.1        3.8        4.6        4.1       36.9 
060604  091423  46  50.2890 N  60  56.6300 W   6.9        3.8        4.6        4.1       36.9 
060604  091425  46  50.2920 N  60  56.6260 W   7.2        3.8        4.6        4.1       36.9 
060604  091427  46  50.2950 N  60  56.6220 W   7.4        3.8        4.6        4.1       36.9 
060604  091429  46  50.2980 N  60  56.6180 W   7.2        3.8        4.6        4.1       36.9 
060604  091431  46  50.3010 N  60  56.6150 W   7.0        3.8        4.6        4.1       36.9 
060604  091433  46  50.3040 N  60  56.6110 W   7.2        3.8        4.6        4.1       36.9 
060604  091435  46  50.3070 N  60  56.6070 W   7.3        3.8        4.6        4.1       36.9 
060604  091437  46  50.3100 N  60  56.6040 W   7.2        3.8        4.6        4.1       36.9 
060604  091439  46  50.3130 N  60  56.6000 W   7.0        3.8        4.6        4.1       36.9 
060604  091441  46  50.3170 N  60  56.5960 W   7.2        3.8        4.6        4.1       36.9 
060604  091443  46  50.3200 N  60  56.5920 W   7.3        3.8        4.6        4.1       36.9 
060604  091445  46  50.3230 N  60  56.5890 W   7.1        3.8        4.6        4.1       36.9 
060604  091447  46  50.3260 N  60  56.5850 W   7.0        3.8        4.6        4.1       36.9 
060604  091449  46  50.3290 N  60  56.5810 W   7.1        3.8        4.6        4.1       36.9 
060604  091451  46  50.3320 N  60  56.5780 W   6.8        3.8        4.6        4.1       36.9 
060604  091453  46  50.3340 N  60  56.5740 W   6.3        3.8        4.6        4.1       36.9 
060604  091455  46  50.3370 N  60  56.5700 W   6.4        3.8        4.6        4.1       79.6*
060604  091457  46  50.3390 N  60  56.5670 W   5.9        3.8        4.6        4.1       79.6 
060604  091459  46  50.3420 N  60  56.5640 W   6.0        3.8        4.6        4.1       79.6 
060604  091501  46  50.3440 N  60  56.5610 W   5.8        3.8        4.6        4.1       87.5*
060604  091503  46  50.3470 N  60  56.5570 W   5.9        3.8        4.6        4.1       87.5 
060604  091505  46  50.3490 N  60  56.5540 W   6.0        2.5*       4.6        8.9*      87.5 
060604  091507  46  50.3520 N  60  56.5510 W   6.0        2.5        4.6        8.9       92.4*
060604  091509  46  50.3540 N  60  56.5480 W   6.3        2.5        4.6        8.9       92.4 
060604  091511  46  50.3570 N  60  56.5440 W   6.3        2.5        4.6        8.9       88.9*
060604  091513  46  50.3590 N  60  56.5410 W   6.5        2.5        4.6        8.9       88.9 
060604  091515  46  50.3620 N  60  56.5370 W   6.5        2.5        4.6        8.9       88.9 
060604  091517  46  50.3640 N  60  56.5340 W   6.1        2.5        4.6        8.9       90.6*
060604  091519  46  50.3670 N  60  56.5300 W   6.3        2.5        4.6        8.9       90.6 
060604  091521  46  50.3700 N  60  56.5270 W   6.5        2.5        4.6        8.9       90.6 
060604  091523  46  50.3720 N  60  56.5230 W   6.6        2.5        4.6        8.9       90.6 
060604  091525  46  50.3750 N  60  56.5190 W   6.4        2.5        4.6        8.9       90.6 
060604  091527  46  50.3770 N  60  56.5160 W   6.5        2.5        4.6        8.9       90.6 
060604  091529  46  50.3800 N  60  56.5120 W   6.7        2.5        4.6        8.9       90.6 
060604  091531  46  50.3830 N  60  56.5080 W   6.4        2.5        4.6        8.9       90.6 
060604  091533  46  50.3850 N  60  56.5050 W   6.2        2.5        4.6        8.9       90.6 
060604  091535  46  50.3880 N  60  56.5010 W   6.6        2.5        4.6        8.9       90.6 
060604  091537  46  50.3900 N  60  56.4970 W   6.6        2.5        4.6        8.9       90.6 
060604  091539  46  50.3930 N  60  56.4940 W   6.2        2.5        4.6        8.9       90.6 
060604  091541  46  50.3950 N  60  56.4900 W   6.4        2.5        4.6        8.9       90.6 
060604  091543  46  50.3980 N  60  56.4870 W   6.6        2.5        4.6        8.9       90.6 
060604  091545  46  50.4000 N  60  56.4830 W   6.2        2.5        4.6        8.9       90.6 
060604  091547  46  50.4030 N  60  56.4790 W   6.5        2.5        4.6       48.2*      90.6 
060604  091549  46  50.4050 N  60  56.4750 W   6.6        2.5        4.6       48.2       90.6 
060604  091551  46  50.4080 N  60  56.4720 W   6.2        2.5        4.6       48.2       90.6 
060604  091553  46  50.4110 N  60  56.4680 W   6.5        2.5        4.6       48.2       90.6 
060604  091555  46  50.4130 N  60  56.4640 W   6.5        2.5        4.6       48.2       90.6 
060604  091557  46  50.4160 N  60  56.4610 W   6.5        2.5        4.6       48.2       90.6 
060604  091559  46  50.4180 N  60  56.4570 W   6.8        2.5        4.6       48.2      322.4*
060604  091601  46  50.4210 N  60  56.4530 W   6.4        2.5        4.6       48.2      322.4 
060604  091603  46  50.4230 N  60  56.4490 W   6.2        2.5        4.6        7.6*     322.4 
060604  091605  46  50.4260 N  60  56.4450 W   6.7        2.5        4.6        7.6      322.4 
060604  091607  46  50.4280 N  60  56.4420 W   6.7        2.5        4.6        7.6      322.4 
060604  091609  46  50.4310 N  60  56.4380 W   6.2        2.5        4.6        7.6      322.4 
060604  091611  46  50.4330 N  60  56.4340 W   6.2        2.5        4.6        7.6      322.4 
060604  091613  46  50.4360 N  60  56.4300 W   6.6        2.5        4.6        7.6      322.4 
060604  091615  46  50.4380 N  60  56.4270 W   5.7        2.5        4.6        7.6       63.3*
060604  091617  46  50.4400 N  60  56.4240 W   4.8        2.5        4.6        7.6       63.3 
060604  091619  46  50.4420 N  60  56.4210 W   4.2        2.5        4.6        7.6       63.3 
060604  091621  46  50.4440 N  60  56.4190 W   4.2        2.5        4.6        7.6       58.5*
060604  091623  46  50.4450 N  60  56.4170 W   3.7        2.5        4.6        7.1*      58.5 
060604  091625  46  50.4470 N  60  56.4150 W   3.1        2.5        4.6        7.1       58.5 
060604  091627  46  50.4480 N  60  56.4130 W   3.4        2.5        4.6        7.1       76.5*
060604  091629  46  50.4500 N  60  56.4120 W   2.9        2.5        4.6        6.5*      76.5 
060604  091631  46  50.4510 N  60  56.4110 W   2.9        2.5        4.6        6.5       64.2*
060604  091633  46  50.4520 N  60  56.4090 W   2.6        2.5        4.6        8.7*      64.2 
060604  091635  46  50.4540 N  60  56.4080 W   2.6        2.5        4.6        8.7       64.2 
060604  091637  46  50.4550 N  60  56.4070 W   2.6        2.5        4.6        8.7       57.6*
060604  091639  46  50.4560 N  60  56.4060 W   2.3        2.5        4.6        8.9*      57.6 
060604  091641  46  50.4570 N  60  56.4050 W   2.6        2.5        4.6        8.9       57.6 
060604  091643  46  50.4580 N  60  56.4040 W   2.2        2.5        4.6        8.9      126.2*
060604  091645  46  50.4590 N  60  56.4030 W   2.2        2.5        4.6        5.5*     126.2 
060604  091647  46  50.4600 N  60  56.4030 W   2.1        2.5        4.6        5.5      126.2 
060604  091649  46  50.4620 N  60  56.4020 W   2.3        2.5        4.6        8.0*       9.2*
060604  091651  46  50.4630 N  60  56.4010 W   2.0        2.5        4.6        8.0        9.2 
060604  091653  46  50.4640 N  60  56.4000 W   2.2        2.5        4.6        8.0       72.6*
060604  091655  46  50.4650 N  60  56.4000 W   2.0        2.5        4.6        6.4*      72.6 
060604  091657  46  50.4660 N  60  56.3990 W   1.8        2.5        4.6        6.4       72.6 
060604  091659  46  50.4670 N  60  56.3980 W   2.4        2.5        4.6        6.4       84.0*
060604  091701  46  50.4680 N  60  56.3980 W   1.5        2.5        4.6        6.8*      84.0 
060604  091703  46  50.4690 N  60  56.3970 W   2.2        2.5        4.6        6.8       84.0 
060604  091705  46  50.4700 N  60  56.3970 W   1.7        2.5        4.6        8.4*      81.8*
060604  091707  46  50.4710 N  60  56.3960 W   2.0        2.5        4.6        8.4       81.8 
060604  091709  46  50.4720 N  60  56.3960 W   1.8        2.5        4.6        8.4       68.2*
060604  091711  46  50.4730 N  60  56.3950 W   2.1        2.5        4.6        5.0*      68.2 
060604  091713  46  50.4740 N  60  56.3950 W   1.8        2.5        4.6        5.0       68.2 
060604  091715  46  50.4750 N  60  56.3940 W   2.2        2.5        4.6        6.3*      84.0*
060604  091717  46  50.4760 N  60  56.3940 W   1.8        2.5        4.6        6.3       84.0 
060604  091719  46  50.4770 N  60  56.3930 W   2.1        2.5        4.6        6.3       84.0 
060604  091721  46  50.4780 N  60  56.3930 W   2.0        2.5        4.6        6.2*      87.1*
060604  091723  46  50.4800 N  60  56.3930 W   1.8        2.5        4.6        6.2       87.1 
060604  091725  46  50.4810 N  60  56.3920 W   2.3        2.5        4.6        6.2       90.2*
060604  091727  46  50.4820 N  60  56.3920 W   1.7        2.5        4.6        8.1*      90.2 
060604  091729  46  50.4830 N  60  56.3910 W   2.0        2.5        4.6        8.1       90.2 
060604  091731  46  50.4840 N  60  56.3910 W   2.2        2.5        4.6        6.4*     111.3*
060604  091733  46  50.4850 N  60  56.3910 W   1.6        2.5        4.6        6.4      111.3 
060604  091735  46  50.4860 N  60  56.3900 W   2.2        2.5        4.6        6.4      111.3 
060604  091737  46  50.4870 N  60  56.3900 W   1.8        2.5        4.6        3.9*      99.0*
060604  091739  46  50.4880 N  60  56.3890 W   2.2        2.5        4.6        3.9       99.0 
060604  091741  46  50.4890 N  60  56.3890 W   2.0        2.5        4.6        3.9       87.1*
060604  091743  46  50.4900 N  60  56.3890 W   2.3        2.5        4.6        8.3*      87.1 
060604  091745  46  50.4920 N  60  56.3880 W   1.5        2.5        4.6        8.3       87.1 
060604  091747  46  50.4930 N  60  56.3880 W   2.4        2.5        4.6        8.3      105.1*
060604  091749  46  50.4940 N  60  56.3870 W   1.7        2.5        4.6        8.3      105.1 
060604  091751  46  50.4950 N  60  56.3870 W   2.4        2.5        4.6        8.3      105.1 
060604  091753  46  50.4960 N  60  56.3870 W   1.6        2.5       10.8*       8.3      109.5*
060604  091755  46  50.4970 N  60  56.3860 W   2.4        2.5       10.8        8.3      109.5 
060604  091757  46  50.4980 N  60  56.3860 W   1.8        2.5       10.8        6.2*     109.5 
060604  091759  46  50.4990 N  60  56.3850 W   2.4        2.5        3.0*       6.2      113.0*
060604  091801  46  50.5010 N  60  56.3850 W   1.9        2.5        3.0        6.2      113.0 
060604  091803  46  50.5020 N  60  56.3840 W   2.1        2.5        3.0        6.2*     113.9*
060604  091805  46  50.5030 N  60  56.3840 W   2.2        2.5        3.0        6.2      113.9 
060604  091807  46  50.5040 N  60  56.3840 W   2.0       13.5*       3.0        6.2      113.9 
060604  091809  46  50.5050 N  60  56.3830 W   2.3       13.5        3.0        6.4*     119.6*
060604  091811  46  50.5060 N  60  56.3830 W   2.0       13.5        3.0        6.4      119.6 
060604  091813  46  50.5080 N  60  56.3820 W   2.3       13.5        2.9*       6.8*     119.6 
060604  091815  46  50.5090 N  60  56.3820 W   2.1       13.5        2.9        6.8      119.2*
060604  091817  46  50.5100 N  60  56.3810 W   2.0       13.5        2.9        6.8      119.2 
060604  091819  46  50.5110 N  60  56.3810 W   2.1       13.5        2.9        6.8*     119.2 
060604  091821  46  50.5120 N  60  56.3800 W   2.0        5.4*       2.9        6.8      127.6*
060604  091823  46  50.5140 N  60  56.3800 W   2.3        5.4        2.9        6.8      127.6 
060604  091825  46  50.5150 N  60  56.3790 W   1.9        5.4        2.9        7.1*     123.6*
060604  091827  46  50.5160 N  60  56.3790 W   2.1        5.4        2.9        7.1      123.6 
060604  091829  46  50.5170 N  60  56.3780 W   2.0        5.4        2.9       10.4*     123.6 
060604  091831  46  50.5180 N  60  56.3780 W   2.0        5.4        2.9       10.4      126.2*
060604  091833  46  50.5190 N  60  56.3780 W   2.1        5.4       11.8*      10.4      126.2 
060604  091835  46  50.5200 N  60  56.3770 W   1.9        5.4       11.8        7.2*     126.2 
060604  091837  46  50.5210 N  60  56.3770 W   2.0        5.4       11.8        7.2      125.8*
060604  091839  46  50.5220 N  60  56.3770 W   2.1        5.4        5.9*       8.4*     125.8 
060604  091841  46  50.5240 N  60  56.3760 W   1.9        5.4        5.9        8.4      126.7*
060604  091843  46  50.5250 N  60  56.3760 W   2.2        5.4        5.9        8.4      126.7 
060604  091845  46  50.5260 N  60  56.3760 W   1.7        5.4        5.9        8.4      126.7 
060604  091847  46  50.5270 N  60  56.3750 W   2.3       12.9*       5.9        8.4      126.2*
060604  091849  46  50.5280 N  60  56.3750 W   1.7       12.9        5.9        8.4      126.2 
060604  091851  46  50.5290 N  60  56.3750 W   2.3       12.9        5.9       10.3*     126.2 
060604  091853  46  50.5300 N  60  56.3740 W   2.0       12.9        5.9       10.3      126.7*
060604  091855  46  50.5320 N  60  56.3740 W   2.2       12.9        5.9       10.3      126.7 
060604  091857  46  50.5330 N  60  56.3740 W   2.1       12.9        5.9       10.3      126.7 
060604  091859  46  50.5340 N  60  56.3730 W   2.1       12.9        5.9       10.3      125.4*
060604  091901  46  50.5350 N  60  56.3730 W   2.2       12.9        5.9        9.8*     125.4 
060604  091903  46  50.5360 N  60  56.3730 W   2.4       12.9        5.9        9.8      127.1*
060604  091905  46  50.5380 N  60  56.3720 W   1.9       12.9        5.9        9.8      127.1 
060604  091907  46  50.5390 N  60  56.3720 W   2.5       12.9        5.9        9.8      127.1 
060604  091909  46  50.5400 N  60  56.3720 W   2.0       12.9        5.9        9.8      125.4*
060604  091911  46  50.5410 N  60  56.3710 W   2.6       12.9        5.9        9.8      125.4 
060604  091913  46  50.5420 N  60  56.3710 W   1.6       12.9        5.9        9.8      125.4 
060604  091915  46  50.5440 N  60  56.3700 W   2.5       12.9        5.9        9.8      125.4*
060604  091917  46  50.5450 N  60  56.3700 W   1.7       12.9        5.9        9.8      125.4 
060604  091919  46  50.5460 N  60  56.3700 W   2.3       12.9        5.9        9.8      125.4 
060604  091921  46  50.5470 N  60  56.3700 W   1.8       12.9        5.9        9.8      126.2*
060604  091923  46  50.5480 N  60  56.3690 W   2.3       12.9       12.2*       9.8      126.2 
060604  091925  46  50.5490 N  60  56.3690 W   1.6       12.9       12.2        9.8      128.0*
060604  091927  46  50.5510 N  60  56.3690 W   2.4       12.9       12.2        8.9*     128.0 
060604  091929  46  50.5520 N  60  56.3690 W   1.8       12.9       12.2        8.9      128.0 
060604  091931  46  50.5530 N  60  56.3680 W   1.8       12.9       12.2       10.4*     124.5*
060604  091933  46  50.5540 N  60  56.3680 W   2.0       12.9       12.2       10.4      124.5 
060604  091935  46  50.5550 N  60  56.3680 W   1.9       12.9       11.2*      10.4      124.5 
060604  091937  46  50.5560 N  60  56.3680 W   1.9       12.9       11.2       14.3*     126.2*
060604  091939  46  50.5570 N  60  56.3680 W   2.0       12.9       11.2       14.3      126.2 
060604  091941  46  50.5580 N  60  56.3680 W   2.1       12.9       11.2       14.3      126.2 
060604  091943  46  50.5590 N  60  56.3680 W   1.9       12.9       11.2        1.7*     126.7*
060604  091945  46  50.5610 N  60  56.3670 W   2.2       12.9       11.2        1.7      126.7 
060604  091947  46  50.5620 N  60  56.3670 W   2.0       12.9       11.2        8.8*     125.8*
060604  091949  46  50.5630 N  60  56.3670 W   1.9       12.9       11.2        8.8      125.8 
060604  091951  46  50.5640 N  60  56.3670 W   2.2       12.9       11.2        8.8      125.8 
060604  091953  46  50.5650 N  60  56.3670 W   1.8       12.9        2.7*       6.8*     125.8*
060604  091955  46  50.5660 N  60  56.3660 W   2.2       12.9        2.7        6.8      125.8 
060604  091957  46  50.5670 N  60  56.3660 W   1.8       12.9        2.7        6.8      125.8 
060604  091959  46  50.5690 N  60  56.3660 W   2.3       12.9        2.7        6.8      126.7*
060604  092001  46  50.5700 N  60  56.3660 W   1.9        4.5*       2.7        6.8      126.7 
060604  092003  46  50.5710 N  60  56.3660 W   2.1        4.5        2.7        7.4*     126.7 
060604  092005  46  50.5720 N  60  56.3660 W   2.1        4.5        2.7        7.4      159.2*
060604  092007  46  50.5730 N  60  56.3650 W   2.1        4.5        2.2*       7.4      159.2 
060604  092009  46  50.5740 N  60  56.3650 W   2.0        4.5        2.2        7.4       93.7*
060604  092011  46  50.5760 N  60  56.3650 W   2.0        4.5        2.2        7.4       93.7 
060604  092013  46  50.5770 N  60  56.3650 W   2.0        3.6*       2.2        6.3*      93.7 
060604  092015  46  50.5780 N  60  56.3650 W   2.0        3.6        2.2        6.3      126.2*
060604  092017  46  50.5790 N  60  56.3650 W   2.0        3.6        2.2        6.3      126.2 
060604  092019  46  50.5800 N  60  56.3650 W   1.8        3.6        2.2*       5.3*     126.2 
060604  092021  46  50.5810 N  60  56.3640 W   2.2        3.6        2.2        5.3      124.5*
060604  092023  46  50.5820 N  60  56.3640 W   1.7        3.6        2.2        5.3*     124.5 
060604  092025  46  50.5830 N  60  56.3640 W   1.9        3.6        2.2        5.3      124.5 
060604  092027  46  50.5850 N  60  56.3640 W   1.8        6.1*       2.2        5.3      127.1*
060604  092029  46  50.5860 N  60  56.3640 W   1.7        6.1        2.2        5.3*     127.1 
060604  092031  46  50.5870 N  60  56.3640 W   1.7        6.1        2.2        5.3      127.1*
060604  092033  46  50.5880 N  60  56.3640 W   1.9        6.1        2.2        5.3      127.1 
060604  092035  46  50.5890 N  60  56.3640 W   1.5        6.1        2.2        4.5*     127.1 
060604  092037  46  50.5900 N  60  56.3640 W   2.0        6.1        2.2        4.5      125.4*
060604  092039  46  50.5910 N  60  56.3640 W   1.5        6.1        2.2        4.7*     125.4 
060604  092041  46  50.5920 N  60  56.3630 W   1.8        6.1        2.2        4.7      125.4 
060604  092043  46  50.5930 N  60  56.3630 W   1.9        6.1        2.2        4.7      126.7*
060604  092045  46  50.5940 N  60  56.3630 W   1.9        6.1        2.2        4.1*     126.7 
060604  092047  46  50.5950 N  60  56.3630 W   1.9        6.1        2.2        4.1      128.4*
060604  092049  46  50.5960 N  60  56.3620 W   2.2        6.1        2.2        3.1*     128.4 
060604  092051  46  50.5970 N  60  56.3620 W   2.0        6.1       10.3*       3.1      128.4 
060604  092053  46  50.5980 N  60  56.3620 W   2.1        6.1       10.3        3.1      124.0*
060604  092055  46  50.6000 N  60  56.3620 W   1.9        6.1       10.3        4.0*     124.0 
060604  092057  46  50.6010 N  60  56.3610 W   2.4        6.1       10.3        4.0      124.0 
060604  092059  46  50.6020 N  60  56.3610 W   1.7        6.1       10.3        4.0      126.7*
060604  092101  46  50.6030 N  60  56.3610 W   2.3        6.1       10.3        2.9*     126.7 
060604  092103  46  50.6040 N  60  56.3610 W   1.8        6.1       10.3        2.9      126.7 
060604  092105  46  50.6050 N  60  56.3600 W   2.3        6.1       10.3        3.8*     128.0*
060604  092107  46  50.6060 N  60  56.3600 W   1.7        6.1       10.3        3.8      128.0 
060604  092109  46  50.6080 N  60  56.3600 W   2.4        6.1       10.3        3.8      123.6*
060604  092111  46  50.6090 N  60  56.3600 W   1.5        6.1       10.3        3.1*     123.6 
060604  092113  46  50.6100 N  60  56.3600 W   2.4        6.1       10.3        3.1      123.6 
060604  092115  46  50.6110 N  60  56.3590 W   1.4        6.1       10.3        3.2*     126.2*
060604  092117  46  50.6120 N  60  56.3590 W   2.5        6.1       10.3        3.2      126.2 
060604  092119  46  50.6130 N  60  56.3590 W   1.2        6.1       10.3        3.2      126.2 
060604  092121  46  50.6140 N  60  56.3590 W   2.4        6.1       10.3        3.2      127.1*
060604  092123  46  50.6150 N  60  56.3590 W   1.2        6.1       10.3        3.2      127.1 
060604  092125  46  50.6160 N  60  56.3590 W   2.4        6.1       10.3        3.2      127.1 
060604  092127  46  50.6170 N  60  56.3590 W   0.8        6.1       10.3        3.2      124.9*
060604  092129  46  50.6180 N  60  56.3590 W   2.3        6.1       10.3        3.2      124.9 
060604  092131  46  50.6190 N  60  56.3590 W   1.1        6.1       10.3        3.2      128.9*
060604  092133  46  50.6200 N  60  56.3590 W   2.0        6.1       10.3        3.2      128.9 
060604  092135  46  50.6210 N  60  56.3590 W   1.4        6.1       10.3        3.2      128.9 
060604  092137  46  50.6220 N  60  56.3590 W   2.3        6.1       10.3        3.2      124.5*
060604  092139  46  50.6230 N  60  56.3590 W   1.7        6.1       11.6*       3.2      124.5 
060604  092141  46  50.6250 N  60  56.3590 W   2.4        6.1       11.6        3.2      124.5 
060604  092143  46  50.6260 N  60  56.3580 W   1.9        6.1       11.6        5.3*     126.2*
060604  092145  46  50.6270 N  60  56.3580 W   2.4        6.1        2.3*       5.3      126.2 
060604  092147  46  50.6280 N  60  56.3580 W   1.6        6.1        2.3        4.5*     126.2 
060604  092149  46  50.6290 N  60  56.3580 W   2.2        6.1        2.3        4.5      126.2*
060604  092151  46  50.6300 N  60  56.3580 W   1.6       10.6*       2.3        4.5      126.2 
060604  092153  46  50.6310 N  60  56.3580 W   1.9       10.6        2.3        5.2*     124.5*
060604  092155  46  50.6320 N  60  56.3580 W   1.6       10.6        2.3        5.2      124.5 
060604  092157  46  50.6330 N  60  56.3580 W   1.6       10.6        2.3        5.0*     124.5 
060604  092159  46  50.6340 N  60  56.3580 W   1.6       10.6        2.8*       5.0      128.0*
060604  092201  46  50.6350 N  60  56.3580 W   1.7       10.6        2.8        5.0      128.0 
060604  092203  46  50.6360 N  60  56.3580 W   1.5       10.6        2.8        5.0*     128.0 
060604  092205  46  50.6370 N  60  56.3580 W   2.0        6.0*       2.8        5.0      124.9*
060604  092207  46  50.6380 N  60  56.3570 W   1.8        6.0        2.8        5.0      124.9 
060604  092209  46  50.6400 N  60  56.3570 W   2.2        6.0        2.8        5.0*     124.9 
060604  092211  46  50.6410 N  60  56.3570 W   2.0        6.0        2.4*       5.0      128.0*
060604  092213  46  50.6420 N  60  56.3570 W   2.0        6.0        2.4        4.4*     128.0 
060604  092215  46  50.6430 N  60  56.3570 W   2.2        6.0        2.4        4.4      124.9*
060604  092217  46  50.6440 N  60  56.3570 W   2.3        6.0        2.4        4.4      124.9 
060604  092219  46  50.6460 N  60  56.3570 W   1.8        3.9*       2.4        4.0*     124.9 
060604  092221  46  50.6470 N  60  56.3560 W   2.5        3.9        2.4        4.0      127.1*
060604  092223  46  50.6480 N  60  56.3560 W   1.5        3.9        2.4        4.0      127.1 
060604  092225  46  50.6490 N  60  56.3560 W   2.3        3.9        2.3*       4.0      127.1 
060604  092227  46  50.6500 N  60  56.3560 W   1.6        3.9        2.3        4.0      127.1*
060604  092229  46  50.6510 N  60  56.3560 W   2.2        3.9        2.3        4.0      127.1 
060604  092231  46  50.6520 N  60  56.3560 W   1.4        3.9        2.3        4.0      125.8*
060604  092233  46  50.6540 N  60  56.3560 W   2.3       13.4*       2.3        4.0      125.8 
060604  092235  46  50.6550 N  60  56.3560 W   1.3       13.4        2.3        4.0      125.8 
060604  092237  46  50.6560 N  60  56.3560 W   2.1       13.4        2.3        4.0      127.1*
060604  092239  46  50.6570 N  60  56.3560 W   1.5       13.4        2.3*       4.0      127.1 
060604  092241  46  50.6580 N  60  56.3560 W   2.1       13.4        2.3      115.2*     127.1 
060604  092243  46  50.6590 N  60  56.3560 W   1.6       13.4        2.3      115.2      124.0*
060604  092245  46  50.6600 N  60  56.3560 W   2.0       13.4        2.3      115.2      124.0 
060604  092247  46  50.6610 N  60  56.3550 W   2.1       13.4*       2.3      115.2      124.0 
060604  092249  46  50.6620 N  60  56.3550 W   2.0       13.4        2.3      115.2      129.3*
060604  092251  46  50.6640 N  60  56.3550 W   2.2       13.4        2.3      115.2      129.3 
060604  092253  46  50.6650 N  60  56.3550 W   2.3       13.4        2.3      115.2      121.8*
060604  092255  46  50.6660 N  60  56.3550 W   1.9       13.4        2.3        4.1*     121.8 
060604  092257  46  50.6680 N  60  56.3550 W   2.5       13.4        2.3        4.1      121.8 
060604  092259  46  50.6690 N  60  56.3540 W   1.8       13.4        2.3        4.1      127.6*
060604  092301  46  50.6700 N  60  56.3540 W   2.4       13.4        2.3        4.1      127.6 
060604  092303  46  50.6710 N  60  56.3540 W   1.7       13.4        2.3        4.1      127.6 
060604  092305  46  50.6720 N  60  56.3540 W   2.5       13.4        2.2*       4.1      127.6*
060604  092307  46  50.6730 N  60  56.3540 W   1.3       13.4        2.2        4.1      127.6 
060604  092309  46  50.6750 N  60  56.3530 W   2.4       13.4        2.2        4.1      127.6 
060604  092311  46  50.6760 N  60  56.3530 W   1.3       13.4        2.2        4.1      126.7*
060604  092313  46  50.6770 N  60  56.3530 W   1.8       11.5*       2.2        4.1      126.7 
060604  092315  46  50.6780 N  60  56.3530 W   1.8       11.5        2.2        4.1      127.1*
060604  092317  46  50.6790 N  60  56.3530 W   1.7       11.5        2.2       11.1*     127.1 
060604  092319  46  50.6800 N  60  56.3530 W   2.1       11.5        3.6*      11.1      127.1 
060604  092321  46  50.6810 N  60  56.3530 W   2.1       11.5        3.6       11.1      124.5*
060604  092323  46  50.6820 N  60  56.3530 W   1.8       11.5        3.6       11.1      124.5 
060604  092325  46  50.6830 N  60  56.3530 W   1.5       11.5        3.6       11.1      124.5 
060604  092327  46  50.6840 N  60  56.3530 W   0.7       11.5        3.6       11.1      179.5*
060604  092329  46  50.6840 N  60  56.3530 W   0.4       11.5        3.6       11.1      179.5 
060604  092331  46  50.6840 N  60  56.3540 W   0.3       11.5        3.6       11.1      179.5 
060604  092333  46  50.6840 N  60  56.3540 W   0.7       11.5        3.6       11.1      154.0*
060604  092335  46  50.6840 N  60  56.3550 W   0.9       11.5        3.6       11.1      154.0 
060604  092337  46  50.6830 N  60  56.3550 W   1.5       11.5        3.6       11.1      121.4*
060604  092339  46  50.6830 N  60  56.3560 W   0.9       11.5        3.6       11.1      121.4 
060604  092341  46  50.6820 N  60  56.3560 W   1.7       11.5        3.6       11.1      121.4 
060604  092343  46  50.6820 N  60  56.3570 W   1.0       11.5        3.6       11.1      111.7*
060604  092345  46  50.6810 N  60  56.3580 W   1.8       11.5        3.2*      11.1      111.7 
060604  092347  46  50.6800 N  60  56.3580 W   1.4       11.5        3.2       11.1      111.7 
060604  092349  46  50.6790 N  60  56.3590 W   1.8       11.5        3.2       11.1      149.6*
060604  092351  46  50.6780 N  60  56.3590 W   1.9       11.5        3.2       11.1      149.6 
060604  092353  46  50.6770 N  60  56.3600 W   1.7       11.5        3.2       11.1      149.6 
060604  092355  46  50.6760 N  60  56.3600 W   2.0       11.5        3.2       11.1       83.6*
060604  092357  46  50.6760 N  60  56.3610 W   1.8       11.5        3.2       11.1       83.6 
060604  092359  46  50.6740 N  60  56.3620 W   2.1       11.5        3.2       11.1       64.7*
060604  092401  46  50.6730 N  60  56.3620 W   1.8       11.5        3.2       11.1       64.7 
060604  092403  46  50.6720 N  60  56.3630 W   2.2       11.5        3.2       11.1       64.7 
060604  092405  46  50.6710 N  60  56.3630 W   1.8       11.5        3.2       11.1      131.1*
060604  092407  46  50.6700 N  60  56.3640 W   2.3       11.5        3.2       11.1      131.1 
060604  092409  46  50.6690 N  60  56.3650 W   1.9       11.5        3.2       11.0*     131.1 
060604  092411  46  50.6680 N  60  56.3650 W   2.3       11.5        3.2       11.0      117.4*
060604  092413  46  50.6670 N  60  56.3660 W   2.0       11.5        3.2       11.0      117.4 
060604  092415  46  50.6660 N  60  56.3670 W   2.3       11.5        3.2       11.0      124.0*
060604  092417  46  50.6650 N  60  56.3670 W   2.1       10.3*       3.2       11.0      124.0 
060604  092419  46  50.6630 N  60  56.3680 W   2.2       10.3        3.2       11.0      124.0 
060604  092421  46  50.6620 N  60  56.3690 W   2.1       10.3        3.2       11.0      188.3*
060604  092423  46  50.6610 N  60  56.3690 W   2.1       10.3        3.2       11.0      188.3 
060604  092425  46  50.6600 N  60  56.3700 W   2.1       10.3        3.2       11.0      188.3 
060604  092427  46  50.6590 N  60  56.3710 W   2.2       10.3        3.2       11.0       67.7*
060604  092429  46  50.6580 N  60  56.3720 W   2.0       10.3        3.2       11.0       67.7 
060604  092431  46  50.6570 N  60  56.3720 W   2.2       10.3        3.2       11.0       67.7 
060604  092433  46  50.6560 N  60  56.3730 W   2.0       10.3        3.2       11.0      203.2*
060604  092435  46  50.6540 N  60  56.3740 W   2.3       10.3        3.2       11.0      203.2 
060604  092437  46  50.6530 N  60  56.3750 W   2.0       10.3        3.2       11.0      203.2 
060604  092439  46  50.6520 N  60  56.3750 W   2.1       10.3        3.2       11.0      111.3*
060604  092441  46  50.6510 N  60  56.3760 W   2.1        3.1*       3.2       11.0      111.3 
060604  092443  46  50.6500 N  60  56.3770 W   2.0        3.1        3.2       11.0       67.3*
060604  092445  46  50.6490 N  60  56.3780 W   2.3        3.1        3.2       11.0       67.3 
060604  092447  46  50.6480 N  60  56.3790 W   1.8        3.1        3.2       11.0       67.3 
060604  092449  46  50.6470 N  60  56.3790 W   2.4        3.1        3.2        3.5*     119.6*
060604  092451  46  50.6460 N  60  56.3800 W   1.8        3.1        3.2        3.5      119.6 
060604  092453  46  50.6450 N  60  56.3810 W   2.2        3.1        3.2        3.5      119.6 
060604  092455  46  50.6440 N  60  56.3810 W   1.9        3.1        3.2        1.8*     106.9*
060604  092457  46  50.6430 N  60  56.3820 W   2.0        3.1        3.2        1.8      106.9 
060604  092459  46  50.6420 N  60  56.3830 W   2.1        3.1        3.2        1.8      169.8*
060604  092501  46  50.6410 N  60  56.3830 W   2.1        3.1        3.2        1.8      169.8 
060604  092503  46  50.6390 N  60  56.3840 W   2.1        3.1        3.2        1.8      169.8 
060604  092505  46  50.6380 N  60  56.3850 W   2.0        3.1        3.2        1.8      143.0*
060604  092507  46  50.6370 N  60  56.3860 W   2.1        3.1        3.2        1.8      143.0 
060604  092509  46  50.6360 N  60  56.3860 W   2.0        3.1        3.2        1.8      143.0 
060604  092511  46  50.6350 N  60  56.3870 W   2.0        3.1        3.2        1.8      150.9*
060604  092513  46  50.6340 N  60  56.3880 W   2.1        3.1        3.2        1.8      150.9 
060604  092515  46  50.6330 N  60  56.3880 W   2.0        3.1        3.2        1.8      150.9 
060604  092517  46  50.6320 N  60  56.3890 W   2.0        3.1        3.2        1.8       79.2*
060604  092519  46  50.6310 N  60  56.3900 W   1.9        3.1        3.2        1.8       79.2 
060604  092521  46  50.6300 N  60  56.3900 W   2.0        3.1        3.2        1.8      129.3*
060604  092523  46  50.6290 N  60  56.3910 W   2.0        3.1        3.2        1.8      129.3 
060604  092525  46  50.6280 N  60  56.3920 W   2.0        3.1        3.2        1.8      129.3 
060604  092527  46  50.6270 N  60  56.3920 W   2.1        3.1        3.2        1.8      144.3*
060604  092529  46  50.6260 N  60  56.3930 W   2.0        3.1       12.2*       1.8      144.3 
060604  092531  46  50.6250 N  60  56.3940 W   2.1        3.1       12.2        1.8      144.3 
060604  092533  46  50.6230 N  60  56.3940 W   2.1        3.1       12.2        1.8      126.7*
060604  092535  46  50.6220 N  60  56.3950 W   2.1        3.1       12.2        1.8      126.7 
060604  092538  46  50.6210 N  60  56.3960 W   1.9        3.1       12.2        1.8      126.7 
060604  092539  46  50.6200 N  60  56.3960 W   2.0        3.1       12.2        1.8      102.9*
060604  092541  46  50.6190 N  60  56.3970 W   2.0        3.1       12.2        9.4*     102.9 
060604  092543  46  50.6180 N  60  56.3980 W   2.0        3.1       12.2        9.4      138.6*
060604  092545  46  50.6170 N  60  56.3980 W   2.1        3.1       12.2        9.4      138.6 
060604  092548  46  50.6150 N  60  56.3990 W   2.0        3.1       12.2       14.2*     138.6 
060604  092549  46  50.6150 N  60  56.4000 W   2.1        3.1       12.2       14.2       63.8*
060604  092551  46  50.6140 N  60  56.4000 W   2.0        3.1       12.2       14.2       63.8 
060604  092553  46  50.6130 N  60  56.4010 W   2.1        3.1       12.2       14.2       63.8 
060604  092555  46  50.6120 N  60  56.4020 W   1.9        3.1       12.2       14.2      180.3*
060604  092558  46  50.6100 N  60  56.4030 W   2.0        3.1       12.2        2.0*     180.3 
060604  092559  46  50.6090 N  60  56.4030 W   1.9        3.1       12.2        2.0      180.3 
060604  092601  46  50.6080 N  60  56.4040 W   2.2        3.1       12.2        2.0      104.7*
060604  092603  46  50.6070 N  60  56.4040 W   2.1        3.1       12.2        2.0      104.7 
060604  092605  46  50.6060 N  60  56.4050 W   2.2        3.1       12.2        2.0      104.7 
060604  092607  46  50.6050 N  60  56.4050 W   2.1        3.1       12.2        2.0      143.4*
060604  092609  46  50.6040 N  60  56.4060 W   2.2        3.1       12.2        2.0      143.4 
060604  092611  46  50.6020 N  60  56.4060 W   2.1        3.1       12.2        2.0      143.4 
060604  092613  46  50.6010 N  60  56.4070 W   2.2        3.1       12.2       12.5*     143.4 
060604  092615  46  50.6000 N  60  56.4070 W   2.0        3.1       12.2       12.5      143.4 
060604  092617  46  50.5990 N  60  56.4080 W   2.1        3.1       12.2       12.5      143.4 
060604  092619  46  50.5980 N  60  56.4080 W   2.0        5.6*      12.2       12.5      143.4 
060604  092621  46  50.5970 N  60  56.4090 W   1.9        5.6       12.2       12.5      112.2*
060604  092623  46  50.5960 N  60  56.4090 W   2.2        5.6       12.2        3.2*     112.2 
060604  092625  46  50.5950 N  60  56.4100 W   1.7        5.6       12.2        3.2      112.2 
060604  092627  46  50.5930 N  60  56.4100 W   2.2        5.6       12.2        3.2      142.5*
060604  092629  46  50.5920 N  60  56.4110 W   1.6        5.6       12.2       16.4*     142.5 
060604  092631  46  50.5910 N  60  56.4110 W   1.8        5.6       12.2       16.4      142.5 
060604  092633  46  50.5910 N  60  56.4120 W   1.6        8.1*      12.2       16.4      138.6*
060604  092635  46  50.5900 N  60  56.4120 W   1.5        8.1       12.2       16.4      138.6 
060604  092637  46  50.5890 N  60  56.4130 W   1.6        8.1       12.2       16.4      138.6 
060604  092640  46  50.5880 N  60  56.4140 W   1.1        8.1       12.2       16.4      138.6 
060604  092641  46  50.5870 N  60  56.4140 W   1.4        8.1       12.2       16.4      138.6 
060604  092643  46  50.5870 N  60  56.4140 W   1.0        8.1       12.2       16.4      138.6 
060604  092645  46  50.5860 N  60  56.4150 W   1.0        8.1       12.2       16.4      138.6 
060604  092647  46  50.5860 N  60  56.4150 W   0.8        8.1       12.2       16.4      138.6 
060604  092650  46  50.5850 N  60  56.4160 W   1.0        8.1       12.2        1.7*     106.9*
060604  092652  46  50.5850 N  60  56.4160 W   0.5        8.1       12.2        1.7      106.9 
060604  092654  46  50.5840 N  60  56.4160 W   0.8        8.1       12.2        1.7      106.9 
060604  092656  46  50.5840 N  60  56.4170 W   0.6        8.1       12.2       11.9*      98.5*
060604  092658  46  50.5840 N  60  56.4170 W   0.4        8.1       12.2       11.9       98.5 
060604  092700  46  50.5840 N  60  56.4170 W   0.3        8.1       12.2       11.9      110.0*
060604  092702  46  50.5840 N  60  56.4170 W   0.0        8.1       12.2       11.9      110.0 
060604  092704  46  50.5840 N  60  56.4180 W   0.5        8.1       12.2       11.9      110.0 
060604  092705  46  50.5840 N  60  56.4180 W   0.5        8.1       12.2       12.7*      79.2*
060604  092708  46  50.5840 N  60  56.4180 W   0.7        8.1       12.2       12.7       79.2 
060604  092710  46  50.5850 N  60  56.4190 W   1.1        8.1       12.2       12.7       79.2 
060604  092712  46  50.5850 N  60  56.4190 W   0.9        8.1       12.2       12.7      105.1*
060604  092714  46  50.5860 N  60  56.4190 W   1.5        8.1       12.2       12.7      105.1 
060604  092716  46  50.5870 N  60  56.4200 W   1.2        8.1       12.2       12.7       30.4*
060604  092718  46  50.5880 N  60  56.4200 W   1.9        8.1       12.2       12.7       30.4 
