FileName: C:\2006NE~1\GP303S.TXT
Local Time: Thu Jun 01 18:55:31 2006

Ship: Marco Michel Trip: 01 Tow: GP 303S
Comments: Spring trawl    Zone 12
 Date    Time     Latitude       Longitude    Speed    Primary  Secondary WingSpread      Depth 
060601  215533  47  19.9650 N  60  21.8600 W   3.9        3.1*       2.3*     123.1*      12.3*
060601  215534  47  19.9660 N  60  21.8600 W   3.8        3.1        2.3      123.1       12.3 
060601  215537  47  19.9690 N  60  21.8580 W   3.5        3.1        2.3      123.1       12.3 
060601  215539  47  19.9710 N  60  21.8570 W   3.7        3.1        2.3      123.1       12.3 
060601  215541  47  19.9730 N  60  21.8560 W   3.5        3.1        2.3      123.1       12.3 
060601  215543  47  19.9740 N  60  21.8550 W   3.4        3.1        2.3        3.4*      12.3 
060601  215545  47  19.9760 N  60  21.8540 W   3.6        3.1        2.3*       3.4       12.3 
060601  215547  47  19.9780 N  60  21.8530 W   3.2        3.1        2.3        3.4       12.3 
060601  215549  47  19.9790 N  60  21.8530 W   3.4        3.1        2.3        2.9*      12.3 
060601  215551  47  19.9810 N  60  21.8520 W   3.3        3.1        2.3        2.9       12.3 
060601  215553  47  19.9830 N  60  21.8510 W   3.2        3.2*       2.3        4.1*      12.3 
060601  215555  47  19.9850 N  60  21.8500 W   3.3        3.2        2.3        4.1       12.3 
060601  215557  47  19.9860 N  60  21.8490 W   3.4        3.2        2.3        4.1       12.3 
060601  215559  47  19.9880 N  60  21.8480 W   3.4        3.2        2.3        5.0*      12.3 
060601  215601  47  19.9900 N  60  21.8470 W   4.3        3.2        2.3        5.0       12.3 
060601  215603  47  19.9930 N  60  21.8460 W   5.0        3.2        2.3        5.0       12.3 
060601  215605  47  19.9950 N  60  21.8440 W   5.4        3.2        2.3        5.0       12.3 
060601  215607  47  19.9980 N  60  21.8430 W   6.2        3.2        2.3        5.0       12.3 
060601  215609  47  20.0020 N  60  21.8400 W   6.8        3.2        2.3        5.0       12.3 
060601  215611  47  20.0050 N  60  21.8390 W   7.0        3.2        2.3        5.0       12.3 
060601  215613  47  20.0090 N  60  21.8370 W   7.0        3.2        2.3        5.0       12.3 
060601  215615  47  20.0120 N  60  21.8350 W   7.3        3.2        2.3        5.0       12.3 
060601  215617  47  20.0160 N  60  21.8320 W   7.6        3.2        2.3        5.0       12.3 
060601  215619  47  20.0200 N  60  21.8300 W   7.7        3.2        2.3        5.0       12.3 
060601  215621  47  20.0240 N  60  21.8280 W   7.5        3.2        2.3        5.0       12.3 
060601  215623  47  20.0280 N  60  21.8250 W   7.7        3.2        2.3        5.0       12.3 
060601  215625  47  20.0320 N  60  21.8230 W   8.1        3.2        2.3        5.0       12.3 
060601  215627  47  20.0360 N  60  21.8200 W   7.8        3.2        2.3        5.0       12.3 
060601  215629  47  20.0400 N  60  21.8180 W   7.8        3.2        2.3        5.0       12.3 
060601  215631  47  20.0440 N  60  21.8160 W   7.7        3.2        2.3        5.0       12.3 
060601  215633  47  20.0480 N  60  21.8130 W   8.1        3.2        2.3        5.0       12.3 
060601  215634  47  20.0500 N  60  21.8120 W   8.1        3.2        2.3        5.0       12.3 
060601  215637  47  20.0560 N  60  21.8080 W   7.8        3.2        2.3        5.0       12.3 
060601  215639  47  20.0600 N  60  21.8060 W   8.0        3.2        2.3        5.0       12.3 
060601  215641  47  20.0640 N  60  21.8030 W   8.1        3.2        2.3        5.0       12.3 
060601  215643  47  20.0680 N  60  21.8000 W   8.0        3.2        2.3        5.0       12.3 
060601  215645  47  20.0720 N  60  21.7980 W   7.9        3.2        2.3        5.0       12.3 
060601  215647  47  20.0760 N  60  21.7960 W   7.9        3.2        2.3        5.0       12.3 
060601  215649  47  20.0810 N  60  21.7930 W   7.9        3.2        2.3        5.0       12.3 
060601  215651  47  20.0850 N  60  21.7910 W   8.0        3.2        2.3        5.0       12.3 
060601  215653  47  20.0890 N  60  21.7880 W   8.0        3.2        2.3        5.0       12.3 
060601  215655  47  20.0930 N  60  21.7860 W   7.9        3.2        2.3        5.0       12.3 
060601  215657  47  20.0970 N  60  21.7840 W   8.0        3.2        2.3        5.0       12.3 
060601  215659  47  20.1010 N  60  21.7810 W   8.1        3.2        2.3        5.0       12.3 
060601  215701  47  20.1050 N  60  21.7790 W   8.0        3.2        2.3        5.0       12.3 
060601  215703  47  20.1090 N  60  21.7760 W   8.1        3.2        2.3        5.0       12.3 
060601  215705  47  20.1130 N  60  21.7740 W   8.0        3.2        2.3        5.0       12.3 
060601  215707  47  20.1180 N  60  21.7720 W   8.1        3.2        2.3        5.0       12.3 
060601  215709  47  20.1220 N  60  21.7690 W   7.8        3.2        2.3        5.0       12.3 
060601  215711  47  20.1260 N  60  21.7670 W   8.0        3.2        2.3        5.0       12.3 
060601  215713  47  20.1300 N  60  21.7650 W   7.8        3.2        2.3        5.0       12.3 
060601  215715  47  20.1340 N  60  21.7620 W   7.8        3.2        2.3        5.0       12.3 
060601  215717  47  20.1380 N  60  21.7600 W   7.9        3.2        2.3        5.0       12.3 
060601  215719  47  20.1420 N  60  21.7570 W   7.9        3.2        2.3        5.0       12.3 
060601  215721  47  20.1460 N  60  21.7550 W   7.9        3.2        2.3        5.0       12.3 
060601  215723  47  20.1500 N  60  21.7520 W   7.8        3.2        2.3        5.0       12.3 
060601  215725  47  20.1540 N  60  21.7500 W   7.9        3.2        2.3        5.0       12.3 
060601  215727  47  20.1580 N  60  21.7470 W   7.8        3.2        2.3        5.0       12.3 
060601  215729  47  20.1620 N  60  21.7450 W   7.8        3.2        2.3        5.0       12.3 
060601  215731  47  20.1660 N  60  21.7430 W   7.7        3.2        2.3        5.0       12.3 
060601  215733  47  20.1700 N  60  21.7400 W   7.7        3.2        2.3        5.0       12.3 
060601  215735  47  20.1730 N  60  21.7370 W   7.7        3.2        2.3        5.0       12.3 
060601  215737  47  20.1770 N  60  21.7350 W   7.8        3.2        2.3        5.0       12.3 
060601  215739  47  20.1810 N  60  21.7330 W   7.6        3.2        2.3        5.0       12.3 
060601  215741  47  20.1850 N  60  21.7300 W   7.7        3.2        2.3        5.0       12.3 
060601  215743  47  20.1890 N  60  21.7270 W   7.9        3.2        2.3        5.0       12.3 
060601  215745  47  20.1930 N  60  21.7250 W   7.8        3.2        2.3        5.0       12.3 
060601  215747  47  20.1970 N  60  21.7230 W   7.4        3.2        2.3        5.0       12.3 
060601  215749  47  20.2010 N  60  21.7200 W   7.8        3.2        2.3        5.0       12.3 
060601  215751  47  20.2050 N  60  21.7180 W   7.8        3.2        2.3        5.0       12.3 
060601  215753  47  20.2090 N  60  21.7160 W   7.5        3.2        2.3        5.0       12.3 
060601  215755  47  20.2130 N  60  21.7130 W   7.6        3.2        2.3        5.0       12.3 
060601  215757  47  20.2160 N  60  21.7110 W   7.7        3.2        2.3        5.0       12.3 
060601  215759  47  20.2200 N  60  21.7080 W   7.7        3.2        2.3        5.0       12.3 
060601  215801  47  20.2240 N  60  21.7060 W   7.6        3.2        2.3        5.0       12.3 
060601  215803  47  20.2280 N  60  21.7040 W   7.6        3.2        2.3        5.0       12.3 
060601  215805  47  20.2320 N  60  21.7020 W   7.6        3.2        2.3        5.0       12.3 
060601  215807  47  20.2360 N  60  21.6990 W   7.7        3.2        2.3        5.0       12.3 
060601  215809  47  20.2400 N  60  21.6970 W   7.6        3.2        2.3        5.0       12.3 
060601  215811  47  20.2440 N  60  21.6950 W   7.6        3.2        2.3        5.0       12.3 
060601  215813  47  20.2470 N  60  21.6920 W   7.6        3.2        2.3        5.0       12.3 
060601  215815  47  20.2510 N  60  21.6900 W   7.5        3.2        2.3        5.0       12.3 
060601  215817  47  20.2550 N  60  21.6880 W   7.4        3.2        2.3        5.0       12.3 
060601  215819  47  20.2590 N  60  21.6860 W   6.9        3.2        2.3        5.0       12.3 
060601  215821  47  20.2620 N  60  21.6840 W   6.8        3.2        2.3        5.0       12.3 
060601  215823  47  20.2660 N  60  21.6820 W   6.3        3.2        2.3        5.0       12.3 
060601  215825  47  20.2690 N  60  21.6810 W   6.2        3.2        2.3        5.0       12.3 
060601  215827  47  20.2720 N  60  21.6790 W   5.9        3.2        2.3        5.0       61.6*
060601  215829  47  20.2750 N  60  21.6770 W   5.9        3.2        2.3        5.0       61.6 
060601  215831  47  20.2780 N  60  21.6760 W   5.7        3.2        2.3        6.6*      62.5*
060601  215833  47  20.2810 N  60  21.6740 W   5.7        3.2        2.3        6.6       62.5 
060601  215835  47  20.2840 N  60  21.6730 W   5.7        3.2        2.3        6.6       62.5 
060601  215837  47  20.2870 N  60  21.6710 W   5.6        3.2        2.3        9.0*      70.8*
060601  215839  47  20.2900 N  60  21.6690 W   5.6        3.2        2.3        9.0       70.8 
060601  215841  47  20.2920 N  60  21.6680 W   5.6        3.2        2.3        8.1*      70.8 
060601  215843  47  20.2950 N  60  21.6660 W   5.5        3.2        2.3        8.1       60.7*
060601  215845  47  20.2980 N  60  21.6650 W   5.6        3.2        2.3        8.1       60.7 
060601  215847  47  20.3010 N  60  21.6630 W   5.7        3.2        2.3       12.0*      57.6*
060601  215849  47  20.3040 N  60  21.6620 W   5.6        3.2        2.3       12.0       57.6 
060601  215851  47  20.3070 N  60  21.6600 W   5.5        3.2        2.3       12.0       57.6 
060601  215853  47  20.3100 N  60  21.6580 W   5.8        3.2        2.3        3.5*     105.6*
060601  215855  47  20.3130 N  60  21.6570 W   5.6        3.2        2.3        3.5      105.6 
060601  215857  47  20.3160 N  60  21.6550 W   5.7        3.2        2.3       10.1*     105.6 
060601  215859  47  20.3180 N  60  21.6530 W   5.6        3.2        2.3       10.1       18.5*
060601  215901  47  20.3210 N  60  21.6520 W   5.6        3.2        2.3       10.1       18.5 
060601  215903  47  20.3240 N  60  21.6500 W   5.7        3.2        2.3        8.0*      70.4*
060601  215905  47  20.3270 N  60  21.6480 W   5.7        3.2        2.3        8.0       70.4 
060601  215907  47  20.3300 N  60  21.6470 W   5.6        3.2        2.3        8.0       70.4 
060601  215909  47  20.3330 N  60  21.6450 W   5.7        3.2        2.3        5.0*      62.0*
060601  215911  47  20.3360 N  60  21.6430 W   5.7        3.2        2.3        5.0       62.0 
060601  215913  47  20.3390 N  60  21.6420 W   5.6        3.2        2.3        7.5*      62.0 
060601  215915  47  20.3420 N  60  21.6400 W   5.7        3.2        2.3        7.5       60.7*
060601  215917  47  20.3450 N  60  21.6380 W   5.8        3.2        2.3        7.5       60.7 
060601  215919  47  20.3470 N  60  21.6370 W   5.7        3.2        2.3       10.3*      64.2*
060601  215921  47  20.3500 N  60  21.6350 W   5.7        2.5*       2.3       10.3       64.2 
060601  215923  47  20.3530 N  60  21.6330 W   5.6        2.5        2.3       10.3       64.2 
060601  215925  47  20.3560 N  60  21.6320 W   5.8        2.5        2.3       10.3       64.2 
060601  215927  47  20.3590 N  60  21.6300 W   5.7        2.5        2.4*      10.3       64.2 
060601  215929  47  20.3620 N  60  21.6280 W   5.2        2.5        2.4       10.3       64.2 
060601  215931  47  20.3640 N  60  21.6270 W   4.7        2.5        2.4       10.3       64.2 
060601  215933  47  20.3660 N  60  21.6260 W   4.0        2.7*       2.4       10.3       64.2 
060601  215935  47  20.3680 N  60  21.6250 W   3.7        2.7        2.4       21.5*      64.2 
060601  215937  47  20.3700 N  60  21.6240 W   3.4        2.7        2.4       21.5       51.9*
060601  215939  47  20.3720 N  60  21.6230 W   3.1        2.7        2.4       21.5       51.9 
060601  215941  47  20.3730 N  60  21.6220 W   3.0        2.7        2.4       21.5       69.5*
060601  215943  47  20.3740 N  60  21.6210 W   2.6        2.7        2.4       21.5       69.5 
060601  215945  47  20.3760 N  60  21.6200 W   2.7        2.7        2.4        5.9*      69.5 
060601  215947  47  20.3770 N  60  21.6200 W   2.4        2.7        2.4        5.9       61.6*
060601  215949  47  20.3780 N  60  21.6190 W   2.4        2.7        2.4        5.9       61.6 
060601  215951  47  20.3790 N  60  21.6180 W   2.3        2.7        2.4        7.1*      58.1*
060601  215953  47  20.3800 N  60  21.6180 W   2.1        2.7        2.4        7.1       58.1 
060601  215955  47  20.3810 N  60  21.6170 W   2.1        2.7        2.4        7.2*      58.1 
060601  215957  47  20.3830 N  60  21.6170 W   2.2        2.7        2.4        7.2       74.8*
060601  215959  47  20.3830 N  60  21.6160 W   1.9        2.7        2.4        7.2       74.8 
060601  220001  47  20.3840 N  60  21.6160 W   2.1        2.7        2.4        8.0*      74.8 
060601  220003  47  20.3850 N  60  21.6150 W   1.9        2.7        2.4        8.0       68.2*
060601  220005  47  20.3860 N  60  21.6140 W   2.0        2.7        2.4        8.0       68.2 
060601  220007  47  20.3870 N  60  21.6140 W   1.8        2.7        2.4        4.9*      64.7*
060601  220009  47  20.3880 N  60  21.6130 W   2.0        2.7        2.4        4.9       64.7 
060601  220011  47  20.3890 N  60  21.6130 W   1.8        2.7        2.4        6.4*      64.7 
060601  220013  47  20.3900 N  60  21.6120 W   2.0        2.7        2.4        6.4       72.1*
060601  220015  47  20.3910 N  60  21.6120 W   2.0        2.7        2.4        6.4       72.1 
060601  220017  47  20.3920 N  60  21.6110 W   1.8        2.7        2.4        7.8*      72.1 
060601  220019  47  20.3930 N  60  21.6110 W   2.4        2.7        2.4        7.8       74.8*
060601  220021  47  20.3940 N  60  21.6100 W   1.7        2.7        2.4        6.0*      74.8 
060601  220023  47  20.3950 N  60  21.6090 W   2.2        2.7        2.4        6.0       79.6*
060601  220025  47  20.3960 N  60  21.6090 W   2.2        2.7        2.4        6.0       79.6 
060601  220027  47  20.3970 N  60  21.6080 W   1.9        2.7        2.4        5.0*      79.6 
060601  220029  47  20.3980 N  60  21.6080 W   2.4        2.7        2.4        5.0       79.2*
060601  220031  47  20.3990 N  60  21.6070 W   2.0        2.7        2.4        5.0       79.2 
060601  220033  47  20.4000 N  60  21.6060 W   2.1        2.7        2.4        5.4*      79.2 
060601  220035  47  20.4010 N  60  21.6060 W   2.3        2.7        2.4        5.4       90.2*
060601  220037  47  20.4020 N  60  21.6050 W   2.1        2.7        2.4        6.0*      90.2 
060601  220039  47  20.4030 N  60  21.6040 W   2.1        2.7        2.9*       6.0       90.2 
060601  220041  47  20.4050 N  60  21.6040 W   2.3        2.7        2.9        6.0       78.7*
060601  220043  47  20.4060 N  60  21.6030 W   2.2        2.7        2.9        5.5*      78.7 
060601  220045  47  20.4070 N  60  21.6020 W   2.2        2.7        2.9        5.5       89.7*
060601  220047  47  20.4080 N  60  21.6020 W   2.1        2.7*       2.9        5.6*      89.7 
060601  220049  47  20.4090 N  60  21.6010 W   2.3        2.7        2.9        5.6       89.7 
060601  220051  47  20.4100 N  60  21.6010 W   2.1        2.7        2.9        5.6       92.8*
060601  220053  47  20.4110 N  60  21.6000 W   2.3        2.7        2.9        5.6*      92.8 
060601  220055  47  20.4120 N  60  21.5990 W   2.2        2.7        2.9        5.6       92.8 
060601  220057  47  20.4130 N  60  21.5990 W   2.2        2.7        2.9        5.6       92.8*
060601  220059  47  20.4150 N  60  21.5980 W   2.4        2.7        2.9        5.8*      92.8 
060601  220101  47  20.4160 N  60  21.5970 W   2.2        2.7        2.9        5.8       98.1*
060601  220103  47  20.4170 N  60  21.5970 W   2.3        2.7        2.9        5.2*      98.1 
060601  220105  47  20.4180 N  60  21.5960 W   2.4        2.7        4.4*       5.2       98.1 
060601  220107  47  20.4190 N  60  21.5960 W   2.0        2.7        4.4        5.2       99.4*
060601  220109  47  20.4200 N  60  21.5950 W   2.4        2.7        4.4        6.7*      99.4 
060601  220111  47  20.4220 N  60  21.5940 W   2.2        2.7        4.4        6.7       99.4 
060601  220113  47  20.4230 N  60  21.5940 W   2.0        9.3*       4.4        6.7      102.1*
060601  220115  47  20.4240 N  60  21.5930 W   2.4        9.3        4.4        6.4*     102.1 
060601  220117  47  20.4250 N  60  21.5930 W   1.9        9.3        4.4        6.4      102.1 
060601  220119  47  20.4260 N  60  21.5920 W   2.3        9.3        3.2*       6.8*     102.9*
060601  220121  47  20.4270 N  60  21.5910 W   2.2        9.3        3.2        6.8      102.9 
060601  220123  47  20.4280 N  60  21.5910 W   2.0        9.3        3.2        6.8      104.3*
060601  220125  47  20.4290 N  60  21.5900 W   2.2        5.5*       3.2        6.6*     104.3 
060601  220127  47  20.4300 N  60  21.5900 W   2.1        5.5        3.2        6.6      104.3 
060601  220129  47  20.4310 N  60  21.5890 W   2.0        5.5        3.2       14.4*     106.0*
060601  220131  47  20.4320 N  60  21.5890 W   2.1        5.5        3.2       14.4      106.0 
060601  220133  47  20.4330 N  60  21.5880 W   2.1        5.5        3.2       14.4      106.0 
060601  220135  47  20.4340 N  60  21.5870 W   2.0        5.5        3.2        0.8*     105.6*
060601  220137  47  20.4350 N  60  21.5870 W   2.1        5.5        3.2        0.8      105.6 
060601  220139  47  20.4370 N  60  21.5860 W   2.1        5.5        3.2        0.8      108.6*
060601  220141  47  20.4380 N  60  21.5860 W   2.0        5.5        3.2        8.7*     108.6 
060601  220143  47  20.4390 N  60  21.5850 W   2.2        5.5        2.4*       8.7      108.6 
060601  220145  47  20.4400 N  60  21.5850 W   2.0        5.5        2.4        8.9*     106.0*
060601  220147  47  20.4410 N  60  21.5840 W   2.1        5.5        2.4        8.9      106.0 
060601  220149  47  20.4420 N  60  21.5840 W   2.1        5.5        2.4        8.9      106.0 
060601  220151  47  20.4430 N  60  21.5830 W   2.1        2.6*       2.4        9.0*     108.2*
060601  220153  47  20.4440 N  60  21.5820 W   2.1        2.6        2.4        9.0      108.2 
060601  220155  47  20.4450 N  60  21.5820 W   2.2        2.6        2.4        9.0      108.2 
060601  220157  47  20.4460 N  60  21.5810 W   1.9        2.6        2.4        9.0      107.3*
060601  220159  47  20.4470 N  60  21.5810 W   2.3        2.6        2.4        9.0      107.3 
060601  220201  47  20.4480 N  60  21.5800 W   2.0        2.6        2.4        9.0      108.2*
060601  220203  47  20.4490 N  60  21.5800 W   2.2        2.6       11.5*       9.0      108.2 
060601  220205  47  20.4500 N  60  21.5790 W   1.9        2.6       11.5        9.0      108.2 
060601  220207  47  20.4510 N  60  21.5780 W   2.4        2.6       11.5        9.0      108.2*
060601  220209  47  20.4520 N  60  21.5780 W   1.8        2.6       11.5        9.0      108.2 
060601  220211  47  20.4530 N  60  21.5770 W   2.3        2.6       11.5        9.0      108.2 
060601  220213  47  20.4540 N  60  21.5770 W   2.0        2.6       11.5        9.0      107.8*
060601  220215  47  20.4560 N  60  21.5760 W   2.1        2.6       11.5        9.0      107.8 
060601  220217  47  20.4570 N  60  21.5760 W   2.2        2.6       11.5        9.0      107.8*
060601  220219  47  20.4580 N  60  21.5750 W   2.0        2.6       11.5        9.0      107.8 
060601  220221  47  20.4590 N  60  21.5740 W   2.2        2.6       11.5        9.9*     107.8 
060601  220223  47  20.4600 N  60  21.5740 W   2.0        2.6       11.5        9.9      108.6*
060601  220225  47  20.4610 N  60  21.5730 W   2.2        2.6       11.5        9.9      108.6 
060601  220227  47  20.4620 N  60  21.5730 W   2.1        2.6       12.5*       9.9      108.6 
060601  220229  47  20.4630 N  60  21.5720 W   2.0        2.6       12.5        9.9      107.3*
060601  220231  47  20.4640 N  60  21.5710 W   2.4        2.6       12.5        9.9      107.3 
060601  220233  47  20.4650 N  60  21.5710 W   1.8        2.6       12.5        9.9      107.3 
060601  220235  47  20.4660 N  60  21.5700 W   2.2        2.6       12.5        9.9      108.2*
060601  220237  47  20.4670 N  60  21.5700 W   2.2        2.6       12.5        9.9      108.2 
060601  220239  47  20.4680 N  60  21.5690 W   2.0        2.6       12.5        9.9      135.0*
060601  220241  47  20.4690 N  60  21.5690 W   2.3        2.6       12.5        9.9      135.0 
060601  220243  47  20.4700 N  60  21.5680 W   2.2        2.6       12.5       10.6*     135.0 
060601  220245  47  20.4710 N  60  21.5670 W   2.0        2.6       12.5       10.6       81.4*
060601  220247  47  20.4730 N  60  21.5670 W   2.3        2.6       12.5       11.3*      81.4 
060601  220249  47  20.4740 N  60  21.5660 W   2.2        2.6       12.5       11.3       81.4 
060601  220251  47  20.4750 N  60  21.5660 W   2.1        2.6       12.6*      11.3      108.6*
060601  220253  47  20.4760 N  60  21.5650 W   2.3        2.6       12.6       10.7*     108.6 
060601  220255  47  20.4770 N  60  21.5640 W   2.1        2.6       12.6       10.7      107.8*
060601  220257  47  20.4780 N  60  21.5640 W   2.3        2.6       12.6       10.7      107.8 
060601  220259  47  20.4790 N  60  21.5630 W   2.1        2.6       12.6       10.7*     107.8 
060601  220301  47  20.4810 N  60  21.5620 W   2.5        2.6       12.6       10.7      107.8*
060601  220303  47  20.4820 N  60  21.5620 W   1.9        2.6       12.6       10.3*     107.8 
060601  220305  47  20.4830 N  60  21.5610 W   2.4        2.6       12.6       10.3      107.8 
060601  220307  47  20.4840 N  60  21.5610 W   2.1        2.6       12.6       10.3      107.8*
060601  220309  47  20.4850 N  60  21.5600 W   2.1        2.6       12.6        9.6*     107.8 
060601  220311  47  20.4860 N  60  21.5600 W   2.5        2.6       12.6        9.6      107.8 
060601  220313  47  20.4870 N  60  21.5590 W   2.1        2.6       12.6        9.6      108.2*
060601  220315  47  20.4880 N  60  21.5590 W   2.0        2.6       12.6        9.6      108.2 
060601  220317  47  20.4890 N  60  21.5580 W   2.4        2.6       12.6        9.6      108.6*
060601  220319  47  20.4900 N  60  21.5570 W   1.9        2.6       12.6        9.7*     108.6 
060601  220321  47  20.4910 N  60  21.5570 W   2.3        2.6        2.4*       9.7      108.6 
060601  220323  47  20.4920 N  60  21.5560 W   2.1        2.6        2.4        9.7      106.9*
060601  220325  47  20.4940 N  60  21.5560 W   2.0        2.6        2.4        9.5*     106.9 
060601  220327  47  20.4950 N  60  21.5550 W   2.1        2.7*       2.4        9.5      106.9 
060601  220329  47  20.4960 N  60  21.5540 W   2.0        2.7        2.4        9.5      107.8*
060601  220331  47  20.4970 N  60  21.5540 W   2.0        2.7        2.4        9.5      107.8 
060601  220333  47  20.4980 N  60  21.5530 W   2.2        2.7        2.4        9.5      108.2*
060601  220335  47  20.4990 N  60  21.5530 W   1.9        2.7        2.4        9.9*     108.2 
060601  220337  47  20.5000 N  60  21.5520 W   2.3        2.7        2.4        9.9      108.2 
060601  220339  47  20.5010 N  60  21.5520 W   1.9        2.7        2.4        9.8*     109.5*
060601  220341  47  20.5020 N  60  21.5510 W   2.3        2.7        2.4        9.8      109.5 
060601  220343  47  20.5030 N  60  21.5510 W   2.0        2.7        2.4        9.8      109.5 
060601  220345  47  20.5040 N  60  21.5500 W   2.2        2.7        2.4        9.8*     107.3*
060601  220347  47  20.5050 N  60  21.5490 W   2.2        2.7        2.4        9.8      107.3 
060601  220349  47  20.5060 N  60  21.5490 W   2.1        2.7        2.4        9.8      107.3 
060601  220351  47  20.5070 N  60  21.5480 W   2.1        2.7       11.3*       9.8*     108.6*
060601  220353  47  20.5080 N  60  21.5480 W   2.3        2.7       11.3        9.8      108.6 
060601  220355  47  20.5090 N  60  21.5470 W   2.0        2.7       11.3        9.8      107.3*
060601  220357  47  20.5100 N  60  21.5470 W   2.3        2.7       11.3        9.8      107.3 
060601  220359  47  20.5110 N  60  21.5460 W   2.0        2.7       11.3        9.8      107.3 
060601  220401  47  20.5120 N  60  21.5460 W   2.3        2.7       11.3        9.8*     107.8*
060601  220403  47  20.5140 N  60  21.5450 W   2.1        2.7       11.3        9.8      107.8 
060601  220405  47  20.5150 N  60  21.5440 W   2.3        2.7       11.3        9.8      107.8 
060601  220407  47  20.5160 N  60  21.5440 W   2.1        2.7       11.3        9.8      108.6*
060601  220409  47  20.5170 N  60  21.5430 W   2.3        2.7       11.3        9.8      108.6 
060601  220411  47  20.5180 N  60  21.5430 W   2.0        2.7       11.3        9.4*     108.2*
060601  220413  47  20.5190 N  60  21.5420 W   2.2        2.7       11.3        9.4      108.2 
060601  220415  47  20.5200 N  60  21.5420 W   2.2        2.7       11.3        9.4      108.2 
060601  220417  47  20.5210 N  60  21.5410 W   2.1        2.7       11.3        9.4      107.8*
060601  220419  47  20.5220 N  60  21.5410 W   2.2        2.7       11.3        9.4      107.8 
060601  220421  47  20.5230 N  60  21.5400 W   2.2        2.7       11.3        9.8*     107.8 
060601  220423  47  20.5240 N  60  21.5400 W   2.2        2.7       11.3        9.8      107.8 
060601  220425  47  20.5250 N  60  21.5390 W   2.2        2.7       11.3        9.8      107.8 
060601  220427  47  20.5270 N  60  21.5380 W   2.4        2.7       11.3        9.6*     107.8 
060601  220429  47  20.5280 N  60  21.5380 W   2.0        2.7       11.3        9.6      339.1*
060601  220431  47  20.5290 N  60  21.5370 W   2.5        2.7       11.3        9.6      339.1 
060601  220433  47  20.5300 N  60  21.5370 W   2.1        2.7       11.3        8.8*     107.3*
060601  220435  47  20.5310 N  60  21.5360 W   2.2        2.7       11.3        8.8      107.3 
060601  220437  47  20.5320 N  60  21.5360 W   2.4        2.7       11.3        8.9*     107.3 
060601  220439  47  20.5330 N  60  21.5350 W   2.1        2.7       11.3        8.9      108.6*
060601  220441  47  20.5340 N  60  21.5340 W   2.3        2.7       11.3        8.9      108.6 
060601  220443  47  20.5360 N  60  21.5340 W   2.1        2.7       11.3        8.9*     108.6 
060601  220445  47  20.5370 N  60  21.5330 W   2.4        2.7        2.2*       8.9      107.8*
060601  220447  47  20.5380 N  60  21.5330 W   2.0        2.7        2.2        8.9      107.8 
060601  220449  47  20.5390 N  60  21.5320 W   2.2        2.7        2.2       10.1*     107.8 
060601  220451  47  20.5400 N  60  21.5310 W   2.1        2.7        2.2       10.1      106.9*
060601  220453  47  20.5410 N  60  21.5310 W   2.0        2.7*       2.2       10.2*     106.9 
060601  220455  47  20.5420 N  60  21.5300 W   2.1        2.7        2.2       10.2      109.1*
060601  220457  47  20.5430 N  60  21.5300 W   2.2        2.7        2.2       10.2      109.1 
060601  220459  47  20.5440 N  60  21.5290 W   1.8        2.7        2.2        9.8*     109.1 
060601  220501  47  20.5450 N  60  21.5290 W   2.4        2.7        2.2        9.8      108.2*
060601  220503  47  20.5460 N  60  21.5280 W   1.9        2.7        2.2        9.8      108.2 
060601  220505  47  20.5470 N  60  21.5280 W   2.1        2.7       11.8*       9.4*     108.2 
060601  220507  47  20.5480 N  60  21.5270 W   2.1        2.7       11.8        9.4      108.6*
060601  220509  47  20.5490 N  60  21.5260 W   2.0        2.7       11.8        9.8*     108.6 
060601  220511  47  20.5500 N  60  21.5260 W   2.0        2.7        2.5*       9.8      107.3*
060601  220513  47  20.5510 N  60  21.5250 W   2.1        2.7        2.5        9.8      107.3 
060601  220515  47  20.5520 N  60  21.5250 W   1.9        2.7        2.5       10.1*     107.3 
060601  220517  47  20.5530 N  60  21.5240 W   2.2        3.5*       2.5       10.1      110.0*
060601  220519  47  20.5540 N  60  21.5240 W   1.9        3.5        2.5        9.6*     110.0 
060601  220521  47  20.5550 N  60  21.5230 W   2.2        3.5        2.5        9.6      110.0 
060601  220523  47  20.5560 N  60  21.5220 W   2.0        3.5        2.5        9.6      106.4*
060601  220525  47  20.5570 N  60  21.5220 W   2.2        3.5        2.5        9.6      106.4 
060601  220527  47  20.5580 N  60  21.5210 W   2.0        3.5        2.5        9.6      106.4 
060601  220529  47  20.5590 N  60  21.5210 W   2.2        3.5        2.5        9.6      107.3*
060601  220531  47  20.5600 N  60  21.5200 W   2.2        3.5        2.5        9.6      107.3 
060601  220533  47  20.5610 N  60  21.5200 W   2.2        3.5        2.5        9.6      109.1*
060601  220535  47  20.5620 N  60  21.5190 W   2.2        3.5        2.5        9.6      109.1 
060601  220537  47  20.5640 N  60  21.5180 W   2.3        3.5        2.5        9.6      109.1 
060601  220539  47  20.5650 N  60  21.5180 W   2.1        3.5        2.5        9.6      107.8*
060601  220541  47  20.5660 N  60  21.5170 W   2.3        3.5       11.5*       9.8*     107.8 
060601  220543  47  20.5670 N  60  21.5170 W   2.3        3.5       11.5        9.8      107.8 
060601  220545  47  20.5680 N  60  21.5160 W   2.2        3.5       11.5        9.8      108.2*
060601  220547  47  20.5690 N  60  21.5160 W   2.3        3.5       11.5        9.8      108.2 
060601  220549  47  20.5700 N  60  21.5150 W   2.3        3.5       11.5        9.8      107.8*
060601  220551  47  20.5710 N  60  21.5140 W   2.0        3.5       11.5        9.8      107.8 
060601  220553  47  20.5730 N  60  21.5140 W   2.4        3.5       11.5        9.8      107.8 
060601  220555  47  20.5740 N  60  21.5130 W   2.0        3.5       11.5        9.8      108.6*
060601  220557  47  20.5750 N  60  21.5130 W   2.2        3.5       11.5        9.8      108.6 
060601  220559  47  20.5760 N  60  21.5120 W   2.1        3.5       11.5        9.8      108.6 
060601  220601  47  20.5770 N  60  21.5120 W   2.0        3.5       11.5        9.8      108.2*
060601  220603  47  20.5780 N  60  21.5110 W   2.1        3.5       11.5        9.8      108.2 
060601  220605  47  20.5790 N  60  21.5110 W   2.0        3.5       11.3*       9.8      108.2 
060601  220607  47  20.5800 N  60  21.5100 W   2.0        3.5       11.3        9.8      108.2*
060601  220609  47  20.5810 N  60  21.5100 W   2.2        3.5       11.3        9.8      108.2 
060601  220611  47  20.5820 N  60  21.5090 W   2.0        3.5       11.3        9.6*     105.6*
060601  220613  47  20.5830 N  60  21.5090 W   2.1        3.5       11.3        9.6      105.6 
060601  220615  47  20.5840 N  60  21.5080 W   2.0        3.5       11.3        9.6      105.6 
060601  220617  47  20.5850 N  60  21.5080 W   2.1        3.5       11.3        9.2*     110.0*
060601  220619  47  20.5860 N  60  21.5070 W   2.1        3.5       11.3        9.2      110.0 
060601  220621  47  20.5870 N  60  21.5070 W   2.0        3.5       11.3        9.2      110.0 
060601  220623  47  20.5880 N  60  21.5060 W   2.3        3.5       11.3        9.2      107.3*
060601  220625  47  20.5890 N  60  21.5060 W   1.9        3.5       11.3        9.2      107.3 
060601  220627  47  20.5900 N  60  21.5050 W   2.3        3.5       11.3        9.2      109.5*
060601  220629  47  20.5910 N  60  21.5050 W   2.2        3.5       11.3        9.2      109.5 
060601  220631  47  20.5920 N  60  21.5040 W   1.9        3.5       11.3        9.2      109.5 
060601  220633  47  20.5930 N  60  21.5040 W   1.9        3.5       11.3        9.2      144.7*
060601  220635  47  20.5940 N  60  21.5030 W   1.1        3.5       11.3        9.2      144.7 
060601  220637  47  20.5950 N  60  21.5030 W   1.4        3.5       11.3        9.2      144.7 
060601  220639  47  20.5950 N  60  21.5030 W   0.6        3.5       11.3        9.2      144.7 
060601  220641  47  20.5950 N  60  21.5030 W   0.8        3.5       11.3        9.2      144.7 
060601  220643  47  20.5960 N  60  21.5020 W   0.7        3.5       11.3        9.2      144.7 
060601  220645  47  20.5960 N  60  21.5020 W   0.8        3.5       11.3        9.2      144.7 
060601  220647  47  20.5960 N  60  21.5020 W   0.5        3.5       11.3        7.1*     144.7 
060601  220649  47  20.5970 N  60  21.5020 W   0.6        3.5       11.3        7.1      144.7 
060601  220651  47  20.5970 N  60  21.5010 W   0.5        3.5       11.3        7.1      144.7 
060601  220653  47  20.5970 N  60  21.5010 W   0.7        3.5       11.3        7.1      144.7 
060601  220655  47  20.5970 N  60  21.5010 W   0.4        3.5       11.3        7.1      144.7 
060601  220657  47  20.5980 N  60  21.5010 W   0.7        3.5       11.3        7.1      144.7 
060601  220659  47  20.5980 N  60  21.5010 W   0.5        3.5       11.3        7.1      144.7 
060601  220701  47  20.5980 N  60  21.5000 W   0.6        3.5       11.3        7.1      144.7 
060601  220703  47  20.5980 N  60  21.5000 W   0.5        3.5       11.3        7.1      144.7 
060601  220705  47  20.5980 N  60  21.5000 W   0.6        3.5       11.3        7.1      144.7 
060601  220707  47  20.5980 N  60  21.5000 W   0.7        3.5       11.3        7.1      144.7 
060601  220709  47  20.5990 N  60  21.5000 W   0.6        3.5       11.3        7.1      144.7 
060601  220711  47  20.5990 N  60  21.4990 W   0.5        3.5       11.3        7.1      144.7 
060601  220713  47  20.5990 N  60  21.4990 W   0.7        3.5       11.3        7.1      144.7 
060601  220715  47  20.5990 N  60  21.4990 W   0.5        3.5       11.3        7.1      144.7 
060601  220717  47  20.5990 N  60  21.4990 W   0.7        3.5       11.3        7.1      144.7 
060601  220719  47  20.6000 N  60  21.4980 W   0.5        3.5       11.3        7.1      144.7 
060601  220721  47  20.6000 N  60  21.4980 W   0.5        3.5       11.3        7.1      144.7 
060601  220723  47  20.6000 N  60  21.4980 W   0.5        3.5       11.3        7.1       91.5*
060601  220725  47  20.6000 N  60  21.4980 W   0.4        3.5       11.3        7.1       91.5 
060601  220727  47  20.6000 N  60  21.4980 W   0.7        3.5       11.3        7.1      124.0*
060601  220729  47  20.6000 N  60  21.4980 W   0.1        3.5       11.3        7.1      124.0 
060601  220731  47  20.6000 N  60  21.4970 W   0.7        3.5       11.3        7.1      124.0 
060601  220733  47  20.6010 N  60  21.4970 W   0.4        3.5       11.3        7.1      153.1*
060601  220735  47  20.6010 N  60  21.4970 W   0.4        3.5       11.3        7.1      153.1 
060601  220737  47  20.6010 N  60  21.4970 W   0.4        3.5       11.3        7.1      153.1 
060601  220739  47  20.6010 N  60  21.4970 W   0.4        3.5       11.3        7.1       47.1*
060601  220741  47  20.6010 N  60  21.4960 W   0.5        3.5       13.0*       7.1       47.1 
060601  220743  47  20.6010 N  60  21.4960 W   0.5        3.5       13.0        7.1       99.0*
060601  220745  47  20.6010 N  60  21.4960 W   0.7        3.5       13.0        5.2*      99.0 
060601  220747  47  20.6010 N  60  21.4960 W   0.2        3.5       13.0        5.2       99.0 
060601  220749  47  20.6020 N  60  21.4960 W   0.7        3.5       13.0        5.2      118.8*
060601  220751  47  20.6020 N  60  21.4950 W   0.2        3.5       13.0        9.2*     118.8 
060601  220753  47  20.6020 N  60  21.4950 W   0.5        3.5       13.0        9.2      118.8 
060601  220755  47  20.6020 N  60  21.4950 W   0.4        3.5       13.0        9.2      118.8 
060601  220757  47  20.6020 N  60  21.4950 W   0.4        3.5       13.0        9.2      118.8 
060601  220759  47  20.6020 N  60  21.4950 W   0.4        3.5       13.0        9.2      118.8 
060601  220801  47  20.6020 N  60  21.4940 W   0.3        3.5       13.0        9.2      118.8 
060601  220803  47  20.6020 N  60  21.4940 W   0.4        3.5       13.0        9.2      118.8 
060601  220805  47  20.6020 N  60  21.4940 W   0.4        3.5       13.0        9.2      118.8 
060601  220807  47  20.6020 N  60  21.4940 W   0.2        3.5       13.0        9.2      118.8 
060601  220809  47  20.6020 N  60  21.4940 W   0.2        3.5       13.0        9.2      118.8 
060601  220811  47  20.6020 N  60  21.4940 W   0.3        3.5       13.0        9.2      118.8 
060601  220813  47  20.6020 N  60  21.4930 W   0.3        3.5       13.0        9.2      118.8 
060601  220815  47  20.6020 N  60  21.4930 W   0.2        3.5       13.0        9.2      118.8 
060601  220817  47  20.6020 N  60  21.4930 W   0.3        3.5       13.0        9.2      118.8 
060601  220819  47  20.6020 N  60  21.4930 W   0.3        3.5       13.0        9.2      118.8 
060601  220821  47  20.6020 N  60  21.4930 W   0.0        3.5       13.0        9.2      118.8 
060601  220823  47  20.6020 N  60  21.4930 W   0.5        3.5       13.0        9.2      118.8 
060601  220825  47  20.6020 N  60  21.4930 W   0.1        3.5       13.0        9.2      118.8 
060601  220827  47  20.6020 N  60  21.4920 W   0.3        3.5       13.0        9.2      118.8 
060601  220829  47  20.6020 N  60  21.4920 W   0.0        3.5       13.0        9.2      118.8 
060601  220831  47  20.6020 N  60  21.4920 W   0.2        3.5       13.0        9.2      118.8 
060601  220833  47  20.6020 N  60  21.4920 W   0.2        3.5       13.0        9.2      118.8 
060601  220835  47  20.6020 N  60  21.4920 W   0.1        3.5       13.0        9.2      118.8 
060601  220837  47  20.6020 N  60  21.4920 W   0.2        3.5       13.0        9.2      118.8 
060601  220839  47  20.6020 N  60  21.4920 W   0.1        3.5       13.0        9.2      118.8 
060601  220841  47  20.6020 N  60  21.4920 W   0.3        3.5       13.0        9.2      118.8 
060601  220843  47  20.6020 N  60  21.4920 W   0.0       11.1*      13.0        9.2       72.6*
060601  220845  47  20.6020 N  60  21.4920 W   0.2       11.1       13.0        9.2       72.6 
060601  220847  47  20.6020 N  60  21.4920 W   0.1       11.1       13.0        9.2       72.6 
060601  220849  47  20.6020 N  60  21.4910 W   0.2       11.1       13.0        5.9*     136.4*
060601  220851  47  20.6020 N  60  21.4910 W   0.2       11.1       13.0        5.9      136.4 
060601  220853  47  20.6020 N  60  21.4910 W   0.2       11.1       13.0       16.0*     136.4 
060601  220855  47  20.6020 N  60  21.4910 W   0.4       11.1       13.0       16.0       71.3*
060601  220857  47  20.6020 N  60  21.4910 W   0.3       11.1       13.0       16.0       71.3 
060601  220859  47  20.6020 N  60  21.4910 W   0.4       11.1       13.0        4.9*      51.5*
060601  220901  47  20.6020 N  60  21.4910 W   0.1       11.1       13.0        4.9       51.5 
060601  220903  47  20.6020 N  60  21.4910 W   0.4       11.1       13.0        4.9       51.5 
060601  220905  47  20.6020 N  60  21.4910 W   0.1       11.1       13.0        4.9       51.5 
060601  220907  47  20.6020 N  60  21.4910 W   0.2       11.1       13.0        4.9       51.5 
060601  220909  47  20.6020 N  60  21.4910 W   0.6       11.1       13.0       12.3*      51.5 
060601  220911  47  20.6020 N  60  21.4910 W   0.3       11.1       13.0       12.3       51.5 
060601  220913  47  20.6020 N  60  21.4910 W   0.5       11.1       13.0       12.3       51.5 
060601  220915  47  20.6020 N  60  21.4910 W   0.0       11.1       13.0       12.3       51.5 
060601  220917  47  20.6020 N  60  21.4910 W   0.2       11.1       13.0       12.3      172.9*
060601  220919  47  20.6020 N  60  21.4910 W   0.4       11.1       11.8*       4.8*     172.9 
060601  220921  47  20.6020 N  60  21.4910 W   0.4       11.1       11.8        4.8      172.9 
060601  220923  47  20.6020 N  60  21.4910 W   0.7       11.1       11.8        4.8      172.9 
060601  220925  47  20.6020 N  60  21.4910 W   0.2       11.1       11.8        5.0*     172.9 
060601  220927  47  20.6020 N  60  21.4910 W   0.3       11.1       11.8        5.0      172.9 
060601  220929  47  20.6020 N  60  21.4910 W   0.3       11.1       11.8        5.0      172.9 
060601  220931  47  20.6020 N  60  21.4910 W   0.3       11.1       11.8        5.0      172.9 
060601  220933  47  20.6030 N  60  21.4910 W   0.4       11.1       11.8        5.0      172.9 
060601  220935  47  20.6030 N  60  21.4910 W   0.3       11.1       11.8        5.0      172.9 
060601  220937  47  20.6030 N  60  21.4910 W   0.4       11.1       11.8        5.0       60.7*
060601  220939  47  20.6030 N  60  21.4910 W   0.5       11.1       11.8        5.0       60.7 
060601  220942  47  20.6030 N  60  21.4900 W   0.4       11.1       11.8        4.5*      60.7 
060601  220943  47  20.6040 N  60  21.4900 W   0.6       11.1       11.8        4.5       45.7*
060601  220945  47  20.6040 N  60  21.4900 W   0.6       11.1       11.8        4.5       45.7 
060601  220947  47  20.6040 N  60  21.4900 W   0.8       11.1       11.8        4.5       14.1*
