FileName: C:\LOGFILES\POS022.TXT
Local Time: Wed Jul 14 10:18:03 1999

Ship:  Trip:  Tow: 06
Comments: POS022 Canal Laurentien a l'ouest du dumping.
 Date    Time     Latitude       Longitude    Speed Head-Bottom Head-Foot Door
990714  132045  48  13.3200 N  61  57.6700 W   2.0    3.1      2.6      8.9   
990714  132046  48  13.3200 N  61  57.6700 W   2.0    3.1      2.6      8.9   
990714  132047  48  13.3200 N  61  57.6600 W   1.9    3.1      2.6      8.9   
990714  132048  48  13.3200 N  61  57.6600 W   1.9    3.7      2.6      8.9   
990714  132049  48  13.3200 N  61  57.6600 W   2.0    3.7      2.6      8.9   
990714  132050  48  13.3200 N  61  57.6600 W   2.0    3.7      2.6      8.9   
990714  132051  48  13.3200 N  61  57.6600 W   1.9    3.7      2.6      8.9   
990714  132052  48  13.3200 N  61  57.6600 W   2.0    3.7      2.6      8.9   
990714  132053  48  13.3200 N  61  57.6600 W   2.0    3.7      2.6      8.9   
990714  132054  48  13.3100 N  61  57.6600 W   2.0    3.7      3.2      8.9   
990714  132055  48  13.3100 N  61  57.6600 W   2.0    3.7      3.2      8.9   
990714  132056  48  13.3100 N  61  57.6600 W   1.9    3.7      3.2      8.9   
990714  132057  48  13.3100 N  61  57.6600 W   1.9    3.7      3.2      8.9   
990714  132058  48  13.3100 N  61  57.6600 W   2.0    3.7      3.2      8.9   
990714  132059  48  13.3100 N  61  57.6500 W   2.0    3.7      3.2      8.4   
990714  132100  48  13.3100 N  61  57.6500 W   2.0    3.7      3.2      8.4   
990714  132101  48  13.3100 N  61  57.6500 W   2.0    4.4      3.2      8.4   
990714  132102  48  13.3100 N  61  57.6500 W   2.0    4.4      3.2      8.4   
990714  132103  48  13.3100 N  61  57.6500 W   2.0    4.4      3.2      8.4   
990714  132104  48  13.3100 N  61  57.6500 W   1.9    4.4      3.2      7.7   
990714  132105  48  13.3100 N  61  57.6500 W   2.0    4.4      3.2      7.7   
990714  132106  48  13.3100 N  61  57.6500 W   2.0    4.4      3.2      7.7   
990714  132107  48  13.3100 N  61  57.6500 W   2.0    4.4      3.2      7.7   
990714  132108  48  13.3100 N  61  57.6500 W   2.0    4.4      3.2      7.7   
990714  132109  48  13.3100 N  61  57.6500 W   1.9    4.4      3.2      7.7   
990714  132110  48  13.3100 N  61  57.6500 W   1.9    4.4      3.2      8.3   
990714  132111  48  13.3100 N  61  57.6500 W   2.0    4.4      3.2      8.3   
990714  132112  48  13.3100 N  61  57.6400 W   2.0    4.4      3.2      8.3   
990714  132113  48  13.3100 N  61  57.6400 W   1.9    4.4      3.2      8.3   
990714  132114  48  13.3100 N  61  57.6400 W   1.9    4.4      3.2      8.3   
990714  132115  48  13.3100 N  61  57.6400 W   1.9    4.4      3.2      8.7   
990714  132116  48  13.3100 N  61  57.6400 W   2.0    4.4      3.2      8.7   
990714  132117  48  13.3100 N  61  57.6400 W   2.0    4.4      3.2      8.7   
990714  132118  48  13.3100 N  61  57.6400 W   2.0    4.4      3.2      8.7   
990714  132119  48  13.3100 N  61  57.6400 W   1.9    4.4      3.2      8.7   
990714  132120  48  13.3100 N  61  57.6400 W   1.9    4.4      3.2      8.9   
990714  132121  48  13.3100 N  61  57.6400 W   1.9    4.4      2.8      8.9   
990714  132122  48  13.3100 N  61  57.6400 W   2.0    4.4      2.8      8.9   
990714  132123  48  13.3100 N  61  57.6400 W   2.0    4.4      2.8      8.9   
990714  132124  48  13.3100 N  61  57.6300 W   1.9    4.4      2.8      8.9   
990714  132125  48  13.3100 N  61  57.6300 W   1.9    4.4      2.8      8.9   
990714  132126  48  13.3100 N  61  57.6300 W   1.9    4.4      2.8      9.7   
990714  132127  48  13.3100 N  61  57.6300 W   1.9    4.4      2.8      9.7   
990714  132128  48  13.3100 N  61  57.6300 W   1.9    4.4      2.8      9.7   
990714  132129  48  13.3100 N  61  57.6300 W   1.9    8.5      2.8      9.7   
990714  132130  48  13.3100 N  61  57.6300 W   1.9    8.5      2.8      9.7   
990714  132131  48  13.3100 N  61  57.6300 W   1.9    8.5      2.8      9.0   
990714  132132  48  13.3100 N  61  57.6300 W   1.9    8.5      2.8      9.0   
990714  132133  48  13.3100 N  61  57.6300 W   1.9    8.5      2.8      9.0   
990714  132134  48  13.3100 N  61  57.6300 W   2.0    8.5      2.8      9.0   
990714  132135  48  13.3100 N  61  57.6300 W   2.0    8.5      4.0      9.0   
990714  132136  48  13.3100 N  61  57.6300 W   1.9    8.5      4.0      7.2   
990714  132137  48  13.3100 N  61  57.6200 W   1.8    8.5      4.0      7.2   
990714  132138  48  13.3100 N  61  57.6200 W   1.8    8.5      4.0      7.2   
990714  132139  48  13.3100 N  61  57.6200 W   1.9    8.5      4.0      7.2   
990714  132140  48  13.3100 N  61  57.6200 W   1.9    8.5      4.0      7.2   
990714  132141  48  13.3100 N  61  57.6200 W   1.9    8.5      4.0      7.1   
990714  132142  48  13.3100 N  61  57.6200 W   1.9    4.9      4.0      7.1   
990714  132143  48  13.3100 N  61  57.6200 W   1.8    4.9      4.0      7.1   
990714  132144  48  13.3100 N  61  57.6200 W   1.8    4.9      4.0      7.1   
990714  132145  48  13.3100 N  61  57.6200 W   1.9    4.9      4.0      7.1   
990714  132146  48  13.3100 N  61  57.6200 W   1.9    4.9      4.0      7.1   
990714  132147  48  13.3100 N  61  57.6200 W   1.8    4.9      4.0      6.8   
990714  132148  48  13.3100 N  61  57.6200 W   1.8    4.9      1.5      6.8   
990714  132149  48  13.3100 N  61  57.6200 W   1.8    4.9      1.5      6.8   
990714  132150  48  13.3100 N  61  57.6200 W   1.8    4.9      1.5      6.8   
990714  132151  48  13.3100 N  61  57.6100 W   1.8    4.9      1.5      6.8   
990714  132152  48  13.3100 N  61  57.6100 W   1.8    4.9      1.5      6.7   
990714  132153  48  13.3100 N  61  57.6100 W   1.8    4.9      1.5      6.7   
990714  132154  48  13.3100 N  61  57.6100 W   1.8    4.9      1.5      6.7   
990714  132155  48  13.3100 N  61  57.6100 W   1.8    2.9      1.5      6.7   
990714  132156  48  13.3100 N  61  57.6100 W   1.8    2.9      1.5      6.7   
990714  132157  48  13.3100 N  61  57.6100 W   1.8    2.9      1.5      6.8   
990714  132158  48  13.3100 N  61  57.6100 W   1.8    2.9      1.5      6.8   
990714  132159  48  13.3100 N  61  57.6100 W   1.8    2.9      1.5      6.8   
990714  132200  48  13.3100 N  61  57.6100 W   1.8    2.9      1.5      6.8   
990714  132201  48  13.3100 N  61  57.6100 W   1.8    2.9      2.3      6.8   
990714  132202  48  13.3100 N  61  57.6100 W   1.8    2.9      2.3      7.0   
990714  132203  48  13.3100 N  61  57.6100 W   1.8    2.9      2.3      7.0   
990714  132204  48  13.3100 N  61  57.6000 W   1.8    2.9      2.3      7.0   
990714  132205  48  13.3100 N  61  57.6000 W   1.8    2.9      2.3      7.0   
990714  132206  48  13.3100 N  61  57.6000 W   1.8    2.9      2.3      7.0   
990714  132207  48  13.3100 N  61  57.6000 W   1.8    2.9      2.3      7.0   
990714  132208  48  13.3100 N  61  57.6000 W   1.8    2.9      2.3      7.8   
990714  132209  48  13.3100 N  61  57.6000 W   1.8    2.7      2.3      7.8   
990714  132210  48  13.3100 N  61  57.6000 W   1.8    2.7      2.3      7.8   
990714  132211  48  13.3000 N  61  57.6000 W   1.8    2.7      2.3      7.8   
990714  132212  48  13.3000 N  61  57.6000 W   1.8    2.7      2.3      7.8   
990714  132213  48  13.3000 N  61  57.6000 W   1.8    2.7      2.3      6.5   
990714  132214  48  13.3000 N  61  57.6000 W   1.9    2.7      1.5      6.5   
990714  132215  48  13.3000 N  61  57.6000 W   1.8    2.7      1.5      6.5   
990714  132216  48  13.3000 N  61  57.6000 W   1.8    2.7      1.5      6.5   
990714  132217  48  13.3000 N  61  57.6000 W   1.9    2.7      1.5      6.5   
990714  132218  48  13.3000 N  61  57.5900 W   1.9    2.7      1.5      6.5   
990714  132219  48  13.3000 N  61  57.5900 W   1.8    2.7      1.5      6.5   
990714  132220  48  13.3000 N  61  57.5900 W   1.9    2.7      1.5      6.5   
990714  132221  48  13.3000 N  61  57.5900 W   1.9    2.7      1.5      6.5   
990714  132222  48  13.3000 N  61  57.5900 W   1.8    2.9      1.5      6.5   
990714  132223  48  13.3000 N  61  57.5900 W   1.8    2.9      1.5      6.4   
990714  132224  48  13.3000 N  61  57.5900 W   1.9    2.9      1.5      6.4   
990714  132225  48  13.3000 N  61  57.5900 W   1.9    2.9      1.5      6.4   
990714  132226  48  13.3000 N  61  57.5900 W   1.9    2.9      1.5      6.4   
990714  132227  48  13.3000 N  61  57.5900 W   1.9    2.9      1.5      6.4   
990714  132228  48  13.3000 N  61  57.5900 W   1.9    2.9      1.5      6.4   
990714  132229  48  13.3000 N  61  57.5900 W   1.9    2.9      1.5      6.9   
990714  132230  48  13.3000 N  61  57.5900 W   1.9    2.9      1.5      6.9   
990714  132231  48  13.3000 N  61  57.5800 W   1.9    2.9      1.5      6.9   
990714  132232  48  13.3000 N  61  57.5800 W   1.9    2.9      1.5      6.9   
990714  132233  48  13.3000 N  61  57.5800 W   1.9    2.9      1.5      6.9   
990714  132234  48  13.3000 N  61  57.5800 W   1.9    2.9      1.5      7.7   
990714  132235  48  13.3000 N  61  57.5800 W   1.9    2.7      1.5      7.7   
990714  132236  48  13.3000 N  61  57.5800 W   1.9    2.7      1.5      7.7   
990714  132237  48  13.3000 N  61  57.5800 W   2.0    2.7      1.5      7.7   
990714  132238  48  13.3000 N  61  57.5800 W   1.9    2.7      1.5      7.7   
990714  132239  48  13.3000 N  61  57.5800 W   1.9    2.7      1.5      6.7   
990714  132240  48  13.3000 N  61  57.5800 W   1.9    2.7      1.6      6.7   
990714  132241  48  13.3000 N  61  57.5800 W   1.9    2.7      1.6      6.7   
990714  132242  48  13.3000 N  61  57.5800 W   1.9    2.7      1.6      6.7   
990714  132243  48  13.3000 N  61  57.5700 W   2.0    2.7      1.6      6.7   
990714  132244  48  13.3000 N  61  57.5700 W   1.9    2.7      1.6      6.7   
990714  132245  48  13.3000 N  61  57.5700 W   1.9    2.7      1.6      6.5   
990714  132246  48  13.3000 N  61  57.5700 W   1.9    2.7      1.6      6.5   
990714  132247  48  13.3000 N  61  57.5700 W   1.9    2.4      1.6      6.5   
990714  132248  48  13.3000 N  61  57.5700 W   1.9    2.4      1.6      6.5   
990714  132249  48  13.3000 N  61  57.5700 W   1.9    2.4      1.6      6.5   
990714  132250  48  13.3000 N  61  57.5700 W   2.0    2.4      1.6      6.8   
990714  132251  48  13.3000 N  61  57.5700 W   1.9    2.4      1.6      6.8   
990714  132252  48  13.3000 N  61  57.5700 W   1.9    2.4      1.6      6.8   
990714  132253  48  13.3000 N  61  57.5700 W   1.9    2.4      1.5      6.8   
990714  132254  48  13.3000 N  61  57.5700 W   1.9    2.4      1.5      6.8   
990714  132255  48  13.3000 N  61  57.5700 W   1.9    2.4      1.5      5.6   
990714  132256  48  13.3000 N  61  57.5700 W   1.9    2.4      1.5      5.6   
990714  132257  48  13.3000 N  61  57.5600 W   1.9    2.4      1.5      5.6   
990714  132258  48  13.3000 N  61  57.5600 W   1.9    2.4      1.5      5.6   
990714  132259  48  13.3000 N  61  57.5600 W   1.9    2.4      1.5      5.6   
990714  132300  48  13.3000 N  61  57.5600 W   1.9    2.4      1.5      5.6   
990714  132301  48  13.3000 N  61  57.5600 W   1.9    2.4      1.5      5.6   
990714  132302  48  13.3000 N  61  57.5600 W   1.9    2.4      1.5      5.6   
990714  132303  48  13.3000 N  61  57.5600 W   1.9    2.4      1.5      5.6   
990714  132304  48  13.3000 N  61  57.5600 W   1.9    2.4      1.5      5.6   
990714  132305  48  13.3000 N  61  57.5600 W   1.8    2.4      1.5      5.6   
990714  132306  48  13.3000 N  61  57.5600 W   1.9    2.4      1.5      5.7   
990714  132307  48  13.3000 N  61  57.5600 W   1.8    2.4      1.5      5.7   
990714  132308  48  13.3000 N  61  57.5600 W   1.8    2.4      1.5      5.7   
990714  132309  48  13.3000 N  61  57.5600 W   1.9    2.4      1.5      5.7   
990714  132310  48  13.3000 N  61  57.5500 W   1.9    2.4      1.5      5.7   
990714  132311  48  13.3000 N  61  57.5500 W   1.8    2.4      1.5      5.4   
990714  132312  48  13.3000 N  61  57.5500 W   1.8    2.4      1.5      5.4   
990714  132313  48  13.3000 N  61  57.5500 W   1.9    2.4      1.5      5.4   
990714  132314  48  13.3000 N  61  57.5500 W   1.9    3.1      1.5      5.4   
990714  132315  48  13.3000 N  61  57.5500 W   1.9    3.1      1.5      5.4   
990714  132316  48  13.3000 N  61  57.5500 W   1.9    3.1      1.5      5.4   
990714  132317  48  13.3000 N  61  57.5500 W   1.9    3.1      1.5      5.4   
990714  132318  48  13.3000 N  61  57.5500 W   1.9    3.1      1.5      5.4   
990714  132319  48  13.3000 N  61  57.5500 W   1.9    3.1      1.5      5.4   
990714  132320  48  13.3000 N  61  57.5500 W   1.9    3.1      1.6      5.4   
990714  132321  48  13.3000 N  61  57.5500 W   1.9    3.1      1.6      5.4   
990714  132322  48  13.3000 N  61  57.5500 W   1.9    3.1      1.6      5.4   
990714  132323  48  13.2900 N  61  57.5400 W   1.9    3.1      1.6      5.4   
990714  132324  48  13.2900 N  61  57.5400 W   1.9    3.1      1.6      5.4   
990714  132325  48  13.2900 N  61  57.5400 W   1.9    3.1      1.6      5.4   
990714  132326  48  13.2900 N  61  57.5400 W   1.9    3.1      1.6      5.5   
990714  132327  48  13.2900 N  61  57.5400 W   1.9    3.8      1.6      5.5   
990714  132328  48  13.2900 N  61  57.5400 W   1.9    3.8      1.6      5.5   
990714  132329  48  13.2900 N  61  57.5400 W   1.9    3.8      1.6      5.5   
990714  132330  48  13.2900 N  61  57.5400 W   1.9    3.8      1.6      5.5   
990714  132331  48  13.2900 N  61  57.5400 W   1.9    3.8      1.6      5.5   
990714  132332  48  13.2900 N  61  57.5400 W   1.9    3.8      1.6      5.2   
990714  132333  48  13.2900 N  61  57.5400 W   2.0    3.8      1.6      5.2   
990714  132334  48  13.2900 N  61  57.5400 W   1.9    3.8      1.6      5.2   
990714  132335  48  13.2900 N  61  57.5300 W   1.9    3.8      1.6      5.2   
990714  132336  48  13.2900 N  61  57.5300 W   1.9    3.8      1.6      5.2   
990714  132337  48  13.2900 N  61  57.5300 W   1.9    3.8      1.6      5.3   
990714  132338  48  13.2900 N  61  57.5300 W   1.9    3.8      1.6      5.3   
990714  132339  48  13.2900 N  61  57.5300 W   1.9    3.8      1.6      5.3   
990714  132340  48  13.2900 N  61  57.5300 W   2.0    3.8      1.6      5.3   
990714  132341  48  13.2900 N  61  57.5300 W   1.9    3.8      1.6      5.3   
990714  132342  48  13.2900 N  61  57.5300 W   1.9    3.8      1.6      5.1   
990714  132343  48  13.2900 N  61  57.5300 W   1.9    3.8      1.6      5.1   
990714  132344  48  13.2900 N  61  57.5300 W   2.0    3.8      1.6      5.1   
990714  132345  48  13.2900 N  61  57.5300 W   2.0    3.8      1.6      5.1   
990714  132346  48  13.2900 N  61  57.5300 W   2.0    3.8      3.7      5.1   
990714  132347  48  13.2900 N  61  57.5300 W   1.9    3.8      3.7      6.8   
990714  132348  48  13.2900 N  61  57.5200 W   1.9    3.8      3.7      6.8   
990714  132349  48  13.2900 N  61  57.5200 W   2.0    3.8      3.7      6.8   
990714  132350  48  13.2900 N  61  57.5200 W   1.9    3.8      3.7      6.8   
990714  132351  48  13.2900 N  61  57.5200 W   2.0    3.8      3.7      6.8   
990714  132352  48  13.2900 N  61  57.5200 W   2.0    3.8      3.7      6.8   
990714  132353  48  13.2900 N  61  57.5200 W   2.0    3.8      3.7      4.6   
990714  132354  48  13.2900 N  61  57.5200 W   2.0    3.8      3.7      4.6   
990714  132355  48  13.2900 N  61  57.5200 W   1.9    3.8      3.7      4.6   
990714  132356  48  13.2900 N  61  57.5200 W   2.0    3.8      3.7      4.6   
990714  132357  48  13.2900 N  61  57.5200 W   2.0    3.8      3.7      4.6   
990714  132358  48  13.2900 N  61  57.5200 W   2.0    3.8      3.7      4.7   
990714  132359  48  13.2900 N  61  57.5200 W   1.9    3.8      2.4      4.7   
990714  132400  48  13.2900 N  61  57.5100 W   2.0    3.8      2.4      4.7   
990714  132401  48  13.2900 N  61  57.5100 W   1.9    3.8      2.4      4.7   
990714  132402  48  13.2900 N  61  57.5100 W   2.0    3.8      2.4      4.7   
990714  132403  48  13.2900 N  61  57.5100 W   2.0    3.8      2.4      4.5   
990714  132404  48  13.2900 N  61  57.5100 W   2.0    3.8      2.4      4.5   
990714  132405  48  13.2900 N  61  57.5100 W   2.0    3.8      2.4      4.5   
990714  132406  48  13.2900 N  61  57.5100 W   2.0    4.0      2.4      4.5   
990714  132407  48  13.2900 N  61  57.5100 W   1.9    4.0      2.4      4.5   
990714  132408  48  13.2900 N  61  57.5100 W   2.0    4.0      2.4      4.5   
990714  132409  48  13.2900 N  61  57.5100 W   2.0    4.0      2.4      4.5   
990714  132410  48  13.2900 N  61  57.5100 W   1.9    4.0      2.4      4.5   
990714  132411  48  13.2900 N  61  57.5100 W   1.9    4.0      2.4      4.5   
990714  132412  48  13.2900 N  61  57.5100 W   2.0    4.0      2.6      4.5   
990714  132413  48  13.2900 N  61  57.5000 W   2.0    4.0      2.6      4.5   
990714  132414  48  13.2900 N  61  57.5000 W   2.0    4.0      2.6      4.9   
990714  132415  48  13.2900 N  61  57.5000 W   2.0    4.0      2.6      4.9   
990714  132416  48  13.2900 N  61  57.5000 W   2.0    4.0      2.6      4.9   
990714  132417  48  13.2900 N  61  57.5000 W   1.9    4.0      2.6      4.9   
990714  132418  48  13.2900 N  61  57.5000 W   2.0    4.0      2.6      4.9   
990714  132419  48  13.2900 N  61  57.5000 W   2.0    3.9      2.6      4.2   
990714  132420  48  13.2900 N  61  57.5000 W   2.0    3.9      2.6      4.2   
990714  132421  48  13.2900 N  61  57.5000 W   1.9    3.9      2.6      4.2   
990714  132422  48  13.2900 N  61  57.5000 W   2.0    3.9      2.6      4.2   
990714  132423  48  13.2900 N  61  57.5000 W   2.0    3.9      2.6      4.2   
990714  132424  48  13.2900 N  61  57.5000 W   2.0    3.9      2.6      4.3   
990714  132425  48  13.2900 N  61  57.4900 W   2.0    3.9      2.4      4.3   
990714  132426  48  13.2900 N  61  57.4900 W   2.0    3.9      2.4      4.3   
990714  132427  48  13.2900 N  61  57.4900 W   2.0    3.9      2.4      4.3   
990714  132428  48  13.2900 N  61  57.4900 W   2.0    3.9      2.4      4.3   
990714  132429  48  13.2900 N  61  57.4900 W   2.0    3.9      2.4      4.3   
990714  132430  48  13.2900 N  61  57.4900 W   2.0    3.9      2.4      4.3   
990714  132431  48  13.2900 N  61  57.4900 W   2.0    3.9      2.4      4.3   
990714  132432  48  13.2800 N  61  57.4900 W   2.0    3.9      2.4      4.3   
990714  132433  48  13.2800 N  61  57.4900 W   1.9    4.3      2.4      4.3   
990714  132434  48  13.2800 N  61  57.4900 W   2.0    4.3      2.4      4.3   
990714  132435  48  13.2800 N  61  57.4900 W   2.0    4.3      2.4      4.7   
990714  132436  48  13.2800 N  61  57.4900 W   2.0    4.3      2.4      4.7   
990714  132437  48  13.2800 N  61  57.4800 W   2.0    4.3      2.4      4.7   
990714  132438  48  13.2800 N  61  57.4800 W   2.0    4.3      2.4      4.7   
990714  132439  48  13.2800 N  61  57.4800 W   2.0    4.3      2.2      4.7   
990714  132440  48  13.2800 N  61  57.4800 W   2.0    4.3      2.2      4.3   
990714  132441  48  13.2800 N  61  57.4800 W   2.0    4.3      2.2      4.3   
990714  132442  48  13.2800 N  61  57.4800 W   2.0    4.3      2.2      4.3   
990714  132443  48  13.2800 N  61  57.4800 W   1.9    4.3      2.2      4.3   
990714  132444  48  13.2800 N  61  57.4800 W   2.0    4.3      2.2      4.3   
990714  132445  48  13.2800 N  61  57.4800 W   2.0    4.3      2.2      4.4   
990714  132446  48  13.2800 N  61  57.4800 W   2.0    3.8      2.2      4.4   
990714  132447  48  13.2800 N  61  57.4800 W   2.0    3.8      2.2      4.4   
990714  132448  48  13.2800 N  61  57.4800 W   2.0    3.8      2.2      4.4   
990714  132449  48  13.2800 N  61  57.4800 W   2.0    3.8      2.2      4.4   
990714  132450  48  13.2800 N  61  57.4700 W   1.9    3.8      2.2      5.3   
990714  132451  48  13.2800 N  61  57.4700 W   2.0    3.8      2.2      5.3   
990714  132452  48  13.2800 N  61  57.4700 W   2.0    3.8      2.4      5.3   
990714  132453  48  13.2800 N  61  57.4700 W   1.9    3.8      2.4      5.3   
990714  132454  48  13.2800 N  61  57.4700 W   1.9    3.8      2.4      5.3   
990714  132455  48  13.2800 N  61  57.4700 W   2.0    3.8      2.4      4.9   
990714  132456  48  13.2800 N  61  57.4700 W   2.0    3.8      2.4      4.9   
990714  132457  48  13.2800 N  61  57.4700 W   2.0    3.8      2.4      4.9   
990714  132458  48  13.2800 N  61  57.4700 W   2.0    3.8      2.4      4.9   
990714  132459  48  13.2800 N  61  57.4700 W   1.9    4.4      2.4      4.9   
990714  132500  48  13.2800 N  61  57.4700 W   1.9    4.4      2.4      4.9   
990714  132501  48  13.2800 N  61  57.4700 W   1.9    4.4      2.4      4.6   
990714  132502  48  13.2800 N  61  57.4700 W   1.9    4.4      2.4      4.6   
990714  132503  48  13.2800 N  61  57.4600 W   2.0    4.4      2.4      4.6   
990714  132504  48  13.2800 N  61  57.4600 W   2.0    4.4      2.4      4.6   
990714  132505  48  13.2800 N  61  57.4600 W   2.0    4.4      2.3      4.6   
990714  132506  48  13.2800 N  61  57.4600 W   1.9    4.4      2.3      4.6   
990714  132507  48  13.2800 N  61  57.4600 W   1.9    4.4      2.3      4.6   
990714  132508  48  13.2800 N  61  57.4600 W   2.0    4.4      2.3      4.6   
990714  132509  48  13.2800 N  61  57.4600 W   2.0    4.4      2.3      4.6   
990714  132510  48  13.2800 N  61  57.4600 W   2.0    4.4      2.3      4.6   
990714  132511  48  13.2800 N  61  57.4600 W   1.9    4.4      2.3      4.7   
990714  132512  48  13.2800 N  61  57.4600 W   2.0    4.0      2.3      4.7   
990714  132513  48  13.2800 N  61  57.4600 W   2.0    4.0      2.3      4.7   
990714  132514  48  13.2800 N  61  57.4600 W   2.0    4.0      2.3      4.7   
990714  132515  48  13.2800 N  61  57.4500 W   2.0    4.0      2.3      4.7   
990714  132516  48  13.2800 N  61  57.4500 W   2.0    4.0      2.3      5.7   
990714  132517  48  13.2800 N  61  57.4500 W   2.0    4.0      2.3      5.7   
990714  132518  48  13.2800 N  61  57.4500 W   1.9    4.0      1.5      5.7   
990714  132519  48  13.2800 N  61  57.4500 W   2.0    4.0      1.5      5.7   
990714  132520  48  13.2800 N  61  57.4500 W   2.0    4.0      1.5      5.7   
990714  132521  48  13.2800 N  61  57.4500 W   2.0    4.0      1.5      5.7   
990714  132522  48  13.2800 N  61  57.4500 W   1.9    4.0      1.5      6.2   
990714  132523  48  13.2800 N  61  57.4500 W   2.0    4.0      1.5      6.2   
990714  132524  48  13.2800 N  61  57.4500 W   2.0    4.0      1.5      6.2   
990714  132525  48  13.2800 N  61  57.4500 W   2.0    3.5      1.5      6.2   
990714  132526  48  13.2800 N  61  57.4500 W   2.0    3.5      1.5      6.2   
990714  132527  48  13.2700 N  61  57.4500 W   2.0    3.5      1.5      5.3   
990714  132528  48  13.2700 N  61  57.4400 W   2.0    3.5      1.5      5.3   
990714  132529  48  13.2700 N  61  57.4400 W   2.0    3.5      1.5      5.3   
990714  132530  48  13.2700 N  61  57.4400 W   2.0    3.5      1.5      5.3   
990714  132531  48  13.2700 N  61  57.4400 W   2.0    3.5      1.5      5.3   
990714  132532  48  13.2700 N  61  57.4400 W   2.0    3.5      1.5      5.6   
990714  132533  48  13.2700 N  61  57.4400 W   2.0    3.5      1.5      5.6   
990714  132534  48  13.2700 N  61  57.4400 W   2.0    3.5      1.5      5.6   
990714  132535  48  13.2700 N  61  57.4400 W   2.0    3.5      1.5      5.6   
990714  132536  48  13.2700 N  61  57.4400 W   2.0    3.5      1.5      5.6   
990714  132537  48  13.2700 N  61  57.4400 W   2.0    3.5      1.5      5.3   
990714  132538  48  13.2700 N  61  57.4400 W   2.0    3.0      1.5      5.3   
990714  132539  48  13.2700 N  61  57.4400 W   2.0    3.0      1.5      5.3   
990714  132540  48  13.2700 N  61  57.4300 W   2.0    3.0      1.5      5.3   
990714  132541  48  13.2700 N  61  57.4300 W   2.0    3.0      1.5      5.3   
990714  132542  48  13.2700 N  61  57.4300 W   2.0    3.0      1.5      5.3   
990714  132543  48  13.2700 N  61  57.4300 W   2.0    3.0      1.5      5.0   
990714  132544  48  13.2700 N  61  57.4300 W   2.0    3.0      1.5      5.0   
990714  132545  48  13.2700 N  61  57.4300 W   2.0    3.0      1.5      5.0   
990714  132546  48  13.2700 N  61  57.4300 W   2.0    3.0      1.5      5.0   
990714  132547  48  13.2700 N  61  57.4300 W   2.0    3.0      1.5      5.0   
990714  132548  48  13.2700 N  61  57.4300 W   2.0    3.0      1.5      5.1   
990714  132549  48  13.2700 N  61  57.4300 W   2.0    3.0      1.5      5.1   
990714  132550  48  13.2700 N  61  57.4300 W   2.0    3.0      1.5      5.1   
990714  132551  48  13.2700 N  61  57.4300 W   2.0    3.6      1.5      5.1   
990714  132552  48  13.2700 N  61  57.4200 W   2.0    3.6      1.5      5.1   
990714  132553  48  13.2700 N  61  57.4200 W   2.1    3.6      1.5      4.8   
990714  132554  48  13.2700 N  61  57.4200 W   2.0    3.6      1.5      4.8   
990714  132555  48  13.2700 N  61  57.4200 W   2.0    3.6      1.5      4.8   
990714  132556  48  13.2700 N  61  57.4200 W   2.1    3.6      1.5      4.8   
990714  132557  48  13.2700 N  61  57.4200 W   2.0    3.6      1.5      4.8   
