FileName: C:\LOGFILES\POS036.TXT
Local Time: Thu Jul 15 10:18:52 1999

Ship:  Trip:  Tow: 05
Comments: POS036 Canal Laurentien nord-est des Iles.
 Date    Time     Latitude       Longitude    Speed Head-Bottom Head-Foot Door
990715  132134  47  57.1100 N  61   6.6800 W   1.0    3.5      2.9      5.6   
990715  132135  47  57.1100 N  61   6.6800 W   1.0    3.5      2.9      5.6   
990715  132136  47  57.1100 N  61   6.6800 W   1.0    3.5      2.9      5.6   
990715  132137  47  57.1100 N  61   6.6800 W   1.0    4.5      2.9      5.6   
990715  132138  47  57.1100 N  61   6.6800 W   1.0    4.5      2.9      5.6   
990715  132139  47  57.1100 N  61   6.6800 W   1.0    4.5      2.9      5.2   
990715  132140  47  57.1100 N  61   6.6800 W   1.0    4.5      2.9      5.2   
990715  132141  47  57.1100 N  61   6.6800 W   1.1    4.5      2.9      5.2   
990715  132142  47  57.1100 N  61   6.6800 W   1.1    4.5      2.9      5.2   
990715  132143  47  57.1100 N  61   6.6800 W   1.1    4.5      2.4      5.2   
990715  132144  47  57.1100 N  61   6.6800 W   1.1    4.5      2.4      5.2   
990715  132145  47  57.1100 N  61   6.6800 W   1.1    4.5      2.4      5.9   
990715  132146  47  57.1100 N  61   6.6800 W   1.1    4.5      2.4      5.9   
990715  132147  47  57.1100 N  61   6.6800 W   1.1    4.5      2.4      5.9   
990715  132148  47  57.1100 N  61   6.6800 W   1.1    4.5      2.4      5.9   
990715  132149  47  57.1100 N  61   6.6800 W   1.1    4.5      2.4      5.9   
990715  132150  47  57.1100 N  61   6.6800 W   1.1    3.9      2.4      6.7   
990715  132151  47  57.1100 N  61   6.6800 W   1.2    3.9      2.4      6.7   
990715  132152  47  57.1200 N  61   6.6900 W   1.2    3.9      2.4      6.7   
990715  132153  47  57.1200 N  61   6.6900 W   1.1    3.9      2.4      6.7   
990715  132154  47  57.1200 N  61   6.6900 W   1.1    3.9      2.4      6.7   
990715  132155  47  57.1200 N  61   6.6900 W   1.2    3.9      2.4      7.1   
990715  132156  47  57.1200 N  61   6.6900 W   1.2    3.9      2.7      7.1   
990715  132157  47  57.1200 N  61   6.6900 W   1.2    3.9      2.7      7.1   
990715  132158  47  57.1200 N  61   6.6900 W   1.2    3.9      2.7      7.1   
990715  132159  47  57.1200 N  61   6.6900 W   1.2    3.9      2.7      7.1   
990715  132200  47  57.1200 N  61   6.6900 W   1.3    3.9      2.7      5.8   
990715  132201  47  57.1200 N  61   6.6900 W   1.3    3.9      2.7      5.8   
990715  132202  47  57.1200 N  61   6.6900 W   1.3    3.9      2.7      5.8   
990715  132203  47  57.1200 N  61   6.6900 W   1.3    5.5      2.7      5.8   
990715  132204  47  57.1200 N  61   6.6900 W   1.4    5.5      2.7      5.8   
990715  132205  47  57.1200 N  61   6.6900 W   1.4    5.5      2.7      5.8   
990715  132206  47  57.1200 N  61   6.6900 W   1.3    5.5      2.7      5.9   
990715  132207  47  57.1200 N  61   6.6900 W   1.4    5.5      2.7      5.9   
990715  132208  47  57.1200 N  61   6.6900 W   1.4    5.5      2.7      5.9   
990715  132209  47  57.1200 N  61   6.6900 W   1.4    5.5      2.2      5.9   
990715  132210  47  57.1200 N  61   6.6900 W   1.4    5.5      2.2      5.9   
990715  132211  47  57.1200 N  61   6.6900 W   1.4    5.5      2.2      6.2   
990715  132212  47  57.1200 N  61   6.6900 W   1.4    5.5      2.2      6.2   
990715  132213  47  57.1200 N  61   6.6900 W   1.5    5.5      2.2      6.2   
990715  132214  47  57.1200 N  61   6.6900 W   1.5    5.5      2.2      6.2   
990715  132215  47  57.1200 N  61   6.6900 W   1.5    5.5      2.2      6.2   
990715  132216  47  57.1200 N  61   6.6900 W   1.5    5.5      2.2      6.4   
990715  132217  47  57.1200 N  61   6.7000 W   1.5    5.5      2.2      6.4   
990715  132218  47  57.1200 N  61   6.7000 W   1.5    5.5      2.2      6.4   
990715  132219  47  57.1200 N  61   6.7000 W   1.5    5.5      2.2      6.4   
990715  132220  47  57.1200 N  61   6.7000 W   1.5    5.5      2.2      6.4   
990715  132221  47  57.1200 N  61   6.7000 W   1.5    5.5      2.2      6.8   
990715  132222  47  57.1200 N  61   6.7000 W   1.6    5.5      2.2      6.8   
990715  132223  47  57.1300 N  61   6.7000 W   1.6    5.5      2.2      6.8   
990715  132224  47  57.1300 N  61   6.7000 W   1.6    5.5      2.2      6.8   
990715  132225  47  57.1300 N  61   6.7000 W   1.6    5.5      2.2      6.8   
990715  132226  47  57.1300 N  61   6.7000 W   1.6    5.5      2.2      6.8   
990715  132227  47  57.1300 N  61   6.7000 W   1.6    5.5      2.2      8.1   
990715  132228  47  57.1300 N  61   6.7000 W   1.6    5.5      2.2      8.1   
990715  132229  47  57.1300 N  61   6.7000 W   1.6    2.2      2.2      8.1   
990715  132230  47  57.1300 N  61   6.7000 W   1.6    2.2      2.2      8.1   
990715  132231  47  57.1300 N  61   6.7000 W   1.6    2.2      2.2      8.1   
990715  132232  47  57.1300 N  61   6.7000 W   1.6    2.2      2.2      7.5   
990715  132233  47  57.1300 N  61   6.7000 W   1.7    2.2      2.2      7.5   
990715  132234  47  57.1300 N  61   6.7000 W   1.7    2.2      2.2      7.5   
990715  132235  47  57.1300 N  61   6.7000 W   1.7    2.2      1.5      7.5   
990715  132236  47  57.1300 N  61   6.7100 W   1.7    2.2      1.5      7.5   
990715  132237  47  57.1300 N  61   6.7100 W   1.7    2.2      1.5      7.2   
990715  132238  47  57.1300 N  61   6.7100 W   1.7    2.2      1.5      7.2   
990715  132239  47  57.1300 N  61   6.7100 W   1.7    2.2      1.5      7.2   
990715  132240  47  57.1300 N  61   6.7100 W   1.7    2.2      1.5      7.2   
990715  132241  47  57.1300 N  61   6.7100 W   1.7    2.2      1.5      7.2   
990715  132242  47  57.1300 N  61   6.7100 W   1.8    2.2      1.5      7.3   
990715  132243  47  57.1300 N  61   6.7100 W   1.8    2.2      1.5      7.3   
990715  132244  47  57.1300 N  61   6.7100 W   1.7    2.2      1.5      7.3   
990715  132245  47  57.1300 N  61   6.7100 W   1.7    2.2      1.5      7.3   
990715  132246  47  57.1300 N  61   6.7100 W   1.8    2.2      1.5      7.3   
990715  132247  47  57.1300 N  61   6.7100 W   1.8    2.2      1.5      7.3   
990715  132248  47  57.1300 N  61   6.7100 W   1.8    2.2      1.6      7.7   
990715  132249  47  57.1300 N  61   6.7100 W   1.8    2.2      1.6      7.7   
990715  132250  47  57.1400 N  61   6.7100 W   1.8    2.2      1.6      7.7   
990715  132251  47  57.1400 N  61   6.7100 W   1.8    2.2      1.6      7.7   
990715  132252  47  57.1400 N  61   6.7100 W   1.8    2.2      1.6      7.7   
990715  132253  47  57.1400 N  61   6.7100 W   1.8    2.2      1.6      7.8   
990715  132254  47  57.1400 N  61   6.7100 W   1.7    2.2      1.6      7.8   
990715  132255  47  57.1400 N  61   6.7100 W   1.7    2.1      1.6      7.8   
990715  132256  47  57.1400 N  61   6.7200 W   1.8    2.1      1.6      7.8   
990715  132257  47  57.1400 N  61   6.7200 W   1.8    2.1      1.6      7.8   
990715  132258  47  57.1400 N  61   6.7200 W   1.8    2.1      1.6      8.3   
990715  132259  47  57.1400 N  61   6.7200 W   1.8    2.1      1.6      8.3   
990715  132300  47  57.1400 N  61   6.7200 W   1.8    2.1      1.6      8.3   
990715  132301  47  57.1400 N  61   6.7200 W   1.7    2.1      1.5      8.3   
990715  132302  47  57.1400 N  61   6.7200 W   1.8    2.1      1.5      8.3   
990715  132303  47  57.1400 N  61   6.7200 W   1.8    2.1      1.5     -7.1   
990715  132304  47  57.1400 N  61   6.7200 W   1.7    2.1      1.5     -7.1   
990715  132305  47  57.1400 N  61   6.7200 W   1.8    2.1      1.5     -7.1   
990715  132306  47  57.1400 N  61   6.7200 W   1.8    2.1      1.5     -7.1   
990715  132307  47  57.1400 N  61   6.7200 W   1.8    2.1      1.5     -7.1   
990715  132308  47  57.1400 N  61   6.7200 W   1.8    2.1      1.5     -7.1   
990715  132309  47  57.1400 N  61   6.7200 W   1.8    2.1      1.5     -7.1   
990715  132310  47  57.1400 N  61   6.7200 W   1.8    2.1      1.5     -7.1   
990715  132311  47  57.1400 N  61   6.7200 W   1.8    2.1      1.5     -7.1   
990715  132312  47  57.1400 N  61   6.7200 W   1.8    2.1      1.5     -7.1   
990715  132313  47  57.1400 N  61   6.7200 W   1.8    2.1      1.5     -7.1   
990715  132314  47  57.1400 N  61   6.7200 W   1.8    2.1      1.5     -7.1   
990715  132315  47  57.1400 N  61   6.7300 W   1.8    2.1      1.5     -7.1   
990715  132316  47  57.1500 N  61   6.7300 W   1.8    2.1      1.5     -7.1   
990715  132317  47  57.1500 N  61   6.7300 W   1.8    2.1      1.5     -7.1   
990715  132318  47  57.1500 N  61   6.7300 W   1.8    2.1      1.5     -7.1   
990715  132319  47  57.1500 N  61   6.7300 W   1.8    2.1      1.5     -7.3   
990715  132320  47  57.1500 N  61   6.7300 W   1.8    2.1      1.5     -7.3   
990715  132321  47  57.1500 N  61   6.7300 W   1.8    2.1      1.5     -7.3   
990715  132322  47  57.1500 N  61   6.7300 W   1.8    2.1      1.5     -7.3   
990715  132323  47  57.1500 N  61   6.7300 W   1.8    2.1      1.5     -7.3   
990715  132324  47  57.1500 N  61   6.7300 W   1.8    2.1      1.5      9.9   
990715  132325  47  57.1500 N  61   6.7300 W   1.8    2.1      1.5      9.9   
990715  132326  47  57.1500 N  61   6.7300 W   1.8    2.1      1.5      9.9   
990715  132327  47  57.1500 N  61   6.7300 W   1.8    2.1      1.5      9.9   
990715  132328  47  57.1500 N  61   6.7300 W   1.8    2.1      1.5      9.9   
990715  132329  47  57.1500 N  61   6.7300 W   1.8    2.1      1.5     11.0   
990715  132330  47  57.1500 N  61   6.7300 W   1.8    2.1      1.5     11.0   
990715  132331  47  57.1500 N  61   6.7300 W   1.8    2.1      1.5     11.0   
990715  132332  47  57.1500 N  61   6.7300 W   1.8    2.1      1.5     11.0   
990715  132333  47  57.1500 N  61   6.7400 W   1.9    2.1      1.5     11.0   
990715  132334  47  57.1500 N  61   6.7400 W   1.8    2.3      1.5     10.7   
990715  132335  47  57.1500 N  61   6.7400 W   1.8    2.3      1.5     10.7   
990715  132336  47  57.1500 N  61   6.7400 W   1.9    2.3      1.5     10.7   
990715  132337  47  57.1500 N  61   6.7400 W   1.8    2.3      1.5     10.7   
990715  132338  47  57.1500 N  61   6.7400 W   1.8    2.3      1.5     10.7   
990715  132339  47  57.1500 N  61   6.7400 W   1.8    2.3      1.5     10.7   
990715  132340  47  57.1500 N  61   6.7400 W   1.8    2.3      1.5     -7.4   
990715  132341  47  57.1500 N  61   6.7400 W   1.8    2.3      1.5     -7.4   
990715  132342  47  57.1600 N  61   6.7400 W   1.8    2.3      1.5     -7.4   
990715  132343  47  57.1600 N  61   6.7400 W   1.8    2.3      1.5     -7.4   
990715  132344  47  57.1600 N  61   6.7400 W   1.8    2.3      1.5     -7.4   
990715  132345  47  57.1600 N  61   6.7400 W   1.8    2.3      1.5     10.8   
990715  132346  47  57.1600 N  61   6.7400 W   1.8    2.3      1.5     10.8   
990715  132347  47  57.1600 N  61   6.7400 W   1.8    2.2      1.5     10.8   
990715  132348  47  57.1600 N  61   6.7400 W   1.8    2.2      1.5     10.8   
990715  132349  47  57.1600 N  61   6.7400 W   1.8    2.2      1.5     10.8   
990715  132350  47  57.1600 N  61   6.7400 W   1.8    2.2      1.5     10.9   
990715  132351  47  57.1600 N  61   6.7500 W   1.8    2.2      1.5     10.9   
990715  132352  47  57.1600 N  61   6.7500 W   1.8    2.2      1.5     10.9   
990715  132353  47  57.1600 N  61   6.7500 W   1.8    2.2      1.5     10.9   
990715  132354  47  57.1600 N  61   6.7500 W   1.8    2.2      1.5     10.9   
990715  132355  47  57.1600 N  61   6.7500 W   1.8    2.2      1.5     10.7   
990715  132356  47  57.1600 N  61   6.7500 W   1.8    2.2      1.5     10.7   
990715  132357  47  57.1600 N  61   6.7500 W   1.8    2.2      1.5     10.7   
990715  132358  47  57.1600 N  61   6.7500 W   1.8    2.2      1.5     10.7   
990715  132359  47  57.1600 N  61   6.7500 W   1.8    2.2      1.5     10.7   
990715  132400  47  57.1600 N  61   6.7500 W   1.8    2.1      1.5     10.7   
990715  132401  47  57.1600 N  61   6.7500 W   1.8    2.1      1.5     10.5   
990715  132402  47  57.1600 N  61   6.7500 W   1.8    2.1      1.5     10.5   
990715  132403  47  57.1600 N  61   6.7500 W   1.8    2.1      1.5     10.5   
990715  132404  47  57.1600 N  61   6.7500 W   1.8    2.1      1.5     10.5   
990715  132405  47  57.1600 N  61   6.7500 W   1.8    2.1      1.5     10.5   
990715  132406  47  57.1600 N  61   6.7500 W   1.9    2.1      1.5     11.9   
990715  132407  47  57.1600 N  61   6.7500 W   1.8    2.1      1.5     11.9   
990715  132408  47  57.1600 N  61   6.7500 W   1.8    2.1      1.5     11.9   
990715  132409  47  57.1600 N  61   6.7600 W   1.9    2.1      1.5     11.9   
990715  132410  47  57.1700 N  61   6.7600 W   1.9    2.1      1.5     11.9   
990715  132411  47  57.1700 N  61   6.7600 W   1.8    2.1      1.5     11.0   
990715  132412  47  57.1700 N  61   6.7600 W   1.8    2.1      1.5     11.0   
990715  132413  47  57.1700 N  61   6.7600 W   1.9    2.1      1.5     11.0   
990715  132414  47  57.1700 N  61   6.7600 W   1.9    2.1      1.5     11.0   
990715  132415  47  57.1700 N  61   6.7600 W   1.8    2.1      1.5     11.0   
990715  132416  47  57.1700 N  61   6.7600 W   1.9    2.1      1.5     11.0   
990715  132417  47  57.1700 N  61   6.7600 W   1.9    2.1      1.5     10.8   
990715  132418  47  57.1700 N  61   6.7600 W   1.9    2.1      1.5     10.8   
990715  132419  47  57.1700 N  61   6.7600 W   1.8    2.1      1.6     10.8   
990715  132420  47  57.1700 N  61   6.7600 W   1.9    2.1      1.6     10.8   
990715  132421  47  57.1700 N  61   6.7600 W   1.9    2.1      1.6     10.8   
990715  132422  47  57.1700 N  61   6.7600 W   1.8    2.1      1.6     -6.8   
990715  132423  47  57.1700 N  61   6.7600 W   1.8    2.1      1.6     -6.8   
990715  132424  47  57.1700 N  61   6.7600 W   1.9    2.1      1.6     -6.8   
990715  132425  47  57.1700 N  61   6.7600 W   1.8    2.1      1.6     -6.8   
990715  132426  47  57.1700 N  61   6.7600 W   1.8    2.1      1.6     -6.8   
990715  132427  47  57.1700 N  61   6.7600 W   1.9    2.1      1.6     10.7   
990715  132428  47  57.1700 N  61   6.7700 W   1.8    2.1      1.6     10.7   
990715  132429  47  57.1700 N  61   6.7700 W   1.8    2.1      1.6     10.7   
990715  132430  47  57.1700 N  61   6.7700 W   1.8    2.1      1.6     10.7   
990715  132431  47  57.1700 N  61   6.7700 W   1.9    2.1      1.6     10.7   
990715  132432  47  57.1700 N  61   6.7700 W   1.9    2.1      1.5     11.0   
990715  132433  47  57.1700 N  61   6.7700 W   1.8    2.1      1.5     11.0   
990715  132434  47  57.1700 N  61   6.7700 W   1.9    2.1      1.5     11.0   
990715  132435  47  57.1700 N  61   6.7700 W   1.9    2.1      1.5     11.0   
990715  132436  47  57.1700 N  61   6.7700 W   1.9    2.1      1.5     11.0   
990715  132437  47  57.1800 N  61   6.7700 W   1.9    2.1      1.5     11.0   
990715  132438  47  57.1800 N  61   6.7700 W   1.9    2.1      1.5     11.2   
990715  132439  47  57.1800 N  61   6.7700 W   1.9    2.1      1.5     11.2   
990715  132440  47  57.1800 N  61   6.7700 W   2.0    2.1      1.5     11.2   
990715  132441  47  57.1800 N  61   6.7700 W   1.9    2.1      1.5     11.2   
990715  132442  47  57.1800 N  61   6.7700 W   1.9    2.1      1.5     11.2   
990715  132443  47  57.1800 N  61   6.7700 W   1.9    2.1      1.5     10.8   
990715  132444  47  57.1800 N  61   6.7700 W   1.9    2.1      1.5     10.8   
990715  132445  47  57.1800 N  61   6.7700 W   1.9    2.1      1.5     10.8   
990715  132446  47  57.1800 N  61   6.7800 W   1.9    2.1      1.5     10.8   
990715  132447  47  57.1800 N  61   6.7800 W   1.9    2.1      1.5     10.8   
990715  132448  47  57.1800 N  61   6.7800 W   1.9    2.1      1.5     11.0   
990715  132449  47  57.1800 N  61   6.7800 W   2.0    2.1      1.5     11.0   
990715  132450  47  57.1800 N  61   6.7800 W   1.9    2.1      1.5     11.0   
990715  132451  47  57.1800 N  61   6.7800 W   1.9    2.1      1.5     11.0   
990715  132452  47  57.1800 N  61   6.7800 W   1.9    2.1      1.5     11.0   
990715  132453  47  57.1800 N  61   6.7800 W   1.9    2.1      1.5     -7.1   
990715  132454  47  57.1800 N  61   6.7800 W   1.9    2.1      1.5     -7.1   
990715  132455  47  57.1800 N  61   6.7800 W   1.9    2.1      1.5     -7.1   
990715  132456  47  57.1800 N  61   6.7800 W   1.9    2.1      1.5     -7.1   
990715  132457  47  57.1800 N  61   6.7800 W   1.9    2.1      1.5     -7.1   
990715  132458  47  57.1800 N  61   6.7800 W   1.9    2.1      1.5     -7.1   
990715  132459  47  57.1800 N  61   6.7800 W   1.9    2.1      1.5     10.3   
990715  132500  47  57.1800 N  61   6.7800 W   2.0    2.1      1.5     10.3   
990715  132501  47  57.1800 N  61   6.7800 W   1.9    2.1      1.5     10.3   
990715  132502  47  57.1800 N  61   6.7800 W   1.9    2.1      1.5     10.3   
990715  132503  47  57.1800 N  61   6.7800 W   1.9    2.1      1.5     10.3   
990715  132504  47  57.1900 N  61   6.7800 W   1.9    2.1      1.5     10.2   
990715  132505  47  57.1900 N  61   6.7900 W   1.9    2.1      1.5     10.2   
990715  132506  47  57.1900 N  61   6.7900 W   1.9    2.1      1.5     10.2   
990715  132507  47  57.1900 N  61   6.7900 W   1.9    2.1      1.5     10.2   
990715  132508  47  57.1900 N  61   6.7900 W   1.9    2.1      1.5     10.2   
990715  132509  47  57.1900 N  61   6.7900 W   1.9    2.1      1.5     10.2   
990715  132510  47  57.1900 N  61   6.7900 W   1.9    2.1      1.5     10.2   
990715  132511  47  57.1900 N  61   6.7900 W   1.9    2.1      1.5     10.2   
990715  132512  47  57.1900 N  61   6.7900 W   1.9    2.1      1.5     10.2   
990715  132513  47  57.1900 N  61   6.7900 W   1.9    2.1      1.5     10.2   
990715  132514  47  57.1900 N  61   6.7900 W   1.9    2.1      1.5     10.2   
990715  132515  47  57.1900 N  61   6.7900 W   1.9    2.1      1.5     10.2   
990715  132516  47  57.1900 N  61   6.7900 W   2.0    2.1      1.5     10.2   
990715  132517  47  57.1900 N  61   6.7900 W   2.0    2.1      1.5     10.2   
990715  132518  47  57.1900 N  61   6.7900 W   1.9    2.1      1.5     10.2   
990715  132519  47  57.1900 N  61   6.7900 W   1.9    2.1      1.5     10.2   
990715  132520  47  57.1900 N  61   6.7900 W   1.9    2.1      1.5     10.5   
990715  132521  47  57.1900 N  61   6.7900 W   1.9    2.1      1.5     10.5   
990715  132522  47  57.1900 N  61   6.7900 W   1.9    2.1      1.5     10.5   
990715  132523  47  57.1900 N  61   6.7900 W   1.9    2.1      1.5     10.5   
990715  132524  47  57.1900 N  61   6.8000 W   1.9    2.1      1.5     10.5   
990715  132525  47  57.1900 N  61   6.8000 W   2.0    2.1      1.5     -7.2   
990715  132526  47  57.1900 N  61   6.8000 W   2.0    2.1      1.5     -7.2   
990715  132527  47  57.1900 N  61   6.8000 W   1.9    2.1      1.5     -7.2   
990715  132528  47  57.1900 N  61   6.8000 W   1.9    2.1      1.5     -7.2   
990715  132529  47  57.1900 N  61   6.8000 W   1.9    2.1      1.5     -7.2   
990715  132530  47  57.1900 N  61   6.8000 W   1.9    2.1      1.5     -7.1   
990715  132531  47  57.2000 N  61   6.8000 W   1.9    2.1      1.5     -7.1   
990715  132532  47  57.2000 N  61   6.8000 W   1.9    2.1      1.5     -7.1   
990715  132533  47  57.2000 N  61   6.8000 W   1.9    2.1      1.5     -7.1   
990715  132534  47  57.2000 N  61   6.8000 W   1.9    2.1      1.5     -7.1   
990715  132535  47  57.2000 N  61   6.8000 W   1.9    2.1      1.5     -7.1   
990715  132536  47  57.2000 N  61   6.8000 W   1.9    2.1      1.5     -7.1   
990715  132537  47  57.2000 N  61   6.8000 W   1.9    2.1      1.5     -7.1   
990715  132538  47  57.2000 N  61   6.8000 W   1.9    2.1      1.5     -7.1   
990715  132539  47  57.2000 N  61   6.8000 W   1.9    2.1      1.5     -7.1   
990715  132540  47  57.2000 N  61   6.8000 W   1.9    2.1      1.5     -7.2   
990715  132541  47  57.2000 N  61   6.8000 W   1.9    2.1      1.5     -7.2   
990715  132542  47  57.2000 N  61   6.8100 W   2.0    2.1      1.5     -7.2   
990715  132543  47  57.2000 N  61   6.8100 W   2.0    2.2      1.5     -7.2   
990715  132544  47  57.2000 N  61   6.8100 W   1.9    2.2      1.5     -7.2   
990715  132545  47  57.2000 N  61   6.8100 W   1.9    2.2      1.5     -7.1   
990715  132546  47  57.2000 N  61   6.8100 W   1.9    2.2      1.5     -7.1   
990715  132547  47  57.2000 N  61   6.8100 W   1.9    2.2      1.5     -7.1   
990715  132548  47  57.2000 N  61   6.8100 W   1.9    2.2      1.5     -7.1   
990715  132549  47  57.2000 N  61   6.8100 W   1.9    2.2      1.5     -7.1   
990715  132550  47  57.2000 N  61   6.8100 W   1.9    2.2      1.5     10.4   
990715  132551  47  57.2000 N  61   6.8100 W   1.9    2.2      1.5     10.4   
990715  132552  47  57.2000 N  61   6.8100 W   1.9    2.2      1.5     10.4   
990715  132553  47  57.2000 N  61   6.8100 W   1.9    2.2      1.5     10.4   
990715  132554  47  57.2000 N  61   6.8100 W   1.9    2.2      1.5     10.4   
990715  132555  47  57.2000 N  61   6.8100 W   1.9    2.2      1.5     10.4   
990715  132556  47  57.2000 N  61   6.8100 W   1.9    2.2      1.5     -7.2   
990715  132557  47  57.2000 N  61   6.8100 W   1.9    2.2      1.5     -7.2   
990715  132558  47  57.2100 N  61   6.8100 W   2.0    2.2      1.5     -7.2   
990715  132559  47  57.2100 N  61   6.8200 W   1.9    2.2      1.5     -7.2   
990715  132600  47  57.2100 N  61   6.8200 W   1.9    2.2      1.5     -7.2   
990715  132601  47  57.2100 N  61   6.8200 W   1.9    2.2      1.5     -7.1   
990715  132602  47  57.2100 N  61   6.8200 W   1.9    2.2      1.5     -7.1   
990715  132603  47  57.2100 N  61   6.8200 W   1.9    2.2      1.5     -7.1   
990715  132604  47  57.2100 N  61   6.8200 W   1.9    2.2      1.5     -7.1   
990715  132605  47  57.2100 N  61   6.8200 W   1.9    2.2      1.5     -7.1   
990715  132606  47  57.2100 N  61   6.8200 W   2.0    2.2      1.5     10.2   
990715  132607  47  57.2100 N  61   6.8200 W   1.9    2.2      1.5     10.2   
990715  132608  47  57.2100 N  61   6.8200 W   1.9    2.2      1.5     10.2   
990715  132609  47  57.2100 N  61   6.8200 W   1.9    2.1      1.5     10.2   
990715  132610  47  57.2100 N  61   6.8200 W   1.9    2.1      1.5     10.2   
990715  132611  47  57.2100 N  61   6.8200 W   1.9    2.1      1.5     -7.1   
990715  132612  47  57.2100 N  61   6.8200 W   1.9    2.1      1.5     -7.1   
990715  132613  47  57.2100 N  61   6.8200 W   1.9    2.1      1.5     -7.1   
990715  132614  47  57.2100 N  61   6.8200 W   2.0    2.1      1.5     -7.1   
990715  132615  47  57.2100 N  61   6.8200 W   1.9    2.1      1.5     -7.1   
990715  132616  47  57.2100 N  61   6.8200 W   1.9    2.1      1.5     10.1   
990715  132617  47  57.2100 N  61   6.8300 W   1.9    2.1      1.5     10.1   
990715  132618  47  57.2100 N  61   6.8300 W   1.9    2.1      1.5     10.1   
990715  132619  47  57.2100 N  61   6.8300 W   1.9    2.1      1.5     10.1   
990715  132620  47  57.2100 N  61   6.8300 W   1.9    2.1      1.5     10.1   
990715  132621  47  57.2100 N  61   6.8300 W   1.9    2.1      1.5     -7.2   
990715  132622  47  57.2100 N  61   6.8300 W   1.9    2.1      1.5     -7.2   
990715  132623  47  57.2100 N  61   6.8300 W   1.9    2.1      1.5     -7.2   
990715  132624  47  57.2200 N  61   6.8300 W   1.9    2.1      1.5     -7.2   
990715  132625  47  57.2200 N  61   6.8300 W   1.9    2.1      1.5     -7.2   
990715  132626  47  57.2200 N  61   6.8300 W   1.9    2.1      1.5     -7.0   
990715  132627  47  57.2200 N  61   6.8300 W   1.8    2.1      1.5     -7.0   
990715  132628  47  57.2200 N  61   6.8300 W   1.8    2.1      1.5     -7.0   
