FileName: C:\LOGFILES\POS121.TXT
Local Time: Wed Jul 28 12:16:27 1999

Ship:  Trip:  Tow: 06
Comments: POS121 Sud-ouest de l'etoile.  
 Date    Time     Latitude       Longitude    Speed Head-Bottom Head-Foot Door
990728  151901  47  22.4000 N  63  36.6700 W   3.7    2.1      6.7      6.4   
990728  151902  47  22.4000 N  63  36.6700 W   3.5    2.1      6.7      6.4   
990728  151903  47  22.4000 N  63  36.6800 W   3.4    2.1      1.5      6.4   
990728  151904  47  22.4000 N  63  36.6800 W   3.3    2.1      1.5      6.4   
990728  151905  47  22.4000 N  63  36.6800 W   3.2    2.1      1.5      6.4   
990728  151906  47  22.4000 N  63  36.6800 W   3.1    2.1      1.5      7.1   
990728  151907  47  22.4000 N  63  36.6800 W   3.0    2.1      1.5      7.1   
990728  151908  47  22.4000 N  63  36.6800 W   2.9    2.1      1.5      7.1   
990728  151909  47  22.4000 N  63  36.6800 W   2.8    2.1      1.5      7.1   
990728  151910  47  22.4000 N  63  36.6800 W   2.7    2.7      1.5      7.1   
990728  151911  47  22.4000 N  63  36.6800 W   2.6    2.7      1.5      7.8   
990728  151912  47  22.4000 N  63  36.6800 W   2.5    2.7      1.5      7.8   
990728  151913  47  22.4000 N  63  36.6800 W   2.4    2.7      1.5      7.8   
990728  151914  47  22.4000 N  63  36.6800 W   2.3    2.7      1.5      7.8   
990728  151915  47  22.4000 N  63  36.6900 W   2.2    2.7      1.5      7.8   
990728  151916  47  22.4000 N  63  36.6900 W   2.2    2.7      1.5      7.8   
990728  151917  47  22.4000 N  63  36.6900 W   2.1    2.7      1.5      7.6   
990728  151918  47  22.4000 N  63  36.6900 W   2.1    2.7      1.5      7.6   
990728  151919  47  22.4000 N  63  36.6900 W   2.0    2.7      1.5      7.6   
990728  151920  47  22.4000 N  63  36.6900 W   1.9    2.7      1.5      7.6   
990728  151921  47  22.4000 N  63  36.6900 W   1.9    2.7      1.5      7.6   
990728  151922  47  22.4000 N  63  36.6900 W   1.8    2.7      1.5      5.3   
990728  151923  47  22.4000 N  63  36.6900 W   1.8    3.0      1.5      5.3   
990728  151924  47  22.4000 N  63  36.6900 W   1.7    3.0      1.5      5.3   
990728  151925  47  22.4000 N  63  36.6900 W   1.7    3.0      1.5      5.3   
990728  151926  47  22.4000 N  63  36.6900 W   1.7    3.0      1.5      5.3   
990728  151927  47  22.4000 N  63  36.6900 W   1.7    3.0      1.5      6.4   
990728  151928  47  22.4000 N  63  36.6900 W   1.7    3.0      1.5      6.4   
990728  151929  47  22.4000 N  63  36.6900 W   1.7    3.0      2.5      6.4   
990728  151930  47  22.4000 N  63  36.6900 W   1.7    3.0      2.5      6.4   
990728  151931  47  22.4000 N  63  36.6900 W   1.6    3.0      2.5      6.4   
990728  151932  47  22.4000 N  63  36.7000 W   1.6    3.0      2.5      6.4   
990728  151933  47  22.4000 N  63  36.7000 W   1.6    3.0      2.5      6.1   
990728  151934  47  22.4000 N  63  36.7000 W   1.6    3.0      2.5      6.1   
990728  151935  47  22.4000 N  63  36.7000 W   1.6    3.0      2.5      6.1   
990728  151936  47  22.4000 N  63  36.7000 W   1.7    3.2      2.5      6.1   
990728  151937  47  22.4000 N  63  36.7000 W   1.6    3.2      2.5      6.1   
990728  151938  47  22.4000 N  63  36.7000 W   1.7    3.2      2.5      6.1   
990728  151939  47  22.4000 N  63  36.7000 W   1.7    3.2      2.5      6.1   
990728  151940  47  22.4000 N  63  36.7000 W   1.7    3.2      2.5      6.1   
990728  151941  47  22.4000 N  63  36.7000 W   1.7    3.2      2.5      6.1   
990728  151942  47  22.4000 N  63  36.7000 W   1.7    3.2      2.9      6.1   
990728  151943  47  22.4000 N  63  36.7000 W   1.7    3.2      2.9      5.9   
990728  151944  47  22.4000 N  63  36.7000 W   1.7    3.2      2.9      5.9   
990728  151945  47  22.4000 N  63  36.7100 W   1.8    3.2      2.9      5.9   
990728  151946  47  22.4000 N  63  36.7100 W   1.8    3.2      2.9      5.9   
990728  151947  47  22.4000 N  63  36.7100 W   1.8    3.2      2.9      5.9   
990728  151948  47  22.4000 N  63  36.7100 W   1.8    3.2      2.9      6.7   
990728  151949  47  22.4000 N  63  36.7100 W   1.9    3.2      2.9      6.7   
990728  151950  47  22.4000 N  63  36.7100 W   1.9   12.2      2.9      6.7   
990728  151951  47  22.4000 N  63  36.7100 W   1.9   12.2      2.9      6.7   
990728  151952  47  22.4000 N  63  36.7100 W   1.9   12.2      2.9      6.7   
990728  151953  47  22.4000 N  63  36.7100 W   1.9   12.2      2.9      6.7   
990728  151954  47  22.4000 N  63  36.7100 W   2.0   12.2      2.9      6.5   
990728  151955  47  22.4000 N  63  36.7100 W   1.9   12.2      2.9      6.5   
990728  151956  47  22.4000 N  63  36.7100 W   2.0   12.2      2.8      6.5   
990728  151957  47  22.4000 N  63  36.7200 W   2.0   12.2      2.8      6.5   
990728  151958  47  22.4000 N  63  36.7200 W   2.0   12.2      2.8      6.5   
990728  151959  47  22.4000 N  63  36.7200 W   2.0   12.2      2.8      7.2   
990728  152000  47  22.4000 N  63  36.7200 W   2.0   12.2      2.8      7.2   
990728  152001  47  22.4000 N  63  36.7200 W   2.1   12.2      2.8      7.2   
990728  152002  47  22.4000 N  63  36.7200 W   2.1   12.2      2.8      7.2   
990728  152003  47  22.4000 N  63  36.7200 W   2.1   12.2      2.8      7.2   
990728  152004  47  22.4000 N  63  36.7200 W   2.1    6.6      2.8      7.9   
990728  152005  47  22.4000 N  63  36.7200 W   2.1    6.6      2.8      7.9   
990728  152006  47  22.4000 N  63  36.7200 W   2.1    6.6      2.8      7.9   
990728  152007  47  22.4000 N  63  36.7200 W   2.1    6.6      2.8      7.9   
990728  152008  47  22.4000 N  63  36.7300 W   2.1    6.6      2.8      7.9   
990728  152009  47  22.4000 N  63  36.7300 W   2.1    6.6      1.5      8.5   
990728  152010  47  22.4000 N  63  36.7300 W   2.1    6.6      1.5      8.5   
990728  152011  47  22.4000 N  63  36.7300 W   2.1    6.6      1.5      8.5   
990728  152012  47  22.4000 N  63  36.7300 W   2.1    6.6      1.5      8.5   
990728  152013  47  22.4000 N  63  36.7300 W   2.1    6.6      1.5      8.5   
990728  152014  47  22.4000 N  63  36.7300 W   2.1    6.6      1.5      8.5   
990728  152015  47  22.4000 N  63  36.7300 W   2.1    6.6      1.5      8.9   
990728  152016  47  22.4000 N  63  36.7300 W   2.1    2.7      1.5      8.9   
990728  152017  47  22.4000 N  63  36.7300 W   2.1    2.7      1.5      8.9   
990728  152018  47  22.4000 N  63  36.7300 W   2.1    2.7      1.5      8.9   
990728  152019  47  22.4000 N  63  36.7400 W   2.1    2.7      1.5      8.9   
990728  152020  47  22.4000 N  63  36.7400 W   2.1    2.7      1.5      9.9   
990728  152021  47  22.4000 N  63  36.7400 W   2.0    2.7      1.5      9.9   
990728  152022  47  22.4000 N  63  36.7400 W   2.0    2.7      1.5      9.9   
990728  152023  47  22.4000 N  63  36.7400 W   2.0    2.7      1.5      9.9   
990728  152024  47  22.4000 N  63  36.7400 W   2.0    2.7      1.5      9.9   
990728  152025  47  22.4000 N  63  36.7400 W   2.0    2.7      1.5     -7.2   
990728  152026  47  22.4000 N  63  36.7400 W   2.0    2.7      1.5     -7.2   
990728  152027  47  22.4000 N  63  36.7400 W   2.0    2.7      1.5     -7.2   
990728  152028  47  22.4000 N  63  36.7400 W   2.0    2.7      1.5     -7.2   
990728  152029  47  22.4000 N  63  36.7400 W   2.0    2.3      1.5     -7.2   
990728  152030  47  22.4000 N  63  36.7400 W   2.0    2.3      1.5     -7.1   
990728  152031  47  22.4000 N  63  36.7400 W   2.0    2.3      1.5     -7.1   
990728  152032  47  22.4000 N  63  36.7500 W   1.9    2.3      1.5     -7.1   
990728  152033  47  22.4000 N  63  36.7500 W   1.9    2.3      1.5     -7.1   
990728  152034  47  22.4000 N  63  36.7500 W   2.0    2.3      1.5     -7.1   
990728  152035  47  22.4000 N  63  36.7500 W   1.9    2.3      1.5     -7.2   
990728  152036  47  22.4000 N  63  36.7500 W   1.9    2.3      1.5     -7.2   
990728  152037  47  22.4000 N  63  36.7500 W   1.9    2.3      1.5     -7.2   
990728  152038  47  22.4000 N  63  36.7500 W   1.9    2.3      1.5     -7.2   
990728  152039  47  22.4000 N  63  36.7500 W   1.9    2.3      1.5     -7.2   
990728  152040  47  22.4000 N  63  36.7500 W   1.9    2.3      1.5     -7.0   
990728  152041  47  22.4000 N  63  36.7500 W   1.9    2.3      1.5     -7.0   
990728  152042  47  22.4000 N  63  36.7500 W   1.9    2.1      1.5     -7.0   
990728  152043  47  22.4000 N  63  36.7500 W   1.9    2.1      1.5     -7.0   
990728  152044  47  22.4000 N  63  36.7500 W   1.9    2.1      1.5     -7.0   
990728  152045  47  22.4000 N  63  36.7600 W   1.9    2.1      1.5     -7.2   
990728  152046  47  22.4000 N  63  36.7600 W   1.9    2.1      1.5     -7.2   
990728  152047  47  22.4000 N  63  36.7600 W   1.9    2.1      1.5     -7.2   
990728  152048  47  22.4000 N  63  36.7600 W   1.9    2.1      1.5     -7.2   
990728  152049  47  22.4000 N  63  36.7600 W   1.9    2.1      1.5     -7.2   
990728  152050  47  22.4000 N  63  36.7600 W   1.9    2.1      1.5     -7.3   
990728  152051  47  22.4000 N  63  36.7600 W   1.9    2.1      1.5     -7.3   
990728  152052  47  22.4000 N  63  36.7600 W   1.9    2.1      1.5     -7.3   
990728  152053  47  22.4000 N  63  36.7600 W   1.9    2.1      1.5     -7.3   
990728  152054  47  22.4000 N  63  36.7600 W   1.9    2.1      1.5     -7.3   
990728  152055  47  22.4000 N  63  36.7600 W   1.9    2.1      1.5     -7.3   
990728  152056  47  22.4000 N  63  36.7600 W   1.9    2.1      1.5     -7.3   
990728  152057  47  22.4000 N  63  36.7700 W   2.0    2.1      1.5     -7.3   
990728  152058  47  22.4000 N  63  36.7700 W   1.9    2.1      1.5     -7.3   
990728  152059  47  22.4000 N  63  36.7700 W   1.9    2.1      1.5     -7.3   
990728  152100  47  22.4000 N  63  36.7700 W   1.9    2.1      1.5     -7.3   
990728  152101  47  22.4000 N  63  36.7700 W   1.9    2.1      1.5     -7.0   
990728  152102  47  22.4000 N  63  36.7700 W   1.9    2.1      1.5     -7.0   
990728  152103  47  22.4000 N  63  36.7700 W   2.0    2.1      1.5     -7.0   
990728  152104  47  22.4000 N  63  36.7700 W   1.9    2.1      1.5     -7.0   
990728  152105  47  22.4000 N  63  36.7700 W   1.9    2.1      1.5     -7.0   
990728  152106  47  22.4000 N  63  36.7700 W   1.9    2.1      1.5     -7.2   
990728  152107  47  22.4000 N  63  36.7700 W   2.0    2.1      1.5     -7.2   
990728  152108  47  22.4000 N  63  36.7700 W   2.0    2.2      1.5     -7.2   
990728  152109  47  22.4000 N  63  36.7800 W   1.9    2.2      1.5     -7.2   
990728  152110  47  22.4000 N  63  36.7800 W   2.0    2.2      1.5     -7.2   
990728  152111  47  22.4000 N  63  36.7800 W   2.0    2.2      1.5     -7.1   
990728  152112  47  22.4000 N  63  36.7800 W   2.0    2.2      1.5     -7.1   
990728  152113  47  22.4000 N  63  36.7800 W   1.9    2.2      1.5     -7.1   
990728  152114  47  22.4000 N  63  36.7800 W   2.0    2.2      1.5     -7.1   
990728  152115  47  22.4000 N  63  36.7800 W   2.0    2.2      1.5     -7.1   
990728  152116  47  22.4000 N  63  36.7800 W   2.0    2.2      1.5     -7.2   
990728  152117  47  22.4000 N  63  36.7800 W   2.0    2.2      1.5     -7.2   
990728  152118  47  22.4000 N  63  36.7800 W   2.0    2.2      1.5     -7.2   
990728  152119  47  22.4000 N  63  36.7800 W   2.0    2.2      1.5     -7.2   
990728  152120  47  22.4000 N  63  36.7800 W   2.0    2.2      1.5     -7.2   
990728  152121  47  22.4000 N  63  36.7800 W   2.0    2.2      1.5     -7.2   
990728  152122  47  22.4000 N  63  36.7900 W   2.0    2.2      1.5     -7.2   
990728  152123  47  22.4000 N  63  36.7900 W   2.0    2.2      1.5     -7.2   
990728  152124  47  22.4000 N  63  36.7900 W   2.0    2.2      1.5     -7.2   
990728  152125  47  22.4000 N  63  36.7900 W   2.0    2.2      1.5     -7.2   
990728  152126  47  22.4000 N  63  36.7900 W   2.0    2.2      1.5     -7.1   
990728  152127  47  22.4000 N  63  36.7900 W   2.0    2.2      1.5     -7.1   
990728  152128  47  22.4000 N  63  36.7900 W   2.0    2.2      1.5     -7.1   
990728  152129  47  22.4000 N  63  36.7900 W   2.0    2.2      1.5     -7.1   
990728  152130  47  22.4000 N  63  36.7900 W   2.0    2.2      1.5     -7.1   
990728  152131  47  22.4000 N  63  36.7900 W   2.0    2.2      1.5     -7.1   
990728  152132  47  22.4000 N  63  36.7900 W   2.0    2.2      1.5     -7.1   
990728  152133  47  22.4000 N  63  36.7900 W   2.0    2.2      1.5     -7.1   
990728  152134  47  22.4000 N  63  36.8000 W   2.0    2.1      1.5     -7.1   
990728  152135  47  22.4000 N  63  36.8000 W   2.0    2.1      1.5     -7.1   
990728  152136  47  22.4000 N  63  36.8000 W   2.0    2.1      1.5     -7.1   
990728  152137  47  22.4000 N  63  36.8000 W   2.0    2.1      1.5     -7.1   
990728  152138  47  22.4000 N  63  36.8000 W   2.0    2.1      1.5     -7.1   
990728  152139  47  22.4000 N  63  36.8000 W   2.0    2.1      1.5     -7.1   
990728  152140  47  22.4000 N  63  36.8000 W   2.0    2.1      1.5     -7.1   
990728  152141  47  22.4000 N  63  36.8000 W   2.0    2.1      1.5     -7.4   
990728  152142  47  22.4000 N  63  36.8000 W   2.0    2.1      1.5     -7.4   
990728  152143  47  22.4000 N  63  36.8000 W   2.0    2.1      1.5     -7.4   
990728  152144  47  22.4000 N  63  36.8000 W   2.0    2.1      1.5     -7.4   
990728  152145  47  22.4000 N  63  36.8000 W   2.0    2.1      1.5     -7.4   
990728  152146  47  22.4000 N  63  36.8100 W   2.0    2.1      1.5     -7.0   
990728  152147  47  22.4000 N  63  36.8100 W   2.0    2.1      1.5     -7.0   
990728  152148  47  22.4000 N  63  36.8100 W   2.0    2.1      1.5     -7.0   
990728  152149  47  22.4000 N  63  36.8100 W   2.0    2.1      1.5     -7.0   
990728  152150  47  22.4000 N  63  36.8100 W   2.0    2.1      1.5     -7.0   
990728  152151  47  22.4000 N  63  36.8100 W   2.0    2.1      1.5     -7.1   
990728  152152  47  22.4000 N  63  36.8100 W   2.0    2.1      1.5     -7.1   
990728  152153  47  22.3900 N  63  36.8100 W   2.0    2.1      1.5     -7.1   
990728  152154  47  22.3900 N  63  36.8100 W   2.0    2.1      1.5     -7.1   
990728  152155  47  22.3900 N  63  36.8100 W   2.0    2.1      1.5     -7.1   
990728  152156  47  22.3900 N  63  36.8100 W   2.0    2.1      1.5     -7.3   
990728  152157  47  22.3900 N  63  36.8100 W   2.0    2.1      1.5     -7.3   
990728  152158  47  22.3900 N  63  36.8100 W   2.0    2.1      1.5     -7.3   
990728  152159  47  22.3900 N  63  36.8200 W   2.0    2.1      1.5     -7.3   
990728  152200  47  22.3900 N  63  36.8200 W   2.0    2.2      1.5     -7.3   
990728  152201  47  22.3900 N  63  36.8200 W   2.0    2.2      1.5     -7.1   
990728  152202  47  22.3900 N  63  36.8200 W   2.0    2.2      1.5     -7.1   
990728  152203  47  22.3900 N  63  36.8200 W   2.0    2.2      1.5     -7.1   
990728  152204  47  22.3900 N  63  36.8200 W   2.0    2.2      1.5     -7.1   
990728  152205  47  22.3900 N  63  36.8200 W   2.0    2.2      1.5     -7.1   
990728  152206  47  22.3900 N  63  36.8200 W   1.9    2.2      1.5     -7.1   
990728  152207  47  22.3900 N  63  36.8200 W   1.9    2.2      1.5     -7.3   
990728  152208  47  22.3900 N  63  36.8200 W   1.9    2.2      1.5     -7.3   
990728  152209  47  22.3900 N  63  36.8200 W   2.0    2.2      1.5     -7.3   
990728  152210  47  22.3900 N  63  36.8200 W   1.9    2.2      1.5     -7.3   
990728  152211  47  22.3900 N  63  36.8200 W   1.9    2.2      1.5     -7.3   
990728  152212  47  22.3900 N  63  36.8300 W   1.9    2.2      1.5     -7.1   
990728  152213  47  22.3900 N  63  36.8300 W   1.9    2.2      1.5     -7.1   
990728  152214  47  22.3900 N  63  36.8300 W   1.9    2.2      1.5     -7.1   
990728  152215  47  22.3900 N  63  36.8300 W   1.9    2.2      1.5     -7.1   
990728  152216  47  22.3900 N  63  36.8300 W   1.9    2.2      1.5     -7.1   
990728  152217  47  22.3900 N  63  36.8300 W   1.9    2.2      1.5     -7.2   
990728  152218  47  22.3900 N  63  36.8300 W   1.9    2.2      1.5     -7.2   
990728  152219  47  22.3900 N  63  36.8300 W   2.0    2.2      1.5     -7.2   
990728  152220  47  22.3900 N  63  36.8300 W   2.0    2.2      1.5     -7.2   
990728  152221  47  22.3900 N  63  36.8300 W   1.9    2.2      1.5     -7.2   
990728  152222  47  22.3900 N  63  36.8300 W   1.9    2.2      1.5     -7.2   
990728  152223  47  22.3900 N  63  36.8300 W   2.0    2.2      1.5     -7.2   
990728  152224  47  22.3900 N  63  36.8400 W   2.0    2.2      1.5     -7.2   
990728  152225  47  22.3900 N  63  36.8400 W   1.9    2.2      1.5     -7.2   
990728  152226  47  22.3900 N  63  36.8400 W   1.9    2.3      1.5     -7.2   
990728  152227  47  22.3900 N  63  36.8400 W   2.0    2.3      1.5     -7.1   
990728  152228  47  22.3900 N  63  36.8400 W   2.0    2.3      1.5     -7.1   
990728  152229  47  22.3900 N  63  36.8400 W   1.9    2.3      1.5     -7.1   
990728  152230  47  22.3900 N  63  36.8400 W   1.9    2.3      1.5     -7.1   
990728  152231  47  22.3900 N  63  36.8400 W   2.0    2.3      1.5     -7.1   
990728  152232  47  22.3900 N  63  36.8400 W   2.0    2.3      1.5     -7.2   
990728  152233  47  22.3900 N  63  36.8400 W   1.9    2.3      1.5     -7.2   
990728  152234  47  22.3900 N  63  36.8400 W   1.9    2.3      1.5     -7.2   
990728  152235  47  22.3900 N  63  36.8400 W   1.9    2.3      1.5     -7.2   
990728  152236  47  22.3900 N  63  36.8400 W   1.9    2.3      1.5     -7.2   
990728  152237  47  22.3900 N  63  36.8500 W   1.9    2.3      1.5     -7.1   
990728  152238  47  22.3900 N  63  36.8500 W   1.9    2.3      1.5     -7.1   
990728  152239  47  22.3900 N  63  36.8500 W   1.9    2.1      1.5     -7.1   
990728  152240  47  22.3900 N  63  36.8500 W   1.9    2.1      1.5     -7.1   
990728  152241  47  22.3900 N  63  36.8500 W   1.9    2.1      1.5     -7.1   
990728  152242  47  22.3900 N  63  36.8500 W   1.9    2.1      1.5     -7.1   
990728  152243  47  22.3900 N  63  36.8500 W   1.9    2.1      1.5     -7.1   
990728  152244  47  22.3900 N  63  36.8500 W   1.9    2.1      1.5     -7.1   
990728  152245  47  22.3900 N  63  36.8500 W   1.9    2.1      1.5     -7.1   
990728  152246  47  22.3900 N  63  36.8500 W   1.9    2.1      1.5     -7.1   
990728  152247  47  22.3900 N  63  36.8500 W   1.9    2.1      1.5     -7.1   
990728  152248  47  22.3900 N  63  36.8500 W   1.9    2.1      1.5     -7.1   
990728  152249  47  22.3900 N  63  36.8500 W   1.9    2.1      1.5     -7.1   
990728  152250  47  22.3900 N  63  36.8600 W   1.9    2.1      1.5     -7.1   
990728  152251  47  22.3900 N  63  36.8600 W   1.9    2.1      1.5     -7.1   
990728  152252  47  22.3900 N  63  36.8600 W   1.9    2.2      1.5     -7.4   
990728  152253  47  22.3900 N  63  36.8600 W   1.9    2.2      1.5     -7.4   
990728  152254  47  22.3900 N  63  36.8600 W   1.9    2.2      1.5     -7.4   
990728  152255  47  22.3900 N  63  36.8600 W   1.9    2.2      1.5     -7.4   
990728  152256  47  22.3900 N  63  36.8600 W   1.9    2.2      1.5     -7.4   
990728  152257  47  22.3900 N  63  36.8600 W   1.9    2.2      1.5     -7.2   
990728  152258  47  22.3900 N  63  36.8600 W   1.9    2.2      1.5     -7.2   
990728  152259  47  22.3900 N  63  36.8600 W   1.9    2.2      1.5     -7.2   
990728  152300  47  22.3900 N  63  36.8600 W   1.9    2.2      1.5     -7.2   
990728  152301  47  22.3900 N  63  36.8600 W   1.9    2.2      1.5     -7.2   
990728  152302  47  22.3900 N  63  36.8600 W   1.9    2.2      1.5     -7.0   
990728  152303  47  22.3900 N  63  36.8700 W   1.9    2.2      1.5     -7.0   
990728  152304  47  22.3900 N  63  36.8700 W   1.9    2.2      1.5     -7.0   
990728  152305  47  22.3900 N  63  36.8700 W   1.9    2.1      1.5     -7.0   
990728  152306  47  22.3900 N  63  36.8700 W   1.9    2.1      1.5     -7.0   
990728  152307  47  22.3900 N  63  36.8700 W   1.9    2.1      1.5     -7.2   
990728  152308  47  22.3900 N  63  36.8700 W   1.9    2.1      1.5     -7.2   
990728  152309  47  22.3900 N  63  36.8700 W   1.9    2.1      1.5     -7.2   
990728  152310  47  22.3900 N  63  36.8700 W   1.9    2.1      1.5     -7.2   
990728  152311  47  22.3900 N  63  36.8700 W   1.9    2.1      1.5     -7.2   
990728  152312  47  22.3900 N  63  36.8700 W   1.9    2.1      1.5     -7.2   
990728  152313  47  22.3900 N  63  36.8700 W   1.9    2.1      1.5     -7.2   
990728  152314  47  22.3900 N  63  36.8700 W   1.9    2.1      1.5     -7.2   
990728  152315  47  22.3900 N  63  36.8700 W   1.9    2.1      1.5     -7.2   
990728  152316  47  22.3900 N  63  36.8800 W   1.9    2.1      1.5     -7.2   
990728  152317  47  22.3900 N  63  36.8800 W   1.9    2.1      1.5     -7.2   
990728  152318  47  22.3900 N  63  36.8800 W   1.9    2.2      1.5     -7.2   
990728  152319  47  22.3900 N  63  36.8800 W   1.9    2.2      1.5     -7.2   
990728  152320  47  22.3900 N  63  36.8800 W   1.9    2.2      1.5     -7.2   
990728  152321  47  22.3900 N  63  36.8800 W   1.9    2.2      1.5     -7.2   
990728  152322  47  22.3900 N  63  36.8800 W   1.9    2.2      1.5     -7.2   
990728  152323  47  22.3900 N  63  36.8800 W   1.9    2.2      1.5     -7.1   
990728  152324  47  22.3900 N  63  36.8800 W   1.9    2.2      1.4     -7.1   
990728  152325  47  22.3900 N  63  36.8800 W   1.9    2.2      1.4     -7.1   
990728  152326  47  22.3900 N  63  36.8800 W   1.9    2.2      1.4     -7.1   
990728  152327  47  22.3900 N  63  36.8800 W   1.9    2.2      1.4     -7.1   
990728  152328  47  22.3900 N  63  36.8800 W   1.9    2.2      1.4     -7.1   
990728  152329  47  22.3900 N  63  36.8900 W   1.9    2.2      1.4     -7.1   
990728  152330  47  22.3900 N  63  36.8900 W   1.9    2.2      1.4     -7.1   
990728  152331  47  22.3900 N  63  36.8900 W   1.9    2.2      1.4     -7.1   
990728  152332  47  22.3900 N  63  36.8900 W   1.9    2.2      1.4     -7.1   
990728  152333  47  22.3900 N  63  36.8900 W   1.9    2.2      1.4     -7.3   
990728  152334  47  22.3900 N  63  36.8900 W   1.9    2.2      1.4     -7.3   
990728  152335  47  22.3900 N  63  36.8900 W   1.9    2.2      1.4     -7.3   
990728  152336  47  22.3900 N  63  36.8900 W   1.9    2.2      1.4     -7.3   
990728  152337  47  22.3900 N  63  36.8900 W   1.9    2.2      1.5     -7.3   
990728  152338  47  22.3900 N  63  36.8900 W   1.9    2.2      1.5     -7.2   
990728  152339  47  22.3900 N  63  36.8900 W   1.9    2.2      1.5     -7.2   
990728  152340  47  22.3900 N  63  36.8900 W   1.9    2.2      1.5     -7.2   
990728  152341  47  22.3900 N  63  36.8900 W   1.9    2.2      1.5     -7.2   
990728  152342  47  22.3900 N  63  36.8900 W   1.9    2.2      1.5     -7.2   
990728  152343  47  22.3900 N  63  36.9000 W   1.9    2.2      1.5     -7.1   
990728  152344  47  22.3900 N  63  36.9000 W   1.9    2.2      1.5     -7.1   
990728  152345  47  22.3900 N  63  36.9000 W   1.9    2.2      1.5     -7.1   
990728  152346  47  22.3800 N  63  36.9000 W   1.9    2.2      1.5     -7.1   
990728  152347  47  22.3800 N  63  36.9000 W   1.9    2.2      1.5     -7.1   
990728  152348  47  22.3800 N  63  36.9000 W   1.9    2.2      1.5     -7.1   
990728  152349  47  22.3800 N  63  36.9000 W   1.9    2.2      1.5     -7.1   
990728  152350  47  22.3800 N  63  36.9000 W   1.9    2.2      1.5     -7.1   
990728  152351  47  22.3800 N  63  36.9000 W   1.9    2.2      1.5     -7.1   
990728  152352  47  22.3800 N  63  36.9000 W   1.9    2.2      1.5     -7.1   
990728  152353  47  22.3800 N  63  36.9000 W   1.9    2.2      1.5     -7.3   
990728  152354  47  22.3800 N  63  36.9000 W   1.9    2.2      1.5     -7.3   
990728  152355  47  22.3800 N  63  36.9000 W   1.9    2.2      1.5     -7.3   
990728  152356  47  22.3800 N  63  36.9100 W   1.9    2.2      1.5     -7.3   
990728  152357  47  22.3800 N  63  36.9100 W   1.9    2.1      1.5     -7.3   
990728  152358  47  22.3800 N  63  36.9100 W   1.9    2.1      1.5     -7.1   
990728  152359  47  22.3800 N  63  36.9100 W   1.9    2.1      1.5     -7.1   
990728  152400  47  22.3800 N  63  36.9100 W   1.9    2.1      1.5     -7.1   
990728  152401  47  22.3800 N  63  36.9100 W   1.9    2.1      1.5     -7.1   
990728  152402  47  22.3800 N  63  36.9100 W   1.9    2.1      1.5     -7.1   
990728  152403  47  22.3800 N  63  36.9100 W   1.9    2.1      1.5     -7.1   
990728  152404  47  22.3800 N  63  36.9100 W   1.9    2.1      1.5     -7.1   
990728  152405  47  22.3800 N  63  36.9100 W   1.9    2.1      1.5     -7.1   
990728  152406  47  22.3800 N  63  36.9100 W   1.9    2.1      1.5     -7.1   
990728  152407  47  22.3800 N  63  36.9100 W   1.9    2.1      1.5     -7.1   
990728  152408  47  22.3800 N  63  36.9100 W   1.9    2.1      1.5     -7.1   
990728  152409  47  22.3800 N  63  36.9200 W   1.9    2.1      1.5     -7.1   
990728  152410  47  22.3800 N  63  36.9200 W   1.9    2.1      1.5     -7.1   
990728  152411  47  22.3800 N  63  36.9200 W   1.9    2.1      1.5     -7.1   
990728  152412  47  22.3800 N  63  36.9200 W   1.9    2.1      1.5     -7.1   
990728  152413  47  22.3800 N  63  36.9200 W   1.9    2.1      1.5     -7.2   
990728  152414  47  22.3800 N  63  36.9200 W   1.8    2.1      1.5     -7.2   
