FileName: C:\LOGFILES\POS204.TXT
Local Time: Wed Aug 18 15:04:48 1999

Ship:  Trip:  Tow: 08
Comments: POS204 Ouest du banc Orphelin.
 Date    Time     Latitude       Longitude    Speed Head-Bottom Head-Foot Door
990818  180709  48  16.7800 N  63  47.8400 W   1.9    2.2      1.5      6.9   
990818  180710  48  16.7800 N  63  47.8400 W   1.8    2.2      1.5      6.9   
990818  180711  48  16.7800 N  63  47.8400 W   1.8    2.2      1.5      6.9   
990818  180712  48  16.7800 N  63  47.8400 W   1.9    2.2      1.5      6.9   
990818  180713  48  16.7800 N  63  47.8400 W   1.8    2.2      1.5      6.9   
990818  180714  48  16.7800 N  63  47.8400 W   1.8    2.2      1.5      6.9   
990818  180715  48  16.7800 N  63  47.8400 W   1.9    2.2      1.5      6.9   
990818  180716  48  16.7800 N  63  47.8400 W   1.9    2.2      1.5      6.9   
990818  180717  48  16.7800 N  63  47.8400 W   1.8    2.2      1.5      6.8   
990818  180718  48  16.7800 N  63  47.8400 W   1.8    2.2      1.5      6.8   
990818  180719  48  16.7800 N  63  47.8400 W   1.9    2.2      1.5      6.8   
990818  180720  48  16.7800 N  63  47.8400 W   1.8    2.2      1.5      6.8   
990818  180721  48  16.7800 N  63  47.8500 W   1.8    2.2      1.5      6.8   
990818  180722  48  16.7800 N  63  47.8500 W   1.8    2.2      1.6      7.7   
990818  180723  48  16.7800 N  63  47.8500 W   1.9    2.2      1.6      7.7   
990818  180724  48  16.7800 N  63  47.8500 W   1.8    2.2      1.6      7.7   
990818  180725  48  16.7800 N  63  47.8500 W   1.8    2.2      1.6      7.7   
990818  180726  48  16.7800 N  63  47.8500 W   1.8    2.2      1.6      7.7   
990818  180727  48  16.7800 N  63  47.8500 W   1.8    2.2      1.6      5.8   
990818  180728  48  16.7800 N  63  47.8500 W   1.8    2.2      1.6      5.8   
990818  180729  48  16.7800 N  63  47.8500 W   1.8    2.2      1.6      5.8   
990818  180730  48  16.7800 N  63  47.8500 W   1.8    2.2      1.6      5.8   
990818  180731  48  16.7800 N  63  47.8500 W   1.8    2.2      1.6      5.8   
990818  180732  48  16.7700 N  63  47.8500 W   1.8    2.2      1.6      5.8   
990818  180733  48  16.7700 N  63  47.8500 W   1.8    2.2      1.6      5.8   
990818  180734  48  16.7700 N  63  47.8500 W   1.7    2.2      1.6      5.8   
990818  180735  48  16.7700 N  63  47.8500 W   1.8    2.2      1.6      5.8   
990818  180736  48  16.7700 N  63  47.8500 W   1.8    2.2      1.6      5.8   
990818  180737  48  16.7700 N  63  47.8500 W   1.8    2.2      1.6      5.8   
990818  180738  48  16.7700 N  63  47.8600 W   1.8    2.2      1.6      5.8   
990818  180739  48  16.7700 N  63  47.8600 W   1.8    2.2      1.6      5.8   
990818  180740  48  16.7700 N  63  47.8600 W   1.8    2.2      1.6      5.8   
990818  180741  48  16.7700 N  63  47.8600 W   1.8    2.2      1.6      5.8   
990818  180742  48  16.7700 N  63  47.8600 W   1.8    2.2      1.6      5.8   
990818  180743  48  16.7700 N  63  47.8600 W   1.8   12.2      1.6      6.6   
990818  180744  48  16.7700 N  63  47.8600 W   1.9   12.2      1.6      6.6   
990818  180745  48  16.7700 N  63  47.8600 W   1.9   12.2      1.6      6.6   
990818  180746  48  16.7700 N  63  47.8600 W   1.8   12.2      1.6      6.6   
990818  180747  48  16.7700 N  63  47.8600 W   1.8   12.2      1.6      6.6   
990818  180748  48  16.7700 N  63  47.8600 W   1.9   12.2      1.6      7.3   
990818  180749  48  16.7700 N  63  47.8600 W   1.9   12.2      1.6      7.3   
990818  180750  48  16.7700 N  63  47.8600 W   1.8   12.2      1.6      7.3   
990818  180751  48  16.7700 N  63  47.8600 W   1.9   12.2      1.6      7.3   
990818  180752  48  16.7700 N  63  47.8600 W   1.9   12.2      1.6      7.3   
990818  180753  48  16.7700 N  63  47.8600 W   1.8   12.2      1.6      7.3   
990818  180754  48  16.7700 N  63  47.8700 W   1.9   12.2      1.6      7.8   
990818  180755  48  16.7700 N  63  47.8700 W   1.9   12.2      1.6      7.8   
990818  180756  48  16.7700 N  63  47.8700 W   1.8   12.2      1.6      7.8   
990818  180757  48  16.7700 N  63  47.8700 W   1.9   12.2      1.6      7.8   
990818  180758  48  16.7700 N  63  47.8700 W   1.9   12.2      1.6      7.8   
990818  180759  48  16.7700 N  63  47.8700 W   1.9   12.2      1.6      8.0   
990818  180800  48  16.7700 N  63  47.8700 W   1.9   12.2      1.6      8.0   
990818  180801  48  16.7700 N  63  47.8700 W   1.9   12.2      1.6      8.0   
990818  180802  48  16.7700 N  63  47.8700 W   1.9   12.2      1.6      8.0   
990818  180803  48  16.7700 N  63  47.8700 W   1.9   12.2      1.6      8.0   
990818  180804  48  16.7700 N  63  47.8700 W   1.9   12.2      1.6      8.0   
990818  180805  48  16.7700 N  63  47.8700 W   1.9   12.2      1.6      8.0   
990818  180806  48  16.7600 N  63  47.8700 W   1.9   12.2      1.6      8.0   
990818  180807  48  16.7600 N  63  47.8700 W   1.9   12.2      1.6      8.0   
990818  180808  48  16.7600 N  63  47.8800 W   1.9   12.2      1.6      8.0   
990818  180809  48  16.7600 N  63  47.8800 W   1.8    3.3      1.6      8.0   
990818  180810  48  16.7600 N  63  47.8800 W   1.9    3.3      1.6      8.0   
990818  180811  48  16.7600 N  63  47.8800 W   1.9    3.3      1.6      8.0   
990818  180812  48  16.7600 N  63  47.8800 W   1.9    3.3      1.6      8.0   
990818  180813  48  16.7600 N  63  47.8800 W   1.9    3.3      1.6      8.0   
990818  180814  48  16.7600 N  63  47.8800 W   1.8    3.3      1.6      8.0   
990818  180815  48  16.7600 N  63  47.8800 W   1.8    3.3      1.6      9.5   
990818  180816  48  16.7600 N  63  47.8800 W   1.9    3.3      1.6      9.5   
990818  180817  48  16.7600 N  63  47.8800 W   1.9    3.3      1.6      9.5   
990818  180818  48  16.7600 N  63  47.8800 W   1.8    3.3      1.6      9.5   
990818  180819  48  16.7600 N  63  47.8800 W   1.9    3.3      1.6      9.5   
990818  180820  48  16.7600 N  63  47.8800 W   1.9    3.3      1.6      9.5   
990818  180821  48  16.7600 N  63  47.8800 W   1.9    3.3      1.6      9.5   
990818  180822  48  16.7600 N  63  47.8800 W   1.9    3.3      1.6      9.5   
990818  180823  48  16.7600 N  63  47.8900 W   1.9    3.3      1.6      9.5   
990818  180824  48  16.7600 N  63  47.8900 W   1.9    3.3      1.6      9.5   
990818  180825  48  16.7600 N  63  47.8900 W   1.9    3.3      1.6      9.5   
990818  180826  48  16.7600 N  63  47.8900 W   2.0    3.3      1.6      9.5   
990818  180827  48  16.7600 N  63  47.8900 W   2.0    3.3      1.6      9.5   
990818  180828  48  16.7600 N  63  47.8900 W   1.9    3.3      1.6      9.5   
990818  180829  48  16.7600 N  63  47.8900 W   1.9    3.3      1.6      9.5   
990818  180830  48  16.7600 N  63  47.8900 W   2.0    3.3      1.6      9.5   
990818  180831  48  16.7600 N  63  47.8900 W   2.0    3.3      1.6      9.5   
990818  180832  48  16.7600 N  63  47.8900 W   2.0    3.3      1.6      9.5   
990818  180833  48  16.7600 N  63  47.8900 W   1.9    3.3      1.6      9.5   
990818  180834  48  16.7600 N  63  47.8900 W   1.9    3.3      1.6      9.5   
990818  180835  48  16.7600 N  63  47.8900 W   2.0    3.3      1.6      9.5   
990818  180836  48  16.7600 N  63  47.8900 W   2.0    3.3      1.6      9.5   
990818  180837  48  16.7600 N  63  47.8900 W   1.9    3.3      1.6      9.5   
990818  180838  48  16.7600 N  63  47.8900 W   1.9    3.3      1.6      9.5   
990818  180839  48  16.7500 N  63  47.9000 W   2.0    3.3      1.6      9.5   
990818  180840  48  16.7500 N  63  47.9000 W   2.0    3.3      1.6      9.5   
990818  180841  48  16.7500 N  63  47.9000 W   1.9    3.3      1.6      9.5   
990818  180842  48  16.7500 N  63  47.9000 W   1.9    3.3      1.6      9.5   
990818  180843  48  16.7500 N  63  47.9000 W   2.0    3.3      1.6      9.5   
990818  180844  48  16.7500 N  63  47.9000 W   2.0    3.3      1.6      9.5   
990818  180845  48  16.7500 N  63  47.9000 W   1.9    3.3      1.6      9.5   
990818  180846  48  16.7500 N  63  47.9000 W   2.0    3.3      1.6      9.5   
990818  180847  48  16.7500 N  63  47.9000 W   2.0    3.3      1.6      9.5   
990818  180848  48  16.7500 N  63  47.9000 W   1.9    2.2      1.6      9.5   
990818  180849  48  16.7500 N  63  47.9000 W   1.9    2.2      1.6      9.5   
990818  180850  48  16.7500 N  63  47.9000 W   2.0    2.2      1.6      9.5   
990818  180851  48  16.7500 N  63  47.9000 W   2.0    2.2      1.6      9.5   
990818  180852  48  16.7500 N  63  47.9000 W   1.9    2.2      1.6      9.5   
990818  180853  48  16.7500 N  63  47.9000 W   2.0    2.2      1.6      9.5   
990818  180854  48  16.7500 N  63  47.9100 W   2.0    2.2      1.6      9.5   
990818  180855  48  16.7500 N  63  47.9100 W   2.0    2.2      1.6      9.5   
990818  180856  48  16.7500 N  63  47.9100 W   2.0    2.2      1.6      9.5   
990818  180857  48  16.7500 N  63  47.9100 W   2.0    2.2      1.6      9.5   
990818  180858  48  16.7500 N  63  47.9100 W   2.0    2.2      1.6      9.5   
990818  180859  48  16.7500 N  63  47.9100 W   2.0    2.2      1.6      9.5   
990818  180900  48  16.7500 N  63  47.9100 W   2.0    2.2      1.6      9.5   
990818  180901  48  16.7500 N  63  47.9100 W   2.0    2.2      1.6      9.5   
990818  180902  48  16.7500 N  63  47.9100 W   2.0    2.2      1.6     -7.6   
990818  180903  48  16.7500 N  63  47.9100 W   2.0    2.2      1.6     -7.6   
990818  180904  48  16.7500 N  63  47.9100 W   2.0    2.2      1.6     -7.6   
990818  180905  48  16.7500 N  63  47.9100 W   2.0    2.2      1.6     -7.6   
990818  180906  48  16.7500 N  63  47.9100 W   2.0    2.2      1.6     -7.6   
990818  180907  48  16.7500 N  63  47.9100 W   2.0    2.2      1.6     -7.3   
990818  180908  48  16.7400 N  63  47.9100 W   2.0    2.2      1.6     -7.3   
990818  180909  48  16.7400 N  63  47.9200 W   2.0    2.2      1.6     -7.3   
990818  180910  48  16.7400 N  63  47.9200 W   2.0    2.2      1.6     -7.3   
990818  180911  48  16.7400 N  63  47.9200 W   2.0    2.2      1.6     -7.3   
990818  180912  48  16.7400 N  63  47.9200 W   2.0    2.2      1.6     -7.3   
990818  180913  48  16.7400 N  63  47.9200 W   2.0    2.2      1.6     -7.3   
990818  180914  48  16.7400 N  63  47.9200 W   2.0    2.2      1.6     -7.3   
990818  180915  48  16.7400 N  63  47.9200 W   2.1    2.2      1.6     -7.3   
990818  180916  48  16.7400 N  63  47.9200 W   2.0    2.2      1.6     -7.3   
990818  180917  48  16.7400 N  63  47.9200 W   2.0    2.2      1.6     -7.3   
990818  180918  48  16.7400 N  63  47.9200 W   2.0    2.2      1.6     -7.3   
990818  180919  48  16.7400 N  63  47.9200 W   2.1    2.2      1.6     -7.3   
990818  180920  48  16.7400 N  63  47.9200 W   2.0    2.2      1.6     -7.3   
990818  180921  48  16.7400 N  63  47.9200 W   2.0    2.2      1.6     -7.3   
990818  180922  48  16.7400 N  63  47.9200 W   2.1    2.2      1.6     -7.3   
990818  180923  48  16.7400 N  63  47.9200 W   2.1    2.2      1.6     -7.3   
990818  180924  48  16.7400 N  63  47.9300 W   2.1    2.2      1.6     -7.3   
990818  180925  48  16.7400 N  63  47.9300 W   2.0    2.2      1.6     -7.3   
990818  180926  48  16.7400 N  63  47.9300 W   2.1    2.2      1.6     -7.3   
990818  180927  48  16.7400 N  63  47.9300 W   2.1    2.2      1.6     -7.0   
990818  180928  48  16.7400 N  63  47.9300 W   2.1    2.2      1.6     -7.0   
990818  180929  48  16.7400 N  63  47.9300 W   2.0    2.2      1.6     -7.0   
990818  180930  48  16.7400 N  63  47.9300 W   2.1    2.2      1.6     -7.0   
990818  180931  48  16.7400 N  63  47.9300 W   2.1    2.2      1.6     -7.0   
990818  180932  48  16.7400 N  63  47.9300 W   2.1    2.2      1.6     -7.6   
990818  180933  48  16.7400 N  63  47.9300 W   2.1    2.2      1.6     -7.6   
990818  180934  48  16.7300 N  63  47.9300 W   2.1    2.2      1.6     -7.6   
990818  180935  48  16.7300 N  63  47.9300 W   2.1    2.2      1.6     -7.6   
990818  180936  48  16.7300 N  63  47.9300 W   2.1    2.2      1.6     -7.6   
990818  180937  48  16.7300 N  63  47.9300 W   2.1    2.2      1.6     -7.0   
990818  180938  48  16.7300 N  63  47.9300 W   2.0    2.2      1.6     -7.0   
990818  180939  48  16.7300 N  63  47.9300 W   2.0    2.2      1.6     -7.0   
990818  180940  48  16.7300 N  63  47.9400 W   2.1    2.1      1.6     -7.0   
990818  180941  48  16.7300 N  63  47.9400 W   2.1    2.1      1.6     -7.0   
990818  180942  48  16.7300 N  63  47.9400 W   2.0    2.1      1.6     -7.0   
990818  180943  48  16.7300 N  63  47.9400 W   2.0    2.1      1.6     -7.0   
990818  180944  48  16.7300 N  63  47.9400 W   2.0    2.1      1.6     -7.0   
990818  180945  48  16.7300 N  63  47.9400 W   2.1    2.1      1.6     -7.0   
990818  180946  48  16.7300 N  63  47.9400 W   2.0    2.1      1.5     -7.0   
990818  180947  48  16.7300 N  63  47.9400 W   2.0    2.1      1.5     -7.4   
990818  180948  48  16.7300 N  63  47.9400 W   2.0    2.1      1.5     -7.4   
990818  180949  48  16.7300 N  63  47.9400 W   2.1    2.1      1.5     -7.4   
990818  180950  48  16.7300 N  63  47.9400 W   2.0    2.1      1.5     -7.4   
990818  180951  48  16.7300 N  63  47.9400 W   2.0    2.1      1.5     -7.4   
990818  180952  48  16.7300 N  63  47.9400 W   2.0    2.1      1.5     -7.4   
990818  180953  48  16.7300 N  63  47.9400 W   2.0    2.1      1.5     -7.4   
990818  180954  48  16.7300 N  63  47.9400 W   2.0    2.1      1.5     -7.4   
990818  180955  48  16.7300 N  63  47.9400 W   2.0    2.1      1.5     -7.4   
990818  180956  48  16.7300 N  63  47.9500 W   2.0    2.1      1.5     -7.4   
990818  180957  48  16.7300 N  63  47.9500 W   1.9    2.1      1.5     -7.4   
990818  180958  48  16.7300 N  63  47.9500 W   1.9    2.1      1.5     -7.1   
990818  180959  48  16.7300 N  63  47.9500 W   2.0    2.1      1.5     -7.1   
990818  181000  48  16.7300 N  63  47.9500 W   2.0    2.1      1.5     -7.1   
990818  181001  48  16.7200 N  63  47.9500 W   1.9    2.1      1.5     -7.1   
990818  181002  48  16.7200 N  63  47.9500 W   1.9    2.1      1.5     -7.1   
990818  181003  48  16.7200 N  63  47.9500 W   1.9    2.1      1.5     -6.4   
990818  181004  48  16.7200 N  63  47.9500 W   1.9    2.1      1.5     -6.4   
990818  181005  48  16.7200 N  63  47.9500 W   1.9    2.1      1.5     -6.4   
990818  181006  48  16.7200 N  63  47.9500 W   1.9    2.1      1.5     -6.4   
990818  181007  48  16.7200 N  63  47.9500 W   1.9    2.1      1.5     -6.4   
990818  181008  48  16.7200 N  63  47.9500 W   1.9    2.1      1.5     -6.4   
990818  181009  48  16.7200 N  63  47.9500 W   1.9    2.1      1.5     -6.4   
990818  181010  48  16.7200 N  63  47.9500 W   1.9    2.1      1.5     -6.4   
990818  181011  48  16.7200 N  63  47.9500 W   1.9    2.1      1.5     -6.4   
990818  181012  48  16.7200 N  63  47.9500 W   1.9    2.1      1.5     -6.4   
990818  181013  48  16.7200 N  63  47.9500 W   1.9    2.1      1.5     -6.4   
990818  181014  48  16.7200 N  63  47.9500 W   1.9    2.1      1.5     -6.4   
990818  181015  48  16.7200 N  63  47.9600 W   2.0    2.1      1.5     -6.4   
990818  181016  48  16.7200 N  63  47.9600 W   1.9    2.1      1.5     -6.4   
990818  181017  48  16.7200 N  63  47.9600 W   1.9    2.1      1.5     -6.4   
990818  181018  48  16.7200 N  63  47.9600 W   2.0    2.1      1.5     -6.4   
990818  181019  48  16.7200 N  63  47.9600 W   2.0    2.1      1.5     -6.4   
990818  181020  48  16.7200 N  63  47.9600 W   1.9    2.1      1.5     -6.4   
990818  181021  48  16.7200 N  63  47.9600 W   1.9    2.1      1.5     -6.4   
990818  181022  48  16.7200 N  63  47.9600 W   2.0    2.1      1.5     -6.4   
990818  181023  48  16.7200 N  63  47.9600 W   2.0    2.1      1.5     -6.4   
990818  181024  48  16.7200 N  63  47.9600 W   1.9    2.1      1.5     -6.4   
990818  181025  48  16.7200 N  63  47.9600 W   2.0    2.1      1.5     -6.4   
990818  181026  48  16.7200 N  63  47.9600 W   2.0    2.1      1.5     -6.4   
990818  181027  48  16.7200 N  63  47.9600 W   2.0    2.1      1.5     -6.4   
990818  181028  48  16.7100 N  63  47.9600 W   2.0    2.1      1.5     -6.4   
990818  181029  48  16.7100 N  63  47.9600 W   2.0    2.1      1.5     -6.4   
990818  181030  48  16.7100 N  63  47.9600 W   2.0    2.1      1.5     -6.4   
990818  181031  48  16.7100 N  63  47.9700 W   2.0    2.1      1.5     -6.4   
990818  181032  48  16.7100 N  63  47.9700 W   2.0    2.1      1.5     -6.4   
990818  181033  48  16.7100 N  63  47.9700 W   2.0    2.1      1.5     -6.4   
990818  181034  48  16.7100 N  63  47.9700 W   2.0    2.1      1.5     -6.4   
990818  181035  48  16.7100 N  63  47.9700 W   2.0    2.1      1.5     -6.4   
990818  181036  48  16.7100 N  63  47.9700 W   2.0    2.1      1.5     -6.4   
990818  181037  48  16.7100 N  63  47.9700 W   2.0    2.1      1.5     -6.4   
990818  181038  48  16.7100 N  63  47.9700 W   2.0    2.1      1.5     -8.2   
990818  181039  48  16.7100 N  63  47.9700 W   2.0    2.1      1.5     -8.2   
990818  181040  48  16.7100 N  63  47.9700 W   2.0    2.1      1.5     -8.2   
990818  181041  48  16.7100 N  63  47.9700 W   2.0    2.1      1.5     -8.2   
990818  181042  48  16.7100 N  63  47.9700 W   2.0    2.1      1.5     -8.2   
990818  181043  48  16.7100 N  63  47.9700 W   2.0    2.1      1.5     -7.2   
990818  181044  48  16.7100 N  63  47.9700 W   2.1    2.1      1.5     -7.2   
990818  181045  48  16.7100 N  63  47.9700 W   2.1    2.1      1.5     -7.2   
990818  181046  48  16.7100 N  63  47.9800 W   2.0    2.1      1.5     -7.2   
990818  181047  48  16.7100 N  63  47.9800 W   2.0    2.1      1.5     -7.2   
990818  181048  48  16.7100 N  63  47.9800 W   2.1    2.1      1.5     -7.1   
990818  181049  48  16.7100 N  63  47.9800 W   2.1    2.1      1.5     -7.1   
990818  181050  48  16.7100 N  63  47.9800 W   2.1    2.1      1.5     -7.1   
990818  181051  48  16.7100 N  63  47.9800 W   2.1    2.1      1.6     -7.1   
990818  181052  48  16.7100 N  63  47.9800 W   2.1    2.1      1.6     -7.1   
990818  181053  48  16.7100 N  63  47.9800 W   2.1    2.1      1.6     -7.1   
990818  181054  48  16.7100 N  63  47.9800 W   2.1    2.1      1.6     -7.1   
990818  181055  48  16.7000 N  63  47.9800 W   2.1    2.1      1.6     -7.1   
990818  181056  48  16.7000 N  63  47.9800 W   2.1    2.1      1.6     -7.1   
990818  181057  48  16.7000 N  63  47.9800 W   2.1    2.1      1.6     -7.1   
990818  181058  48  16.7000 N  63  47.9800 W   2.1    2.1      1.6     -7.1   
990818  181059  48  16.7000 N  63  47.9800 W   2.1    2.1      1.6     -7.1   
990818  181100  48  16.7000 N  63  47.9800 W   2.1    2.1      1.6     -7.1   
990818  181101  48  16.7000 N  63  47.9800 W   2.1    2.1      1.6     -7.1   
990818  181102  48  16.7000 N  63  47.9900 W   2.1    2.1      1.6     -7.1   
990818  181103  48  16.7000 N  63  47.9900 W   2.1    2.1      1.5     -7.1   
990818  181104  48  16.7000 N  63  47.9900 W   2.2    2.1      1.5     -7.1   
990818  181105  48  16.7000 N  63  47.9900 W   2.1    2.1      1.5     -7.1   
990818  181106  48  16.7000 N  63  47.9900 W   2.1    2.1      1.5     -7.1   
990818  181107  48  16.7000 N  63  47.9900 W   2.2    2.1      1.5     -7.1   
990818  181108  48  16.7000 N  63  47.9900 W   2.1    2.1      1.5     -7.1   
990818  181109  48  16.7000 N  63  47.9900 W   2.1    2.1      1.5     11.5   
990818  181110  48  16.7000 N  63  47.9900 W   2.2    2.2      1.5     11.5   
990818  181111  48  16.7000 N  63  47.9900 W   2.2    2.2      1.5     11.5   
990818  181112  48  16.7000 N  63  47.9900 W   2.2    2.2      1.5     11.5   
990818  181113  48  16.7000 N  63  47.9900 W   2.2    2.2      1.5     11.5   
990818  181114  48  16.7000 N  63  47.9900 W   2.2    2.2      1.5     -7.1   
990818  181115  48  16.7000 N  63  47.9900 W   2.2    2.2      1.5     -7.1   
990818  181116  48  16.7000 N  63  47.9900 W   2.2    2.2      1.5     -7.1   
990818  181117  48  16.7000 N  63  48.0000 W   2.2    2.2      1.5     -7.1   
990818  181118  48  16.7000 N  63  48.0000 W   2.2    2.2      1.5     -7.1   
990818  181119  48  16.6900 N  63  48.0000 W   2.2    2.2      1.5     -7.1   
990818  181120  48  16.6900 N  63  48.0000 W   2.2    2.2      1.5     -7.1   
990818  181121  48  16.6900 N  63  48.0000 W   2.2    2.2      1.5     -7.1   
990818  181122  48  16.6900 N  63  48.0000 W   2.2    2.2      1.5     -7.1   
990818  181123  48  16.6900 N  63  48.0000 W   2.2    2.2      1.5     -7.1   
990818  181124  48  16.6900 N  63  48.0000 W   2.2    2.2      1.5     -7.1   
990818  181125  48  16.6900 N  63  48.0000 W   2.2    2.2      1.5     -7.1   
990818  181126  48  16.6900 N  63  48.0000 W   2.2    2.2      1.5     -7.1   
990818  181127  48  16.6900 N  63  48.0000 W   2.1    2.2      1.5     -7.1   
990818  181128  48  16.6900 N  63  48.0000 W   2.2    2.2      1.5     -7.1   
990818  181129  48  16.6900 N  63  48.0000 W   2.2    2.2      1.5     -7.1   
990818  181130  48  16.6900 N  63  48.0000 W   2.2    2.2      1.5     -7.1   
990818  181131  48  16.6900 N  63  48.0000 W   2.1    2.2      1.5     -7.1   
990818  181132  48  16.6900 N  63  48.0000 W   2.2    2.2      1.5     -7.1   
990818  181133  48  16.6900 N  63  48.0100 W   2.2    2.2      1.5     -7.1   
990818  181134  48  16.6900 N  63  48.0100 W   2.1    2.2      1.5     -7.1   
990818  181135  48  16.6900 N  63  48.0100 W   2.1    2.2      1.5     -7.1   
990818  181136  48  16.6900 N  63  48.0100 W   2.2    2.2      1.5     -7.1   
990818  181137  48  16.6900 N  63  48.0100 W   2.1    2.2      1.5     -7.1   
990818  181138  48  16.6900 N  63  48.0100 W   2.1    2.2      1.5     -7.1   
990818  181139  48  16.6900 N  63  48.0100 W   2.1    2.2      1.5     -7.3   
990818  181140  48  16.6900 N  63  48.0100 W   2.1    2.2      1.5     -7.3   
990818  181141  48  16.6900 N  63  48.0100 W   2.1    2.2      1.5     -7.3   
990818  181142  48  16.6900 N  63  48.0100 W   2.1    2.2      1.6     -7.3   
990818  181143  48  16.6900 N  63  48.0100 W   2.1    2.2      1.6     -7.3   
990818  181144  48  16.6900 N  63  48.0100 W   2.0    2.2      1.6     -7.3   
990818  181145  48  16.6800 N  63  48.0100 W   2.1    2.2      1.6     -7.3   
990818  181146  48  16.6800 N  63  48.0100 W   2.1    2.2      1.6     -7.3   
990818  181147  48  16.6800 N  63  48.0100 W   2.1    2.2      1.6     -7.3   
990818  181148  48  16.6800 N  63  48.0100 W   2.0    2.2      1.6     -7.3   
990818  181149  48  16.6800 N  63  48.0100 W   2.1    2.2      1.6     -8.6   
990818  181150  48  16.6800 N  63  48.0200 W   2.1    2.2      1.6     -8.6   
990818  181151  48  16.6800 N  63  48.0200 W   2.0    2.2      1.6     -8.6   
990818  181152  48  16.6800 N  63  48.0200 W   2.0    2.2      1.6     -8.6   
990818  181153  48  16.6800 N  63  48.0200 W   2.1    2.2      1.6     -8.6   
990818  181154  48  16.6800 N  63  48.0200 W   2.1    2.2      1.6     -8.6   
990818  181155  48  16.6800 N  63  48.0200 W   2.0    2.2      1.5     -7.0   
990818  181156  48  16.6800 N  63  48.0200 W   2.0    2.2      1.5     -7.0   
990818  181157  48  16.6800 N  63  48.0200 W   2.0    2.2      1.5     -7.0   
990818  181158  48  16.6800 N  63  48.0200 W   2.0    2.2      1.5     -7.0   
990818  181159  48  16.6800 N  63  48.0200 W   2.0    2.2      1.5     -7.0   
990818  181200  48  16.6800 N  63  48.0200 W   2.0    2.2      1.5     11.6   
990818  181201  48  16.6800 N  63  48.0200 W   2.0    2.2      1.5     11.6   
990818  181202  48  16.6800 N  63  48.0200 W   2.0    2.2      1.5     11.6   
990818  181203  48  16.6800 N  63  48.0200 W   2.0    2.2      1.5     11.6   
990818  181204  48  16.6800 N  63  48.0200 W   2.0    2.2      1.5     11.6   
990818  181205  48  16.6800 N  63  48.0200 W   2.0    2.2      1.5     -7.2   
990818  181206  48  16.6800 N  63  48.0300 W   2.0    2.2      1.5     -7.2   
990818  181207  48  16.6800 N  63  48.0300 W   2.0    2.2      1.5     -7.2   
990818  181208  48  16.6800 N  63  48.0300 W   2.0    2.2      1.5     -7.2   
990818  181209  48  16.6800 N  63  48.0300 W   2.0    2.2      1.5     -7.2   
990818  181210  48  16.6800 N  63  48.0300 W   2.0    2.2      1.5     -6.5   
990818  181211  48  16.6700 N  63  48.0300 W   2.0    2.2      1.5     -6.5   
990818  181212  48  16.6700 N  63  48.0300 W   1.9    2.2      1.5     -6.5   
990818  181213  48  16.6700 N  63  48.0300 W   2.0    2.2      1.5     -6.5   
990818  181214  48  16.6700 N  63  48.0300 W   2.0    2.2      1.5     -6.5   
990818  181215  48  16.6700 N  63  48.0300 W   1.9    2.2      1.5     -6.5   
990818  181216  48  16.6700 N  63  48.0300 W   1.9    2.2      1.5     -6.5   
990818  181217  48  16.6700 N  63  48.0300 W   1.9    2.2      1.5     -6.5   
990818  181218  48  16.6700 N  63  48.0300 W   1.9    2.2      1.5     -6.5   
990818  181219  48  16.6700 N  63  48.0300 W   1.9    2.2      1.5     -6.5   
