FileName: C:\LOGFILES\POS203.TXT
Local Time: Wed Aug 18 13:56:35 1999

Ship:  Trip:  Tow: 07
Comments: POS203 Ouest du banc Orphelin.
 Date    Time     Latitude       Longitude    Speed Head-Bottom Head-Foot Door
990818  165856  48  15.0000 N  63  38.6900 W   3.7    2.6      2.4      7.1   
990818  165857  48  15.0000 N  63  38.6900 W   3.6    2.6      2.4      7.1   
990818  165858  48  15.0000 N  63  38.7000 W   3.5    2.6      2.4      7.1   
990818  165859  48  15.0000 N  63  38.7000 W   3.4    2.6      2.4      7.1   
990818  165900  48  15.0000 N  63  38.7000 W   3.3    2.6      2.4     10.2   
990818  165901  48  15.0000 N  63  38.7000 W   3.2    2.6      2.4     10.2   
990818  165902  48  15.0000 N  63  38.7000 W   3.1    3.4      2.4     10.2   
990818  165903  48  15.0000 N  63  38.7000 W   3.0    3.4      2.4     10.2   
990818  165904  48  15.0000 N  63  38.7000 W   2.9    3.4      2.4     10.2   
990818  165905  48  15.0000 N  63  38.7000 W   2.9    3.4      2.4      5.1   
990818  165906  48  15.0000 N  63  38.7000 W   2.8    3.4      2.4      5.1   
990818  165907  48  15.0000 N  63  38.7000 W   2.7    3.4      2.4      5.1   
990818  165908  48  15.0000 N  63  38.7000 W   2.6    3.4      2.8      5.1   
990818  165909  48  15.0000 N  63  38.7000 W   2.6    3.4      2.8      5.1   
990818  165910  48  15.0000 N  63  38.7000 W   2.5    3.4      2.8      7.2   
990818  165911  48  15.0000 N  63  38.7000 W   2.5    3.4      2.8      7.2   
990818  165912  48  15.0000 N  63  38.7000 W   2.4    3.4      2.8      7.2   
990818  165913  48  15.0000 N  63  38.7000 W   2.4    3.4      2.8      7.2   
990818  165914  48  14.9900 N  63  38.7100 W   2.3    3.4      2.8      7.2   
990818  165915  48  14.9900 N  63  38.7100 W   2.3    3.4      2.8      7.2   
990818  165916  48  14.9900 N  63  38.7100 W   2.2    4.4      2.8      6.9   
990818  165917  48  14.9900 N  63  38.7100 W   2.2    4.4      2.8      6.9   
990818  165918  48  14.9900 N  63  38.7100 W   2.2    4.4      2.8      6.9   
990818  165919  48  14.9900 N  63  38.7100 W   2.1    4.4      2.8      6.9   
990818  165920  48  14.9900 N  63  38.7100 W   2.1    4.4      2.8      6.9   
990818  165921  48  14.9900 N  63  38.7100 W   2.0    4.4      2.8      7.6   
990818  165922  48  14.9900 N  63  38.7100 W   2.0    4.4      1.5      7.6   
990818  165923  48  14.9900 N  63  38.7100 W   2.0    4.4      1.5      7.6   
990818  165924  48  14.9900 N  63  38.7100 W   2.0    4.4      1.5      7.6   
990818  165925  48  14.9900 N  63  38.7100 W   2.0    4.4      1.5      7.6   
990818  165926  48  14.9900 N  63  38.7100 W   1.9    4.4      1.5      6.8   
990818  165927  48  14.9900 N  63  38.7100 W   1.9    4.4      1.5      6.8   
990818  165928  48  14.9900 N  63  38.7100 W   1.9    4.4      1.5      6.8   
990818  165929  48  14.9900 N  63  38.7100 W   1.9    3.6      1.5      6.8   
990818  165930  48  14.9900 N  63  38.7100 W   1.9    3.6      1.5      6.8   
990818  165931  48  14.9900 N  63  38.7100 W   1.9    3.6      1.5      6.8   
990818  165932  48  14.9900 N  63  38.7200 W   1.9    3.6      1.5      6.0   
990818  165933  48  14.9900 N  63  38.7200 W   1.9    3.6      1.5      6.0   
990818  165934  48  14.9900 N  63  38.7200 W   1.9    3.6      1.5      6.0   
990818  165935  48  14.9900 N  63  38.7200 W   1.9    3.6      3.4      6.0   
990818  165936  48  14.9900 N  63  38.7200 W   1.9    3.6      3.4      6.0   
990818  165937  48  14.9900 N  63  38.7200 W   1.9    3.6      3.4      6.9   
990818  165938  48  14.9900 N  63  38.7200 W   1.9    3.6      3.4      6.9   
990818  165939  48  14.9900 N  63  38.7200 W   1.9    3.6      3.4      6.9   
990818  165940  48  14.9900 N  63  38.7200 W   1.9    3.6      3.4      6.9   
990818  165941  48  14.9900 N  63  38.7200 W   1.9    3.6      3.4      6.9   
990818  165942  48  14.9900 N  63  38.7200 W   1.9    4.1      3.4      6.2   
990818  165943  48  14.9900 N  63  38.7200 W   1.9    4.1      3.4      6.2   
990818  165944  48  14.9800 N  63  38.7200 W   1.9    4.1      3.4      6.2   
990818  165945  48  14.9800 N  63  38.7200 W   1.9    4.1      3.4      6.2   
990818  165946  48  14.9800 N  63  38.7200 W   1.9    4.1      3.4      6.2   
990818  165947  48  14.9800 N  63  38.7200 W   1.9    4.1      3.4      6.0   
990818  165948  48  14.9800 N  63  38.7200 W   1.9    4.1      2.6      6.0   
990818  165949  48  14.9800 N  63  38.7300 W   1.9    4.1      2.6      6.0   
990818  165950  48  14.9800 N  63  38.7300 W   1.9    4.1      2.6      6.0   
990818  165951  48  14.9800 N  63  38.7300 W   1.9    4.1      2.6      6.0   
990818  165952  48  14.9800 N  63  38.7300 W   1.9    4.1      2.6      6.0   
990818  165953  48  14.9800 N  63  38.7300 W   1.9    4.1      2.6      6.0   
990818  165954  48  14.9800 N  63  38.7300 W   1.9    4.1      2.6      6.0   
990818  165955  48  14.9800 N  63  38.7300 W   1.9    4.6      2.6      6.0   
990818  165956  48  14.9800 N  63  38.7300 W   2.0    4.6      2.6      6.0   
990818  165957  48  14.9800 N  63  38.7300 W   2.0    4.6      2.6      6.0   
990818  165958  48  14.9800 N  63  38.7300 W   2.0    4.6      2.6      6.8   
990818  165959  48  14.9800 N  63  38.7300 W   2.0    4.6      2.6      6.8   
990818  170000  48  14.9800 N  63  38.7300 W   2.0    4.6      2.6      6.8   
990818  170001  48  14.9800 N  63  38.7300 W   2.0    4.6      3.3      6.8   
990818  170002  48  14.9800 N  63  38.7300 W   2.0    4.6      3.3      6.8   
990818  170003  48  14.9800 N  63  38.7300 W   2.0    4.6      3.3      6.8   
990818  170004  48  14.9800 N  63  38.7300 W   2.1    4.6      3.3      6.8   
990818  170005  48  14.9800 N  63  38.7400 W   2.1    4.6      3.3      6.8   
990818  170006  48  14.9800 N  63  38.7400 W   2.0    4.6      3.3      6.8   
990818  170007  48  14.9800 N  63  38.7400 W   2.1    4.6      3.3      6.8   
990818  170008  48  14.9800 N  63  38.7400 W   2.1    3.7      3.3      6.0   
990818  170009  48  14.9700 N  63  38.7400 W   2.1    3.7      3.3      6.0   
990818  170010  48  14.9700 N  63  38.7400 W   2.1    3.7      3.3      6.0   
990818  170011  48  14.9700 N  63  38.7400 W   2.1    3.7      3.3      6.0   
990818  170012  48  14.9700 N  63  38.7400 W   2.1    3.7      3.3      6.0   
990818  170013  48  14.9700 N  63  38.7400 W   2.2    3.7      3.3      6.0   
990818  170014  48  14.9700 N  63  38.7400 W   2.1    3.7      3.3      7.1   
990818  170015  48  14.9700 N  63  38.7400 W   2.1    3.7      3.3      7.1   
990818  170016  48  14.9700 N  63  38.7400 W   2.1    3.7      3.3      7.1   
990818  170017  48  14.9700 N  63  38.7400 W   2.1    3.7      3.3      7.1   
990818  170018  48  14.9700 N  63  38.7400 W   2.2    3.7      3.3      7.1   
990818  170019  48  14.9700 N  63  38.7400 W   2.1    3.7      3.3      7.2   
990818  170020  48  14.9700 N  63  38.7400 W   2.1    3.7      3.3      7.2   
990818  170021  48  14.9700 N  63  38.7500 W   2.1    3.7      3.3      7.2   
990818  170022  48  14.9700 N  63  38.7500 W   2.2    3.7      3.3      7.2   
990818  170023  48  14.9700 N  63  38.7500 W   2.2    3.7      3.3      7.2   
990818  170024  48  14.9700 N  63  38.7500 W   2.1    3.7      3.3      6.5   
990818  170025  48  14.9700 N  63  38.7500 W   2.1    3.7      3.3      6.5   
990818  170026  48  14.9700 N  63  38.7500 W   2.1    3.7      3.3      6.5   
990818  170027  48  14.9700 N  63  38.7500 W   2.1    3.7      3.3      6.5   
990818  170028  48  14.9700 N  63  38.7500 W   2.1    3.7      3.1      6.5   
990818  170029  48  14.9700 N  63  38.7500 W   2.1    3.7      3.1      7.3   
990818  170030  48  14.9700 N  63  38.7500 W   2.1    3.7      3.1      7.3   
990818  170031  48  14.9700 N  63  38.7500 W   2.1    3.7      3.1      7.3   
990818  170032  48  14.9700 N  63  38.7500 W   2.1    3.7      3.1      7.3   
990818  170033  48  14.9600 N  63  38.7500 W   2.1    3.7      3.1      7.3   
990818  170034  48  14.9600 N  63  38.7500 W   2.1    3.7      3.1      7.3   
990818  170035  48  14.9600 N  63  38.7500 W   2.1    3.7      3.1      9.6   
990818  170036  48  14.9600 N  63  38.7500 W   2.1    7.0      3.1      9.6   
990818  170037  48  14.9600 N  63  38.7600 W   2.1    7.0      3.1      9.6   
990818  170038  48  14.9600 N  63  38.7600 W   2.1    7.0      3.1      9.6   
990818  170039  48  14.9600 N  63  38.7600 W   2.1    7.0      3.1      9.6   
990818  170040  48  14.9600 N  63  38.7600 W   2.1    7.0      3.1      7.3   
990818  170041  48  14.9600 N  63  38.7600 W   2.0    7.0      3.1      7.3   
990818  170042  48  14.9600 N  63  38.7600 W   2.0    7.0      1.6      7.3   
990818  170043  48  14.9600 N  63  38.7600 W   2.0    7.0      1.6      7.3   
990818  170044  48  14.9600 N  63  38.7600 W   2.0    7.0      1.6      7.3   
990818  170045  48  14.9600 N  63  38.7600 W   2.0    7.0      1.6      8.6   
990818  170046  48  14.9600 N  63  38.7600 W   2.0    7.0      1.6      8.6   
990818  170047  48  14.9600 N  63  38.7600 W   2.0    7.0      1.6      8.6   
990818  170048  48  14.9600 N  63  38.7600 W   2.0    7.0      1.6      8.6   
990818  170049  48  14.9600 N  63  38.7600 W   2.0    3.0      1.6      8.6   
990818  170050  48  14.9600 N  63  38.7600 W   2.0    3.0      1.6      8.6   
990818  170051  48  14.9600 N  63  38.7600 W   2.0    3.0      1.6      9.5   
990818  170052  48  14.9600 N  63  38.7600 W   2.0    3.0      1.6      9.5   
990818  170053  48  14.9600 N  63  38.7600 W   2.0    3.0      1.6      9.5   
990818  170054  48  14.9600 N  63  38.7700 W   1.9    3.0      1.6      9.5   
990818  170055  48  14.9600 N  63  38.7700 W   1.9    3.0      1.5      9.5   
990818  170056  48  14.9600 N  63  38.7700 W   2.0    3.0      1.5     10.1   
990818  170057  48  14.9600 N  63  38.7700 W   2.0    3.0      1.5     10.1   
990818  170058  48  14.9600 N  63  38.7700 W   1.9    3.0      1.5     10.1   
990818  170059  48  14.9600 N  63  38.7700 W   1.9    3.0      1.5     10.1   
990818  170100  48  14.9500 N  63  38.7700 W   2.0    3.0      1.5     10.1   
990818  170101  48  14.9500 N  63  38.7700 W   2.0    3.0      1.5     11.3   
990818  170102  48  14.9500 N  63  38.7700 W   1.9    2.3      1.5     11.3   
990818  170103  48  14.9500 N  63  38.7700 W   1.9    2.3      1.5     11.3   
990818  170104  48  14.9500 N  63  38.7700 W   1.9    2.3      1.5     11.3   
990818  170105  48  14.9500 N  63  38.7700 W   1.9    2.3      1.5     11.3   
990818  170106  48  14.9500 N  63  38.7700 W   2.0    2.3      1.5     11.8   
990818  170107  48  14.9500 N  63  38.7700 W   1.9    2.3      1.5     11.8   
990818  170108  48  14.9500 N  63  38.7700 W   1.9    2.3      1.3     11.8   
990818  170109  48  14.9500 N  63  38.7700 W   1.9    2.3      1.3     11.8   
990818  170110  48  14.9500 N  63  38.7700 W   1.9    2.3      1.3     11.8   
990818  170111  48  14.9500 N  63  38.7700 W   1.9    2.3      1.3     11.8   
990818  170112  48  14.9500 N  63  38.7800 W   1.9    2.3      1.3     12.0   
990818  170113  48  14.9500 N  63  38.7800 W   1.9    2.3      1.3     12.0   
990818  170114  48  14.9500 N  63  38.7800 W   1.9    2.3      1.3     12.0   
990818  170115  48  14.9500 N  63  38.7800 W   1.9    2.2      1.3     12.0   
990818  170116  48  14.9500 N  63  38.7800 W   1.9    2.2      1.3     12.0   
990818  170117  48  14.9500 N  63  38.7800 W   1.9    2.2      1.3     13.1   
990818  170118  48  14.9500 N  63  38.7800 W   1.9    2.2      1.3     13.1   
990818  170119  48  14.9500 N  63  38.7800 W   1.9    2.2      1.3     13.1   
990818  170120  48  14.9500 N  63  38.7800 W   1.9    2.2      1.3     13.1   
990818  170121  48  14.9500 N  63  38.7800 W   2.0    2.2      1.5     13.1   
990818  170122  48  14.9500 N  63  38.7800 W   2.0    2.2      1.5     -7.2   
990818  170123  48  14.9500 N  63  38.7800 W   2.0    2.2      1.5     -7.2   
990818  170124  48  14.9500 N  63  38.7800 W   2.0    2.2      1.5     -7.2   
990818  170125  48  14.9500 N  63  38.7800 W   2.0    2.2      1.5     -7.2   
990818  170126  48  14.9500 N  63  38.7800 W   2.0    2.2      1.5     -7.2   
990818  170127  48  14.9400 N  63  38.7800 W   2.0    2.2      1.5     -7.2   
990818  170128  48  14.9400 N  63  38.7800 W   2.0    2.4      1.5     12.8   
990818  170129  48  14.9400 N  63  38.7900 W   2.0    2.4      1.5     12.8   
990818  170130  48  14.9400 N  63  38.7900 W   2.0    2.4      1.5     12.8   
990818  170131  48  14.9400 N  63  38.7900 W   2.0    2.4      1.5     12.8   
990818  170132  48  14.9400 N  63  38.7900 W   2.0    2.4      1.5     12.8   
990818  170133  48  14.9400 N  63  38.7900 W   2.0    2.4      1.5     12.8   
990818  170134  48  14.9400 N  63  38.7900 W   2.0    2.4      1.5     12.8   
990818  170135  48  14.9400 N  63  38.7900 W   2.0    2.4      1.5     12.8   
990818  170136  48  14.9400 N  63  38.7900 W   2.0    2.4      1.5     12.8   
990818  170137  48  14.9400 N  63  38.7900 W   2.0    2.4      1.5     12.8   
990818  170138  48  14.9400 N  63  38.7900 W   2.0    2.4      1.5     -7.2   
990818  170139  48  14.9400 N  63  38.7900 W   2.0    2.4      1.5     -7.2   
990818  170140  48  14.9400 N  63  38.7900 W   2.0    2.4      1.5     -7.2   
990818  170141  48  14.9400 N  63  38.7900 W   2.0    2.4      1.5     -7.2   
990818  170142  48  14.9400 N  63  38.7900 W   1.9    2.4      1.5     -7.2   
990818  170143  48  14.9400 N  63  38.7900 W   1.9    2.4      1.5     12.8   
990818  170144  48  14.9400 N  63  38.7900 W   1.8    2.4      1.5     12.8   
990818  170145  48  14.9400 N  63  38.7900 W   1.8    2.4      1.5     12.8   
990818  170146  48  14.9400 N  63  38.7900 W   1.8    2.4      1.5     12.8   
990818  170147  48  14.9400 N  63  38.8000 W   1.8    2.4      1.5     12.8   
990818  170148  48  14.9400 N  63  38.8000 W   1.7    2.4      1.5     -7.1   
990818  170149  48  14.9400 N  63  38.8000 W   1.7    2.4      1.5     -7.1   
990818  170150  48  14.9400 N  63  38.8000 W   1.7    2.4      1.5     -7.1   
990818  170151  48  14.9400 N  63  38.8000 W   1.7    2.4      1.5     -7.1   
990818  170152  48  14.9400 N  63  38.8000 W   1.7    2.4      1.5     -7.1   
990818  170153  48  14.9400 N  63  38.8000 W   1.7    2.4      1.5     -7.1   
990818  170154  48  14.9400 N  63  38.8000 W   1.7    2.4      1.5      7.4   
990818  170155  48  14.9400 N  63  38.8000 W   1.7    2.4      1.5      7.4   
990818  170156  48  14.9300 N  63  38.8000 W   1.7    2.4      1.5      7.4   
990818  170157  48  14.9300 N  63  38.8000 W   1.7    2.4      1.5      7.4   
990818  170158  48  14.9300 N  63  38.8000 W   1.7    2.4      1.5      7.4   
990818  170159  48  14.9300 N  63  38.8000 W   1.8    2.4      1.5      8.3   
990818  170200  48  14.9300 N  63  38.8000 W   1.8    2.4      1.5      8.3   
990818  170201  48  14.9300 N  63  38.8000 W   1.7    2.4      1.5      8.3   
990818  170202  48  14.9300 N  63  38.8000 W   1.7    2.4      1.5      8.3   
990818  170203  48  14.9300 N  63  38.8000 W   1.8    2.4      1.5      8.3   
990818  170204  48  14.9300 N  63  38.8000 W   1.8    2.4      1.5      8.7   
990818  170205  48  14.9300 N  63  38.8000 W   1.8    2.4      1.5      8.7   
990818  170206  48  14.9300 N  63  38.8100 W   1.8    2.4      1.5      8.7   
990818  170207  48  14.9300 N  63  38.8100 W   1.9    2.1      1.5      8.7   
990818  170208  48  14.9300 N  63  38.8100 W   1.9    2.1      1.5      8.7   
990818  170209  48  14.9300 N  63  38.8100 W   1.9    2.1      1.5      8.7   
990818  170210  48  14.9300 N  63  38.8100 W   1.9    2.1      1.5      8.8   
990818  170211  48  14.9300 N  63  38.8100 W   1.9    2.1      1.5      8.8   
990818  170212  48  14.9300 N  63  38.8100 W   2.0    2.1      1.5      8.8   
990818  170213  48  14.9300 N  63  38.8100 W   2.0    2.1      1.5      8.8   
990818  170214  48  14.9300 N  63  38.8100 W   2.0    2.1      1.5      8.8   
990818  170215  48  14.9300 N  63  38.8100 W   2.0    2.1      1.5      9.3   
990818  170216  48  14.9300 N  63  38.8100 W   2.0    2.1      1.5      9.3   
990818  170217  48  14.9300 N  63  38.8100 W   2.0    2.1      1.5      9.3   
990818  170218  48  14.9300 N  63  38.8100 W   2.0    2.1      1.5      9.3   
990818  170219  48  14.9300 N  63  38.8100 W   2.1    2.1      1.5      9.3   
990818  170220  48  14.9300 N  63  38.8100 W   2.0    2.2      1.5     -7.1   
990818  170221  48  14.9300 N  63  38.8100 W   2.0    2.2      1.5     -7.1   
990818  170222  48  14.9200 N  63  38.8200 W   2.1    2.2      1.5     -7.1   
990818  170223  48  14.9200 N  63  38.8200 W   2.1    2.2      1.5     -7.1   
990818  170224  48  14.9200 N  63  38.8200 W   2.1    2.2      1.5     -7.1   
990818  170225  48  14.9200 N  63  38.8200 W   2.1    2.2      1.5     10.3   
990818  170226  48  14.9200 N  63  38.8200 W   2.1    2.2      1.5     10.3   
990818  170227  48  14.9200 N  63  38.8200 W   2.1    2.2      1.5     10.3   
990818  170228  48  14.9200 N  63  38.8200 W   2.1    2.2      1.5     10.3   
990818  170229  48  14.9200 N  63  38.8200 W   2.1    2.2      1.5     10.3   
990818  170230  48  14.9200 N  63  38.8200 W   2.1    2.2      1.5     10.3   
990818  170231  48  14.9200 N  63  38.8200 W   2.1    2.2      1.5     10.3   
990818  170232  48  14.9200 N  63  38.8200 W   2.2    2.2      1.5     10.3   
990818  170233  48  14.9200 N  63  38.8200 W   2.2    2.1      1.5     10.3   
990818  170234  48  14.9200 N  63  38.8200 W   2.1    2.1      1.5     10.3   
990818  170235  48  14.9200 N  63  38.8200 W   2.2    2.1      1.5     10.3   
990818  170236  48  14.9200 N  63  38.8200 W   2.2    2.1      1.5     -7.1   
990818  170237  48  14.9200 N  63  38.8200 W   2.2    2.1      1.5     -7.1   
990818  170238  48  14.9200 N  63  38.8300 W   2.2    2.1      1.5     -7.1   
990818  170239  48  14.9200 N  63  38.8300 W   2.2    2.1      1.5     -7.1   
990818  170240  48  14.9200 N  63  38.8300 W   2.2    2.1      1.5     -7.1   
990818  170241  48  14.9200 N  63  38.8300 W   2.2    2.1      1.5     -7.4   
990818  170242  48  14.9200 N  63  38.8300 W   2.2    2.1      1.5     -7.4   
990818  170243  48  14.9200 N  63  38.8300 W   2.2    2.1      1.5     -7.4   
990818  170244  48  14.9200 N  63  38.8300 W   2.2    2.1      1.5     -7.4   
990818  170245  48  14.9100 N  63  38.8300 W   2.2    2.1      1.5     -7.4   
990818  170246  48  14.9100 N  63  38.8300 W   2.2    2.1      1.5     11.6   
990818  170247  48  14.9100 N  63  38.8300 W   2.2    2.1      1.5     11.6   
990818  170248  48  14.9100 N  63  38.8300 W   2.2    2.1      1.5     11.6   
990818  170249  48  14.9100 N  63  38.8300 W   2.2    2.1      1.5     11.6   
990818  170250  48  14.9100 N  63  38.8300 W   2.2    2.1      1.5     11.6   
990818  170251  48  14.9100 N  63  38.8300 W   2.2    2.1      1.5     -7.1   
990818  170252  48  14.9100 N  63  38.8300 W   2.2    2.1      1.5     -7.1   
990818  170253  48  14.9100 N  63  38.8300 W   2.2    2.1      1.5     -7.1   
990818  170254  48  14.9100 N  63  38.8400 W   2.2    2.1      1.5     -7.1   
990818  170255  48  14.9100 N  63  38.8400 W   2.2    2.1      1.5     -7.1   
990818  170256  48  14.9100 N  63  38.8400 W   2.2    2.1      1.5     -7.1   
990818  170257  48  14.9100 N  63  38.8400 W   2.2    2.1      1.5     -7.1   
990818  170258  48  14.9100 N  63  38.8400 W   2.2    2.1      1.5     -7.1   
990818  170259  48  14.9100 N  63  38.8400 W   2.2    2.1      1.5     -7.1   
990818  170300  48  14.9100 N  63  38.8400 W   2.2    2.1      1.5     -7.1   
990818  170301  48  14.9100 N  63  38.8400 W   2.2    2.1      1.5     -7.3   
990818  170302  48  14.9100 N  63  38.8400 W   2.2    2.1      1.5     -7.3   
990818  170303  48  14.9100 N  63  38.8400 W   2.2    2.1      1.5     -7.3   
990818  170304  48  14.9100 N  63  38.8400 W   2.2    2.1      1.5     -7.3   
990818  170305  48  14.9100 N  63  38.8400 W   2.1    2.1      1.5     -7.3   
990818  170306  48  14.9100 N  63  38.8400 W   2.1    2.1      1.5     -7.3   
990818  170307  48  14.9100 N  63  38.8400 W   2.2    2.1      1.5     -7.3   
990818  170308  48  14.9100 N  63  38.8400 W   2.2    2.1      1.5     -7.3   
990818  170309  48  14.9000 N  63  38.8400 W   2.2    2.1      1.5     -7.3   
990818  170310  48  14.9000 N  63  38.8500 W   2.2    2.1      1.5     -7.3   
990818  170311  48  14.9000 N  63  38.8500 W   2.2    2.1      1.5     -7.3   
990818  170312  48  14.9000 N  63  38.8500 W   2.2    2.1      1.5     -7.3   
990818  170313  48  14.9000 N  63  38.8500 W   2.2    2.1      1.5     -7.3   
990818  170314  48  14.9000 N  63  38.8500 W   2.2    2.1      1.5     -7.3   
990818  170315  48  14.9000 N  63  38.8500 W   2.1    2.1      1.5     -7.3   
990818  170316  48  14.9000 N  63  38.8500 W   2.1    2.1      1.5     -7.1   
990818  170317  48  14.9000 N  63  38.8500 W   2.2    2.1      1.5     -7.1   
990818  170318  48  14.9000 N  63  38.8500 W   2.2    2.1      1.5     -7.1   
990818  170319  48  14.9000 N  63  38.8500 W   2.1    2.1      1.5     -7.1   
990818  170320  48  14.9000 N  63  38.8500 W   2.1    2.1      1.5     -7.1   
990818  170321  48  14.9000 N  63  38.8500 W   2.1    2.1      1.5     -7.3   
990818  170322  48  14.9000 N  63  38.8500 W   2.2    2.1      1.5     -7.3   
990818  170323  48  14.9000 N  63  38.8500 W   2.1    2.1      1.5     -7.3   
990818  170324  48  14.9000 N  63  38.8500 W   2.1    2.1      1.5     -7.3   
990818  170325  48  14.9000 N  63  38.8600 W   2.1    2.1      1.5     -7.3   
990818  170326  48  14.9000 N  63  38.8600 W   2.1    2.1      1.5     -7.3   
990818  170327  48  14.9000 N  63  38.8600 W   2.1    2.1      1.5     -7.1   
990818  170328  48  14.9000 N  63  38.8600 W   2.1    2.1      1.5     -7.1   
990818  170329  48  14.9000 N  63  38.8600 W   2.1    2.1      1.5     -7.1   
990818  170330  48  14.9000 N  63  38.8600 W   2.1    2.1      1.5     -7.1   
990818  170331  48  14.9000 N  63  38.8600 W   2.1    2.1      1.5     -7.1   
990818  170332  48  14.9000 N  63  38.8600 W   2.1    2.1      1.5     -7.1   
990818  170333  48  14.9000 N  63  38.8600 W   2.1    2.1      1.5     -7.1   
990818  170334  48  14.9000 N  63  38.8600 W   2.1    2.1      1.5     -7.1   
990818  170335  48  14.8900 N  63  38.8600 W   2.1    2.1      1.5     -7.1   
990818  170336  48  14.8900 N  63  38.8600 W   2.0    2.1      1.5     -7.1   
990818  170337  48  14.8900 N  63  38.8600 W   2.1    2.1      1.5     -7.3   
990818  170338  48  14.8900 N  63  38.8600 W   2.0    2.1      1.5     -7.3   
990818  170339  48  14.8900 N  63  38.8600 W   2.0    2.1      1.5     -7.3   
990818  170340  48  14.8900 N  63  38.8600 W   2.1    2.1      1.5     -7.3   
990818  170341  48  14.8900 N  63  38.8600 W   2.1    2.1      1.5     -7.3   
990818  170342  48  14.8900 N  63  38.8700 W   2.1    2.1      1.5     -7.1   
990818  170343  48  14.8900 N  63  38.8700 W   2.1    2.1      1.5     -7.1   
990818  170344  48  14.8900 N  63  38.8700 W   2.1    2.1      1.5     -7.1   
990818  170345  48  14.8900 N  63  38.8700 W   2.1    2.1      1.5     -7.1   
990818  170346  48  14.8900 N  63  38.8700 W   2.1    2.1      1.5     -7.1   
990818  170347  48  14.8900 N  63  38.8700 W   2.1    2.1      1.5     -7.1   
990818  170348  48  14.8900 N  63  38.8700 W   2.0    2.1      1.5     -7.1   
990818  170349  48  14.8900 N  63  38.8700 W   2.1    2.1      1.5     -7.1   
990818  170350  48  14.8900 N  63  38.8700 W   2.1    2.2      1.5     -7.1   
990818  170351  48  14.8900 N  63  38.8700 W   2.1    2.2      1.5     -7.1   
990818  170352  48  14.8900 N  63  38.8700 W   2.1    2.2      1.5     -7.3   
990818  170353  48  14.8900 N  63  38.8700 W   2.1    2.2      1.5     -7.3   
990818  170354  48  14.8900 N  63  38.8700 W   2.0    2.2      1.5     -7.3   
990818  170355  48  14.8900 N  63  38.8700 W   2.1    2.2      1.5     -7.3   
990818  170356  48  14.8900 N  63  38.8700 W   2.1    2.2      1.5     -7.3   
990818  170357  48  14.8900 N  63  38.8700 W   2.0    2.2      1.5     -7.1   
990818  170358  48  14.8900 N  63  38.8800 W   2.0    2.2      1.5     -7.1   
990818  170359  48  14.8900 N  63  38.8800 W   2.1    2.2      1.5     -7.1   
990818  170400  48  14.8800 N  63  38.8800 W   2.1    2.2      1.5     -7.1   
990818  170401  48  14.8800 N  63  38.8800 W   2.0    2.2      1.5     -7.1   
990818  170402  48  14.8800 N  63  38.8800 W   2.1    2.2      1.5     -7.2   
990818  170403  48  14.8800 N  63  38.8800 W   2.1    2.1      1.5     -7.2   
990818  170404  48  14.8800 N  63  38.8800 W   2.1    2.1      1.5     -7.2   
990818  170405  48  14.8800 N  63  38.8800 W   2.1    2.1      1.5     -7.2   
990818  170406  48  14.8800 N  63  38.8800 W   2.1    2.1      1.5     -7.2   
990818  170407  48  14.8800 N  63  38.8800 W   2.0    2.1      1.5     -7.2   
990818  170408  48  14.8800 N  63  38.8800 W   2.0    2.1      1.5     -7.2   
