FileName: C:\LOGFILES\POS250.TXT
Local Time: Wed Aug 25 10:13:17 1999

Ship:  Trip:  Tow: 09
Comments: POS230  ZONE 19 off Cheticamp island 
 Date    Time     Latitude       Longitude    Speed Head-Bottom Head-Foot Door
990825  131539  46  38.7900 N  61  12.9000 W   2.0    3.5      3.0      6.5   
990825  131540  46  38.7900 N  61  12.9000 W   1.9    3.5      3.0      6.5   
990825  131541  46  38.7900 N  61  12.9000 W   1.9    3.5      3.0      6.5   
990825  131542  46  38.7900 N  61  12.9000 W   1.9    3.5      2.3      6.5   
990825  131543  46  38.7900 N  61  12.9000 W   1.9    3.5      2.3      6.5   
990825  131544  46  38.7900 N  61  12.9000 W   1.9    3.5      2.3      6.5   
990825  131545  46  38.7900 N  61  12.9000 W   1.9    3.5      2.3      6.5   
990825  131546  46  38.7900 N  61  12.9000 W   1.9    3.5      2.3      6.5   
990825  131547  46  38.7900 N  61  12.9000 W   1.9    3.5      2.3      6.5   
990825  131548  46  38.7900 N  61  12.8900 W   1.9    3.5      2.3      6.5   
990825  131549  46  38.7900 N  61  12.8900 W   1.8    3.5      2.3      6.5   
990825  131550  46  38.7900 N  61  12.8900 W   1.9    3.5      2.3      6.1   
990825  131551  46  38.7900 N  61  12.8900 W   1.9    3.5      2.3      6.1   
990825  131552  46  38.7900 N  61  12.8900 W   1.8    3.5      2.3      6.1   
990825  131553  46  38.7900 N  61  12.8900 W   1.8    3.5      2.3      6.1   
990825  131554  46  38.7900 N  61  12.8900 W   1.8    3.5      2.3      6.1   
990825  131555  46  38.7900 N  61  12.8900 W   1.8    3.5      2.3      7.0   
990825  131556  46  38.7900 N  61  12.8900 W   1.8    3.5      2.7      7.0   
990825  131557  46  38.7900 N  61  12.8900 W   1.8    3.5      2.7      7.0   
990825  131558  46  38.7900 N  61  12.8900 W   1.8    3.5      2.7      7.0   
990825  131559  46  38.7900 N  61  12.8900 W   1.8    3.5      2.7      7.0   
990825  131600  46  38.8000 N  61  12.8900 W   1.8    3.5      2.7      4.7   
990825  131601  46  38.8000 N  61  12.8900 W   1.8    3.5      2.7      4.7   
990825  131602  46  38.8000 N  61  12.8900 W   1.8    3.5      2.7      4.7   
990825  131603  46  38.8000 N  61  12.8900 W   1.8    3.8      2.7      4.7   
990825  131604  46  38.8000 N  61  12.8900 W   1.8    3.8      2.7      4.7   
990825  131605  46  38.8000 N  61  12.8900 W   1.8    3.8      2.7      5.9   
990825  131606  46  38.8000 N  61  12.8900 W   1.8    3.8      2.7      5.9   
990825  131607  46  38.8000 N  61  12.8900 W   1.8    3.8      2.7      5.9   
990825  131608  46  38.8000 N  61  12.8900 W   1.8    3.8      2.7      5.9   
990825  131609  46  38.8000 N  61  12.8900 W   1.8    3.8      2.9      5.9   
990825  131610  46  38.8000 N  61  12.8900 W   1.8    3.8      2.9      5.9   
990825  131611  46  38.8000 N  61  12.8900 W   1.9    3.8      2.9      5.9   
990825  131612  46  38.8000 N  61  12.8900 W   1.9    3.8      2.9      5.9   
990825  131613  46  38.8000 N  61  12.8900 W   1.8    3.8      2.9      5.9   
990825  131614  46  38.8000 N  61  12.8900 W   1.9    3.8      2.9      5.9   
990825  131615  46  38.8000 N  61  12.8800 W   1.9    3.8      2.9      5.9   
990825  131616  46  38.8000 N  61  12.8800 W   1.9    3.6      2.9      5.5   
990825  131617  46  38.8000 N  61  12.8800 W   1.9    3.6      2.9      5.5   
990825  131618  46  38.8000 N  61  12.8800 W   1.9    3.6      2.9      5.5   
990825  131619  46  38.8000 N  61  12.8800 W   1.9    3.6      2.9      5.5   
990825  131620  46  38.8000 N  61  12.8800 W   1.9    3.6      2.9      5.5   
990825  131621  46  38.8100 N  61  12.8800 W   1.9    3.6      2.9      5.9   
990825  131622  46  38.8100 N  61  12.8800 W   2.0    3.6      2.2      5.9   
990825  131623  46  38.8100 N  61  12.8800 W   2.0    3.6      2.2      5.9   
990825  131624  46  38.8100 N  61  12.8800 W   2.0    3.6      2.2      5.9   
990825  131625  46  38.8100 N  61  12.8800 W   1.9    3.6      2.2      5.9   
990825  131626  46  38.8100 N  61  12.8800 W   2.0    3.6      2.2      5.9   
990825  131627  46  38.8100 N  61  12.8800 W   2.0    3.6      2.2      5.9   
990825  131628  46  38.8100 N  61  12.8800 W   2.0    3.6      2.2      5.9   
990825  131629  46  38.8100 N  61  12.8800 W   2.0    3.6      2.2      5.9   
990825  131630  46  38.8100 N  61  12.8800 W   2.0    3.6      2.2      5.9   
990825  131631  46  38.8100 N  61  12.8800 W   2.0    3.6      2.2      5.9   
990825  131632  46  38.8100 N  61  12.8800 W   2.0    3.6      2.2      5.8   
990825  131633  46  38.8100 N  61  12.8800 W   2.0    3.6      2.2      5.8   
990825  131634  46  38.8100 N  61  12.8800 W   2.0    3.6      2.2      5.8   
990825  131635  46  38.8100 N  61  12.8800 W   2.1    3.6      2.7      5.8   
990825  131636  46  38.8100 N  61  12.8800 W   2.1    3.6      2.7      5.8   
990825  131637  46  38.8100 N  61  12.8800 W   2.0    3.6      2.7      5.9   
990825  131638  46  38.8100 N  61  12.8800 W   2.0    3.6      2.7      5.9   
990825  131639  46  38.8100 N  61  12.8700 W   2.1    3.6      2.7      5.9   
990825  131640  46  38.8200 N  61  12.8700 W   2.1    3.6      2.7      5.9   
990825  131641  46  38.8200 N  61  12.8700 W   2.1    3.6      2.7      5.9   
990825  131642  46  38.8200 N  61  12.8700 W   2.1    3.6      2.7      6.0   
990825  131643  46  38.8200 N  61  12.8700 W   2.1   12.6      2.7      6.0   
990825  131644  46  38.8200 N  61  12.8700 W   2.1   12.6      2.7      6.0   
990825  131645  46  38.8200 N  61  12.8700 W   2.1   12.6      2.7      6.0   
990825  131646  46  38.8200 N  61  12.8700 W   2.1   12.6      2.7      6.0   
990825  131647  46  38.8200 N  61  12.8700 W   2.1   12.6      2.7      6.8   
990825  131648  46  38.8200 N  61  12.8700 W   2.1   12.6      2.7      6.8   
990825  131649  46  38.8200 N  61  12.8700 W   2.1   12.6      2.6      6.8   
990825  131650  46  38.8200 N  61  12.8700 W   2.1   12.6      2.6      6.8   
990825  131651  46  38.8200 N  61  12.8700 W   2.1   12.6      2.6      6.8   
990825  131652  46  38.8200 N  61  12.8700 W   2.1   12.6      2.6      6.8   
990825  131653  46  38.8200 N  61  12.8700 W   2.1   12.6      2.6      5.7   
990825  131654  46  38.8200 N  61  12.8700 W   2.1   12.6      2.6      5.7   
990825  131655  46  38.8200 N  61  12.8700 W   2.0   12.6      2.6      5.7   
990825  131656  46  38.8200 N  61  12.8700 W   2.1   12.6      2.6      5.7   
990825  131657  46  38.8200 N  61  12.8700 W   2.1    8.1      2.6      5.7   
990825  131658  46  38.8200 N  61  12.8700 W   2.0    8.1      2.6      6.8   
990825  131659  46  38.8200 N  61  12.8700 W   2.0    8.1      2.6      6.8   
990825  131700  46  38.8300 N  61  12.8700 W   2.1    8.1      2.6      6.8   
990825  131701  46  38.8300 N  61  12.8700 W   2.0    8.1      2.6      6.8   
990825  131702  46  38.8300 N  61  12.8700 W   2.0    8.1      2.6      6.8   
990825  131703  46  38.8300 N  61  12.8700 W   2.0    8.1      3.1      7.0   
990825  131704  46  38.8300 N  61  12.8600 W   2.0    8.1      3.1      7.0   
990825  131705  46  38.8300 N  61  12.8600 W   2.0    8.1      3.1      7.0   
990825  131706  46  38.8300 N  61  12.8600 W   2.0    8.1      3.1      7.0   
990825  131707  46  38.8300 N  61  12.8600 W   2.0    8.1      3.1      7.0   
990825  131708  46  38.8300 N  61  12.8600 W   1.9    8.1      3.1      7.7   
990825  131709  46  38.8300 N  61  12.8600 W   1.9    8.1      3.1      7.7   
990825  131710  46  38.8300 N  61  12.8600 W   1.9    4.2      3.1      7.7   
990825  131711  46  38.8300 N  61  12.8600 W   1.9    4.2      3.1      7.7   
990825  131712  46  38.8300 N  61  12.8600 W   1.9    4.2      3.1      7.7   
990825  131713  46  38.8300 N  61  12.8600 W   1.9    4.2      3.1      7.7   
990825  131714  46  38.8300 N  61  12.8600 W   1.9    4.2      3.1      7.7   
990825  131715  46  38.8300 N  61  12.8600 W   1.9    4.2      3.1      7.7   
990825  131716  46  38.8300 N  61  12.8600 W   1.8    4.2      1.5      7.7   
990825  131717  46  38.8300 N  61  12.8600 W   1.8    4.2      1.5      7.7   
990825  131718  46  38.8300 N  61  12.8600 W   1.9    4.2      1.5      7.7   
990825  131719  46  38.8300 N  61  12.8600 W   1.9    4.2      1.5      8.3   
990825  131720  46  38.8300 N  61  12.8600 W   1.8    4.2      1.5      8.3   
990825  131721  46  38.8300 N  61  12.8600 W   1.8    4.2      1.5      8.3   
990825  131722  46  38.8400 N  61  12.8600 W   1.8    4.2      1.5      8.3   
990825  131723  46  38.8400 N  61  12.8600 W   1.8    2.1      1.5      8.3   
990825  131724  46  38.8400 N  61  12.8600 W   1.8    2.1      1.5      8.8   
990825  131725  46  38.8400 N  61  12.8600 W   1.8    2.1      1.5      8.8   
990825  131726  46  38.8400 N  61  12.8600 W   1.8    2.1      1.5      8.8   
990825  131727  46  38.8400 N  61  12.8600 W   1.9    2.1      1.5      8.8   
990825  131728  46  38.8400 N  61  12.8600 W   1.8    2.1      1.5      8.8   
990825  131729  46  38.8400 N  61  12.8600 W   1.8    2.1      1.5      8.8   
990825  131730  46  38.8400 N  61  12.8600 W   1.8    2.1      1.5      9.1   
990825  131731  46  38.8400 N  61  12.8500 W   1.8    2.1      1.5      9.1   
990825  131732  46  38.8400 N  61  12.8500 W   1.8    2.1      1.5      9.1   
990825  131733  46  38.8400 N  61  12.8500 W   1.8    2.1      1.5      9.1   
990825  131734  46  38.8400 N  61  12.8500 W   1.8    2.1      1.5      9.1   
990825  131735  46  38.8400 N  61  12.8500 W   1.8    2.1      1.5      9.4   
990825  131736  46  38.8400 N  61  12.8500 W   1.8    2.1      1.5      9.4   
990825  131737  46  38.8400 N  61  12.8500 W   1.8    2.1      1.5      9.4   
990825  131738  46  38.8400 N  61  12.8500 W   1.8    2.1      1.5      9.4   
990825  131739  46  38.8400 N  61  12.8500 W   1.8    2.1      1.5      9.4   
990825  131740  46  38.8400 N  61  12.8500 W   1.8    2.1      1.5      9.6   
990825  131741  46  38.8400 N  61  12.8500 W   1.8    2.1      1.5      9.6   
990825  131742  46  38.8400 N  61  12.8500 W   1.8    2.1      1.5      9.6   
990825  131743  46  38.8400 N  61  12.8500 W   1.8    2.1      1.5      9.6   
990825  131744  46  38.8400 N  61  12.8500 W   1.8    2.1      1.5      9.6   
990825  131745  46  38.8500 N  61  12.8500 W   1.8    2.1      1.5      9.7   
990825  131746  46  38.8500 N  61  12.8500 W   1.8    2.1      1.5      9.7   
990825  131747  46  38.8500 N  61  12.8500 W   1.8    2.1      1.5      9.7   
990825  131748  46  38.8500 N  61  12.8500 W   1.7    2.1      1.5      9.7   
990825  131749  46  38.8500 N  61  12.8500 W   1.8    2.1      1.5      9.7   
990825  131750  46  38.8500 N  61  12.8500 W   1.8    2.1      1.5      9.7   
990825  131751  46  38.8500 N  61  12.8500 W   1.8    2.1      1.5     10.1   
990825  131752  46  38.8500 N  61  12.8500 W   1.8    2.1      1.5     10.1   
990825  131753  46  38.8500 N  61  12.8500 W   1.8    2.1      1.5     10.1   
990825  131754  46  38.8500 N  61  12.8500 W   1.8    2.1      1.5     10.1   
990825  131755  46  38.8500 N  61  12.8500 W   1.8    2.1      1.5     10.1   
990825  131756  46  38.8500 N  61  12.8500 W   1.8    2.1      1.5     10.1   
990825  131757  46  38.8500 N  61  12.8500 W   1.8    2.1      1.5     10.1   
990825  131758  46  38.8500 N  61  12.8400 W   1.8    2.1      1.5     10.1   
990825  131759  46  38.8500 N  61  12.8400 W   1.8    2.1      1.5     10.1   
990825  131800  46  38.8500 N  61  12.8400 W   1.8    2.1      1.5     10.1   
990825  131801  46  38.8500 N  61  12.8400 W   1.8    2.1      1.5     10.4   
990825  131802  46  38.8500 N  61  12.8400 W   1.8    2.3      1.5     10.4   
990825  131803  46  38.8500 N  61  12.8400 W   1.8    2.3      1.5     10.4   
990825  131804  46  38.8500 N  61  12.8400 W   1.8    2.3      1.5     10.4   
990825  131805  46  38.8500 N  61  12.8400 W   1.8    2.3      1.5     10.4   
990825  131806  46  38.8500 N  61  12.8400 W   1.8    2.3      1.5     10.4   
990825  131807  46  38.8600 N  61  12.8400 W   1.8    2.3      1.5     10.8   
990825  131808  46  38.8600 N  61  12.8400 W   1.8    2.3      1.5     10.8   
990825  131809  46  38.8600 N  61  12.8400 W   1.8    2.3      1.5     10.8   
990825  131810  46  38.8600 N  61  12.8400 W   1.9    2.3      1.5     10.8   
990825  131811  46  38.8600 N  61  12.8400 W   1.8    2.3      1.5     10.8   
990825  131812  46  38.8600 N  61  12.8400 W   1.8    2.3      1.5     11.4   
990825  131813  46  38.8600 N  61  12.8400 W   1.8    2.3      1.5     11.4   
990825  131814  46  38.8600 N  61  12.8400 W   1.9    2.3      1.5     11.4   
990825  131815  46  38.8600 N  61  12.8400 W   1.9    2.3      1.5     11.4   
990825  131816  46  38.8600 N  61  12.8400 W   1.9    2.3      1.5     11.4   
990825  131817  46  38.8600 N  61  12.8400 W   1.8    2.3      1.5     10.3   
990825  131818  46  38.8600 N  61  12.8400 W   1.9    2.3      1.5     10.3   
990825  131819  46  38.8600 N  61  12.8400 W   1.9    2.3      1.5     10.3   
990825  131820  46  38.8600 N  61  12.8400 W   1.9    2.3      1.5     10.3   
990825  131821  46  38.8600 N  61  12.8400 W   1.9    2.3      1.5     10.3   
990825  131822  46  38.8600 N  61  12.8400 W   1.9    2.3      1.5     10.3   
990825  131823  46  38.8600 N  61  12.8400 W   1.9    2.3      1.5     10.3   
990825  131824  46  38.8600 N  61  12.8400 W   1.9    2.3      1.5     10.3   
990825  131825  46  38.8600 N  61  12.8300 W   1.9    2.3      1.5     10.3   
990825  131826  46  38.8600 N  61  12.8300 W   1.9    2.3      1.5     10.3   
990825  131827  46  38.8700 N  61  12.8300 W   2.0    2.3      1.5     10.3   
990825  131828  46  38.8700 N  61  12.8300 W   1.9    2.1      1.5     10.1   
990825  131829  46  38.8700 N  61  12.8300 W   1.9    2.1      1.5     10.1   
990825  131830  46  38.8700 N  61  12.8300 W   1.9    2.1      1.5     10.1   
990825  131831  46  38.8700 N  61  12.8300 W   1.9    2.1      1.5     10.1   
990825  131832  46  38.8700 N  61  12.8300 W   1.9    2.1      1.5     10.1   
990825  131833  46  38.8700 N  61  12.8300 W   1.9    2.1      1.5     10.3   
990825  131834  46  38.8700 N  61  12.8300 W   1.9    2.1      1.5     10.3   
990825  131835  46  38.8700 N  61  12.8300 W   1.9    2.1      1.5     10.3   
990825  131836  46  38.8700 N  61  12.8300 W   1.9    2.1      1.5     10.3   
990825  131837  46  38.8700 N  61  12.8300 W   1.9    2.1      1.5     10.3   
990825  131838  46  38.8700 N  61  12.8300 W   1.8    2.1      1.5     10.3   
990825  131839  46  38.8700 N  61  12.8300 W   1.9    2.1      1.5     10.4   
990825  131840  46  38.8700 N  61  12.8300 W   1.9    2.1      1.5     10.4   
990825  131841  46  38.8700 N  61  12.8300 W   1.9    2.1      1.5     10.4   
990825  131842  46  38.8700 N  61  12.8300 W   1.8    2.1      1.5     10.4   
990825  131843  46  38.8700 N  61  12.8300 W   1.9    2.1      1.5     10.4   
990825  131844  46  38.8700 N  61  12.8300 W   1.9    2.1      1.5     10.2   
990825  131845  46  38.8700 N  61  12.8300 W   1.9    2.1      1.5     10.2   
990825  131846  46  38.8700 N  61  12.8300 W   1.8    2.1      1.5     10.2   
990825  131847  46  38.8700 N  61  12.8300 W   1.9    2.1      1.5     10.2   
990825  131848  46  38.8800 N  61  12.8300 W   1.9    2.1      1.5     10.2   
990825  131849  46  38.8800 N  61  12.8300 W   1.9    2.1      1.5     10.2   
990825  131850  46  38.8800 N  61  12.8300 W   1.8    2.1      1.5     10.2   
990825  131851  46  38.8800 N  61  12.8200 W   1.9    2.1      1.5     10.2   
990825  131852  46  38.8800 N  61  12.8200 W   1.9    2.1      1.5     10.2   
990825  131853  46  38.8800 N  61  12.8200 W   1.9    2.1      1.5     10.2   
990825  131854  46  38.8800 N  61  12.8200 W   1.8    2.1      1.5     10.4   
990825  131855  46  38.8800 N  61  12.8200 W   1.9    2.1      1.5     10.4   
990825  131856  46  38.8800 N  61  12.8200 W   1.9    2.1      1.5     10.4   
990825  131857  46  38.8800 N  61  12.8200 W   1.9    2.1      1.5     10.4   
990825  131858  46  38.8800 N  61  12.8200 W   1.9    2.1      1.5     10.4   
990825  131859  46  38.8800 N  61  12.8200 W   1.8    2.1      1.5     10.4   
990825  131900  46  38.8800 N  61  12.8200 W   1.9    2.1      1.5     10.7   
990825  131901  46  38.8800 N  61  12.8200 W   1.9    2.1      1.5     10.7   
990825  131902  46  38.8800 N  61  12.8200 W   1.9    2.1      1.5     10.7   
990825  131903  46  38.8800 N  61  12.8200 W   1.8    2.1      1.5     10.7   
990825  131904  46  38.8800 N  61  12.8200 W   1.9    2.1      1.5     10.7   
990825  131905  46  38.8800 N  61  12.8200 W   1.9    2.1      1.5     10.8   
990825  131906  46  38.8800 N  61  12.8200 W   1.9    2.1      1.5     10.8   
990825  131907  46  38.8800 N  61  12.8200 W   1.9    2.1      1.5     10.8   
990825  131908  46  38.8800 N  61  12.8200 W   1.9    2.1      1.5     10.8   
990825  131909  46  38.8800 N  61  12.8200 W   1.9    2.1      1.5     10.8   
990825  131910  46  38.8900 N  61  12.8200 W   1.9    2.1      1.5     10.4   
990825  131911  46  38.8900 N  61  12.8200 W   1.9    2.1      1.5     10.4   
990825  131912  46  38.8900 N  61  12.8200 W   1.9    2.1      1.5     10.4   
990825  131913  46  38.8900 N  61  12.8200 W   1.9    2.1      1.5     10.4   
990825  131914  46  38.8900 N  61  12.8200 W   1.9    2.1      1.5     10.4   
990825  131915  46  38.8900 N  61  12.8200 W   1.9    2.1      1.5     10.4   
990825  131916  46  38.8900 N  61  12.8100 W   1.9    2.1      1.5     10.4   
990825  131917  46  38.8900 N  61  12.8100 W   1.9    2.1      1.5     10.4   
990825  131918  46  38.8900 N  61  12.8100 W   1.9    2.1      1.5     10.4   
990825  131919  46  38.8900 N  61  12.8100 W   1.9    2.1     13.6     10.4   
990825  131920  46  38.8900 N  61  12.8100 W   1.9    2.1     13.6     10.4   
990825  131921  46  38.8900 N  61  12.8100 W   1.8    2.1     13.6     10.4   
990825  131922  46  38.8900 N  61  12.8100 W   1.8    2.1     13.6     10.4   
990825  131923  46  38.8900 N  61  12.8100 W   1.9    2.1     13.6     10.4   
990825  131924  46  38.8900 N  61  12.8100 W   1.9    2.1     13.6     10.4   
990825  131925  46  38.8900 N  61  12.8100 W   1.9    2.1      1.5     10.4   
990825  131926  46  38.8900 N  61  12.8100 W   1.9    2.1      1.5     10.3   
990825  131927  46  38.8900 N  61  12.8100 W   1.8    2.1      1.5     10.3   
990825  131928  46  38.8900 N  61  12.8100 W   1.8    2.1      1.5     10.3   
990825  131929  46  38.8900 N  61  12.8100 W   1.9    2.1      1.5     10.3   
990825  131930  46  38.8900 N  61  12.8100 W   1.8    2.1      1.5     10.3   
990825  131931  46  38.8900 N  61  12.8100 W   1.8    2.1      1.5     10.3   
990825  131932  46  38.9000 N  61  12.8100 W   1.9    2.1      1.5     10.4   
990825  131933  46  38.9000 N  61  12.8100 W   1.9    2.1      1.5     10.4   
990825  131934  46  38.9000 N  61  12.8100 W   1.8    2.1      1.5     10.4   
990825  131935  46  38.9000 N  61  12.8100 W   1.8    2.1      1.5     10.4   
990825  131936  46  38.9000 N  61  12.8100 W   1.9    2.1      1.5     10.4   
990825  131937  46  38.9000 N  61  12.8100 W   1.8    2.1      1.5     10.6   
990825  131938  46  38.9000 N  61  12.8100 W   1.8    2.1      1.6     10.6   
990825  131939  46  38.9000 N  61  12.8100 W   1.8    2.1      1.6     10.6   
990825  131940  46  38.9000 N  61  12.8100 W   1.8    2.1      1.6     10.6   
990825  131941  46  38.9000 N  61  12.8100 W   1.8    2.1      1.6     10.6   
990825  131942  46  38.9000 N  61  12.8100 W   1.8    2.1      1.6      9.7   
990825  131943  46  38.9000 N  61  12.8000 W   1.8    2.1      1.6      9.7   
990825  131944  46  38.9000 N  61  12.8000 W   1.8    2.1      1.6      9.7   
990825  131945  46  38.9000 N  61  12.8000 W   1.8    2.1      1.6      9.7   
990825  131946  46  38.9000 N  61  12.8000 W   1.8    2.1      1.6      9.7   
990825  131947  46  38.9000 N  61  12.8000 W   1.8    2.1      1.6      9.7   
990825  131948  46  38.9000 N  61  12.8000 W   1.8    2.1      1.6      9.8   
990825  131949  46  38.9000 N  61  12.8000 W   1.8    2.1      1.6      9.8   
990825  131950  46  38.9000 N  61  12.8000 W   1.8    2.1      1.6      9.8   
990825  131951  46  38.9000 N  61  12.8000 W   1.8    2.1      1.5      9.8   
990825  131952  46  38.9000 N  61  12.8000 W   1.8    2.1      1.5      9.8   
990825  131953  46  38.9000 N  61  12.8000 W   1.8    2.1      1.5     10.0   
990825  131954  46  38.9100 N  61  12.8000 W   1.8    2.1      1.5     10.0   
990825  131955  46  38.9100 N  61  12.8000 W   1.8    2.1      1.5     10.0   
990825  131956  46  38.9100 N  61  12.8000 W   1.8    2.1      1.5     10.0   
990825  131957  46  38.9100 N  61  12.8000 W   1.8    2.1      1.5     10.0   
990825  131958  46  38.9100 N  61  12.8000 W   1.8    2.1      1.5      9.9   
990825  131959  46  38.9100 N  61  12.8000 W   1.8    2.1      1.5      9.9   
990825  132000  46  38.9100 N  61  12.8000 W   1.8    2.1      1.5      9.9   
990825  132001  46  38.9100 N  61  12.8000 W   1.8    2.1      1.5      9.9   
990825  132002  46  38.9100 N  61  12.8000 W   1.8    2.1      1.5      9.9   
990825  132003  46  38.9100 N  61  12.8000 W   1.8    2.1      1.5      9.9   
990825  132004  46  38.9100 N  61  12.8000 W   1.8    2.1      1.5      9.9   
990825  132005  46  38.9100 N  61  12.8000 W   1.8    2.1      1.5      9.9   
990825  132006  46  38.9100 N  61  12.8000 W   1.8    2.1      1.5      9.9   
990825  132007  46  38.9100 N  61  12.8000 W   1.8    2.1      1.5      9.9   
990825  132008  46  38.9100 N  61  12.8000 W   1.8    2.1      1.5      9.9   
990825  132009  46  38.9100 N  61  12.8000 W   1.8    2.1      1.5     10.4   
990825  132010  46  38.9100 N  61  12.8000 W   1.8    2.1      1.5     10.4   
990825  132011  46  38.9100 N  61  12.7900 W   1.8    2.1      1.5     10.4   
990825  132012  46  38.9100 N  61  12.7900 W   1.8    2.1      1.5     10.4   
990825  132013  46  38.9100 N  61  12.7900 W   1.8    2.1      1.5     10.4   
990825  132014  46  38.9100 N  61  12.7900 W   1.8    2.1      1.5     10.6   
990825  132015  46  38.9100 N  61  12.7900 W   1.8    2.1      1.5     10.6   
990825  132016  46  38.9200 N  61  12.7900 W   1.8    2.1      1.5     10.6   
990825  132017  46  38.9200 N  61  12.7900 W   1.8    2.1      1.5     10.6   
990825  132018  46  38.9200 N  61  12.7900 W   1.8    2.1      1.5     10.6   
990825  132019  46  38.9200 N  61  12.7900 W   1.8    2.1      1.5     11.1   
990825  132020  46  38.9200 N  61  12.7900 W   1.8    2.1      1.5     11.1   
990825  132021  46  38.9200 N  61  12.7900 W   1.8    2.1      1.5     11.1   
990825  132022  46  38.9200 N  61  12.7900 W   1.8    2.1      1.5     11.1   
990825  132023  46  38.9200 N  61  12.7900 W   1.8    2.1      1.5     11.1   
990825  132024  46  38.9200 N  61  12.7900 W   1.8    2.2      1.5     11.1   
990825  132025  46  38.9200 N  61  12.7900 W   1.8    2.2      1.5     10.6   
990825  132026  46  38.9200 N  61  12.7900 W   1.8    2.2      1.5     10.6   
990825  132027  46  38.9200 N  61  12.7900 W   1.8    2.2      1.5     10.6   
990825  132028  46  38.9200 N  61  12.7900 W   1.8    2.2      1.5     10.6   
990825  132029  46  38.9200 N  61  12.7900 W   1.8    2.2      1.5     10.6   
990825  132030  46  38.9200 N  61  12.7900 W   1.8    2.2      1.5     11.1   
990825  132031  46  38.9200 N  61  12.7900 W   1.8    2.2      1.5     11.1   
990825  132032  46  38.9200 N  61  12.7900 W   1.8    2.2      1.5     11.1   
990825  132033  46  38.9200 N  61  12.7900 W   1.8    2.2      1.5     11.1   
990825  132034  46  38.9200 N  61  12.7900 W   1.8    2.2      1.5     11.1   
990825  132035  46  38.9200 N  61  12.7900 W   1.8    2.2      1.5     11.0   
990825  132036  46  38.9200 N  61  12.7900 W   1.9    2.2      1.5     11.0   
990825  132037  46  38.9200 N  61  12.7900 W   1.8    2.1      1.5     11.0   
990825  132038  46  38.9300 N  61  12.7900 W   1.8    2.1      1.5     11.0   
990825  132039  46  38.9300 N  61  12.7900 W   1.8    2.1      1.5     11.0   
990825  132040  46  38.9300 N  61  12.7800 W   1.8    2.1      1.5     11.0   
990825  132041  46  38.9300 N  61  12.7800 W   1.8    2.1      1.5     11.2   
990825  132042  46  38.9300 N  61  12.7800 W   1.8    2.1      1.5     11.2   
990825  132043  46  38.9300 N  61  12.7800 W   1.8    2.1      1.5     11.2   
990825  132044  46  38.9300 N  61  12.7800 W   1.8    2.1      1.5     11.2   
990825  132045  46  38.9300 N  61  12.7800 W   1.9    2.1      1.5     11.2   
990825  132046  46  38.9300 N  61  12.7800 W   1.9    2.1      1.5     11.3   
990825  132047  46  38.9300 N  61  12.7800 W   1.8    2.1      1.5     11.3   
990825  132048  46  38.9300 N  61  12.7800 W   1.8    2.1      1.5     11.3   
