#0	Date-time:	05/09/2021 12:53:39 PM
#1	Recorder:	70H1137
#2	File type:	1
#3	Columns:	7
#4	Channels:	5
#5	Field separation:	0
#6	Decimal point:	0
#7	Date def.:	0	0
#8	Time def.:	0
#9	Channel 1:	Temperature(°C)	Temp(°C)	2	1
#10	Channel 2:	Pressure(Bar)	Press(Bar)	2	1
#11	Reconvertion:	0
#14	Channel 3:	Tilt-X(°)	Tilt-X(°)	2	1
#18	Channel 4:	Tilt-Y(°)	Tilt-Y(°)	2	1
#19	Line color:	1	2	3	4
#22	Channel 5:	Tilt-Z(°)	Tilt-Z(°)	2	1
#30	Trend Type Number:	3
#33	Limit Temp. Corr. OTCR:	1
1	05.09.21 12:23:00	16,99	0,32	44,25	-5,65	40,10
2	05.09.21 12:23:01	16,99	0,38	56,27	-9,41	24,31
3	05.09.21 12:23:02	16,99	0,41	47,95	-21,23	20,82
4	05.09.21 12:23:03	16,99	0,46	53,86	-20,36	15,78
5	05.09.21 12:23:04	16,99	0,50	54,76	-12,73	22,51
6	05.09.21 12:23:05	16,99	0,50	48,61	-11,40	29,99
7	05.09.21 12:23:06	16,99	0,49	46,91	-10,03	33,06
8	05.09.21 12:23:07	16,99	0,49	47,96	-7,25	34,79
9	05.09.21 12:23:08	16,99	0,48	44,73	-5,85	39,42
10	05.09.21 12:23:09	16,99	0,48	44,83	1,36	43,81
11	05.09.21 12:23:10	16,99	0,49	58,00	2,23	29,78
12	05.09.21 12:23:11	16,99	0,52	61,34	-7,55	21,11
13	05.09.21 12:23:12	16,99	0,55	57,39	-15,94	16,67
14	05.09.21 12:23:13	16,99	0,56	55,99	-15,65	18,36
15	05.09.21 12:23:14	16,99	0,58	56,98	-12,60	20,43
16	05.09.21 12:23:15	16,99	0,59	59,89	-11,24	18,87
17	05.09.21 12:23:16	16,99	0,60	55,24	-10,75	24,01
18	05.09.21 12:23:17	16,99	0,59	50,91	-6,40	32,69
19	05.09.21 12:23:18	16,99	0,59	51,51	-7,52	30,97
20	05.09.21 12:23:19	16,99	0,60	52,26	-13,85	23,89
21	05.09.21 12:23:20	16,99	0,62	54,29	-16,65	19,06
22	05.09.21 12:23:21	16,99	0,64	50,15	-21,44	18,42
23	05.09.21 12:23:22	16,99	0,66	49,15	-25,49	15,37
24	05.09.21 12:23:23	16,99	0,69	53,64	-23,85	12,52
25	05.09.21 12:23:24	16,99	0,69	52,67	-16,45	20,87
26	05.09.21 12:23:25	16,99	0,68	41,90	-14,88	33,22
27	05.09.21 12:23:26	16,99	0,69	51,24	-9,46	29,30
28	05.09.21 12:23:27	16,99	0,71	56,04	-10,99	22,97
29	05.09.21 12:23:28	16,99	0,73	56,01	-13,12	20,87
30	05.09.21 12:23:29	16,99	0,76	57,33	-15,15	17,52
31	05.09.21 12:23:30	16,99	0,78	59,82	-17,32	12,86
32	05.09.21 12:23:31	16,99	0,82	61,12	-14,09	14,79
33	05.09.21 12:23:32	16,99	0,82	55,08	-10,71	24,21
34	05.09.21 12:23:33	16,99	0,82	56,08	-7,84	26,08
35	05.09.21 12:23:34	16,99	0,83	56,83	-6,43	26,74
36	05.09.21 12:23:35	16,99	0,83	60,67	-4,57	24,75
37	05.09.21 12:23:36	16,99	0,86	60,84	-6,01	23,15
38	05.09.21 12:23:37	16,99	0,88	60,21	-10,40	19,39
39	05.09.21 12:23:38	16,99	0,91	61,90	-14,09	14,01
40	05.09.21 12:23:39	16,99	0,94	62,98	-12,28	14,74
41	05.09.21 12:23:40	16,99	0,95	54,96	-7,84	27,20
42	05.09.21 12:23:41	16,99	0,95	57,40	-2,94	29,66
43	05.09.21 12:23:42	16,99	0,96	62,46	-3,61	23,93
44	05.09.21 12:23:43	16,99	0,97	62,56	-3,19	24,24
45	05.09.21 12:23:44	16,99	0,98	58,19	-7,37	24,44
46	05.09.21 12:23:45	16,99	1,01	59,79	-9,27	20,94
47	05.09.21 12:23:46	16,99	1,04	62,69	-12,34	14,96
48	05.09.21 12:23:47	16,99	1,07	64,05	-12,02	13,94
49	05.09.21 12:23:48	16,99	1,08	62,47	-10,32	17,21
50	05.09.21 12:23:49	16,99	1,09	52,68	-9,10	28,22
51	05.09.21 12:23:50	16,99	1,09	53,21	-5,67	31,12
52	05.09.21 12:23:51	16,99	1,11	62,99	-4,11	22,90
53	05.09.21 12:23:52	16,99	1,12	58,30	-5,32	26,38
54	05.09.21 12:23:53	16,99	1,13	55,82	-4,65	29,53
55	05.09.21 12:23:54	16,99	1,15	59,81	-7,84	22,35
56	05.09.21 12:23:55	16,99	1,19	60,55	-11,92	17,54
57	05.09.21 12:23:56	16,99	1,21	57,50	-14,98	17,52
58	05.09.21 12:23:57	16,99	1,24	56,78	-18,12	15,10
59	05.09.21 12:23:58	16,99	1,27	59,02	-17,68	13,30
60	05.09.21 12:23:59	16,99	1,29	58,60	-12,28	19,12
61	05.09.21 12:24:00	16,99	1,29	54,98	-8,85	26,17
62	05.09.21 12:24:01	16,99	1,30	52,12	-10,85	27,03
63	05.09.21 12:24:02	16,99	1,32	56,43	-11,33	22,24
64	05.09.21 12:24:03	16,99	1,36	58,18	-13,13	18,69
65	05.09.21 12:24:04	16,99	1,38	56,87	-15,31	17,82
66	05.09.21 12:24:05	16,99	1,41	58,94	-15,44	15,62
67	05.09.21 12:24:06	16,99	1,44	59,64	-14,07	16,29
68	05.09.21 12:24:07	16,99	1,45	60,44	-8,87	20,69
69	05.09.21 12:24:08	16,99	1,46	53,15	-6,32	30,53
70	05.09.21 12:24:09	16,99	1,46	51,71	-4,56	33,73
71	05.09.21 12:24:10	16,99	1,46	51,82	-4,99	33,19
72	05.09.21 12:24:11	16,99	1,46	50,55	-6,85	32,61
73	05.09.21 12:24:12	16,99	1,47	52,13	-7,21	30,66
74	05.09.21 12:24:13	16,99	1,48	49,34	-9,10	31,56
75	05.09.21 12:24:14	16,99	1,48	49,94	-6,83	33,23
76	05.09.21 12:24:15	16,99	1,50	49,95	-12,30	27,75
77	05.09.21 12:24:16	16,99	1,52	51,02	-13,20	25,78
78	05.09.21 12:24:17	16,99	1,52	48,54	-11,11	30,35
79	05.09.21 12:24:18	16,99	1,52	48,09	-12,30	29,62
80	05.09.21 12:24:19	16,99	1,53	51,64	-13,01	25,35
81	05.09.21 12:24:20	16,99	1,53	48,68	-10,67	30,65
82	05.09.21 12:24:21	16,99	1,49	42,36	-4,31	43,32
83	05.09.21 12:24:22	16,99	1,46	38,49	-4,36	47,15
84	05.09.21 12:24:23	16,99	1,43	40,00	-5,74	44,26
85	05.09.21 12:24:24	16,99	1,42	35,76	-8,93	45,30
86	05.09.21 12:24:25	16,99	1,43	42,55	-10,95	36,50
87	05.09.21 12:24:26	16,99	1,45	47,27	-14,83	27,91
88	05.09.21 12:24:27	16,99	1,46	50,82	-10,00	29,18
89	05.09.21 12:24:28	16,99	1,43	45,71	-6,56	37,72
90	05.09.21 12:24:29	16,99	1,42	42,49	-7,91	39,60
91	05.09.21 12:24:30	16,99	1,41	44,65	-6,31	39,05
92	05.09.21 12:24:31	16,99	1,40	42,50	-9,06	38,43
93	05.09.21 12:24:32	16,99	1,40	45,59	-8,33	36,09
94	05.09.21 12:24:33	16,99	1,39	44,39	-7,01	38,61
95	05.09.21 12:24:34	16,99	1,39	44,13	-6,41	39,46
96	05.09.21 12:24:35	16,99	1,38	41,34	-7,14	41,52
97	05.09.21 12:24:36	16,99	1,36	38,14	-7,01	44,84
98	05.09.21 12:24:37	16,99	1,33	36,43	-6,81	46,76
99	05.09.21 12:24:38	16,99	1,32	34,85	-5,45	49,70
100	05.09.21 12:24:39	16,99	1,30	36,17	-5,69	48,14
101	05.09.21 12:24:40	16,99	1,30	39,58	-4,07	46,35
102	05.09.21 12:24:41	16,99	1,29	41,20	-3,49	45,31
103	05.09.21 12:24:42	16,99	1,29	41,31	-3,81	44,88
104	05.09.21 12:24:43	16,99	1,29	43,53	-2,69	43,78
105	05.09.21 12:24:44	16,99	1,29	40,87	-6,01	43,11
106	05.09.21 12:24:45	16,99	1,29	41,75	-5,04	43,21
107	05.09.21 12:24:46	16,99	1,28	37,28	-4,85	47,87
108	05.09.21 12:24:47	16,99	1,27	34,13	-4,44	51,43
109	05.09.21 12:24:48	16,99	1,25	34,59	-3,64	51,77
110	05.09.21 12:24:49	16,99	1,25	36,90	-2,89	50,22
111	05.09.21 12:24:50	16,99	1,25	39,88	-0,90	49,23
112	05.09.21 12:24:51	16,99	1,25	39,21	-3,10	47,69
113	05.09.21 12:24:52	16,99	1,26	40,67	-4,86	44,47
114	05.09.21 12:24:53	16,99	1,27	44,82	-4,42	40,76
115	05.09.21 12:24:54	16,99	1,26	37,28	-4,86	47,87
116	05.09.21 12:24:55	16,99	1,26	35,47	-4,22	50,30
117	05.09.21 12:24:56	16,99	1,26	36,03	-3,81	50,16
118	05.09.21 12:24:57	16,99	1,25	34,52	-2,23	53,25
119	05.09.21 12:24:58	16,99	1,25	36,61	-1,96	51,43
120	05.09.21 12:24:59	16,99	1,27	41,73	-1,79	46,48
121	05.09.21 12:25:00	16,99	1,28	41,18	-4,66	44,16
122	05.09.21 12:25:01	17,02	1,29	40,79	-3,71	45,50
123	05.09.21 12:25:02	16,99	1,27	32,02	-5,62	52,36
124	05.09.21 12:25:03	16,99	1,26	30,29	-3,71	56,00
125	05.09.21 12:25:04	16,99	1,26	30,91	-0,89	58,20
126	05.09.21 12:25:05	17,02	1,27	32,83	-3,31	53,86
127	05.09.21 12:25:06	16,99	1,29	38,11	-2,01	49,89
128	05.09.21 12:25:07	16,99	1,32	44,17	-1,98	43,85
129	05.09.21 12:25:08	16,99	1,33	44,17	-4,67	41,16
130	05.09.21 12:25:09	16,99	1,35	44,59	-3,36	42,05
131	05.09.21 12:25:10	17,02	1,35	38,08	-5,74	46,18
132	05.09.21 12:25:11	17,02	1,33	31,78	-5,99	52,23
133	05.09.21 12:25:12	17,02	1,34	30,58	-5,82	53,60
134	05.09.21 12:25:13	17,02	1,34	30,36	-1,58	58,05
135	05.09.21 12:25:14	16,99	1,34	27,93	-1,75	60,32
136	05.09.21 12:25:15	17,02	1,36	32,09	0,63	57,28
137	05.09.21 12:25:16	17,02	1,36	36,11	-0,21	53,69
138	05.09.21 12:25:17	17,02	1,39	38,68	-2,19	49,13
139	05.09.21 12:25:18	17,02	1,40	42,87	0,50	46,64
140	05.09.21 12:25:19	17,02	1,41	39,24	-0,12	50,65
141	05.09.21 12:25:20	17,02	1,42	36,12	0,69	53,19
142	05.09.21 12:25:21	17,02	1,42	32,51	-0,89	56,60
143	05.09.21 12:25:22	17,02	1,43	28,56	-2,39	59,05
144	05.09.21 12:25:23	17,02	1,43	29,04	-2,84	58,11
145	05.09.21 12:25:24	17,02	1,45	30,21	-2,10	57,69
146	05.09.21 12:25:25	17,02	1,46	29,95	-2,49	57,56
147	05.09.21 12:25:26	17,02	1,47	30,07	-1,37	58,56
148	05.09.21 12:25:27	17,02	1,48	30,86	-1,19	57,95
149	05.09.21 12:25:28	17,02	1,50	32,90	1,08	56,02
150	05.09.21 12:25:29	17,02	1,52	33,42	0,72	55,87
151	05.09.21 12:25:30	17,02	1,54	35,15	0,32	54,53
152	05.09.21 12:25:31	17,02	1,55	33,84	-0,96	55,20
153	05.09.21 12:25:32	17,02	1,57	33,27	-0,71	56,02
154	05.09.21 12:25:33	17,02	1,58	28,45	-2,72	58,83
155	05.09.21 12:25:34	17,02	1,60	28,05	-2,73	59,22
156	05.09.21 12:25:35	17,02	1,61	27,61	-2,41	59,98
157	05.09.21 12:25:36	17,02	1,63	29,12	-1,02	59,86
158	05.09.21 12:25:37	17,02	1,64	28,65	-0,68	60,67
159	05.09.21 12:25:38	17,02	1,67	30,74	-1,04	58,22
160	05.09.21 12:25:39	17,02	1,69	37,06	0,27	52,68
161	05.09.21 12:25:40	17,02	1,71	36,76	-0,24	53,00
162	05.09.21 12:25:41	17,02	1,72	29,52	-2,33	58,15
163	05.09.21 12:25:42	17,02	1,76	29,47	-1,49	59,04
164	05.09.21 12:25:43	16,99	1,78	28,34	-2,45	59,21
165	05.09.21 12:25:44	16,90	1,81	26,43	-0,96	62,61
166	05.09.21 12:25:45	16,72	1,88	26,44	0,78	62,78
167	05.09.21 12:25:46	16,38	1,90	31,24	0,18	58,58
168	05.09.21 12:25:47	16,14	1,89	34,99	0,73	54,28
169	05.09.21 12:25:48	15,99	1,91	23,37	-8,62	58,01
170	05.09.21 12:25:49	15,80	1,93	31,16	0,00	58,84
171	05.09.21 12:25:50	15,68	1,92	30,87	2,28	56,85
172	05.09.21 12:25:51	15,50	1,97	23,15	-4,18	62,66
173	05.09.21 12:25:52	15,31	1,97	21,21	-3,71	65,08
174	05.09.21 12:25:53	15,13	1,96	24,30	-0,99	64,72
175	05.09.21 12:25:54	14,98	1,98	19,61	-5,14	65,25
176	05.09.21 12:25:55	14,85	2,04	19,21	-6,95	63,84
177	05.09.21 12:25:56	14,58	2,03	21,70	-6,81	61,49
178	05.09.21 12:25:57	14,30	2,06	20,36	-5,95	63,69
179	05.09.21 12:25:58	13,99	2,07	19,15	-4,89	65,95
180	05.09.21 12:25:59	13,74	2,07	19,46	-5,20	65,35
181	05.09.21 12:26:00	13,52	2,08	16,07	-2,17	71,76
182	05.09.21 12:26:01	13,33	2,10	15,94	-1,22	72,84
183	05.09.21 12:26:02	13,17	2,11	15,67	-0,74	73,59
184	05.09.21 12:26:03	13,01	2,12	18,19	-0,46	71,35
185	05.09.21 12:26:04	12,86	2,15	21,74	-1,60	66,66
186	05.09.21 12:26:05	12,73	2,18	27,13	1,16	61,71
187	05.09.21 12:26:06	12,60	2,22	31,00	3,05	55,96
188	05.09.21 12:26:07	12,44	2,21	25,11	3,29	61,60
189	05.09.21 12:26:08	12,32	2,24	19,90	2,67	67,43
190	05.09.21 12:26:09	12,16	2,24	18,44	1,54	70,02
191	05.09.21 12:26:10	12,03	2,25	15,58	0,60	73,82
192	05.09.21 12:26:11	11,90	2,26	17,03	1,58	71,39
193	05.09.21 12:26:12	11,74	2,30	26,75	0,06	63,19
194	05.09.21 12:26:13	11,61	2,34	45,66	6,24	38,10
195	05.09.21 12:26:14	11,49	2,37	47,65	9,78	32,57
196	05.09.21 12:26:15	11,39	2,37	35,45	8,82	45,73
197	05.09.21 12:26:16	11,36	2,36	23,18	3,43	63,39
198	05.09.21 12:26:17	11,26	2,45	17,70	-0,44	71,86
199	05.09.21 12:26:18	10,97	2,38	14,54	-2,79	72,67
200	05.09.21 12:26:19	10,77	2,39	13,61	-1,65	74,73
201	05.09.21 12:26:20	10,61	2,44	17,34	-1,63	71,02
202	05.09.21 12:26:21	10,41	2,47	32,96	2,89	54,15
203	05.09.21 12:26:22	10,28	2,53	51,87	7,01	31,12
204	05.09.21 12:26:23	10,22	2,56	58,09	6,92	24,99
205	05.09.21 12:26:24	10,18	2,55	47,65	16,17	26,18
206	05.09.21 12:26:25	10,15	2,54	22,41	3,69	63,91
207	05.09.21 12:26:26	10,15	2,58	16,13	-2,97	70,90
208	05.09.21 12:26:27	9,99	2,54	11,98	-6,33	71,69
209	05.09.21 12:26:28	9,82	2,56	12,18	-1,99	75,82
210	05.09.21 12:26:29	9,72	2,60	21,91	5,89	62,20
211	05.09.21 12:26:30	9,56	2,63	42,12	13,18	34,70
212	05.09.21 12:26:31	9,49	2,67	55,40	12,68	21,92
213	05.09.21 12:26:32	9,46	2,70	48,74	11,33	29,93
214	05.09.21 12:26:33	9,46	2,70	26,47	-2,05	61,48
215	05.09.21 12:26:34	9,46	2,72	23,80	-10,48	55,72
216	05.09.21 12:26:35	9,46	2,74	20,80	-14,79	54,41
217	05.09.21 12:26:36	9,46	2,77	19,66	-21,47	48,87
218	05.09.21 12:26:37	9,42	2,77	22,21	-21,91	45,88
219	05.09.21 12:26:38	9,39	2,88	24,41	-11,49	54,10
220	05.09.21 12:26:39	9,26	2,84	24,71	-8,30	56,99
221	05.09.21 12:26:40	9,16	2,85	26,26	-10,84	52,90
222	05.09.21 12:26:41	9,12	2,85	24,89	-13,18	51,93
223	05.09.21 12:26:42	9,02	2,86	21,73	-15,83	52,45
224	05.09.21 12:26:43	8,96	2,87	25,58	-10,15	54,27
225	05.09.21 12:26:44	8,85	2,90	30,66	-11,21	48,13
226	05.09.21 12:26:45	8,79	2,92	33,59	-9,97	46,44
227	05.09.21 12:26:46	8,75	2,94	41,83	-5,11	43,06
228	05.09.21 12:26:47	8,72	2,97	47,48	-2,88	39,64
229	05.09.21 12:26:48	8,72	3,00	46,46	-3,91	39,63
230	05.09.21 12:26:49	8,72	2,99	38,87	-8,04	43,09
231	05.09.21 12:26:50	8,72	2,98	32,57	-11,40	46,03
232	05.09.21 12:26:51	8,72	2,99	34,50	-8,77	46,73
233	05.09.21 12:26:52	8,69	3,01	34,17	-9,50	46,34
234	05.09.21 12:26:53	8,62	3,03	35,37	-11,07	43,56
235	05.09.21 12:26:54	8,55	3,11	46,33	2,01	41,67
236	05.09.21 12:26:55	8,42	3,14	53,98	-3,76	32,27
237	05.09.21 12:26:56	8,38	3,17	61,31	-0,81	27,89
238	05.09.21 12:26:57	8,38	3,18	51,79	-4,65	33,56
239	05.09.21 12:26:58	8,38	3,18	46,02	-3,80	40,19
240	05.09.21 12:26:59	8,42	3,18	32,87	-8,09	49,04
241	05.09.21 12:27:00	8,42	3,19	33,43	-12,80	43,77
242	05.09.21 12:27:01	8,42	3,22	38,34	-2,73	48,93
243	05.09.21 12:27:02	8,38	3,26	45,87	-4,15	39,98
244	05.09.21 12:27:03	8,38	3,29	56,91	-0,70	32,38
245	05.09.21 12:27:04	8,38	3,34	60,66	-1,66	27,68
246	05.09.21 12:27:05	8,35	3,36	56,71	0,24	33,05
247	05.09.21 12:27:06	8,35	3,39	57,47	0,91	31,62
248	05.09.21 12:27:07	8,35	3,41	52,03	-3,35	34,62
249	05.09.21 12:27:08	8,35	3,43	41,84	-2,35	45,81
250	05.09.21 12:27:09	8,38	3,43	41,89	-2,50	45,61
251	05.09.21 12:27:10	8,38	3,47	55,15	-0,61	34,24
252	05.09.21 12:27:11	8,38	3,51	57,46	-1,99	30,55
253	05.09.21 12:27:12	8,38	3,54	56,89	-0,97	32,14
254	05.09.21 12:27:13	8,38	3,57	51,69	-3,76	34,56
255	05.09.21 12:27:14	8,35	3,59	50,62	-1,59	37,79
256	05.09.21 12:27:15	8,35	3,62	52,91	-0,18	36,91
257	05.09.21 12:27:16	8,31	3,65	55,18	-1,20	33,62
258	05.09.21 12:27:17	8,28	3,69	50,71	-1,68	37,61
259	05.09.21 12:27:18	8,28	3,72	48,20	-3,15	38,65
260	05.09.21 12:27:19	8,25	3,76	57,59	-2,30	30,11
261	05.09.21 12:27:20	8,21	3,81	65,30	-2,26	22,44
262	05.09.21 12:27:21	8,21	3,83	55,54	-3,28	31,18
263	05.09.21 12:27:22	8,21	3,83	46,53	-2,80	40,67
264	05.09.21 12:27:23	8,21	3,85	48,27	-4,49	37,24
265	05.09.21 12:27:24	8,18	3,88	56,55	-0,12	33,33
266	05.09.21 12:27:25	8,14	3,91	54,19	-2,91	32,90
267	05.09.21 12:27:26	8,14	3,94	54,05	-1,74	34,21
268	05.09.21 12:27:27	8,11	3,96	43,22	-3,70	43,08
269	05.09.21 12:27:28	8,11	4,00	50,66	1,53	37,81
270	05.09.21 12:27:29	8,08	4,07	63,70	-0,23	26,07
271	05.09.21 12:27:30	8,08	4,11	61,92	-2,04	26,04
272	05.09.21 12:27:31	8,04	4,10	49,91	-3,00	37,09
273	05.09.21 12:27:32	8,01	4,12	51,00	-2,31	36,69
274	05.09.21 12:27:33	8,01	4,16	46,29	-4,03	39,68
275	05.09.21 12:27:34	7,97	4,16	41,07	-3,32	45,61
276	05.09.21 12:27:35	7,90	4,16	27,69	-1,61	60,70
277	05.09.21 12:27:36	7,87	4,17	-7,11	-3,12	79,77
278	05.09.21 12:27:37	7,84	4,19	-1,03	0,64	88,33
279	05.09.21 12:27:38	7,73	4,22	6,55	-4,97	78,48
280	05.09.21 12:27:39	7,66	4,23	-7,63	2,67	79,70
281	05.09.21 12:27:40	7,56	4,17	-6,28	-6,84	76,88
282	05.09.21 12:27:41	7,49	4,13	23,01	-2,21	64,79
283	05.09.21 12:27:42	7,42	4,21	-0,66	-2,62	86,72
284	05.09.21 12:27:43	7,35	4,22	3,91	0,19	85,90
285	05.09.21 12:27:44	7,32	4,18	-6,16	-7,38	76,46
286	05.09.21 12:27:45	7,28	4,21	-19,41	0,21	70,38
287	05.09.21 12:27:46	7,28	4,15	-8,25	-2,83	78,92
288	05.09.21 12:27:47	7,25	4,18	3,62	-11,07	75,30
289	05.09.21 12:27:48	7,22	4,19	-4,80	-13,06	72,14
290	05.09.21 12:27:49	7,18	4,21	-8,19	-2,66	79,15
291	05.09.21 12:27:50	7,15	4,20	6,65	-1,87	81,47
292	05.09.21 12:27:51	7,11	4,21	-3,27	0,02	86,70
293	05.09.21 12:27:52	7,11	4,21	-3,67	0,03	86,29
294	05.09.21 12:27:53	7,08	4,19	-9,82	-2,37	77,81
295	05.09.21 12:27:54	7,04	4,17	5,34	-1,06	83,60
296	05.09.21 12:27:55	7,01	4,19	8,40	-6,39	75,21
297	05.09.21 12:27:56	7,01	4,17	7,06	-1,62	81,32
298	05.09.21 12:27:57	6,97	4,16	10,26	0,96	78,78
299	05.09.21 12:27:58	6,94	4,14	-5,32	-10,38	74,29
300	05.09.21 12:27:59	6,94	4,18	-1,98	-7,23	80,79
301	05.09.21 12:28:00	6,90	4,19	-0,79	-3,80	85,41
302	05.09.21 12:28:01	6,87	4,15	4,32	-0,36	85,32
303	05.09.21 12:28:02	6,83	4,21	-7,55	-9,41	73,04
304	05.09.21 12:28:03	6,80	4,18	0,49	-7,53	81,99
305	05.09.21 12:28:04	6,76	4,18	-3,00	-0,21	86,79
306	05.09.21 12:28:05	6,73	4,22	4,35	-9,33	76,32
307	05.09.21 12:28:06	6,73	4,18	12,89	-12,86	64,25
308	05.09.21 12:28:07	6,69	4,18	6,66	2,35	80,99
309	05.09.21 12:28:08	6,66	4,18	-6,18	1,32	82,49
310	05.09.21 12:28:09	6,62	4,19	-2,84	-0,57	86,59
311	05.09.21 12:28:10	6,59	4,20	-2,08	-11,45	76,47
312	05.09.21 12:28:11	6,55	4,69	13,18	-8,57	68,25
313	05.09.21 12:28:12	6,52	4,22	-0,73	-7,01	82,26
314	05.09.21 12:28:13	6,48	4,23	6,66	-3,76	79,58
315	05.09.21 12:28:14	6,45	4,22	28,52	2,28	59,19
316	05.09.21 12:28:15	6,38	4,22	5,48	-15,16	69,36
317	05.09.21 12:28:16	6,34	4,22	6,15	2,84	81,01
318	05.09.21 12:28:17	6,31	4,23	0,54	-9,65	79,81
319	05.09.21 12:28:18	6,23	4,21	2,46	-6,94	80,60
320	05.09.21 12:28:19	6,20	4,19	6,04	0,84	83,12
321	05.09.21 12:28:20	6,13	4,19	-8,65	-1,66	79,69
322	05.09.21 12:28:21	6,09	4,19	-7,71	1,51	80,78
323	05.09.21 12:28:22	6,06	4,21	10,98	1,31	77,72
324	05.09.21 12:28:23	6,02	4,23	-2,80	-0,42	86,78
325	05.09.21 12:28:24	6,02	4,21	10,81	-4,76	74,43
326	05.09.21 12:28:25	5,99	4,21	-1,41	3,35	85,24
327	05.09.21 12:28:26	5,95	4,24	5,56	0,76	83,68
328	05.09.21 12:28:27	5,92	4,20	-5,55	-1,97	82,48
329	05.09.21 12:28:28	5,88	4,20	3,76	-9,64	76,60
330	05.09.21 12:28:29	5,84	4,20	3,88	-1,37	84,76
331	05.09.21 12:28:30	5,81	4,20	-0,03	-5,57	84,40
332	05.09.21 12:28:31	5,77	4,20	0,60	-3,61	85,79
333	05.09.21 12:28:32	5,74	4,18	-2,70	-3,79	83,51
334	05.09.21 12:28:33	5,70	4,20	3,30	-0,95	85,75
335	05.09.21 12:28:34	5,67	4,19	1,58	-9,38	79,04
336	05.09.21 12:28:35	5,63	4,20	-3,05	8,42	78,52
337	05.09.21 12:28:36	5,59	4,19	3,12	-8,35	78,53
338	05.09.21 12:28:37	5,56	4,18	1,02	-0,75	88,23
339	05.09.21 12:28:38	5,52	4,17	-2,82	-7,95	79,23
340	05.09.21 12:28:39	5,52	4,18	6,70	-13,09	70,21
341	05.09.21 12:28:40	5,49	4,18	16,26	-1,24	72,50
342	05.09.21 12:28:41	5,45	4,19	11,49	3,90	74,61
343	05.09.21 12:28:42	5,41	4,21	-5,04	-10,63	74,33
344	05.09.21 12:28:43	5,38	4,21	-11,41	-7,86	70,73
345	05.09.21 12:28:44	5,34	4,20	4,75	-6,14	79,11
346	05.09.21 12:28:45	5,31	4,20	-5,43	0,95	83,62
347	05.09.21 12:28:46	5,27	4,20	2,27	-8,14	79,59
348	05.09.21 12:28:47	5,23	4,19	4,69	-10,23	75,08
349	05.09.21 12:28:48	5,20	4,20	-2,96	-0,65	86,39
350	05.09.21 12:28:49	5,20	4,19	4,14	-7,06	78,80
351	05.09.21 12:28:50	5,16	4,19	-7,85	3,16	78,99
352	05.09.21 12:28:51	5,09	4,21	-4,24	-4,10	81,66
353	05.09.21 12:28:52	5,05	4,19	-4,94	-5,67	79,39
354	05.09.21 12:28:53	5,02	4,19	-15,18	-3,42	71,40
355	05.09.21 12:28:54	4,98	4,19	-4,12	-9,68	76,20
356	05.09.21 12:28:55	4,94	4,18	-3,08	-5,28	81,64
357	05.09.21 12:28:56	4,94	4,17	-4,57	-12,23	73,19
358	05.09.21 12:28:57	4,91	4,17	-0,79	-10,87	78,33
359	05.09.21 12:28:58	4,87	4,18	-5,23	-1,16	83,61
360	05.09.21 12:28:59	4,87	4,30	-9,87	-3,78	76,35
361	05.09.21 12:29:00	4,83	4,19	20,43	-3,82	65,76
362	05.09.21 12:29:01	4,83	4,18	-8,02	-0,48	81,50
363	05.09.21 12:29:02	4,80	4,19	1,39	-7,13	81,48
364	05.09.21 12:29:03	4,80	4,19	-11,11	-5,88	73,02
365	05.09.21 12:29:04	4,76	4,19	-6,82	-1,32	81,86
366	05.09.21 12:29:05	4,73	4,19	-5,31	-3,47	81,22
367	05.09.21 12:29:06	4,73	4,19	-9,20	-7,29	73,51
368	05.09.21 12:29:07	4,69	4,19	-7,01	-6,14	76,86
369	05.09.21 12:29:08	4,69	4,19	-2,58	-4,89	82,54
370	05.09.21 12:29:09	4,69	4,18	-3,14	-4,48	82,38
371	05.09.21 12:29:10	4,65	4,17	-9,17	-5,39	75,45
372	05.09.21 12:29:11	4,65	4,16	-5,56	-3,23	81,21
373	05.09.21 12:29:12	4,62	4,17	-12,16	-3,47	74,37
374	05.09.21 12:29:13	4,62	4,18	-3,75	0,52	85,74
375	05.09.21 12:29:14	4,58	4,19	2,94	-4,59	82,47
376	05.09.21 12:29:15	4,58	4,18	-8,42	-8,89	72,70
377	05.09.21 12:29:16	4,54	4,19	-4,53	-4,91	80,56
378	05.09.21 12:29:17	4,54	4,18	-8,63	-2,76	78,62
379	05.09.21 12:29:18	4,51	4,16	-1,30	-4,05	84,65
380	05.09.21 12:29:19	4,51	4,18	-6,84	-6,10	77,05
381	05.09.21 12:29:20	4,47	4,16	-10,65	-6,66	72,69
382	05.09.21 12:29:21	4,47	4,17	-9,93	-1,35	78,71
383	05.09.21 12:29:22	4,43	4,19	-9,53	-5,04	75,44
384	05.09.21 12:29:23	4,40	4,19	-6,40	-6,45	77,16
385	05.09.21 12:29:24	4,36	4,19	-5,34	-6,57	78,10
386	05.09.21 12:29:25	4,36	4,18	-4,71	-1,92	83,36
387	05.09.21 12:29:26	4,36	4,18	-15,48	-3,22	71,31
388	05.09.21 12:29:27	4,32	4,18	-4,33	-2,79	82,87
389	05.09.21 12:29:28	4,32	4,17	-9,33	-8,33	72,35
390	05.09.21 12:29:29	4,29	4,17	-9,56	-5,16	75,28
391	05.09.21 12:29:30	4,29	4,18	-5,89	-7,58	76,53
392	05.09.21 12:29:31	4,29	4,17	-13,92	-4,19	71,88
393	05.09.21 12:29:32	4,25	4,17	-9,47	-5,45	75,08
394	05.09.21 12:29:33	4,25	4,16	-6,29	-8,40	75,31
395	05.09.21 12:29:34	4,25	4,17	-13,96	-5,67	70,38
396	05.09.21 12:29:35	4,21	4,18	-7,46	-5,47	77,07
397	05.09.21 12:29:36	4,21	4,19	-7,67	1,08	81,26
398	05.09.21 12:29:37	4,21	4,19	-12,28	-4,79	72,93
399	05.09.21 12:29:38	4,21	4,19	-8,92	-6,04	75,05
400	05.09.21 12:29:39	4,17	4,18	-2,75	-6,98	80,27
401	05.09.21 12:29:40	4,17	4,17	-15,20	-5,28	69,52
402	05.09.21 12:29:41	4,17	4,19	-0,30	-4,76	84,94
403	05.09.21 12:29:42	4,14	4,17	-4,23	-7,75	78,01
404	05.09.21 12:29:43	4,14	4,17	-1,98	-4,89	83,13
405	05.09.21 12:29:44	4,14	4,18	-12,10	-4,70	73,21
406	05.09.21 12:29:45	4,10	4,20	-12,46	-1,34	76,20
407	05.09.21 12:29:46	4,10	4,19	-8,69	-2,79	78,52
408	05.09.21 12:29:47	4,06	4,19	-6,26	5,72	78,02
409	05.09.21 12:29:48	4,06	4,19	-5,21	1,02	83,77
410	05.09.21 12:29:49	4,06	4,18	-3,82	-3,45	82,72
411	05.09.21 12:29:50	4,06	4,18	-6,55	-7,42	76,03
412	05.09.21 12:29:51	4,06	4,20	-9,72	-3,98	76,31
413	05.09.21 12:29:52	4,06	4,18	-4,40	-1,35	84,25
414	05.09.21 12:29:53	4,03	4,17	5,32	-1,14	83,55
415	05.09.21 12:29:54	4,03	4,19	-6,41	-3,06	80,53
416	05.09.21 12:29:55	3,99	4,20	-10,87	-1,49	77,65
417	05.09.21 12:29:56	3,99	4,19	-12,43	-8,11	69,46
418	05.09.21 12:29:57	3,99	4,18	-0,30	1,32	88,37
419	05.09.21 12:29:58	3,95	4,19	3,84	-5,45	80,71
420	05.09.21 12:29:59	3,95	4,17	-12,31	-6,19	71,51
421	05.09.21 12:30:00	3,95	4,18	-9,23	-9,90	70,87
422	05.09.21 12:30:01	3,91	4,21	-10,86	-6,88	72,27
423	05.09.21 12:30:02	3,91	4,20	-8,94	1,35	79,70
424	05.09.21 12:30:03	3,88	4,20	8,20	-7,03	74,77
425	05.09.21 12:30:04	3,88	4,20	-1,55	2,41	86,04
426	05.09.21 12:30:05	3,88	4,21	-12,03	-5,65	72,32
427	05.09.21 12:30:06	3,84	4,21	-17,65	2,24	70,11
428	05.09.21 12:30:07	3,84	4,20	5,25	-1,58	83,18
429	05.09.21 12:30:08	3,84	4,20	-4,11	3,33	82,56
430	05.09.21 12:30:09	3,80	4,17	-4,61	0,51	84,88
431	05.09.21 12:30:10	3,80	4,17	-4,50	-6,27	79,24
432	05.09.21 12:30:11	3,77	4,17	1,86	-8,67	79,47
433	05.09.21 12:30:12	3,77	4,18	-3,46	-2,72	83,82
434	05.09.21 12:30:13	3,73	4,18	7,52	3,73	78,75
435	05.09.21 12:30:14	3,73	4,19	3,22	-13,03	73,75
436	05.09.21 12:30:15	3,73	4,19	-3,78	0,20	86,01
437	05.09.21 12:30:16	3,69	4,21	5,93	-4,78	79,29
438	05.09.21 12:30:17	3,69	4,20	-10,16	-5,20	74,64
439	05.09.21 12:30:18	3,69	4,20	12,42	-10,72	66,86
440	05.09.21 12:30:19	3,69	4,18	-6,79	-4,94	78,27
441	05.09.21 12:30:20	3,65	4,17	18,82	-7,16	64,02
442	05.09.21 12:30:21	3,65	4,21	-8,73	-0,50	80,77
443	05.09.21 12:30:22	3,65	4,14	7,95	1,26	80,79
444	05.09.21 12:30:23	3,65	4,18	11,96	0,00	78,04
445	05.09.21 12:30:24	3,62	4,20	-18,70	-0,91	70,39
446	05.09.21 12:30:25	3,58	4,22	-5,30	-1,47	83,22
447	05.09.21 12:30:26	3,54	4,25	2,66	-3,60	83,74
448	05.09.21 12:30:27	3,54	4,22	-1,19	-7,88	80,93
449	05.09.21 12:30:28	3,54	4,20	-5,42	-5,72	78,86
450	05.09.21 12:30:29	3,50	4,18	9,74	-4,02	76,24
451	05.09.21 12:30:30	3,50	4,18	-8,74	4,40	76,86
452	05.09.21 12:30:31	3,50	4,17	12,63	-1,45	75,92
453	05.09.21 12:30:32	3,47	4,15	6,07	-6,82	77,10
454	05.09.21 12:30:33	3,47	4,18	-10,24	1,36	78,40
455	05.09.21 12:30:34	3,47	4,20	-2,76	1,12	86,12
456	05.09.21 12:30:35	3,43	4,21	-11,12	3,45	75,43
457	05.09.21 12:30:36	3,43	4,22	4,87	-4,34	80,79
458	05.09.21 12:30:37	3,43	4,22	0,43	1,77	87,80
459	05.09.21 12:30:38	3,39	4,21	-3,89	2,05	84,07
460	05.09.21 12:30:39	3,39	4,21	8,35	-7,83	73,82
461	05.09.21 12:30:40	3,39	4,19	-13,15	2,81	74,03
462	05.09.21 12:30:41	3,35	4,14	-9,53	-4,25	76,22
463	05.09.21 12:30:42	3,35	4,18	2,06	-1,06	86,88
464	05.09.21 12:30:43	3,35	4,20	-3,15	2,21	84,64
465	05.09.21 12:30:44	3,32	4,22	-8,58	-2,95	78,47
466	05.09.21 12:30:45	3,32	4,20	-2,60	0,19	87,20
467	05.09.21 12:30:46	3,32	4,21	-3,97	-3,85	82,18
468	05.09.21 12:30:47	3,32	4,20	-0,83	-3,74	85,43
469	05.09.21 12:30:48	3,28	4,20	-4,53	1,43	84,04
470	05.09.21 12:30:49	3,28	4,18	-0,03	-4,70	85,27
471	05.09.21 12:30:50	3,28	4,15	-0,03	-0,95	89,02
472	05.09.21 12:30:51	3,28	4,17	-11,18	-6,80	72,02
473	05.09.21 12:30:52	3,28	4,17	-4,81	-3,21	81,98
474	05.09.21 12:30:53	3,24	4,18	3,62	-10,52	75,86
475	05.09.21 12:30:54	3,24	4,20	-5,33	3,51	81,16
476	05.09.21 12:30:55	3,24	4,21	-2,40	-1,49	86,11
477	05.09.21 12:30:56	3,24	4,19	0,79	-13,01	76,20
478	05.09.21 12:30:57	3,24	4,22	-11,36	-2,95	75,69
479	05.09.21 12:30:58	3,20	4,19	-1,34	-3,69	84,97
480	05.09.21 12:30:59	3,20	4,16	4,68	-9,70	75,62
481	05.09.21 12:31:00	3,20	4,16	-4,80	6,55	78,65
482	05.09.21 12:31:01	3,20	4,17	-6,55	-0,68	82,77
483	05.09.21 12:31:02	3,16	4,19	-9,56	-10,50	69,95
484	05.09.21 12:31:03	3,16	4,22	-6,56	1,73	81,71
485	05.09.21 12:31:04	3,16	4,22	4,52	1,94	83,53
486	05.09.21 12:31:05	3,13	4,24	5,04	8,23	76,73
487	05.09.21 12:31:06	3,13	4,25	1,65	-2,38	85,97
488	05.09.21 12:31:07	3,09	4,22	-7,72	-5,09	77,19
489	05.09.21 12:31:08	3,09	4,21	-11,68	0,49	77,84
490	05.09.21 12:31:09	3,09	4,19	-7,28	-4,54	78,18
491	05.09.21 12:31:10	3,09	4,21	-1,22	-6,54	82,24
492	05.09.21 12:31:11	3,09	4,19	3,29	-6,66	80,05
493	05.09.21 12:31:12	3,05	4,20	-3,26	-4,79	81,96
494	05.09.21 12:31:13	3,05	4,23	-7,16	-2,22	80,62
495	05.09.21 12:31:14	3,05	4,23	-2,39	1,42	86,19
496	05.09.21 12:31:15	3,05	4,23	-11,06	-5,36	73,58
497	05.09.21 12:31:16	3,01	4,23	-3,00	0,55	86,45
498	05.09.21 12:31:17	3,01	4,23	-3,16	-5,21	81,63
499	05.09.21 12:31:18	3,01	4,19	-19,19	-11,67	59,15
500	05.09.21 12:31:19	3,01	4,19	-11,82	-10,44	67,73
501	05.09.21 12:31:20	3,01	4,20	0,88	4,42	84,70
502	05.09.21 12:31:21	3,01	4,21	7,14	-6,25	76,61
503	05.09.21 12:31:22	2,98	4,21	7,34	-3,42	79,24
504	05.09.21 12:31:23	2,98	4,23	-5,95	-5,06	78,99
505	05.09.21 12:31:24	2,98	4,22	-9,58	-6,21	74,21
506	05.09.21 12:31:25	2,94	4,22	-1,72	-1,74	86,53
507	05.09.21 12:31:26	2,94	4,21	-5,17	-0,69	84,15
508	05.09.21 12:31:27	2,94	4,20	-1,50	-4,41	84,09
509	05.09.21 12:31:28	2,94	4,19	3,22	-4,28	82,50
510	05.09.21 12:31:29	2,94	4,21	14,77	5,43	69,80
511	05.09.21 12:31:30	2,94	4,17	5,49	-12,65	71,87
512	05.09.21 12:31:31	2,90	4,20	8,15	-2,97	78,88
513	05.09.21 12:31:32	2,90	4,20	18,40	5,03	66,57
514	05.09.21 12:31:33	2,86	4,20	-13,51	2,25	74,24
515	05.09.21 12:31:34	2,86	4,22	-2,44	-2,12	85,44
516	05.09.21 12:31:35	2,86	4,21	-3,60	-6,08	80,32
517	05.09.21 12:31:36	2,86	4,20	-4,35	-10,19	75,46
518	05.09.21 12:31:37	2,86	4,20	8,75	-8,15	73,10
519	05.09.21 12:31:38	2,82	4,20	0,62	6,91	82,47
520	05.09.21 12:31:39	2,82	4,17	3,98	-3,46	82,57
521	05.09.21 12:31:40	2,82	4,23	4,91	11,53	73,56
522	05.09.21 12:31:41	2,82	4,23	16,53	1,06	72,41
523	05.09.21 12:31:42	2,78	4,24	10,54	-6,07	73,39
524	05.09.21 12:31:43	2,78	4,23	11,51	2,42	76,08
525	05.09.21 12:31:44	2,78	4,23	-0,85	0,41	88,75
526	05.09.21 12:31:45	2,78	4,23	-0,80	14,96	74,24
527	05.09.21 12:31:46	2,75	4,21	0,93	0,93	88,14
528	05.09.21 12:31:47	2,75	4,20	12,81	-6,40	70,79
529	05.09.21 12:31:48	2,71	4,21	7,74	-4,10	78,16
530	05.09.21 12:31:49	2,71	4,24	5,09	2,07	82,84
531	05.09.21 12:31:50	2,71	4,25	-7,99	-0,03	81,98
532	05.09.21 12:31:51	2,67	4,25	-2,80	0,20	87,01
533	05.09.21 12:31:52	2,67	4,27	-9,12	-2,40	78,48
534	05.09.21 12:31:53	2,67	4,27	3,21	-9,99	76,79
535	05.09.21 12:31:54	2,67	4,25	4,78	14,05	71,16
536	05.09.21 12:31:55	2,67	4,24	-2,20	-0,45	87,35
537	05.09.21 12:31:56	2,63	4,24	-10,47	-11,36	68,17
538	05.09.21 12:31:57	2,63	4,24	-5,91	2,65	81,43
539	05.09.21 12:31:58	2,63	4,24	-3,76	2,38	83,86
540	05.09.21 12:31:59	2,63	4,24	-5,83	-9,56	74,61
541	05.09.21 12:32:00	2,63	4,24	-11,60	1,64	76,76
542	05.09.21 12:32:01	2,63	4,24	3,96	1,34	84,69
543	05.09.21 12:32:02	2,63	4,27	2,13	0,50	87,37
544	05.09.21 12:32:03	2,59	4,27	5,78	-3,00	81,22
545	05.09.21 12:32:04	2,59	4,27	-4,21	-8,97	76,82
546	05.09.21 12:32:05	2,59	4,27	-2,09	-11,77	76,14
547	05.09.21 12:32:06	2,56	4,26	7,30	6,22	76,48
548	05.09.21 12:32:07	2,56	4,25	6,41	-5,07	78,53
549	05.09.21 12:32:08	2,56	4,22	26,50	6,50	57,00
550	05.09.21 12:32:09	2,56	4,24	0,72	-9,20	80,08
551	05.09.21 12:32:10	2,56	4,23	10,32	-19,82	59,85
552	05.09.21 12:32:11	2,52	4,24	-19,52	2,43	68,05
553	05.09.21 12:32:12	2,52	4,25	-0,11	-0,73	89,16
554	05.09.21 12:32:13	2,52	4,25	-10,21	-4,64	75,15
555	05.09.21 12:32:14	2,52	4,27	2,78	-1,75	85,47
556	05.09.21 12:32:15	2,48	4,28	-7,97	-8,41	73,62
557	05.09.21 12:32:16	2,48	4,25	11,96	-11,78	66,27
558	05.09.21 12:32:17	2,48	4,24	-13,71	-3,68	72,61
559	05.09.21 12:32:18	2,48	4,24	4,68	-2,55	82,78
560	05.09.21 12:32:19	2,48	4,24	5,62	-3,63	80,75
561	05.09.21 12:32:20	2,44	4,24	5,83	-7,25	76,92
562	05.09.21 12:32:21	2,44	4,25	-3,92	4,59	81,49
563	05.09.21 12:32:22	2,44	4,25	1,60	3,80	84,60
564	05.09.21 12:32:23	2,44	4,24	10,39	-3,79	75,81
565	05.09.21 12:32:24	2,44	4,26	23,99	-4,03	61,98
566	05.09.21 12:32:25	2,44	4,24	13,01	-1,86	75,13
567	05.09.21 12:32:26	2,40	4,24	10,07	4,11	75,82
568	05.09.21 12:32:27	2,40	4,24	-10,45	-3,76	75,79
569	05.09.21 12:32:28	2,40	4,24	8,20	0,28	81,52
570	05.09.21 12:32:29	2,40	4,23	8,43	3,58	77,99
571	05.09.21 12:32:30	2,40	4,23	-0,72	-5,37	83,91
572	05.09.21 12:32:31	2,40	4,23	3,36	0,99	85,65
573	05.09.21 12:32:32	2,40	4,25	-8,33	-3,66	78,01
574	05.09.21 12:32:33	2,36	4,24	5,04	-0,98	83,98
575	05.09.21 12:32:34	2,36	4,28	-6,82	0,00	83,18
576	05.09.21 12:32:35	2,36	4,26	-2,57	0,08	87,35
577	05.09.21 12:32:36	2,36	4,25	-12,02	-2,49	75,49
578	05.09.21 12:32:37	2,32	4,23	13,70	-4,95	71,35
579	05.09.21 12:32:38	2,32	4,22	5,15	-2,29	82,56
580	05.09.21 12:32:39	2,32	4,25	-2,45	-10,67	76,88
581	05.09.21 12:32:40	2,32	4,26	-1,63	-12,34	76,03
582	05.09.21 12:32:41	2,32	4,25	-0,24	-5,82	83,94
583	05.09.21 12:32:42	2,29	4,25	-0,44	6,42	83,15
584	05.09.21 12:32:43	2,29	4,26	-7,06	0,29	82,65
585	05.09.21 12:32:44	2,29	4,25	-4,32	-6,07	79,61
586	05.09.21 12:32:45	2,29	4,25	11,28	-8,30	70,41
587	05.09.21 12:32:46	2,25	4,23	16,16	-2,89	70,95
588	05.09.21 12:32:47	2,25	4,22	-11,42	1,67	76,91
589	05.09.21 12:32:48	2,25	4,22	14,87	1,09	74,04
590	05.09.21 12:32:49	2,25	4,22	17,17	-1,49	71,34
591	05.09.21 12:32:50	2,21	4,22	0,86	-2,90	86,24
592	05.09.21 12:32:51	2,21	4,23	6,68	14,87	68,45
593	05.09.21 12:32:52	2,21	4,27	23,90	-8,09	58,01
594	05.09.21 12:32:53	2,21	4,26	5,70	-6,92	77,38
595	05.09.21 12:32:54	2,21	4,26	6,79	-8,67	74,54
596	05.09.21 12:32:55	2,21	4,25	27,83	-7,63	54,54
597	05.09.21 12:32:56	2,21	4,25	17,66	-7,13	65,21
598	05.09.21 12:32:57	2,17	4,25	-5,51	-1,90	82,58
599	05.09.21 12:32:58	2,17	4,22	17,50	-5,33	67,17
600	05.09.21 12:32:59	2,17	4,23	-2,52	-1,54	85,94
601	05.09.21 12:33:00	2,17	4,25	12,93	4,27	72,79
602	05.09.21 12:33:01	2,13	4,26	6,52	13,20	70,28
603	05.09.21 12:33:02	2,13	4,27	9,81	10,68	69,51
604	05.09.21 12:33:03	2,13	4,26	19,55	-2,53	67,92
605	05.09.21 12:33:04	2,13	4,26	22,17	7,28	60,56
606	05.09.21 12:33:05	2,13	4,27	29,63	-4,13	56,24
607	05.09.21 12:33:06	2,09	4,24	24,09	-0,84	65,08
608	05.09.21 12:33:07	2,09	4,20	21,07	0,12	68,82
609	05.09.21 12:33:08	2,09	4,18	21,12	1,58	67,31
610	05.09.21 12:33:09	2,09	4,15	20,85	0,95	68,20
611	05.09.21 12:33:10	2,05	4,11	24,23	-4,82	60,95
612	05.09.21 12:33:11	2,05	4,09	21,20	-1,27	67,53
613	05.09.21 12:33:12	2,05	4,08	27,38	0,86	61,76
614	05.09.21 12:33:13	2,05	4,06	25,34	4,69	59,97
615	05.09.21 12:33:14	2,01	4,04	26,47	-2,32	61,21
616	05.09.21 12:33:15	2,01	4,00	27,67	-6,34	55,99
617	05.09.21 12:33:16	2,01	3,98	27,10	-1,27	61,63
618	05.09.21 12:33:17	2,01	3,95	22,57	4,75	62,68
619	05.09.21 12:33:18	2,01	3,93	26,11	-2,38	61,51
620	05.09.21 12:33:19	1,98	3,88	26,72	-5,78	57,50
621	05.09.21 12:33:20	1,98	3,84	24,00	-1,94	64,06
622	05.09.21 12:33:21	1,98	3,80	21,49	-0,09	68,43
623	05.09.21 12:33:22	1,98	3,76	20,66	2,23	67,11
624	05.09.21 12:33:23	1,98	3,73	19,84	2,53	67,63
625	05.09.21 12:33:24	1,94	3,72	23,17	6,68	60,14
626	05.09.21 12:33:25	1,94	3,71	28,94	5,95	55,11
627	05.09.21 12:33:26	1,94	3,69	24,54	3,36	62,10
628	05.09.21 12:33:27	1,94	3,64	24,40	0,23	65,37
629	05.09.21 12:33:28	1,94	3,59	21,95	1,32	66,74
630	05.09.21 12:33:29	1,94	3,57	21,93	1,19	66,87
631	05.09.21 12:33:30	1,94	3,54	21,39	1,17	67,44
632	05.09.21 12:33:31	1,94	3,51	23,69	1,02	65,30
633	05.09.21 12:33:32	1,94	3,49	23,28	3,15	63,57
634	05.09.21 12:33:33	1,94	3,49	28,18	5,65	56,17
635	05.09.21 12:33:34	1,98	3,49	32,09	3,90	54,01
636	05.09.21 12:33:35	1,98	3,45	23,06	1,78	65,16
637	05.09.21 12:33:36	1,98	3,43	20,84	2,02	67,15
638	05.09.21 12:33:37	1,98	3,43	25,25	2,48	62,28
639	05.09.21 12:33:38	1,98	3,40	23,25	2,92	63,84
640	05.09.21 12:33:39	1,98	3,38	24,29	-0,65	65,06
641	05.09.21 12:33:40	1,98	3,36	21,64	2,43	65,93
642	05.09.21 12:33:41	1,98	3,36	23,57	5,46	60,98
643	05.09.21 12:33:42	1,98	3,36	25,94	6,09	57,97
644	05.09.21 12:33:43	1,98	3,35	25,49	2,88	61,63
645	05.09.21 12:33:44	1,98	3,33	19,92	3,57	66,51
646	05.09.21 12:33:45	1,98	3,33	23,99	7,33	58,68
647	05.09.21 12:33:46	1,98	3,34	32,43	2,26	55,31
648	05.09.21 12:33:47	1,98	3,31	24,36	2,21	63,43
649	05.09.21 12:33:48	1,98	3,29	21,27	3,51	65,22
650	05.09.21 12:33:49	1,98	3,28	24,56	5,12	60,31
651	05.09.21 12:33:50	1,98	3,29	27,03	6,85	56,12
652	05.09.21 12:33:51	1,98	3,29	26,92	5,99	57,10
653	05.09.21 12:33:52	1,98	3,26	21,02	4,20	64,79
654	05.09.21 12:33:53	1,98	3,26	21,39	4,53	64,08
655	05.09.21 12:33:54	1,98	3,26	29,39	8,45	52,15
656	05.09.21 12:33:55	1,98	3,27	34,07	2,93	53,00
657	05.09.21 12:33:56	1,98	3,25	21,98	4,65	63,38
658	05.09.21 12:33:57	1,98	3,22	25,13	-3,14	61,73
659	05.09.21 12:33:58	1,98	3,22	31,18	5,02	53,80
660	05.09.21 12:33:59	1,98	3,21	29,78	3,79	56,43
661	05.09.21 12:34:00	1,98	3,19	23,04	5,62	61,34
662	05.09.21 12:34:01	1,98	3,17	25,14	1,46	63,40
663	05.09.21 12:34:02	1,98	3,17	28,19	4,04	57,77
664	05.09.21 12:34:03	1,98	3,16	26,23	4,89	58,88
665	05.09.21 12:34:04	1,98	3,15	21,58	4,51	63,91
666	05.09.21 12:34:05	1,98	3,13	26,84	0,09	63,06
667	05.09.21 12:34:06	1,98	3,13	31,17	4,33	54,51
668	05.09.21 12:34:07	1,98	3,13	30,65	1,82	57,52
669	05.09.21 12:34:08	1,98	3,10	21,00	5,37	63,64
670	05.09.21 12:34:09	1,98	3,09	21,48	6,44	62,08
671	05.09.21 12:34:10	1,98	3,09	29,51	3,34	57,15
672	05.09.21 12:34:11	1,98	3,08	31,40	2,26	56,34
673	05.09.21 12:34:12	1,98	3,08	34,27	2,41	53,32
674	05.09.21 12:34:13	1,98	3,10	49,85	-2,75	37,40
675	05.09.21 12:34:14	1,98	3,11	43,85	-6,35	39,80
676	05.09.21 12:34:15	1,98	3,07	24,03	7,10	58,87
677	05.09.21 12:34:16	1,98	3,05	22,65	4,46	62,89
678	05.09.21 12:34:17	1,98	3,04	35,34	0,82	53,84
679	05.09.21 12:34:18	1,98	3,04	42,51	-2,71	44,78
680	05.09.21 12:34:19	1,98	3,05	51,36	-3,82	34,82
681	05.09.21 12:34:20	1,98	3,06	53,09	-6,25	30,66
682	05.09.21 12:34:21	1,98	3,05	38,89	-6,21	44,90
683	05.09.21 12:34:22	1,98	3,01	26,50	4,99	58,51
684	05.09.21 12:34:23	1,98	2,99	25,53	7,29	57,19
685	05.09.21 12:34:24	1,98	2,99	31,46	5,30	53,24
686	05.09.21 12:34:25	1,98	2,99	39,39	-0,76	49,85
687	05.09.21 12:34:26	1,94	2,99	38,23	-0,96	50,81
688	05.09.21 12:34:27	1,94	2,98	42,97	-2,47	44,56
689	05.09.21 12:34:28	1,94	3,01	58,81	-1,17	30,02
690	05.09.21 12:34:29	1,94	3,01	59,68	-5,15	25,16
691	05.09.21 12:34:30	1,94	2,99	38,48	-11,39	40,13
692	05.09.21 12:34:31	1,94	2,97	31,93	3,95	54,12
693	05.09.21 12:34:32	1,94	2,97	45,05	1,76	43,19
694	05.09.21 12:34:33	1,94	2,98	58,06	-3,87	28,07
695	05.09.21 12:34:34	1,94	2,97	47,83	-11,55	30,63
696	05.09.21 12:34:35	1,94	2,94	31,64	5,32	53,03
697	05.09.21 12:34:36	1,94	2,94	47,46	3,07	39,47
698	05.09.21 12:34:37	1,94	2,97	62,96	-1,46	25,58
699	05.09.21 12:34:38	1,94	2,96	57,41	-5,77	26,82
700	05.09.21 12:34:39	1,94	2,95	59,85	-4,50	25,65
701	05.09.21 12:34:40	1,94	2,95	62,68	-3,34	23,98
702	05.09.21 12:34:41	1,94	2,94	58,32	-8,27	23,40
703	05.09.21 12:34:42	1,94	2,92	53,33	-13,81	22,86
704	05.09.21 12:34:43	1,94	2,90	44,42	-7,46	38,11
705	05.09.21 12:34:44	1,94	2,89	47,58	2,09	40,34
706	05.09.21 12:34:45	1,94	2,90	62,87	0,79	26,34
707	05.09.21 12:34:46	1,94	2,90	64,33	-2,61	23,06
708	05.09.21 12:34:47	1,94	2,89	56,73	-10,34	22,93
709	05.09.21 12:34:48	1,94	2,87	61,72	-5,61	22,67
710	05.09.21 12:34:49	1,94	2,87	64,34	-4,84	20,82
711	05.09.21 12:34:50	1,94	2,86	63,08	-6,90	20,02
712	05.09.21 12:34:51	1,94	2,84	62,63	-8,51	18,86
713	05.09.21 12:34:52	1,94	2,82	56,31	-14,04	19,65
714	05.09.21 12:34:53	1,94	2,79	48,35	-6,61	35,05
715	05.09.21 12:34:54	1,94	2,78	52,25	3,44	34,31
716	05.09.21 12:34:55	1,94	2,79	62,25	1,79	25,96
717	05.09.21 12:34:56	1,94	2,79	65,89	-0,94	23,17
718	05.09.21 12:34:57	1,94	2,77	63,38	-5,29	21,33
719	05.09.21 12:34:58	1,94	2,75	61,86	-7,71	20,43
720	05.09.21 12:34:59	1,94	2,72	63,81	-6,12	20,07
721	05.09.21 12:35:00	1,94	2,72	60,54	-8,85	20,61
722	05.09.21 12:35:01	1,94	2,68	47,62	-10,74	31,64
723	05.09.21 12:35:02	1,94	2,64	38,12	5,26	46,62
724	05.09.21 12:35:03	1,94	2,62	47,16	2,89	39,94
725	05.09.21 12:35:04	1,94	2,63	59,18	2,81	28,01
726	05.09.21 12:35:05	1,94	2,64	64,27	6,51	19,22
727	05.09.21 12:35:06	1,94	2,65	62,56	10,57	16,86
728	05.09.21 12:35:07	1,94	2,65	59,02	3,37	27,60
729	05.09.21 12:35:08	1,94	2,64	46,72	12,89	30,39
730	05.09.21 12:35:09	1,90	2,66	54,75	12,68	22,57
731	05.09.21 12:35:10	1,90	2,67	52,59	14,57	22,84
732	05.09.21 12:35:11	1,90	2,69	49,04	18,37	22,58
733	05.09.21 12:35:12	1,90	2,70	55,40	21,20	13,39
734	05.09.21 12:35:13	1,90	2,74	64,08	12,57	13,36
735	05.09.21 12:35:14	1,90	2,78	69,04	8,33	12,63
736	05.09.21 12:35:15	1,90	2,80	69,36	8,72	11,92
737	05.09.21 12:35:16	1,90	2,80	58,47	11,93	19,60
738	05.09.21 12:35:17	1,90	2,75	52,04	9,32	28,64
739	05.09.21 12:35:18	1,90	2,71	53,47	11,32	25,20
740	05.09.21 12:35:19	1,86	2,72	57,14	15,92	16,94
741	05.09.21 12:35:20	1,86	2,73	59,04	11,21	19,75
742	05.09.21 12:35:21	1,86	2,73	62,29	11,35	16,37
743	05.09.21 12:35:22	1,86	2,75	61,66	13,63	14,71
744	05.09.21 12:35:23	1,86	2,75	60,14	12,70	17,16
745	05.09.21 12:35:24	1,86	2,73	59,18	8,85	21,96
746	05.09.21 12:35:25	1,86	2,69	47,02	8,62	34,36
747	05.09.21 12:35:26	1,86	2,65	43,24	6,15	40,61
748	05.09.21 12:35:27	1,86	2,61	42,73	9,21	38,07
749	05.09.21 12:35:28	1,86	2,56	47,28	0,20	42,52
750	05.09.21 12:35:29	1,86	2,49	41,63	-2,21	46,16
751	05.09.21 12:35:30	1,86	2,41	41,75	-1,33	46,93
752	05.09.21 12:35:31	1,86	2,37	41,16	4,30	44,54
753	05.09.21 12:35:32	1,86	2,32	43,64	3,09	43,28
754	05.09.21 12:35:33	1,86	2,26	43,91	-0,72	45,38
755	05.09.21 12:35:34	1,86	2,18	43,23	-4,11	42,66
756	05.09.21 12:35:35	1,90	2,12	38,45	-5,38	46,16
757	05.09.21 12:35:36	1,94	2,05	36,25	-7,65	46,10
758	05.09.21 12:35:37	1,98	2,00	40,82	-5,81	43,38
759	05.09.21 12:35:38	2,01	1,91	35,95	-11,19	42,86
760	05.09.21 12:35:39	2,09	1,83	30,48	-8,93	50,58
761	05.09.21 12:35:40	2,21	1,58	30,18	-4,59	55,22
762	05.09.21 12:35:41	2,71	1,61	30,96	-2,32	56,72
763	05.09.21 12:35:42	3,09	1,46	29,72	-4,53	55,75
764	05.09.21 12:35:43	3,69	1,44	26,57	-1,21	62,22
765	05.09.21 12:35:44	4,29	1,45	27,21	3,72	59,07
766	05.09.21 12:35:45	4,73	1,45	26,70	4,06	59,23
767	05.09.21 12:35:46	5,05	1,41	26,43	4,07	59,51
768	05.09.21 12:35:47	5,38	1,35	26,44	2,39	61,17
769	05.09.21 12:35:48	5,77	1,33	25,83	3,21	60,96
770	05.09.21 12:35:49	6,06	1,28	34,35	-1,37	54,27
771	05.09.21 12:35:50	6,34	1,24	27,32	3,48	59,20
772	05.09.21 12:35:51	6,52	1,20	29,43	1,99	58,58
773	05.09.21 12:35:52	6,66	1,15	32,59	1,14	56,27
774	05.09.21 12:35:53	6,73	1,09	36,54	0,61	52,85
775	05.09.21 12:35:54	6,83	1,06	25,27	8,82	55,91
776	05.09.21 12:35:55	6,90	1,02	21,93	10,78	57,29
777	05.09.21 12:35:56	6,97	0,98	35,68	-1,10	53,22
778	05.09.21 12:35:57	7,08	0,95	25,89	10,79	53,32
779	05.09.21 12:35:58	7,22	0,89	26,28	9,89	53,83
780	05.09.21 12:35:59	7,32	0,84	25,62	11,17	53,21
781	05.09.21 12:36:00	7,46	0,81	20,69	12,82	56,49
782	05.09.21 12:36:01	7,53	0,76	17,88	13,26	58,86
783	05.09.21 12:36:02	7,63	0,69	20,52	10,95	58,52
784	05.09.21 12:36:03	7,77	0,68	20,97	12,87	56,16
785	05.09.21 12:36:04	7,90	0,68	23,58	11,84	54,58
786	05.09.21 12:36:05	8,04	0,65	25,08	11,33	53,59
787	05.09.21 12:36:06	8,11	0,61	27,50	10,72	51,79
788	05.09.21 12:36:07	8,21	0,61	22,78	18,14	49,07
789	05.09.21 12:36:08	8,28	0,56	19,77	19,82	50,42
790	05.09.21 12:36:09	8,31	0,54	20,93	22,64	46,43
791	05.09.21 12:36:10	8,35	0,53	25,63	19,18	45,19
792	05.09.21 12:36:11	8,38	0,47	24,42	20,23	45,35
793	05.09.21 12:36:12	8,45	0,47	23,11	24,25	42,64
794	05.09.21 12:36:13	8,48	0,43	23,54	24,97	41,50
795	05.09.21 12:36:14	8,55	0,38	26,09	27,41	36,50
796	05.09.21 12:36:15	8,65	0,36	33,28	18,70	38,02
797	05.09.21 12:36:16	8,75	0,33	23,29	17,44	49,27
798	05.09.21 12:36:17	8,82	0,29	25,81	5,34	58,84
799	05.09.21 12:36:18	8,89	0,28	30,94	4,44	54,61
800	05.09.21 12:36:19	8,99	0,26	30,22	8,74	51,04
801	05.09.21 12:36:20	9,06	0,28	30,38	3,16	56,46
802	05.09.21 12:36:21	9,16	0,24	28,82	-3,32	57,85
803	05.09.21 12:36:22	9,22	0,24	22,11	4,89	63,00
804	05.09.21 12:36:23	9,29	0,21	18,34	2,93	68,72
805	05.09.21 12:36:24	9,42	0,20	20,31	-4,85	64,84
806	05.09.21 12:36:25	9,49	0,18	22,91	-3,40	63,70
807	05.09.21 12:36:26	9,56	0,13	17,87	-0,68	71,45
808	05.09.21 12:36:27	9,66	0,11	23,06	-5,72	61,22
809	05.09.21 12:36:28	9,72	0,11	14,71	3,43	71,87
810	05.09.21 12:36:29	9,79	0,14	21,39	-2,08	66,54
811	05.09.21 12:36:30	9,85	0,17	24,07	2,80	63,13
812	05.09.21 12:36:31	9,89	0,17	20,47	-8,92	60,61
813	05.09.21 12:36:32	9,95	0,16	21,22	-15,00	53,78
814	05.09.21 12:36:33	10,05	0,12	18,96	-13,36	57,68
815	05.09.21 12:36:34	10,18	0,09	14,88	-3,15	71,97
816	05.09.21 12:36:35	10,25	0,06	18,15	-13,84	58,01
817	05.09.21 12:36:36	10,28	0,05	10,67	-11,93	67,40
818	05.09.21 12:36:37	10,28	0,05	17,54	-17,68	54,78
819	05.09.21 12:36:38	10,32	0,07	17,99	-13,53	58,48
820	05.09.21 12:36:39	10,35	0,11	21,20	-14,69	54,11
821	05.09.21 12:36:40	10,38	0,12	24,57	-9,88	55,55
822	05.09.21 12:36:41	10,45	0,11	22,74	-17,00	50,26
823	05.09.21 12:36:42	10,48	0,12	22,83	-18,07	49,10
824	05.09.21 12:36:43	10,51	0,11	20,29	-16,51	53,20
825	05.09.21 12:36:44	10,58	0,05	13,49	-18,31	58,20
826	05.09.21 12:36:45	10,61	0,04	10,97	-13,15	65,88
827	05.09.21 12:36:46	10,68	0,03	13,30	-19,42	57,28
828	05.09.21 12:36:47	10,74	0,06	18,41	-16,60	54,99
829	05.09.21 12:36:48	10,77	0,04	23,28	-10,01	56,71
830	05.09.21 12:36:49	10,81	0,06	18,67	-12,68	58,65
831	05.09.21 12:36:50	10,84	0,07	13,85	-29,65	46,51
832	05.09.21 12:36:51	10,87	0,06	23,04	-8,28	58,68
833	05.09.21 12:36:52	10,90	0,04	14,41	-18,70	56,89
834	05.09.21 12:36:53	10,97	0,02	11,01	-23,42	55,57
835	05.09.21 12:36:54	11,03	0,03	12,81	-22,22	54,97
836	05.09.21 12:36:55	11,07	0,03	13,64	-17,00	59,35
837	05.09.21 12:36:56	11,10	0,04	19,66	-14,83	55,51
838	05.09.21 12:36:57	11,16	0,06	18,32	-14,66	57,02
839	05.09.21 12:36:58	11,19	0,06	13,95	-21,96	54,09
840	05.09.21 12:36:59	11,23	0,09	21,06	-20,70	48,24
841	05.09.21 12:37:00	11,26	0,07	21,47	-24,67	43,86
842	05.09.21 12:37:01	11,32	0,04	15,29	-26,99	47,73
843	05.09.21 12:37:02	11,36	0,06	27,70	-8,37	53,93
844	05.09.21 12:37:03	11,39	0,08	20,32	-11,27	58,41
845	05.09.21 12:37:04	11,42	0,08	21,81	-16,78	51,41
846	05.09.21 12:37:05	11,42	0,05	12,87	-26,65	50,47
847	05.09.21 12:37:06	11,45	0,02	19,39	-15,88	54,73
848	05.09.21 12:37:07	11,52	0,00	7,67	-21,64	60,69
849	05.09.21 12:37:08	11,58	0,05	18,29	-6,53	65,18
850	05.09.21 12:37:09	11,61	0,06	23,23	-3,69	63,08
851	05.09.21 12:37:10	11,65	0,07	21,27	-1,27	67,45
852	05.09.21 12:37:11	11,68	0,07	20,33	-6,60	63,07
853	05.09.21 12:37:12	11,71	0,06	16,10	-16,91	57,00
854	05.09.21 12:37:13	11,74	0,04	18,94	-10,98	60,08
855	05.09.21 12:37:14	11,81	0,03	24,96	-3,67	61,37
856	05.09.21 12:37:15	11,84	0,01	17,16	-28,72	44,12
857	05.09.21 12:37:16	11,90	0,02	11,80	-24,27	53,93
858	05.09.21 12:37:17	11,93	0,03	24,48	-14,19	51,33
859	05.09.21 12:37:18	11,97	0,05	25,49	-13,85	50,66
860	05.09.21 12:37:19	11,97	0,06	22,97	-18,48	48,56
861	05.09.21 12:37:20	11,97	0,06	25,89	-13,61	50,50
862	05.09.21 12:37:21	12,00	0,03	18,64	-7,20	64,17
863	05.09.21 12:37:22	12,03	0,03	17,42	-11,26	61,31
864	05.09.21 12:37:23	12,06	0,03	27,23	-12,06	50,71
865	05.09.21 12:37:24	12,09	0,00	20,10	-14,03	55,88
866	05.09.21 12:37:25	12,09	0,01	26,59	-3,00	60,41
867	05.09.21 12:37:26	12,16	0,00	24,63	-7,91	57,46
868	05.09.21 12:37:27	12,19	0,00	17,78	-8,41	63,81
869	05.09.21 12:37:28	12,22	0,00	12,78	-5,34	71,88
870	05.09.21 12:37:29	12,29	0,00	22,07	-5,99	61,94
871	05.09.21 12:37:30	12,32	0,00	23,49	-1,53	64,98
872	05.09.21 12:37:31	12,35	0,00	14,46	-10,06	65,48
873	05.09.21 12:37:32	12,38	0,00	20,92	-10,14	58,94
874	05.09.21 12:37:33	12,41	0,00	15,57	-16,49	57,94
875	05.09.21 12:37:34	12,48	0,00	30,71	-14,66	44,63
876	05.09.21 12:37:35	12,51	0,00	21,86	-10,28	57,86
877	05.09.21 12:37:36	12,57	0,00	25,51	-18,57	45,92
878	05.09.21 12:37:37	12,60	0,00	13,28	-9,53	67,18
879	05.09.21 12:37:38	12,64	0,00	17,15	-19,92	52,93
880	05.09.21 12:37:39	12,70	0,00	14,93	-10,87	64,20
881	05.09.21 12:37:40	12,76	0,00	15,31	-6,09	68,61
882	05.09.21 12:37:41	12,79	0,00	29,80	-10,79	49,42
883	05.09.21 12:37:42	12,83	0,00	22,58	-8,21	59,21
884	05.09.21 12:37:43	12,86	0,00	29,51	-8,01	52,48
885	05.09.21 12:37:44	12,86	0,00	27,88	-17,56	44,56
886	05.09.21 12:37:45	12,86	0,00	22,26	-12,37	55,37
887	05.09.21 12:37:46	12,89	0,00	30,10	-52,54	7,36
888	05.09.21 12:37:47	12,89	0,00	36,01	-26,64	27,35
889	05.09.21 12:37:48	12,86	0,00	49,66	-26,63	13,71
890	05.09.21 12:37:49	12,76	0,00	67,18	11,56	11,26
891	05.09.21 12:37:50	12,67	0,00	64,11	10,08	15,82
892	05.09.21 12:37:51	12,70	0,00	48,95	34,59	6,46
893	05.09.21 12:37:52	12,73	0,00	22,64	21,99	45,37
894	05.09.21 12:37:53	12,70	0,02	40,04	27,12	22,84
895	05.09.21 12:37:54	12,67	0,03	56,57	19,88	13,55
896	05.09.21 12:37:55	12,60	0,00	59,08	21,89	9,03
897	05.09.21 12:37:56	12,57	0,00	65,07	18,26	6,67
898	05.09.21 12:37:57	12,54	0,00	67,26	16,71	6,03
899	05.09.21 12:37:58	12,51	0,00	75,28	8,34	6,39
900	05.09.21 12:37:59	12,48	0,00	66,50	15,45	8,05
901	05.09.21 12:38:00	12,44	0,00	64,10	-19,34	6,56
902	05.09.21 12:38:01	12,44	0,00	54,32	-26,20	9,48
903	05.09.21 12:38:02	12,41	0,00	53,42	-33,67	2,91
904	05.09.21 12:38:03	12,41	0,00	63,39	-25,44	1,16
905	05.09.21 12:38:04	12,38	0,00	52,91	-28,94	8,14
906	05.09.21 12:38:05	12,38	0,00	65,14	9,40	15,47
907	05.09.21 12:38:06	12,35	0,00	54,39	-6,51	29,10
908	05.09.21 12:38:07	12,32	0,00	56,26	-10,35	23,39
909	05.09.21 12:38:08	12,32	0,00	51,89	-28,44	9,68
910	05.09.21 12:38:09	12,29	0,00	56,36	-30,34	3,30
911	05.09.21 12:38:10	12,29	0,00	46,07	-40,25	3,67
912	05.09.21 12:38:11	12,25	0,00	36,47	-50,20	3,34
913	05.09.21 12:38:12	12,25	0,00	60,82	-14,81	14,37
914	05.09.21 12:38:13	12,22	0,00	71,64	-7,95	10,41
915	05.09.21 12:38:14	12,22	0,00	62,10	-22,98	4,92
916	05.09.21 12:38:15	12,19	0,00	17,02	-15,36	57,62
917	05.09.21 12:38:16	12,19	0,00	-1,46	1,25	87,28
918	05.09.21 12:38:17	12,16	0,00	-3,19	1,30	85,51
919	05.09.21 12:38:18	12,16	0,00	-0,88	-1,57	87,56
920	05.09.21 12:38:19	12,13	0,00	-2,81	-2,09	85,10
921	05.09.21 12:38:20	12,13	0,00	-3,66	1,03	85,31
922	05.09.21 12:38:21	12,13	0,00	-10,95	-0,79	78,26
923	05.09.21 12:38:22	12,09	0,00	-7,26	-2,00	80,73
924	05.09.21 12:38:23	12,09	0,00	-3,17	-0,79	86,04
925	05.09.21 12:38:24	12,09	0,00	-3,77	3,50	82,73
926	05.09.21 12:38:25	12,09	0,00	-2,81	0,17	87,02
927	05.09.21 12:38:26	12,06	0,00	-2,47	0,27	87,26
928	05.09.21 12:38:27	12,06	0,00	-1,44	-2,16	86,40
929	05.09.21 12:38:28	12,06	0,00	-26,91	-22,65	40,44
930	05.09.21 12:38:29	12,03	0,00	-43,18	-8,87	-37,95
931	05.09.21 12:38:30	12,03	0,00	-1,33	2,20	-86,46
932	05.09.21 12:38:31	12,03	0,00	0,59	0,80	-88,61
933	05.09.21 12:38:32	12,03	0,00	1,69	-2,34	-85,96
934	05.09.21 12:38:33	12,00	0,00	1,01	-3,06	-85,93
935	05.09.21 12:38:34	12,00	0,00	-1,44	-1,73	-86,82
936	05.09.21 12:38:35	12,00	0,00	-1,33	-1,73	-86,94
937	05.09.21 12:38:36	12,00	0,00	2,75	-3,32	-83,93
938	05.09.21 12:38:37	11,97	0,00	3,51	-3,70	-82,79
939	05.09.21 12:38:38	11,97	0,00	0,71	-3,40	-85,89
940	05.09.21 12:38:39	11,97	0,00	-0,03	-2,10	-87,87
941	05.09.21 12:38:40	11,97	0,00	-3,18	-84,15	2,68
942	05.09.21 12:38:41	11,93	0,00	-2,72	-85,81	1,47
943	05.09.21 12:38:42	11,93	0,00	-5,20	-81,92	2,87
944	05.09.21 12:38:43	11,93	0,00	-3,01	-82,42	4,57
945	05.09.21 12:38:44	11,93	0,00	-1,87	-84,35	3,78
946	05.09.21 12:38:45	11,93	0,00	-2,43	-84,61	2,96
947	05.09.21 12:38:46	11,93	0,00	-3,96	-84,57	1,46
948	05.09.21 12:38:47	11,93	0,00	-2,63	-86,55	0,81
949	05.09.21 12:38:48	11,93	0,00	-2,69	-84,97	2,34
950	05.09.21 12:38:49	11,93	0,00	-4,03	-81,72	4,25
951	05.09.21 12:38:50	11,93	0,00	-2,58	-84,13	3,30
952	05.09.21 12:38:51	11,93	0,00	-2,39	-86,17	1,44
953	05.09.21 12:38:52	11,90	0,00	-3,66	-84,75	1,60
954	05.09.21 12:38:53	11,90	0,00	-3,65	-83,42	2,93
955	05.09.21 12:38:54	11,90	0,00	-1,96	-83,54	4,50
956	05.09.21 12:38:55	11,90	0,00	-0,42	-85,26	4,32
957	05.09.21 12:38:56	11,90	0,00	-2,11	-84,11	3,77
958	05.09.21 12:38:57	11,90	0,00	-3,97	-84,75	1,28
959	05.09.21 12:38:58	11,90	0,00	-1,86	-88,08	-0,06
960	05.09.21 12:38:59	11,90	0,00	-0,42	-88,80	0,78
961	05.09.21 12:39:00	11,90	0,00	-1,55	-83,66	4,79
962	05.09.21 12:39:01	11,90	0,00	-1,84	-82,16	6,00
963	05.09.21 12:39:02	11,90	0,00	-2,60	-85,55	1,85
964	05.09.21 12:39:03	11,87	0,00	-2,49	-87,36	-0,15
965	05.09.21 12:39:04	11,90	0,00	-4,18	-85,05	-0,77
966	05.09.21 12:39:05	11,87	0,00	-6,45	-81,12	-2,42
967	05.09.21 12:39:06	11,87	0,00	-6,88	-79,22	-3,90
968	05.09.21 12:39:07	11,87	0,00	-9,24	-76,38	-4,38
969	05.09.21 12:39:08	11,87	0,00	-13,72	-71,11	-5,17
970	05.09.21 12:39:09	11,87	0,00	-10,12	-76,34	-3,54
971	05.09.21 12:39:10	11,87	0,00	-5,70	-81,27	-3,02
972	05.09.21 12:39:11	11,87	0,00	-7,30	-80,74	1,95
973	05.09.21 12:39:12	11,87	0,00	-6,10	-81,04	2,86
974	05.09.21 12:39:13	11,87	0,00	-3,77	-84,72	1,51
975	05.09.21 12:39:14	11,87	0,00	-5,17	-82,68	2,15
976	05.09.21 12:39:15	11,87	0,00	-7,40	-79,09	3,51
977	05.09.21 12:39:16	11,87	0,00	-3,73	-85,78	0,49
978	05.09.21 12:39:17	11,87	0,00	-0,66	-88,15	-1,19
979	05.09.21 12:39:18	11,87	0,00	-3,18	-84,89	1,93
980	05.09.21 12:39:19	11,87	0,00	-8,37	-79,33	2,30
981	05.09.21 12:39:20	11,87	0,00	-5,40	-81,65	-2,95
982	05.09.21 12:39:21	11,90	0,00	-0,32	-86,53	-3,15
983	05.09.21 12:39:22	11,87	0,00	-2,94	-84,34	2,72
984	05.09.21 12:39:23	11,87	0,00	-6,23	-79,03	4,74
985	05.09.21 12:39:24	11,87	0,00	-5,04	-83,38	1,58
986	05.09.21 12:39:25	11,87	0,00	-2,20	-84,94	-2,85
987	05.09.21 12:39:26	11,87	0,00	-2,69	-85,54	-1,77
988	05.09.21 12:39:27	11,87	0,00	-5,66	-81,81	2,53
989	05.09.21 12:39:28	11,90	0,00	-4,65	-82,72	2,63
990	05.09.21 12:39:29	11,90	0,00	-1,47	-85,21	3,31
991	05.09.21 12:39:30	11,90	0,00	-0,25	-85,63	4,12
992	05.09.21 12:39:31	11,90	0,00	-1,18	-86,68	2,13
993	05.09.21 12:39:32	11,90	0,00	-7,21	-82,28	0,51
994	05.09.21 12:39:33	11,90	0,00	-7,57	-81,58	-0,85
995	05.09.21 12:39:34	11,90	0,00	-4,05	-83,53	-2,42
996	05.09.21 12:39:35	11,90	0,00	-2,93	-85,66	-1,40
997	05.09.21 12:39:36	11,90	0,00	-3,95	-83,18	2,88
998	05.09.21 12:39:37	11,90	0,00	-2,58	-81,78	5,64
999	05.09.21 12:39:38	11,90	0,00	0,66	-86,03	3,31
1000	05.09.21 12:39:39	11,90	0,00	-2,04	-86,76	1,20
1001	05.09.21 12:39:40	11,90	0,00	-7,17	-81,51	1,32
1002	05.09.21 12:39:41	11,90	0,00	-5,18	-83,89	0,93
1003	05.09.21 12:39:42	11,90	0,00	-3,14	-84,58	-2,28
1004	05.09.21 12:39:43	11,90	0,00	-3,19	-84,21	-2,60
1005	05.09.21 12:39:44	11,90	0,00	-6,60	-81,03	2,37
1006	05.09.21 12:39:45	11,93	0,00	-4,00	-83,04	2,96
1007	05.09.21 12:39:46	11,93	0,00	1,56	-85,08	3,36
1008	05.09.21 12:39:47	11,93	0,00	-2,10	-83,86	4,03
1009	05.09.21 12:39:48	11,93	0,00	-5,27	-80,87	3,86
1010	05.09.21 12:39:49	11,93	0,00	-4,63	-84,45	-0,93
1011	05.09.21 12:39:50	11,93	0,00	-2,58	-84,44	-2,97
1012	05.09.21 12:39:51	11,93	0,00	-3,72	-85,79	0,49
1013	05.09.21 12:39:52	11,93	0,00	-6,59	-80,43	2,98
1014	05.09.21 12:39:53	11,93	0,00	-3,54	-84,83	1,63
1015	05.09.21 12:39:54	11,93	0,00	-1,12	-88,19	0,69
1016	05.09.21 12:39:55	11,93	0,00	-4,68	-83,22	2,10
1017	05.09.21 12:39:56	11,97	0,00	-3,90	-83,93	2,17
1018	05.09.21 12:39:57	11,97	0,00	0,11	-86,54	3,35
1019	05.09.21 12:39:58	11,97	0,00	-0,96	-86,08	2,97
1020	05.09.21 12:39:59	11,97	0,00	-6,93	-81,16	1,91
1021	05.09.21 12:40:00	11,97	0,00	-5,86	-83,21	-0,93
1022	05.09.21 12:40:01	11,97	0,00	-2,77	-85,70	-1,53
1023	05.09.21 12:40:02	11,97	0,00	-4,92	-84,69	0,38
1024	05.09.21 12:40:03	11,97	0,00	-5,79	-82,93	1,28
1025	05.09.21 12:40:04	11,97	0,00	-1,64	-87,12	1,24
1026	05.09.21 12:40:05	11,97	0,00	0,27	-87,05	2,67
1027	05.09.21 12:40:06	11,97	0,00	-2,24	-82,36	5,40
1028	05.09.21 12:40:07	11,97	0,00	-4,76	-81,17	4,07
1029	05.09.21 12:40:08	12,00	0,00	-4,53	-84,76	-0,70
1030	05.09.21 12:40:09	12,00	0,00	-5,87	-81,14	-2,99
1031	05.09.21 12:40:10	12,00	0,00	-6,61	-80,99	-2,40
1032	05.09.21 12:40:11	12,00	0,00	-3,82	-85,25	-0,93
1033	05.09.21 12:40:12	12,00	0,00	0,58	-86,60	2,83
1034	05.09.21 12:40:13	12,00	0,00	-5,27	-76,38	8,35
1035	05.09.21 12:40:14	12,00	0,00	-7,84	-69,15	-13,01
1036	05.09.21 12:40:15	12,00	0,00	-1,43	-68,40	-20,17
1037	05.09.21 12:40:16	12,00	0,00	0,67	-66,64	-22,69
1038	05.09.21 12:40:17	12,00	0,00	-1,90	-65,61	-22,49
1039	05.09.21 12:40:18	12,00	0,00	-4,39	-65,79	-19,82
1040	05.09.21 12:40:19	12,00	0,00	-3,78	-66,22	-19,99
1041	05.09.21 12:40:20	12,00	0,00	-1,25	-69,07	-19,68
1042	05.09.21 12:40:21	12,00	0,00	-0,98	-71,68	-17,34
1043	05.09.21 12:40:22	12,03	0,00	-3,39	-69,04	-17,57
1044	05.09.21 12:40:23	12,03	0,00	-1,82	-68,39	-19,79
1045	05.09.21 12:40:24	12,03	0,00	-1,23	-69,50	-19,27
1046	05.09.21 12:40:25	12,03	0,00	-3,74	-66,08	-20,18
1047	05.09.21 12:40:26	12,03	0,00	-3,81	-65,30	-20,89
1048	05.09.21 12:40:27	12,03	0,00	-1,66	-67,28	-21,06
1049	05.09.21 12:40:28	12,03	0,00	-0,24	-69,25	-20,51
1050	05.09.21 12:40:29	12,03	0,00	-2,64	-68,07	-19,30
1051	05.09.21 12:40:30	12,03	0,00	-2,84	-68,79	-18,38
1052	05.09.21 12:40:31	12,03	0,00	-2,54	-70,67	-16,79
1053	05.09.21 12:40:32	12,03	0,00	-3,02	-70,13	-16,85
1054	05.09.21 12:40:33	12,03	0,00	-1,21	-70,22	-18,58
1055	05.09.21 12:40:34	12,03	0,00	-1,69	-67,24	-21,07
1056	05.09.21 12:40:35	12,06	0,00	-3,17	-64,47	-22,37
1057	05.09.21 12:40:36	12,06	0,00	-2,19	-66,21	-21,60
1058	05.09.21 12:40:37	12,06	0,00	-3,17	-67,37	-19,47
1059	05.09.21 12:40:38	12,06	0,00	-3,17	-67,31	-19,51
1060	05.09.21 12:40:39	12,06	0,00	-0,03	-70,82	-19,15
1061	05.09.21 12:40:40	12,06	0,00	-0,67	-73,04	-16,29
1062	05.09.21 12:40:41	12,06	0,00	-4,90	-68,79	-16,31
1063	05.09.21 12:40:42	12,06	0,00	-2,84	-67,43	-19,74
1064	05.09.21 12:40:43	12,06	0,00	-0,91	-66,53	-22,56
1065	05.09.21 12:40:44	12,06	0,00	-2,88	-63,93	-23,19
1066	05.09.21 12:40:45	12,06	0,00	-3,38	-64,68	-21,94
1067	05.09.21 12:40:46	12,06	0,00	-0,92	-69,16	-19,92
1068	05.09.21 12:40:47	12,06	0,00	-0,38	-71,39	-18,23
1069	05.09.21 12:40:48	12,06	0,00	-3,51	-69,15	-17,34
1070	05.09.21 12:40:49	12,06	0,00	-4,06	-68,79	-17,16
1071	05.09.21 12:40:50	12,09	0,00	-0,76	-72,25	-16,98
1072	05.09.21 12:40:51	12,09	0,00	-2,18	-67,82	-20,00
1073	05.09.21 12:40:52	12,09	0,00	-3,65	-62,80	-23,55
1074	05.09.21 12:40:53	12,09	0,00	-1,28	-64,21	-24,50
1075	05.09.21 12:40:54	12,09	0,00	-0,44	-68,57	-21,00
1076	05.09.21 12:40:55	12,09	0,00	-1,10	-72,87	-16,03
1077	05.09.21 12:40:56	12,09	0,00	-3,15	-70,45	-16,40
1078	05.09.21 12:40:57	12,09	0,00	-6,80	-64,76	-18,44
1079	05.09.21 12:40:58	12,09	0,00	-1,89	-66,18	-21,93
1080	05.09.21 12:40:59	12,09	0,00	3,15	-66,04	-20,81
1081	05.09.21 12:41:00	12,09	0,00	1,02	-70,41	-18,56
1082	05.09.21 12:41:01	12,09	0,00	-6,42	-68,08	-15,50
1083	05.09.21 12:41:02	12,09	0,00	-6,08	-66,30	-17,63
1084	05.09.21 12:41:03	12,09	0,00	-0,07	-68,39	-21,54
1085	05.09.21 12:41:04	12,09	0,00	1,56	-65,41	-23,04
1086	05.09.21 12:41:05	12,09	0,00	-2,63	-66,59	-20,78
1087	05.09.21 12:41:06	12,09	0,00	-5,10	-67,81	-17,09
1088	05.09.21 12:41:07	12,09	0,00	-1,48	-71,72	-16,80
1089	05.09.21 12:41:08	12,09	0,00	-0,28	-70,63	-19,09
1090	05.09.21 12:41:09	12,09	0,00	-3,30	-66,27	-20,42
1091	05.09.21 12:41:10	12,13	0,00	-4,02	-63,84	-22,14
1092	05.09.21 12:41:11	12,13	0,00	-0,75	-67,70	-21,55
1093	05.09.21 12:41:12	12,13	0,00	0,53	-71,42	-18,05
1094	05.09.21 12:41:13	12,13	0,00	-3,13	-69,59	-17,29
1095	05.09.21 12:41:14	12,13	0,00	-4,71	-66,51	-18,78
1096	05.09.21 12:41:15	12,13	0,00	-2,67	-66,36	-20,97
1097	05.09.21 12:41:16	12,13	0,00	-0,44	-66,64	-22,92
1098	05.09.21 12:41:17	12,13	0,00	-1,36	-65,69	-22,95
1099	05.09.21 12:41:18	12,13	0,00	-2,86	-67,70	-19,45
1100	05.09.21 12:41:19	12,13	0,00	-3,25	-70,44	-16,31
1101	05.09.21 12:41:20	12,13	0,00	-0,77	-73,64	-15,60
1102	05.09.21 12:41:21	12,13	0,00	-1,35	-70,08	-18,56
1103	05.09.21 12:41:22	12,13	0,00	-3,64	-65,66	-20,70
1104	05.09.21 12:41:23	12,13	0,00	-3,46	-65,66	-20,88
1105	05.09.21 12:41:24	12,13	0,00	0,00	-68,06	-21,94
1106	05.09.21 12:41:25	12,13	0,00	-0,81	-64,93	-24,26
1107	05.09.21 12:41:26	12,13	0,00	-4,70	-62,08	-23,23
1108	05.09.21 12:41:27	12,13	0,00	-3,54	-66,37	-20,09
1109	05.09.21 12:41:28	12,13	0,00	0,74	-73,69	-15,57
1110	05.09.21 12:41:29	12,13	0,00	0,06	-75,60	-14,34
1111	05.09.21 12:41:30	12,13	0,00	-4,97	-68,03	-17,00
1112	05.09.21 12:41:31	12,13	0,00	-3,80	-64,51	-21,69
1113	05.09.21 12:41:32	12,16	0,00	-0,82	-66,13	-23,04
1114	05.09.21 12:41:33	12,13	0,00	-1,08	-66,03	-22,89
1115	05.09.21 12:41:34	12,16	0,00	-3,56	-63,49	-22,95
1116	05.09.21 12:41:35	12,16	0,00	-1,67	-67,72	-20,61
1117	05.09.21 12:41:36	12,16	0,00	-0,66	-72,49	-16,85
1118	05.09.21 12:41:37	12,16	0,00	-3,42	-68,53	-18,05
1119	05.09.21 12:41:38	12,16	0,00	-4,66	-64,73	-20,61
1120	05.09.21 12:41:39	12,16	0,00	0,35	-70,12	-19,53
1121	05.09.21 12:41:40	12,16	0,00	1,76	-70,39	-17,85
1122	05.09.21 12:41:41	12,16	0,00	-5,10	-64,94	-19,96
1123	05.09.21 12:41:42	12,16	0,00	-6,28	-61,70	-22,02
1124	05.09.21 12:41:43	12,16	0,00	-0,20	-66,01	-23,79
1125	05.09.21 12:41:44	12,16	0,00	2,73	-66,10	-21,17
1126	05.09.21 12:41:45	12,16	0,00	-3,25	-67,70	-19,04
1127	05.09.21 12:41:46	12,16	0,00	-6,63	-64,83	-18,53
1128	05.09.21 12:41:47	12,16	0,00	-1,37	-67,32	-21,31
1129	05.09.21 12:41:48	12,16	0,00	1,00	-70,43	-18,57
1130	05.09.21 12:41:49	12,16	0,00	-1,95	-72,39	-15,66
1131	05.09.21 12:41:50	12,16	0,00	-4,33	-68,38	-17,29
1132	05.09.21 12:41:51	12,16	0,00	-3,14	-64,68	-22,19
1133	05.09.21 12:41:52	12,16	0,00	-1,04	-62,70	-26,27
1134	05.09.21 12:41:53	12,16	0,00	-1,10	-65,77	-23,13
1135	05.09.21 12:41:54	12,16	0,00	-2,84	-69,17	-17,99
1136	05.09.21 12:41:55	12,16	0,00	-2,67	-71,00	-16,34
1137	05.09.21 12:41:56	12,16	0,00	-2,45	-68,75	-18,80
1138	05.09.21 12:41:57	12,16	0,00	-1,36	-68,35	-20,29
1139	05.09.21 12:41:58	12,16	0,00	-1,85	-69,17	-18,97
1140	05.09.21 12:41:59	12,16	0,00	-3,56	-67,76	-18,68
1141	05.09.21 12:42:00	12,16	0,00	-2,17	-68,27	-19,56
1142	05.09.21 12:42:01	12,16	0,00	-0,58	-67,50	-21,93
1143	05.09.21 12:42:02	12,16	0,00	-1,54	-65,45	-23,01
1144	05.09.21 12:42:03	12,16	0,00	-4,71	-63,57	-21,72
1145	05.09.21 12:42:04	12,19	0,00	-3,98	-65,79	-20,23
1146	05.09.21 12:42:05	12,19	0,00	1,04	-71,11	-17,85
1147	05.09.21 12:42:06	12,19	0,00	0,81	-74,05	-15,15
1148	05.09.21 12:42:07	12,19	0,00	-6,05	-68,51	-15,43
1149	05.09.21 12:42:08	12,19	0,00	-4,72	-66,56	-18,72
1150	05.09.21 12:42:09	12,19	0,00	0,68	-66,07	-23,25
1151	05.09.21 12:42:10	12,19	0,00	0,59	-63,90	-25,51
1152	05.09.21 12:42:11	12,19	0,00	-3,07	-63,96	-22,98
1153	05.09.21 12:42:12	12,19	0,00	-5,37	-66,18	-18,45
1154	05.09.21 12:42:13	12,19	0,00	-1,76	-70,78	-17,46
1155	05.09.21 12:42:14	12,19	0,00	1,01	-71,39	-17,60
1156	05.09.21 12:42:15	12,19	0,00	-2,29	-70,66	-17,06
1157	05.09.21 12:42:16	12,19	0,00	-5,00	-67,66	-17,34
1158	05.09.21 12:42:17	12,19	0,00	-2,30	-64,94	-22,77
1159	05.09.21 12:42:18	12,19	0,00	0,55	-63,67	-25,77
1160	05.09.21 12:42:19	12,19	0,00	-1,68	-67,08	-21,24
1161	05.09.21 12:42:20	12,19	0,00	-5,45	-70,50	-14,05
1162	05.09.21 12:42:21	12,19	0,00	-2,67	-73,11	-14,21
1163	05.09.21 12:42:22	12,19	0,00	1,41	-64,49	-24,10
1164	05.09.21 12:42:23	12,19	0,00	-0,43	-60,39	-29,18
1165	05.09.21 12:42:24	12,19	0,00	-4,71	-60,63	-24,66
1166	05.09.21 12:42:25	12,19	0,00	-3,56	-67,91	-18,52
1167	05.09.21 12:42:26	12,19	0,00	0,48	-74,26	-15,27
1168	05.09.21 12:42:27	12,19	0,00	-1,81	-71,38	-16,82
1169	05.09.21 12:42:28	12,19	0,00	-4,91	-66,26	-18,83
1170	05.09.21 12:42:29	12,19	0,00	-1,76	-66,27	-21,97
1171	05.09.21 12:42:30	12,19	0,00	0,51	-63,35	-26,15
1172	05.09.21 12:42:31	12,19	0,00	-2,95	-62,38	-24,67
1173	05.09.21 12:42:32	12,19	0,00	-4,29	-64,80	-20,91
1174	05.09.21 12:42:33	12,19	0,00	-1,09	-72,40	-16,51
1175	05.09.21 12:42:34	12,19	0,00	0,30	-73,75	-15,95
1176	05.09.21 12:42:35	12,19	0,00	-4,60	-69,19	-16,21
1177	05.09.21 12:42:36	12,19	0,00	-3,36	-68,81	-17,83
1178	05.09.21 12:42:37	12,19	0,00	0,54	-68,89	-20,57
1179	05.09.21 12:42:38	12,19	0,00	-2,24	-64,07	-23,69
1180	05.09.21 12:42:39	12,19	0,00	-3,90	-62,24	-23,87
1181	05.09.21 12:42:40	12,19	0,00	-1,89	-63,74	-24,37
1182	05.09.21 12:42:41	12,19	0,00	-2,32	-65,75	-21,92
1183	05.09.21 12:42:42	12,19	0,00	-2,35	-70,68	-16,97
1184	05.09.21 12:42:43	12,19	0,00	-1,38	-72,32	-16,30
1185	05.09.21 12:42:44	12,19	0,00	-1,28	-73,45	-15,26
1186	05.09.21 12:42:45	12,19	0,00	-4,48	-62,70	-22,82
1187	05.09.21 12:42:46	12,19	0,00	-7,00	-56,81	-26,19
1188	05.09.21 12:42:47	12,19	0,00	-3,08	-57,59	-29,33
1189	05.09.21 12:42:48	12,19	0,00	-1,39	-62,02	-26,59
1190	05.09.21 12:42:49	12,19	0,00	-3,63	-62,57	-23,80
1191	05.09.21 12:42:50	12,19	0,00	-5,10	-65,11	-19,79
1192	05.09.21 12:42:51	12,19	0,00	-2,44	-70,94	-16,62
1193	05.09.21 12:42:52	12,19	0,00	-1,74	-70,15	-18,11
1194	05.09.21 12:42:53	12,19	0,00	-3,60	-67,42	-18,99
1195	05.09.21 12:42:54	12,19	0,00	-3,97	-64,14	-21,89
1196	05.09.21 12:42:55	12,19	0,00	-3,78	-61,31	-24,91
1197	05.09.21 12:42:56	12,19	0,00	-3,16	-60,69	-26,15
1198	05.09.21 12:42:57	12,19	0,00	-3,79	-61,17	-25,05
1199	05.09.21 12:42:58	12,22	0,00	-3,88	-62,31	-23,81
1200	05.09.21 12:42:59	12,19	0,00	-3,52	-64,81	-21,66
1201	05.09.21 12:43:00	12,19	0,00	-2,85	-68,95	-18,20
1202	05.09.21 12:43:01	12,22	0,00	-2,49	-69,74	-17,77
1203	05.09.21 12:43:02	12,19	0,00	-2,87	-66,40	-20,73
1204	05.09.21 12:43:03	12,19	0,00	-3,73	-64,24	-22,03
1205	05.09.21 12:43:04	12,19	0,00	-3,64	-64,60	-21,76
1206	05.09.21 12:43:05	12,22	0,00	-2,44	-64,67	-22,89
1207	05.09.21 12:43:06	12,22	0,00	-3,90	-61,33	-24,77
1208	05.09.21 12:43:07	12,22	0,00	-6,08	-58,31	-25,61
1209	05.09.21 12:43:08	12,22	0,00	-2,09	-62,00	-25,90
1210	05.09.21 12:43:09	12,22	0,00	-1,27	-67,58	-21,14
1211	05.09.21 12:43:10	12,22	0,00	-5,01	-67,88	-17,11
1212	05.09.21 12:43:11	12,19	0,00	-3,53	-68,09	-18,37
1213	05.09.21 12:43:12	12,22	0,00	-1,21	-68,38	-20,41
1214	05.09.21 12:43:13	12,19	0,00	-3,96	-64,79	-21,25
1215	05.09.21 12:43:14	12,22	0,00	-4,87	-61,32	-23,81
1216	05.09.21 12:43:15	12,22	0,00	-2,29	-62,58	-25,13
1217	05.09.21 12:43:16	12,22	0,00	-3,18	-64,08	-22,74
1218	05.09.21 12:43:17	12,22	0,00	-5,04	-62,81	-22,14
1219	05.09.21 12:43:18	12,22	0,00	-3,92	-62,07	-24,01
1220	05.09.21 12:43:19	12,22	0,00	-2,29	-64,79	-22,91
1221	05.09.21 12:43:20	12,22	0,00	-2,45	-68,31	-19,24
1222	05.09.21 12:43:21	12,22	0,00	-3,44	-70,44	-16,11
1223	05.09.21 12:43:22	12,22	0,00	-2,62	-69,29	-18,09
1224	05.09.21 12:43:23	12,22	0,00	-3,64	-62,77	-23,58
1225	05.09.21 12:43:24	12,22	0,00	-4,80	-59,44	-25,76
1226	05.09.21 12:43:25	12,22	0,00	-2,41	-62,09	-25,50
1227	05.09.21 12:43:26	12,22	0,00	-2,90	-63,96	-23,14
1228	05.09.21 12:43:27	12,22	0,00	-4,60	-64,97	-20,43
1229	05.09.21 12:43:28	12,22	0,00	-3,88	-64,58	-21,54
1230	05.09.21 12:43:29	12,22	0,00	-1,90	-66,97	-21,12
1231	05.09.21 12:43:30	12,22	0,00	-2,27	-69,58	-18,15
1232	05.09.21 12:43:31	12,22	0,00	-5,22	-65,54	-19,24
1233	05.09.21 12:43:32	12,22	0,00	-3,91	-60,86	-25,23
1234	05.09.21 12:43:33	12,22	0,00	-1,48	-61,40	-27,12
1235	05.09.21 12:43:34	12,22	0,00	-3,32	-64,36	-22,32
1236	05.09.21 12:43:35	12,22	0,00	-4,62	-69,19	-16,19
1237	05.09.21 12:43:36	12,22	0,00	-2,01	-70,58	-17,41
1238	05.09.21 12:43:37	12,22	0,00	-2,53	-62,28	-25,19
1239	05.09.21 12:43:38	12,22	0,00	-5,52	-57,40	-27,08
1240	05.09.21 12:43:39	12,22	0,00	-3,99	-60,33	-25,67
1241	05.09.21 12:43:40	12,22	0,00	-1,83	-66,10	-22,08
1242	05.09.21 12:43:41	12,22	0,00	-3,06	-67,31	-19,62
1243	05.09.21 12:43:42	12,22	0,00	-4,00	-67,26	-18,74
1244	05.09.21 12:43:43	12,22	0,00	-3,29	-68,23	-18,48
1245	05.09.21 12:43:44	12,22	0,00	-1,63	-68,13	-20,24
1246	05.09.21 12:43:45	12,22	0,00	-3,05	-62,57	-24,38
1247	05.09.21 12:43:46	12,22	0,00	-5,42	-57,45	-27,13
1248	05.09.21 12:43:47	12,22	0,00	-4,26	-60,33	-25,41
1249	05.09.21 12:43:48	12,22	0,00	-2,13	-67,43	-20,44
1250	05.09.21 12:43:49	12,22	0,00	-0,84	-72,78	-16,38
1251	05.09.21 12:43:50	12,22	0,00	-4,44	-66,14	-19,42
1252	05.09.21 12:43:51	12,22	0,00	-5,67	-60,36	-23,97
1253	05.09.21 12:43:52	12,22	0,00	-2,70	-62,41	-24,89
1254	05.09.21 12:43:53	12,22	0,00	-0,73	-67,33	-21,94
1255	05.09.21 12:43:54	12,22	0,00	-3,45	-68,34	-18,22
1256	05.09.21 12:43:55	12,22	0,00	-6,00	-63,49	-20,51
1257	05.09.21 12:43:56	12,22	0,00	-4,07	-61,36	-24,57
1258	05.09.21 12:43:57	12,22	0,00	-0,35	-63,80	-25,85
1259	05.09.21 12:43:58	12,22	0,00	-3,06	-63,12	-23,81
1260	05.09.21 12:43:59	12,22	0,00	-6,12	-61,80	-22,09
1261	05.09.21 12:44:00	12,22	0,00	-4,49	-65,70	-19,81
1262	05.09.21 12:44:01	12,22	0,00	-0,89	-69,74	-19,37
1263	05.09.21 12:44:02	12,22	0,00	-1,61	-69,68	-18,71
1264	05.09.21 12:44:03	12,22	0,00	-3,70	-64,64	-21,66
1265	05.09.21 12:44:04	12,22	0,00	-6,35	-59,67	-23,98
1266	05.09.21 12:44:05	12,22	0,00	-3,81	-61,69	-24,50
1267	05.09.21 12:44:06	12,22	0,00	-0,90	-63,30	-25,79
1268	05.09.21 12:44:07	12,22	0,00	-4,07	-65,29	-20,64
1269	05.09.21 12:44:08	12,22	0,00	-3,54	-69,65	-16,81
1270	05.09.21 12:44:09	12,22	0,00	-2,90	-66,94	-20,17
1271	05.09.21 12:44:10	12,22	0,00	-4,12	-63,54	-22,35
1272	05.09.21 12:44:11	12,22	0,00	-2,37	-63,38	-24,26
1273	05.09.21 12:44:12	12,22	0,00	-3,78	-61,24	-24,97
1274	05.09.21 12:44:13	12,22	0,00	-5,39	-61,68	-22,93
1275	05.09.21 12:44:14	12,22	0,00	-2,08	-66,68	-21,24
1276	05.09.21 12:44:15	12,22	0,00	-0,89	-69,01	-20,10
1277	05.09.21 12:44:16	12,22	0,00	-5,10	-66,73	-18,16
1278	05.09.21 12:44:17	12,22	0,00	-4,92	-62,30	-22,78
1279	05.09.21 12:44:18	12,22	0,00	-2,31	-61,06	-26,63
1280	05.09.21 12:44:19	12,22	0,00	-2,05	-63,72	-24,24
1281	05.09.21 12:44:20	12,22	0,00	-4,10	-64,17	-21,73
1282	05.09.21 12:44:21	12,22	0,00	-5,83	-64,53	-19,64
1283	05.09.21 12:44:22	12,22	0,00	-2,47	-66,22	-21,31
1284	05.09.21 12:44:23	12,22	0,00	-1,54	-61,87	-26,59
1285	05.09.21 12:44:24	12,22	0,00	-4,33	-62,02	-23,65
1286	05.09.21 12:44:25	12,22	0,00	-3,48	-66,86	-19,66
1287	05.09.21 12:44:26	12,22	0,00	-2,76	-67,77	-19,47
1288	05.09.21 12:44:27	12,22	0,00	-4,30	-63,57	-22,13
1289	05.09.21 12:44:28	12,22	0,00	-3,28	-64,10	-22,62
1290	05.09.21 12:44:29	12,22	0,00	-1,81	-65,62	-22,57
1291	05.09.21 12:44:30	12,22	0,00	-4,50	-62,13	-23,37
1292	05.09.21 12:44:31	12,22	0,00	-5,54	-60,47	-24,00
1293	05.09.21 12:44:32	12,22	0,00	-3,22	-62,04	-24,74
1294	05.09.21 12:44:33	12,22	0,00	-1,31	-65,00	-23,70
1295	05.09.21 12:44:34	12,22	0,00	-2,92	-67,09	-19,99
1296	05.09.21 12:44:35	12,22	0,00	-5,06	-68,97	-15,97
1297	05.09.21 12:44:36	12,22	0,00	-2,28	-68,34	-19,38
1298	05.09.21 12:44:37	12,22	0,00	-2,25	-64,13	-23,63
1299	05.09.21 12:44:38	12,22	0,00	-5,15	-60,40	-24,44
1300	05.09.21 12:44:39	12,22	0,00	-5,21	-60,46	-24,34
1301	05.09.21 12:44:40	12,22	0,00	-2,19	-62,38	-25,42
1302	05.09.21 12:44:41	12,22	0,00	-1,41	-63,87	-24,72
1303	05.09.21 12:44:42	12,22	0,00	-4,55	-66,11	-19,33
1304	05.09.21 12:44:43	12,22	0,00	-4,93	-68,24	-16,83
1305	05.09.21 12:44:44	12,22	0,00	-1,63	-69,12	-19,25
1306	05.09.21 12:44:45	12,22	0,00	-1,72	-65,47	-22,81
1307	05.09.21 12:44:46	12,22	0,00	-4,86	-61,20	-23,94
1308	05.09.21 12:44:47	12,22	0,00	-5,22	-60,88	-23,91
1309	05.09.21 12:44:48	12,22	0,00	-2,32	-61,98	-25,71
1310	05.09.21 12:44:49	12,22	0,00	-3,37	-61,39	-25,25
1311	05.09.21 12:44:50	12,22	0,00	-3,48	-66,34	-20,19
1312	05.09.21 12:44:51	12,22	0,00	-1,41	-72,93	-15,66
1313	05.09.21 12:44:52	12,22	0,00	-3,16	-70,99	-15,85
1314	05.09.21 12:44:53	12,22	0,00	-5,82	-62,08	-22,10
1315	05.09.21 12:44:54	12,22	0,00	-3,72	-58,36	-27,92
1316	05.09.21 12:44:55	12,22	0,00	-1,46	-61,12	-27,41
1317	05.09.21 12:44:56	12,22	0,00	-2,30	-65,64	-22,06
1318	05.09.21 12:44:57	12,22	0,00	-4,56	-67,12	-18,33
1319	05.09.21 12:44:58	12,22	0,00	-5,03	-66,85	-18,12
1320	05.09.21 12:44:59	12,22	0,00	-1,83	-67,48	-20,69
1321	05.09.21 12:45:00	12,22	0,00	-0,38	-66,39	-23,23
1322	05.09.21 12:45:01	12,22	0,00	-4,66	-62,29	-23,05
1323	05.09.21 12:45:02	12,22	0,00	-6,97	-59,36	-23,67
1324	05.09.21 12:45:03	12,22	0,00	-3,69	-61,74	-24,56
1325	05.09.21 12:45:04	12,22	0,00	0,09	-67,94	-21,98
1326	05.09.21 12:45:05	12,22	0,00	-2,55	-67,80	-19,65
1327	05.09.21 12:45:06	12,22	0,00	-2,96	-67,73	-19,31
1328	05.09.21 12:45:07	12,22	0,00	-1,31	-69,67	-19,03
1329	05.09.21 12:45:08	12,22	0,00	-1,89	-69,23	-18,88
1330	05.09.21 12:45:09	12,22	0,00	-1,74	-66,45	-21,81
1331	05.09.21 12:45:10	12,22	0,00	-1,36	-62,01	-26,63
1332	05.09.21 12:45:11	12,22	0,00	-2,68	-59,57	-27,75
1333	05.09.21 12:45:12	12,22	0,00	-2,44	-60,81	-26,75
1334	05.09.21 12:45:13	12,22	0,00	-2,05	-66,12	-21,83
1335	05.09.21 12:45:14	12,22	0,00	-1,80	-66,37	-21,83
1336	05.09.21 12:45:15	12,22	0,00	-1,85	-60,93	-27,22
1337	05.09.21 12:45:16	12,22	0,00	-3,60	-57,99	-28,40
1338	05.09.21 12:45:17	12,22	0,00	-3,72	-58,55	-27,73
1339	05.09.21 12:45:18	12,22	0,00	-2,92	-58,08	-29,00
1340	05.09.21 12:45:19	12,22	0,00	-2,06	-60,86	-27,08
1341	05.09.21 12:45:20	12,22	0,00	-3,44	-62,24	-24,32
1342	05.09.21 12:45:21	12,22	0,00	-4,97	-59,53	-25,50
1343	05.09.21 12:45:22	12,22	0,00	-0,74	-62,92	-26,34
1344	05.09.21 12:45:23	12,22	0,00	-3,53	-64,16	-22,31
1345	05.09.21 12:45:24	12,22	0,00	-3,48	-68,28	-18,24
1346	05.09.21 12:45:25	12,22	0,00	-1,79	-70,58	-17,62
1347	05.09.21 12:45:26	12,22	0,00	-1,94	-70,80	-17,26
1348	05.09.21 12:45:27	12,22	0,00	-2,27	-68,17	-19,56
1349	05.09.21 12:45:28	12,22	0,00	-3,89	-66,19	-19,92
1350	05.09.21 12:45:29	12,22	0,00	-5,14	-61,73	-23,13
1351	05.09.21 12:45:30	12,22	0,00	-3,44	-56,48	-30,07
1352	05.09.21 12:45:31	12,22	0,00	-2,62	-56,16	-31,21
1353	05.09.21 12:45:32	12,22	0,00	-6,53	-58,79	-24,68
1354	05.09.21 12:45:33	12,22	0,00	-3,64	-62,48	-23,89
1355	05.09.21 12:45:34	12,22	0,00	-2,29	-64,11	-23,60
1356	05.09.21 12:45:35	12,22	0,00	-4,79	-64,35	-20,85
1357	05.09.21 12:45:36	12,22	0,00	-2,89	-65,24	-21,87
1358	05.09.21 12:45:37	12,22	0,00	-3,68	-65,57	-20,75
1359	05.09.21 12:45:38	12,22	0,00	-5,26	-61,23	-23,51
1360	05.09.21 12:45:39	12,22	0,00	-3,14	-61,71	-25,15
1361	05.09.21 12:45:40	12,22	0,00	-4,55	-62,05	-23,40
1362	05.09.21 12:45:41	12,22	0,00	-5,41	-59,13	-25,47
1363	05.09.21 12:45:42	12,22	0,00	-5,06	-56,29	-28,65
1364	05.09.21 12:45:43	12,22	0,00	-4,57	-59,84	-25,58
1365	05.09.21 12:45:44	12,22	0,00	-2,38	-61,79	-25,83
1366	05.09.21 12:45:45	12,22	0,00	-4,43	-68,17	-17,40
1367	05.09.21 12:45:46	12,22	0,00	-2,58	-69,62	-17,80
1368	05.09.21 12:45:47	12,22	0,00	-4,73	-65,37	-19,90
1369	05.09.21 12:45:48	12,22	0,00	-4,61	-65,05	-20,33
1370	05.09.21 12:45:49	12,22	0,00	-3,16	-64,21	-22,64
1371	05.09.21 12:45:50	12,22	0,00	-5,10	-59,69	-25,20
1372	05.09.21 12:45:51	12,22	0,00	-5,14	-59,01	-25,85
1373	05.09.21 12:45:52	12,22	0,00	-5,48	-56,20	-28,32
1374	05.09.21 12:45:53	12,22	0,00	-3,79	-58,71	-27,50
1375	05.09.21 12:45:54	12,22	0,00	-4,08	-61,81	-24,10
1376	05.09.21 12:45:55	12,22	0,00	-4,07	-65,45	-20,48
1377	05.09.21 12:45:56	12,22	0,00	-2,61	-68,21	-19,18
1378	05.09.21 12:45:57	12,22	0,00	-3,45	-68,24	-18,32
1379	05.09.21 12:45:58	12,22	0,00	-4,87	-67,76	-17,38
1380	05.09.21 12:45:59	12,22	0,00	-4,12	-64,08	-21,79
1381	05.09.21 12:46:00	12,22	0,00	-6,24	-58,21	-25,55
1382	05.09.21 12:46:01	12,22	0,00	-4,01	-55,18	-30,81
1383	05.09.21 12:46:02	12,22	0,00	-3,42	-56,33	-30,25
1384	05.09.21 12:46:03	12,22	0,00	-5,62	-61,22	-23,15
1385	05.09.21 12:46:04	12,22	0,00	-3,18	-65,69	-21,13
1386	05.09.21 12:46:05	12,22	0,00	-1,78	-67,56	-20,66
1387	05.09.21 12:46:06	12,22	0,00	-6,12	-65,31	-18,57
1388	05.09.21 12:46:07	12,22	0,00	-3,36	-66,23	-20,41
1389	05.09.21 12:46:08	12,22	0,00	-3,58	-65,45	-20,97
1390	05.09.21 12:46:09	12,22	0,00	-5,06	-58,41	-26,53
1391	05.09.21 12:46:10	12,22	0,00	-5,89	-55,84	-28,27
1392	05.09.21 12:46:11	12,22	0,00	-5,13	-57,02	-27,85
1393	05.09.21 12:46:12	12,22	0,00	-3,72	-59,15	-27,13
1394	05.09.21 12:46:13	12,22	0,00	-3,96	-60,02	-26,01
1395	05.09.21 12:46:14	12,22	0,00	-5,16	-64,71	-20,12
1396	05.09.21 12:46:15	12,22	0,00	-2,14	-68,39	-19,47
1397	05.09.21 12:46:16	12,22	0,00	-3,81	-66,78	-19,41
1398	05.09.21 12:46:17	12,22	0,00	-4,91	-65,32	-19,76
1399	05.09.21 12:46:18	12,22	0,00	-4,05	-64,77	-21,18
1400	05.09.21 12:46:19	12,22	0,00	-3,02	-65,29	-21,69
1401	05.09.21 12:46:20	12,22	0,00	-5,31	-64,79	-19,91
1402	05.09.21 12:46:21	12,22	0,00	-6,09	-59,30	-24,61
1403	05.09.21 12:46:22	12,22	0,00	-1,98	-59,92	-28,10
1404	05.09.21 12:46:23	12,22	0,00	-5,07	-63,07	-21,87
1405	05.09.21 12:46:24	12,22	0,00	-4,30	-65,71	-19,99
1406	05.09.21 12:46:25	12,25	0,00	-1,83	-62,67	-25,50
1407	05.09.21 12:46:26	12,22	0,00	-7,70	-59,12	-23,18
1408	05.09.21 12:46:27	12,22	0,00	-4,72	-59,06	-26,22
1409	05.09.21 12:46:28	12,22	0,00	-3,12	-61,39	-25,49
1410	05.09.21 12:46:29	12,22	0,00	-4,42	-61,87	-23,71
1411	05.09.21 12:46:30	12,22	0,00	-4,05	-63,43	-22,52
1412	05.09.21 12:46:31	12,25	0,00	-4,21	-66,80	-18,99
1413	05.09.21 12:46:32	12,25	0,00	-3,28	-65,15	-21,58
1414	05.09.21 12:46:33	12,25	0,00	-6,09	-62,42	-21,49
1415	05.09.21 12:46:34	12,25	0,00	-5,17	-59,49	-25,35
1416	05.09.21 12:46:35	12,25	0,00	-3,51	-58,19	-28,30
1417	05.09.21 12:46:36	12,25	0,00	-3,82	-63,84	-22,34
1418	05.09.21 12:46:37	12,25	0,00	-3,04	-65,38	-21,59
1419	05.09.21 12:46:38	12,25	0,00	-3,66	-68,12	-18,22
1420	05.09.21 12:46:39	12,25	0,00	-4,19	-65,15	-20,66
1421	05.09.21 12:46:40	12,25	0,00	-4,54	-62,71	-22,75
1422	05.09.21 12:46:41	12,22	0,00	-6,51	-61,27	-22,22
1423	05.09.21 12:46:42	12,25	0,00	-4,25	-60,06	-25,69
1424	05.09.21 12:46:43	12,25	0,00	-3,16	-62,04	-24,80
1425	05.09.21 12:46:44	12,25	0,00	-3,92	-64,13	-21,94
1426	05.09.21 12:46:45	12,25	0,00	-3,69	-67,67	-18,64
1427	05.09.21 12:46:46	12,25	0,00	-2,93	-66,67	-20,40
1428	05.09.21 12:46:47	12,25	0,00	-5,71	-62,65	-21,64
1429	05.09.21 12:46:48	12,25	0,00	-3,97	-63,87	-22,16
1430	05.09.21 12:46:49	12,25	0,00	-4,93	-60,07	-25,00
1431	05.09.21 12:46:50	12,25	0,00	-4,44	-58,56	-27,00
1432	05.09.21 12:46:51	12,25	0,00	-5,49	-59,83	-24,69
1433	05.09.21 12:46:52	12,25	0,00	-2,93	-61,46	-25,62
1434	05.09.21 12:46:53	12,25	0,00	-4,73	-62,98	-22,30
1435	05.09.21 12:46:54	12,25	0,00	-3,21	-66,10	-20,69
1436	05.09.21 12:46:55	12,25	0,00	-3,81	-68,33	-17,87
1437	05.09.21 12:46:56	12,25	0,00	-3,00	-67,59	-19,40
1438	05.09.21 12:46:57	12,25	0,00	-5,43	-62,27	-22,30
1439	05.09.21 12:46:58	12,25	0,00	-6,81	-59,44	-23,75
1440	05.09.21 12:46:59	12,25	0,00	-3,54	-58,42	-28,05
1441	05.09.21 12:47:00	12,25	0,00	-3,46	-59,53	-27,01
1442	05.09.21 12:47:01	12,25	0,00	-5,80	-61,58	-22,62
1443	05.09.21 12:47:02	12,25	0,00	-2,27	-66,41	-21,32
1444	05.09.21 12:47:03	12,25	0,00	-2,65	-66,92	-20,44
1445	05.09.21 12:47:04	12,25	0,00	-5,32	-66,49	-18,19
1446	05.09.21 12:47:05	12,25	0,00	-3,40	-64,04	-22,56
1447	05.09.21 12:47:06	12,25	0,00	-4,96	-61,21	-23,82
1448	05.09.21 12:47:07	12,25	0,00	-5,51	-57,76	-26,74
1449	05.09.21 12:47:08	12,25	0,00	-5,73	-56,08	-28,20
1450	05.09.21 12:47:09	12,25	0,00	-4,35	-60,53	-25,12
1451	05.09.21 12:47:10	12,25	0,00	-2,98	-63,38	-23,63
1452	05.09.21 12:47:11	12,25	0,00	-4,87	-66,44	-18,69
1453	05.09.21 12:47:12	12,25	0,00	-2,71	-67,60	-19,69
1454	05.09.21 12:47:13	12,25	0,00	-2,62	-66,07	-21,32
1455	05.09.21 12:47:14	12,25	0,00	-6,63	-64,85	-18,53
1456	05.09.21 12:47:15	12,25	0,00	-3,31	-64,73	-21,96
1457	05.09.21 12:47:16	12,25	0,00	-4,78	-60,92	-24,30
1458	05.09.21 12:47:17	12,25	0,00	-6,55	-56,20	-27,25
1459	05.09.21 12:47:18	12,25	0,00	-3,90	-59,50	-26,60
1460	05.09.21 12:47:19	12,25	0,00	-3,71	-62,53	-23,76
1461	05.09.21 12:47:20	12,25	0,00	-3,47	-65,64	-20,89
1462	05.09.21 12:47:21	12,25	0,00	-3,43	-65,82	-20,75
1463	05.09.21 12:47:22	12,25	0,00	-5,36	-66,57	-18,07
1464	05.09.21 12:47:23	12,25	0,00	-3,04	-65,03	-21,93
1465	05.09.21 12:47:24	12,25	0,00	-5,69	-59,24	-25,07
1466	05.09.21 12:47:25	12,25	0,00	-6,56	-55,49	-27,96
1467	05.09.21 12:47:26	12,25	0,00	-3,53	-57,68	-28,79
1468	05.09.21 12:47:27	12,25	0,00	-3,73	-59,57	-26,70
1469	05.09.21 12:47:28	12,25	0,00	-3,36	-62,90	-23,74
1470	05.09.21 12:47:29	12,25	0,00	-3,58	-69,21	-17,21
1471	05.09.21 12:47:30	12,25	0,00	-2,11	-70,63	-17,26
1472	05.09.21 12:47:31	12,25	0,00	-5,55	-63,76	-20,69
1473	05.09.21 12:47:32	12,25	0,00	-4,10	-63,45	-22,45
1474	05.09.21 12:47:33	12,25	0,00	-4,58	-61,57	-23,86
1475	05.09.21 12:47:34	12,25	0,00	-4,72	-59,20	-26,08
1476	05.09.21 12:47:35	12,25	0,00	-5,48	-57,54	-26,99
1477	05.09.21 12:47:36	12,25	0,00	-4,75	-58,73	-26,52
1478	05.09.21 12:47:37	12,25	0,00	-2,77	-63,57	-23,66
1479	05.09.21 12:47:38	12,25	0,00	-2,76	-66,11	-21,14
1480	05.09.21 12:47:39	12,25	0,00	-4,98	-67,63	-17,38
1481	05.09.21 12:47:40	12,25	0,00	-4,08	-66,73	-19,19
1482	05.09.21 12:47:41	12,25	0,00	-3,20	-63,29	-23,51
1483	05.09.21 12:47:42	12,25	0,00	-5,74	-61,15	-23,11
1484	05.09.21 12:47:43	12,25	0,00	-3,52	-63,56	-22,91
1485	05.09.21 12:47:44	12,25	0,00	-2,22	-64,46	-23,32
1486	05.09.21 12:47:45	12,25	0,00	-5,53	-63,53	-20,94
1487	05.09.21 12:47:46	12,25	0,00	-2,97	-63,86	-23,17
1488	05.09.21 12:47:47	12,25	0,00	-5,15	-62,87	-21,98
1489	05.09.21 12:47:48	12,25	0,00	-4,61	-59,87	-25,52
1490	05.09.21 12:47:49	12,25	0,00	-3,55	-60,35	-26,10
1491	05.09.21 12:47:50	12,25	0,00	-5,08	-63,22	-21,70
1492	05.09.21 12:47:51	12,25	0,00	-3,18	-62,31	-24,51
1493	05.09.21 12:47:52	12,25	0,00	-3,95	-62,49	-23,55
1494	05.09.21 12:47:53	12,25	0,00	-5,36	-64,41	-20,23
1495	05.09.21 12:47:54	12,25	0,00	-1,85	-68,31	-19,85
1496	05.09.21 12:47:55	12,25	0,00	-3,19	-68,86	-17,95
1497	05.09.21 12:47:56	12,25	0,00	-5,21	-64,46	-20,33
1498	05.09.21 12:47:57	12,25	0,00	-5,21	-61,21	-23,58
1499	05.09.21 12:47:58	12,25	0,00	-4,70	-59,41	-25,89
1500	05.09.21 12:47:59	12,25	0,00	-4,46	-57,36	-28,18
1501	05.09.21 12:48:00	12,25	0,00	-4,84	-57,14	-28,01
1502	05.09.21 12:48:01	12,25	0,00	-4,93	-62,10	-22,97
1503	05.09.21 12:48:02	12,25	0,00	-3,67	-61,43	-24,90
1504	05.09.21 12:48:03	12,25	0,00	-4,20	-64,29	-21,51
1505	05.09.21 12:48:04	12,25	0,00	-4,31	-66,79	-18,90
1506	05.09.21 12:48:05	12,25	0,00	-3,88	-66,97	-19,16
1507	05.09.21 12:48:06	12,25	0,00	-4,59	-62,17	-23,24
1508	05.09.21 12:48:07	12,25	0,00	-3,77	-62,57	-23,66
1509	05.09.21 12:48:08	12,25	0,00	-3,25	-65,61	-21,14
1510	05.09.21 12:48:09	12,25	0,00	-4,79	-64,51	-20,71
1511	05.09.21 12:48:10	12,25	0,00	-5,61	-61,69	-22,71
1512	05.09.21 12:48:11	12,25	0,00	-5,22	-57,21	-27,57
1513	05.09.21 12:48:12	12,25	0,00	-5,69	-56,04	-28,27
1514	05.09.21 12:48:13	12,25	0,00	-4,04	-59,69	-26,27
1515	05.09.21 12:48:14	12,25	0,00	-3,51	-63,51	-22,98
1516	05.09.21 12:48:15	12,25	0,00	-2,42	-65,71	-21,87
1517	05.09.21 12:48:16	12,25	0,00	-5,50	-67,46	-17,03
1518	05.09.21 12:48:17	12,25	0,00	-2,75	-67,72	-19,53
1519	05.09.21 12:48:18	12,25	0,00	-3,04	-64,84	-22,12
1520	05.09.21 12:48:19	12,25	0,00	-7,31	-59,74	-22,95
1521	05.09.21 12:48:20	12,25	0,00	-4,90	-58,82	-26,28
1522	05.09.21 12:48:21	12,25	0,00	-2,29	-60,17	-27,54
1523	05.09.21 12:48:22	12,25	0,00	-5,77	-60,92	-23,31
1524	05.09.21 12:48:23	12,25	0,00	-4,36	-60,68	-24,95
1525	05.09.21 12:48:24	12,25	0,00	-3,16	-63,99	-22,84
1526	05.09.21 12:48:25	12,29	0,00	-4,19	-61,96	-23,85
1527	05.09.21 12:48:26	12,25	0,00	-4,27	-65,31	-20,42
1528	05.09.21 12:48:27	12,25	0,00	-2,93	-65,40	-21,67
1529	05.09.21 12:48:28	12,29	0,00	-5,76	-64,35	-19,89
1530	05.09.21 12:48:29	12,25	0,00	-3,66	-65,87	-20,47
1531	05.09.21 12:48:30	12,29	0,00	-3,24	-66,44	-20,31
1532	05.09.21 12:48:31	12,29	0,00	-6,32	-60,34	-23,34
1533	05.09.21 12:48:32	12,29	0,00	-6,71	-53,99	-29,30
1534	05.09.21 12:48:33	12,29	0,00	-4,44	-53,61	-31,94
1535	05.09.21 12:48:34	12,29	0,00	-3,81	-54,22	-31,96
1536	05.09.21 12:48:35	12,29	0,00	-4,43	-59,60	-25,96
1537	05.09.21 12:48:36	12,29	0,00	-2,98	-69,12	-17,90
1538	05.09.21 12:48:37	12,29	0,00	-0,75	-73,44	-15,80
1539	05.09.21 12:48:38	12,29	0,00	-7,20	-66,41	-16,39
1540	05.09.21 12:48:39	12,29	0,00	-4,13	-67,75	-18,12
1541	05.09.21 12:48:40	12,29	0,00	-1,18	-65,79	-23,03
1542	05.09.21 12:48:41	12,29	0,00	-6,52	-59,31	-24,18
1543	05.09.21 12:48:42	12,29	0,00	-6,55	-54,85	-28,60
1544	05.09.21 12:48:43	12,29	0,00	-4,30	-55,80	-29,90
1545	05.09.21 12:48:44	12,29	0,00	-1,49	-60,48	-28,03
1546	05.09.21 12:48:45	12,29	0,00	-5,20	-62,76	-22,04
1547	05.09.21 12:48:46	12,29	0,00	-4,33	-65,82	-19,85
1548	05.09.21 12:48:47	12,29	0,00	-2,50	-65,34	-22,16
1549	05.09.21 12:48:48	12,29	0,00	-4,05	-62,23	-23,72
1550	05.09.21 12:48:49	12,29	0,00	-6,44	-61,16	-22,40
1551	05.09.21 12:48:50	12,29	0,00	-4,23	-61,98	-23,79
1552	05.09.21 12:48:51	12,29	0,00	-3,74	-60,87	-25,39
1553	05.09.21 12:48:52	12,29	0,00	-6,05	-59,71	-24,23
1554	05.09.21 12:48:53	12,29	0,00	-3,94	-60,74	-25,33
1555	05.09.21 12:48:54	12,29	0,00	-1,76	-63,43	-24,81
1556	05.09.21 12:48:55	12,29	0,00	-4,37	-66,90	-18,73
1557	05.09.21 12:48:56	12,29	0,00	-2,77	-69,39	-17,84
1558	05.09.21 12:48:57	12,29	0,00	-3,23	-66,33	-20,44
1559	05.09.21 12:48:58	12,29	0,00	-6,26	-62,55	-21,20
1560	05.09.21 12:48:59	12,29	0,00	-4,50	-62,48	-23,02
1561	05.09.21 12:49:00	12,29	0,00	-3,50	-63,13	-23,37
1562	05.09.21 12:49:01	12,29	0,00	-3,82	-60,78	-25,40
1563	05.09.21 12:49:02	12,29	0,00	-6,98	-62,29	-20,73
1564	05.09.21 12:49:03	12,29	0,00	-3,45	-62,49	-24,05
1565	05.09.21 12:49:04	12,29	0,00	-1,52	-64,65	-23,83
1566	05.09.21 12:49:05	12,29	0,00	-4,78	-65,52	-19,70
1567	05.09.21 12:49:06	12,29	0,00	-3,50	-69,14	-17,36
1568	05.09.21 12:49:07	12,29	0,00	-1,87	-69,86	-18,27
1569	05.09.21 12:49:08	12,29	0,00	-4,31	-66,96	-18,73
1570	05.09.21 12:49:09	12,29	0,00	-6,41	-59,93	-23,66
1571	05.09.21 12:49:10	12,29	0,00	-6,09	-53,45	-30,45
1572	05.09.21 12:49:11	12,29	0,00	-4,83	-51,59	-33,58
1573	05.09.21 12:49:12	12,29	0,00	-4,35	-54,55	-31,11
1574	05.09.21 12:49:13	12,29	0,00	-6,32	-55,39	-28,30
1575	05.09.21 12:49:14	12,29	0,00	-4,77	-60,70	-24,54
1576	05.09.21 12:49:15	12,29	0,00	-2,01	-67,45	-20,54
1577	05.09.21 12:49:16	12,29	0,00	-2,44	-70,80	-16,75
1578	05.09.21 12:49:17	12,29	0,00	-4,89	-69,81	-15,29
1579	05.09.21 12:49:18	12,29	0,00	-3,41	-68,20	-18,39
1580	05.09.21 12:49:19	12,29	0,00	-3,36	-64,67	-21,97
1581	05.09.21 12:49:20	12,29	0,00	-5,93	-58,85	-25,22
1582	05.09.21 12:49:21	12,29	0,00	-4,75	-57,17	-28,09
1583	05.09.21 12:49:22	12,29	0,00	-5,24	-57,00	-27,76
1584	05.09.21 12:49:23	12,29	0,00	-4,43	-59,38	-26,19
1585	05.09.21 12:49:24	12,29	0,00	-2,62	-62,89	-24,50
1586	05.09.21 12:49:25	12,29	0,00	-5,45	-64,59	-19,96
1587	05.09.21 12:49:26	12,29	0,00	-3,85	-65,56	-20,59
1588	05.09.21 12:49:27	12,29	0,00	-4,38	-65,52	-20,09
1589	05.09.21 12:49:28	12,29	0,00	-2,86	-65,77	-21,38
1590	05.09.21 12:49:29	12,29	0,00	-4,48	-65,47	-20,06
1591	05.09.21 12:49:30	12,29	0,00	-4,01	-66,51	-19,48
1592	05.09.21 12:49:31	12,29	0,00	-2,71	-65,56	-21,73
1593	05.09.21 12:49:32	12,29	0,00	-5,54	-60,61	-23,85
1594	05.09.21 12:49:33	12,32	0,00	-5,54	-60,83	-23,63
1595	05.09.21 12:49:34	12,29	0,00	-2,10	-59,94	-27,96
1596	05.09.21 12:49:35	12,29	0,00	-6,53	-58,30	-25,16
1597	05.09.21 12:49:36	12,32	0,00	-4,70	-59,53	-25,77
1598	05.09.21 12:49:37	12,32	0,00	-3,08	-62,69	-24,23
1599	05.09.21 12:49:38	12,29	0,00	-5,82	-62,43	-21,75
1600	05.09.21 12:49:39	12,29	0,00	-4,35	-62,44	-23,21
1601	05.09.21 12:49:40	12,32	0,00	-2,84	-64,66	-22,50
1602	05.09.21 12:49:41	12,32	0,00	-4,06	-64,38	-21,56
1603	05.09.21 12:49:42	12,32	0,00	-4,97	-64,28	-20,75
1604	05.09.21 12:49:43	12,32	0,00	-4,56	-62,89	-22,54
1605	05.09.21 12:49:44	12,32	0,00	-4,21	-61,93	-23,86
1606	05.09.21 12:49:45	12,32	0,00	-4,96	-59,34	-25,70
1607	05.09.21 12:49:46	12,32	0,00	-5,40	-61,65	-22,95
1608	05.09.21 12:49:47	12,32	0,00	-2,80	-62,71	-24,49
1609	05.09.21 12:49:48	12,32	0,00	-4,39	-64,88	-20,73
1610	05.09.21 12:49:49	12,32	0,00	-2,89	-68,90	-18,21
1611	05.09.21 12:49:50	12,32	0,00	-2,41	-69,94	-17,65
1612	05.09.21 12:49:51	12,32	0,00	-4,74	-66,52	-18,74
1613	05.09.21 12:49:52	12,32	0,00	-5,71	-64,84	-19,44
1614	05.09.21 12:49:53	12,32	0,00	-3,78	-61,40	-24,82
1615	05.09.21 12:49:54	12,32	0,00	-5,74	-55,76	-28,50
1616	05.09.21 12:49:55	12,32	0,00	-6,69	-52,73	-30,58
1617	05.09.21 12:49:56	12,32	0,00	-2,94	-55,37	-31,69
1618	05.09.21 12:49:57	12,32	0,00	-3,84	-62,41	-23,75
1619	05.09.21 12:49:58	12,32	0,00	-2,90	-66,94	-20,16
1620	05.09.21 12:49:59	12,32	0,00	-3,14	-68,70	-18,16
1621	05.09.21 12:50:00	12,32	0,00	-4,23	-68,17	-17,60
1622	05.09.21 12:50:01	12,32	0,00	-5,14	-64,72	-20,15
1623	05.09.21 12:50:02	12,32	0,00	-5,63	-60,45	-23,92
1624	05.09.21 12:50:03	12,32	0,00	-4,12	-58,72	-27,16
1625	05.09.21 12:50:04	12,32	0,00	-4,36	-60,59	-25,05
1626	05.09.21 12:50:05	12,32	0,00	-3,48	-64,42	-22,10
1627	05.09.21 12:50:06	12,32	0,00	-1,83	-65,23	-22,94
1628	05.09.21 12:50:07	12,32	0,00	-4,70	-66,72	-18,58
1629	05.09.21 12:50:08	12,32	0,00	-3,67	-65,59	-20,74
1630	05.09.21 12:50:09	12,32	0,00	-4,37	-64,72	-20,91
1631	05.09.21 12:50:10	12,32	0,00	-2,53	-66,85	-20,61
1632	05.09.21 12:50:11	12,32	0,00	-5,77	-62,02	-22,21
1633	05.09.21 12:50:12	12,32	0,00	-5,82	-58,45	-25,74
1634	05.09.21 12:50:13	12,32	0,00	-3,33	-58,33	-28,34
1635	05.09.21 12:50:14	12,32	0,00	-5,81	-58,37	-25,82
1636	05.09.21 12:50:15	12,32	0,00	-4,32	-60,23	-25,45
1637	05.09.21 12:50:16	12,32	0,00	-1,58	-63,44	-24,98
1638	05.09.21 12:50:17	12,32	0,00	-4,56	-65,48	-19,96
1639	05.09.21 12:50:18	12,32	0,00	-5,27	-64,62	-20,11
1640	05.09.21 12:50:19	12,32	0,00	-3,08	-65,47	-21,44
1641	05.09.21 12:50:20	12,32	0,00	-5,19	-60,80	-24,01
1642	05.09.21 12:50:21	12,32	0,00	-4,93	-59,37	-25,70
1643	05.09.21 12:50:22	12,32	0,00	-5,88	-61,12	-23,00
1644	05.09.21 12:50:23	12,32	0,00	-1,76	-64,71	-23,53
1645	05.09.21 12:50:24	12,32	0,00	-3,01	-65,58	-21,41
1646	05.09.21 12:50:25	12,32	0,00	-4,91	-66,41	-18,68
1647	05.09.21 12:50:26	12,32	0,00	-4,40	-64,74	-20,86
1648	05.09.21 12:50:27	12,32	0,00	-3,65	-63,79	-22,56
1649	05.09.21 12:50:28	12,32	0,00	-5,09	-59,10	-25,80
1650	05.09.21 12:50:29	12,32	0,00	-5,68	-58,70	-25,62
1651	05.09.21 12:50:30	12,32	0,00	-4,08	-60,00	-25,93
1652	05.09.21 12:50:31	12,32	0,00	-3,64	-61,33	-25,04
1653	05.09.21 12:50:32	12,32	0,00	-5,27	-62,18	-22,55
1654	05.09.21 12:50:33	12,32	0,00	-1,16	-66,45	-22,39
1655	05.09.21 12:50:34	12,32	0,00	-59,91	-2,18	-27,91
1656	05.09.21 12:50:35	12,32	0,00	-53,40	-9,05	-27,55
1657	05.09.21 12:50:36	12,32	0,00	-73,91	-5,67	-10,42
1658	05.09.21 12:50:37	12,32	0,00	-28,20	-37,51	-24,28
1659	05.09.21 12:50:38	12,32	0,00	-33,69	-51,64	-4,67
1660	05.09.21 12:50:39	12,35	0,00	20,88	-11,64	-57,48
1661	05.09.21 12:50:40	12,35	0,00	2,22	86,40	-1,37
1662	05.09.21 12:50:41	12,35	0,00	49,12	14,84	-26,05
1663	05.09.21 12:50:42	12,35	0,00	43,07	20,43	-26,50
1664	05.09.21 12:50:43	12,35	0,00	7,74	-24,54	-57,72
1665	05.09.21 12:50:44	12,35	0,00	14,18	29,44	-46,38
1666	05.09.21 12:50:45	12,35	0,00	12,59	4,88	-72,53
1667	05.09.21 12:50:46	12,35	0,00	15,26	-7,85	-66,89
1668	05.09.21 12:50:47	12,35	0,00	15,21	-8,83	-65,96
1669	05.09.21 12:50:48	12,35	0,00	18,94	-8,99	-62,07
1670	05.09.21 12:50:49	12,35	0,00	18,17	-3,75	-68,08
1671	05.09.21 12:50:50	12,35	0,00	13,84	-8,23	-67,93
1672	05.09.21 12:50:51	12,35	0,00	9,10	-3,72	-77,18
1673	05.09.21 12:50:52	12,35	0,00	20,33	-0,42	-69,25
1674	05.09.21 12:50:53	12,35	0,00	22,63	3,61	-63,77
1675	05.09.21 12:50:54	12,35	0,00	24,94	-1,53	-63,54
1676	05.09.21 12:50:55	12,38	0,00	18,89	-32,01	-39,10
1677	05.09.21 12:50:56	12,38	0,00	16,43	-39,43	-34,14
1678	05.09.21 12:50:57	12,38	0,00	10,50	-29,55	-49,95
1679	05.09.21 12:50:58	12,38	0,00	12,60	-30,09	-47,31
1680	05.09.21 12:50:59	12,38	0,00	18,24	-14,94	-56,82
1681	05.09.21 12:51:00	12,38	0,00	19,17	-4,86	-65,97
1682	05.09.21 12:51:01	12,38	0,00	27,59	-9,08	-53,34
1683	05.09.21 12:51:02	12,38	0,00	31,65	-8,62	-49,74
1684	05.09.21 12:51:03	12,38	0,00	29,79	-11,52	-48,69
1685	05.09.21 12:51:04	12,38	0,00	23,02	-10,82	-56,16
1686	05.09.21 12:51:05	12,38	0,00	24,84	-6,12	-59,04
1687	05.09.21 12:51:06	12,38	0,00	26,72	-7,98	-55,30
1688	05.09.21 12:51:07	12,38	0,00	25,01	-9,52	-55,46
1689	05.09.21 12:51:08	12,38	0,00	27,98	-5,49	-56,53
1690	05.09.21 12:51:09	12,41	0,00	26,21	10,98	-52,82
1691	05.09.21 12:51:10	12,41	0,00	34,83	8,07	-47,10
1692	05.09.21 12:51:11	12,41	0,00	40,45	-1,30	-48,24
1693	05.09.21 12:51:12	12,41	0,00	41,51	7,46	-41,03
1694	05.09.21 12:51:13	12,41	0,00	37,91	6,59	-45,50
1695	05.09.21 12:51:14	12,41	0,00	43,17	2,42	-44,42
1696	05.09.21 12:51:15	12,41	0,00	61,65	20,70	7,65
1697	05.09.21 12:51:16	12,41	0,00	7,94	46,01	36,05
1698	05.09.21 12:51:17	12,41	0,00	14,59	59,78	15,63
1699	05.09.21 12:51:18	12,41	0,00	13,73	61,43	14,83
1700	05.09.21 12:51:19	12,41	0,00	14,46	60,54	15,00
1701	05.09.21 12:51:20	12,41	0,00	16,60	59,37	14,03
1702	05.09.21 12:51:21	12,41	0,00	11,48	64,53	13,99
1703	05.09.21 12:51:22	12,41	0,00	15,81	60,88	13,31
1704	05.09.21 12:51:23	12,41	0,00	14,14	56,25	19,62
1705	05.09.21 12:51:24	12,41	0,00	35,04	10,44	44,52
1706	05.09.21 12:51:25	12,41	0,00	12,70	-73,71	3,59
1707	05.09.21 12:51:26	12,41	0,00	-3,89	-54,12	31,99
1708	05.09.21 12:51:27	12,41	0,00	-40,73	-9,84	39,42
1709	05.09.21 12:51:28	12,44	0,00	-20,15	-30,54	39,31
1710	05.09.21 12:51:29	12,44	0,00	-28,73	-42,86	18,42
1711	05.09.21 12:51:30	12,44	0,00	-24,88	-23,47	41,66
1712	05.09.21 12:51:31	12,44	0,00	-42,64	-8,41	38,95
1713	05.09.21 12:51:32	12,44	0,00	-6,83	-37,82	45,36
1714	05.09.21 12:51:33	12,44	0,00	-16,83	-19,08	54,09
1715	05.09.21 12:51:34	12,44	0,00	-28,17	-10,28	51,55
1716	05.09.21 12:51:35	12,44	0,00	-16,74	-24,13	49,12
1717	05.09.21 12:51:36	12,44	0,00	-16,67	-19,80	53,53
1718	05.09.21 12:51:37	12,44	0,00	-36,20	-26,26	27,54
1719	05.09.21 12:51:38	12,44	0,00	-12,54	-39,97	37,48
1720	05.09.21 12:51:39	12,48	0,00	-22,81	-33,93	33,26
1721	05.09.21 12:51:40	12,48	0,00	-30,32	-20,37	39,31
1722	05.09.21 12:51:41	12,48	0,00	-36,17	-27,47	26,36
1723	05.09.21 12:51:42	12,48	0,00	-16,90	-46,23	26,88
1724	05.09.21 12:51:43	12,48	0,00	-41,24	-21,81	26,95
1725	05.09.21 12:51:44	12,48	0,00	30,65	-29,74	29,61
1726	05.09.21 12:51:45	12,48	0,00	24,42	-29,43	36,15
1727	05.09.21 12:51:46	12,51	0,00	70,95	-9,82	9,23
1728	05.09.21 12:51:47	12,54	0,00	21,63	13,29	55,08
1729	05.09.21 12:51:48	12,67	0,00	-10,08	-12,60	67,32
1730	05.09.21 12:51:49	12,79	0,00	16,45	-42,28	31,26
1731	05.09.21 12:51:50	12,92	0,00	33,89	-32,88	23,22
1732	05.09.21 12:51:51	13,08	0,00	15,24	-42,60	32,16
1733	05.09.21 12:51:52	13,20	0,00	21,93	-34,36	33,71
1734	05.09.21 12:51:53	13,33	0,00	24,38	14,83	50,79
1735	05.09.21 12:51:54	13,45	0,00	39,69	-14,13	36,18
1736	05.09.21 12:51:55	13,58	0,00	25,29	0,53	64,18
1737	05.09.21 12:51:56	13,70	0,00	-11,64	-11,64	66,71
1738	05.09.21 12:51:57	13,83	0,00	-23,98	-27,75	38,27
1739	05.09.21 12:51:58	13,95	0,00	17,38	17,77	54,85
1740	05.09.21 12:51:59	14,08	0,00	32,76	7,60	49,64
1741	05.09.21 12:52:00	14,23	0,00	34,47	-15,02	40,51
1742	05.09.21 12:52:01	14,39	0,00	29,52	13,64	46,84
1743	05.09.21 12:52:02	14,58	0,00	48,42	22,04	19,54
1744	05.09.21 12:52:03	14,70	0,00	47,34	-13,47	29,19
1745	05.09.21 12:52:04	14,85	0,00	45,33	-4,06	40,62
1746	05.09.21 12:52:05	14,98	0,00	61,07	-7,37	21,56
1747	05.09.21 12:52:06	15,19	0,00	53,21	36,59	-0,20
1748	05.09.21 12:52:07	15,38	0,00	34,90	49,05	6,05
1749	05.09.21 12:52:08	15,53	0,00	30,73	51,87	7,40
1750	05.09.21 12:52:09	15,68	0,00	52,23	22,98	14,79
1751	05.09.21 12:52:10	15,86	0,00	29,11	21,36	39,53
1752	05.09.21 12:52:11	15,99	0,00	46,48	26,66	16,86
1753	05.09.21 12:52:12	16,11	0,00	37,56	-44,39	8,05
1754	05.09.21 12:52:13	16,26	0,00	-18,10	-59,18	12,72
1755	05.09.21 12:52:14	16,35	0,00	42,41	-21,06	26,54
1756	05.09.21 12:52:15	16,47	0,00	76,67	-5,24	8,09
1757	05.09.21 12:52:16	16,56	0,00	56,62	14,06	19,32
1758	05.09.21 12:52:17	16,65	0,00	51,50	11,02	27,48
1759	05.09.21 12:52:18	16,75	0,00	54,92	14,52	20,56
1760	05.09.21 12:52:19	16,87	0,00	46,19	-13,34	30,47
1761	05.09.21 12:52:20	16,96	0,00	49,24	-4,82	35,94
1762	05.09.21 12:52:21	17,08	0,00	53,01	-19,23	17,76
1763	05.09.21 12:52:22	17,17	0,00	50,85	-18,99	20,16
1764	05.09.21 12:52:23	17,26	0,00	50,64	-21,05	18,31
1765	05.09.21 12:52:24	17,35	0,00	54,98	-14,67	20,35
1766	05.09.21 12:52:25	17,44	0,00	51,88	-17,71	20,41
1767	05.09.21 12:52:26	17,53	0,00	53,22	-17,75	19,03
1768	05.09.21 12:52:27	17,62	0,00	47,80	-12,07	30,13
1769	05.09.21 12:52:28	17,68	0,00	18,83	-11,91	59,26
1770	05.09.21 12:52:29	17,77	0,00	22,28	-3,13	64,59
1771	05.09.21 12:52:30	17,86	0,00	-14,59	-30,56	44,85
1772	05.09.21 12:52:31	17,92	0,00	13,98	-30,92	45,11
1773	05.09.21 12:52:32	17,98	0,00	-5,89	-14,07	70,05
1774	05.09.21 12:52:33	18,10	0,00	-23,56	-31,29	-35,14
1775	05.09.21 12:52:34	18,13	0,00	11,17	-7,94	70,89
1776	05.09.21 12:52:35	18,16	0,00	15,05	-45,05	29,90
1777	05.09.21 12:52:36	18,19	0,00	5,39	-54,91	29,70
1778	05.09.21 12:52:37	18,22	0,00	-70,52	-14,51	4,97
1779	05.09.21 12:52:38	18,22	0,00	-71,17	-1,85	-16,98
1780	05.09.21 12:52:39	18,25	0,00	-85,21	-2,35	2,45
1781	05.09.21 12:52:40	18,25	0,00	-87,13	-1,73	-1,14
1782	05.09.21 12:52:41	18,28	0,00	-76,78	-10,04	-3,18
1783	05.09.21 12:52:42	18,28	0,00	-81,63	-6,64	-1,74
1784	05.09.21 12:52:43	18,31	0,00	-83,86	-3,05	3,09
1785	05.09.21 12:52:44	18,31	0,00	-79,50	-4,96	5,54
1786	05.09.21 12:52:45	18,34	0,00	-84,60	-0,77	4,62
1787	05.09.21 12:52:46	18,37	0,00	-83,08	-3,15	3,77
1788	05.09.21 12:52:47	18,40	0,00	-83,70	-3,59	2,71
1789	05.09.21 12:52:48	18,40	0,00	-86,11	-0,80	3,09
1790	05.09.21 12:52:49	18,43	0,00	-83,41	-6,15	0,44
1791	05.09.21 12:52:50	18,46	0,00	-84,82	-4,99	0,19
