#0	Date-time:	24/07/2021 3:48:01 PM
#1	Recorder:	103H1035
#2	File type:	1
#3	Columns:	7
#4	Channels:	5
#5	Field separation:	0
#6	Decimal point:	0
#7	Date def.:	0	0
#8	Time def.:	0
#9	Channel 1:	Temperature(°C)	Temp(°C)	2	1
#10	Channel 2:	Pressure(Bar)	Press(Bar)	2	1
#11	Reconvertion:	0
#14	Channel 3:	Tilt-X(°)	Tilt-X(°)	2	1
#18	Channel 4:	Tilt-Y(°)	Tilt-Y(°)	2	1
#19	Line color:	1	2	3	4
#22	Channel 5:	Tilt-Z(°)	Tilt-Z(°)	2	1
#30	Trend Type Number:	3
#33	Limit Temp. Corr. OTCR:	1
1	24.07.21 15:18:00	21,19	0,23	-52,68	-9,06	-28,27
2	24.07.21 15:18:01	21,16	0,23	-57,79	-6,76	-25,45
3	24.07.21 15:18:02	21,16	0,23	-56,13	-6,01	-27,85
4	24.07.21 15:18:03	21,16	0,23	-58,44	-6,05	-25,51
5	24.07.21 15:18:04	21,13	0,23	-52,98	-6,33	-30,69
6	24.07.21 15:18:05	21,13	0,23	-48,07	-4,30	-37,63
7	24.07.21 15:18:06	21,13	0,23	-56,41	-6,45	-27,15
8	24.07.21 15:18:07	21,13	0,23	-53,24	-6,29	-30,47
9	24.07.21 15:18:08	21,10	0,23	-60,36	-4,96	-24,68
10	24.07.21 15:18:09	21,10	0,23	-53,25	-9,29	-27,46
11	24.07.21 15:18:10	21,10	0,23	-55,11	-9,78	-25,11
12	24.07.21 15:18:11	21,07	0,23	-56,49	-8,55	-24,95
13	24.07.21 15:18:12	21,07	0,23	-56,06	-6,69	-27,24
14	24.07.21 15:18:13	21,04	0,23	-55,21	-6,79	-28,00
15	24.07.21 15:18:14	21,04	0,26	-24,96	-36,07	28,98
16	24.07.21 15:18:15	21,01	0,26	-25,54	-44,21	20,25
17	24.07.21 15:18:16	21,01	0,26	2,74	-71,71	15,54
18	24.07.21 15:18:17	21,01	0,23	-22,06	-59,64	8,30
19	24.07.21 15:18:18	20,98	0,26	-37,19	-42,95	-9,85
20	24.07.21 15:18:19	20,98	0,23	-41,15	-46,91	-1,94
21	24.07.21 15:18:20	20,95	0,23	-4,17	-73,17	-12,65
22	24.07.21 15:18:21	20,95	0,21	-1,20	-87,29	-1,51
23	24.07.21 15:18:22	20,95	0,21	-5,38	-69,73	14,88
24	24.07.21 15:18:23	20,92	0,21	-47,11	-10,43	32,46
25	24.07.21 15:18:24	20,92	0,23	-19,89	-22,28	47,83
26	24.07.21 15:18:25	20,92	0,23	-5,50	-11,52	72,98
27	24.07.21 15:18:26	20,89	0,21	-1,12	68,40	20,48
28	24.07.21 15:18:27	20,89	0,21	-15,93	2,98	71,09
29	24.07.21 15:18:28	20,89	0,23	-26,30	3,67	60,04
30	24.07.21 15:18:29	20,89	0,23	-15,36	1,93	72,71
31	24.07.21 15:18:30	20,86	0,21	-7,01	-1,21	81,78
32	24.07.21 15:18:31	20,86	0,21	-12,19	1,70	76,11
33	24.07.21 15:18:32	20,86	0,21	-14,74	4,43	70,82
34	24.07.21 15:18:33	20,83	0,23	-6,58	2,91	80,51
35	24.07.21 15:18:34	20,83	0,23	-11,33	-0,20	78,47
36	24.07.21 15:18:35	20,83	0,23	-12,77	-3,78	73,45
37	24.07.21 15:18:36	20,80	0,23	-8,68	2,83	78,49
38	24.07.21 15:18:37	20,80	0,23	-18,06	0,75	71,19
39	24.07.21 15:18:38	20,80	0,23	-13,61	-1,33	75,06
40	24.07.21 15:18:39	20,77	0,23	-7,31	0,76	81,94
41	24.07.21 15:18:40	20,77	0,23	-14,01	4,60	71,39
42	24.07.21 15:18:41	20,77	0,23	-12,86	2,50	74,65
43	24.07.21 15:18:42	20,77	0,26	-7,42	3,35	79,23
44	24.07.21 15:18:43	20,74	0,21	-11,01	3,14	75,85
45	24.07.21 15:18:44	20,74	0,23	-10,22	2,94	76,84
46	24.07.21 15:18:45	20,74	0,23	-12,00	2,27	75,72
47	24.07.21 15:18:46	20,71	0,23	-7,56	0,66	81,78
48	24.07.21 15:18:47	20,71	0,26	-5,38	3,82	80,80
49	24.07.21 15:18:48	20,71	0,26	-9,57	2,44	77,99
50	24.07.21 15:18:49	20,71	0,26	-6,84	3,56	79,60
51	24.07.21 15:18:50	20,68	0,26	-7,12	1,02	81,86
52	24.07.21 15:18:51	20,68	0,26	-7,80	1,43	80,77
53	24.07.21 15:18:52	20,68	0,23	-7,39	1,64	80,97
54	24.07.21 15:18:53	20,66	0,21	-8,55	7,04	74,41
55	24.07.21 15:18:54	20,66	0,21	-11,68	3,37	74,95
56	24.07.21 15:18:55	20,66	0,23	-13,57	2,23	74,20
57	24.07.21 15:18:56	20,66	0,23	-9,61	4,81	75,58
58	24.07.21 15:18:57	20,66	0,21	-10,61	3,98	75,41
59	24.07.21 15:18:58	20,63	0,23	-13,37	5,50	71,13
60	24.07.21 15:18:59	20,63	0,23	4,97	41,81	43,22
61	24.07.21 15:19:00	20,63	0,23	45,76	21,14	23,10
62	24.07.21 15:19:01	20,63	0,23	64,70	5,22	20,08
63	24.07.21 15:19:02	20,60	0,23	72,78	-4,76	12,46
64	24.07.21 15:19:03	20,60	0,21	73,46	-9,26	7,28
65	24.07.21 15:19:04	20,60	0,23	54,12	-26,82	9,06
66	24.07.21 15:19:05	20,60	0,23	57,72	-26,95	5,33
67	24.07.21 15:19:06	20,57	0,23	51,83	-31,02	7,15
68	24.07.21 15:19:07	20,57	0,23	50,77	-32,23	7,01
69	24.07.21 15:19:08	20,57	0,26	53,34	-29,75	6,91
70	24.07.21 15:19:09	20,54	0,23	50,60	-31,49	7,92
71	24.07.21 15:19:10	20,54	0,23	59,12	-30,25	-0,63
72	24.07.21 15:19:11	20,54	0,23	49,05	-35,71	-5,24
73	24.07.21 15:19:12	20,54	0,23	44,77	-30,81	-14,42
74	24.07.21 15:19:13	20,54	0,23	40,52	-33,75	-15,73
75	24.07.21 15:19:14	20,51	0,21	63,53	20,79	5,68
76	24.07.21 15:19:15	20,51	0,23	61,19	22,33	6,47
77	24.07.21 15:19:16	20,51	0,26	73,36	13,27	3,37
78	24.07.21 15:19:17	20,48	0,23	60,40	23,61	5,99
79	24.07.21 15:19:18	20,48	0,23	57,43	27,37	5,20
80	24.07.21 15:19:19	20,48	0,26	58,17	26,18	5,65
81	24.07.21 15:19:20	20,48	0,23	58,60	25,91	5,49
82	24.07.21 15:19:21	20,48	0,26	57,28	27,66	5,07
83	24.07.21 15:19:22	20,45	0,23	58,96	25,14	5,90
84	24.07.21 15:19:23	20,45	0,26	58,25	30,06	1,70
85	24.07.21 15:19:24	20,45	0,23	58,43	25,96	5,61
86	24.07.21 15:19:25	20,45	0,23	59,51	24,77	5,71
87	24.07.21 15:19:26	20,42	0,26	56,39	32,83	0,78
88	24.07.21 15:19:27	20,42	0,26	62,47	23,22	4,31
89	24.07.21 15:19:28	20,42	0,26	57,12	31,22	1,66
90	24.07.21 15:19:29	20,42	0,26	55,84	32,33	1,83
91	24.07.21 15:19:30	20,42	0,26	60,02	25,44	4,54
92	24.07.21 15:19:31	20,39	0,23	58,87	26,68	4,45
93	24.07.21 15:19:32	20,39	0,23	61,88	26,53	1,58
94	24.07.21 15:19:33	20,39	0,23	56,36	30,25	3,40
95	24.07.21 15:19:34	20,39	0,23	61,26	24,94	3,80
96	24.07.21 15:19:35	20,39	0,23	59,17	26,42	4,40
97	24.07.21 15:19:36	20,36	0,26	56,99	28,74	-4,27
98	24.07.21 15:19:37	20,36	0,23	59,89	25,65	4,46
99	24.07.21 15:19:38	20,36	0,23	58,32	28,13	-3,55
100	24.07.21 15:19:39	20,36	0,26	59,02	26,84	4,15
101	24.07.21 15:19:40	20,36	0,26	61,01	24,94	4,05
102	24.07.21 15:19:41	20,36	0,26	60,30	26,34	3,35
103	24.07.21 15:19:42	20,33	0,23	55,34	33,85	0,81
104	24.07.21 15:19:43	20,33	0,21	61,12	24,13	4,75
105	24.07.21 15:19:44	20,33	0,23	60,00	26,01	3,99
106	24.07.21 15:19:45	20,33	0,23	59,62	28,23	-2,15
107	24.07.21 15:19:46	20,33	0,23	61,50	26,91	1,59
108	24.07.21 15:19:47	20,30	0,23	60,31	25,35	4,34
109	24.07.21 15:19:48	20,30	0,23	59,48	26,80	3,72
110	24.07.21 15:19:49	20,30	0,21	60,78	28,56	0,66
111	24.07.21 15:19:50	20,30	0,23	60,54	25,44	4,02
112	24.07.21 15:19:51	20,30	0,23	60,34	25,64	4,03
113	24.07.21 15:19:52	20,30	0,21	54,84	29,49	-5,67
114	24.07.21 15:19:53	20,27	0,23	62,91	23,35	3,73
115	24.07.21 15:19:54	20,27	0,23	62,95	22,67	4,38
116	24.07.21 15:19:55	20,27	0,21	54,78	31,12	-4,10
117	24.07.21 15:19:56	20,27	0,23	56,48	30,14	3,38
118	24.07.21 15:19:57	20,27	0,23	60,83	24,53	4,64
119	24.07.21 15:19:58	20,24	0,23	59,99	25,51	4,49
120	24.07.21 15:19:59	20,24	0,23	56,61	32,25	1,14
121	24.07.21 15:20:00	20,24	0,23	59,81	25,37	4,82
122	24.07.21 15:20:01	20,24	0,21	59,97	25,42	4,61
123	24.07.21 15:20:02	20,24	0,21	59,42	28,06	-2,51
124	24.07.21 15:20:03	20,24	0,23	58,01	28,15	3,84
125	24.07.21 15:20:04	20,21	0,23	60,56	24,56	4,87
126	24.07.21 15:20:05	20,21	0,23	60,42	29,26	0,32
127	24.07.21 15:20:06	20,21	0,23	60,06	27,58	2,36
128	24.07.21 15:20:07	20,21	0,23	61,03	24,63	4,34
129	24.07.21 15:20:08	20,21	0,23	60,04	25,99	3,96
130	24.07.21 15:20:09	20,21	0,23	58,99	29,01	1,99
131	24.07.21 15:20:10	20,21	0,23	60,71	25,48	3,81
132	24.07.21 15:20:11	20,21	0,23	59,06	29,22	1,71
133	24.07.21 15:20:12	20,21	0,23	59,75	26,38	3,87
134	24.07.21 15:20:13	20,18	0,23	61,24	24,87	3,89
135	24.07.21 15:20:14	20,18	0,23	56,92	33,06	-0,03
136	24.07.21 15:20:15	20,18	0,23	60,94	24,65	4,41
137	24.07.21 15:20:16	20,18	0,23	60,59	28,94	0,47
138	24.07.21 15:20:17	20,18	0,23	58,04	28,40	3,56
139	24.07.21 15:20:18	20,18	0,23	62,41	23,16	4,42
140	24.07.21 15:20:19	20,18	0,23	59,40	25,92	4,68
141	24.07.21 15:20:20	20,18	0,23	61,28	28,59	0,13
142	24.07.21 15:20:21	20,18	0,26	56,03	31,95	2,02
143	24.07.21 15:20:22	20,15	0,23	60,05	24,98	4,97
144	24.07.21 15:20:23	20,15	0,23	58,65	26,76	4,59
145	24.07.21 15:20:24	20,15	0,23	59,98	27,09	2,93
146	24.07.21 15:20:25	20,15	0,23	53,06	34,90	2,03
147	24.07.21 15:20:26	20,15	0,23	60,38	25,72	3,90
148	24.07.21 15:20:27	20,15	0,23	60,15	25,04	4,81
149	24.07.21 15:20:28	20,12	0,23	59,95	28,90	1,16
150	24.07.21 15:20:29	20,12	0,26	56,42	29,76	3,83
151	24.07.21 15:20:30	20,12	0,23	60,12	26,42	3,47
152	24.07.21 15:20:31	20,12	0,26	59,72	25,31	4,97
153	24.07.21 15:20:32	20,12	0,26	59,23	28,37	2,40
154	24.07.21 15:20:33	20,12	0,23	59,49	26,95	3,56
155	24.07.21 15:20:34	20,12	0,23	61,82	23,50	4,68
156	24.07.21 15:20:35	20,12	0,26	59,58	25,69	4,73
157	24.07.21 15:20:36	20,12	0,26	57,43	30,82	-1,75
158	24.07.21 15:20:37	20,09	0,26	61,31	24,08	4,61
159	24.07.21 15:20:38	20,09	0,26	54,38	33,33	-2,29
160	24.07.21 15:20:39	20,09	0,26	64,00	21,57	4,43
161	24.07.21 15:20:40	20,09	0,26	56,33	31,98	1,69
162	24.07.21 15:20:41	20,09	0,23	51,88	37,88	-0,24
163	24.07.21 15:20:42	20,09	0,26	64,65	20,98	4,37
164	24.07.21 15:20:43	20,06	0,26	45,13	40,64	4,23
165	24.07.21 15:20:44	20,06	0,26	44,48	37,49	8,04
166	24.07.21 15:20:45	20,06	0,26	53,40	31,70	4,89
167	24.07.21 15:20:46	20,06	0,23	50,98	36,91	2,11
168	24.07.21 15:20:47	20,06	0,26	54,76	28,52	6,72
169	24.07.21 15:20:48	20,06	0,26	49,82	34,03	6,15
170	24.07.21 15:20:49	20,06	0,26	57,46	28,33	4,21
171	24.07.21 15:20:50	20,06	0,26	48,89	36,86	4,25
172	24.07.21 15:20:51	20,04	0,23	60,81	23,65	5,55
173	24.07.21 15:20:52	20,04	0,23	41,23	29,80	18,97
174	24.07.21 15:20:53	20,04	0,23	57,25	26,38	6,37
175	24.07.21 15:20:54	20,04	0,23	54,36	26,43	9,21
176	24.07.21 15:20:55	20,04	0,23	46,18	35,13	8,69
177	24.07.21 15:20:56	20,04	0,23	57,70	25,89	6,41
178	24.07.21 15:20:57	20,04	0,23	51,57	31,76	6,67
179	24.07.21 15:20:58	20,01	0,23	58,59	26,04	5,36
180	24.07.21 15:20:59	20,01	0,23	43,19	34,44	12,37
181	24.07.21 15:21:00	20,01	0,23	75,74	10,55	3,71
182	24.07.21 15:21:01	20,01	0,21	53,94	30,92	5,15
183	24.07.21 15:21:02	20,01	0,21	60,17	27,46	2,37
184	24.07.21 15:21:03	20,01	0,23	56,14	28,89	4,96
185	24.07.21 15:21:04	20,01	0,23	58,68	26,19	5,13
186	24.07.21 15:21:05	20,01	0,23	45,56	29,58	14,85
187	24.07.21 15:21:06	20,01	0,23	56,77	29,13	4,11
188	24.07.21 15:21:07	19,98	0,23	54,53	31,18	4,28
189	24.07.21 15:21:08	19,98	0,23	60,69	24,88	4,43
190	24.07.21 15:21:09	19,98	0,26	49,55	33,07	7,37
191	24.07.21 15:21:10	19,98	0,23	56,09	29,75	4,16
192	24.07.21 15:21:11	19,98	0,23	59,77	25,45	4,78
193	24.07.21 15:21:12	19,98	0,23	52,28	31,46	6,26
194	24.07.21 15:21:13	19,95	0,23	57,24	26,92	5,84
195	24.07.21 15:21:14	19,95	0,23	50,24	30,22	9,55
196	24.07.21 15:21:15	19,95	0,23	56,28	25,73	7,99
197	24.07.21 15:21:16	19,95	0,23	55,83	24,82	9,35
198	24.07.21 15:21:17	19,95	0,23	56,00	26,14	7,86
199	24.07.21 15:21:18	19,95	0,23	50,75	32,29	6,96
200	24.07.21 15:21:19	19,95	0,23	57,41	24,97	7,62
201	24.07.21 15:21:20	19,95	0,23	60,48	24,97	4,55
202	24.07.21 15:21:21	19,92	0,23	51,25	33,02	5,73
203	24.07.21 15:21:22	19,92	0,21	56,08	29,42	4,50
204	24.07.21 15:21:23	19,92	0,23	56,55	27,63	5,82
205	24.07.21 15:21:24	19,92	0,23	56,47	26,07	7,46
206	24.07.21 15:21:25	19,92	0,23	57,85	28,66	3,49
207	24.07.21 15:21:26	19,92	0,26	54,37	31,14	4,49
208	24.07.21 15:21:27	19,92	0,23	61,88	24,13	3,99
209	24.07.21 15:21:28	19,92	0,23	49,73	34,96	5,31
210	24.07.21 15:21:29	19,92	0,26	53,39	32,79	3,82
211	24.07.21 15:21:30	19,89	0,23	59,85	25,55	4,60
212	24.07.21 15:21:31	19,89	0,23	36,50	35,06	18,43
213	24.07.21 15:21:32	19,89	0,23	58,06	27,92	4,02
214	24.07.21 15:21:33	19,89	0,23	58,06	26,52	5,42
215	24.07.21 15:21:34	19,89	0,23	50,56	29,11	10,33
216	24.07.21 15:21:35	19,89	0,23	56,27	27,01	6,72
217	24.07.21 15:21:36	19,89	0,26	46,99	35,70	7,31
218	24.07.21 15:21:37	19,89	0,23	55,18	28,07	6,76
219	24.07.21 15:21:38	19,89	0,23	52,26	28,04	9,70
220	24.07.21 15:21:39	19,86	0,26	52,84	30,45	6,71
221	24.07.21 15:21:40	19,86	0,23	50,87	25,06	14,07
222	24.07.21 15:21:41	19,86	0,26	58,92	28,67	2,41
223	24.07.21 15:21:42	19,86	0,26	61,11	25,02	3,87
224	24.07.21 15:21:43	19,86	0,23	43,85	27,74	18,41
225	24.07.21 15:21:44	19,86	0,26	45,05	31,59	13,36
226	24.07.21 15:21:45	19,86	0,26	48,39	29,98	11,63
227	24.07.21 15:21:46	19,86	0,26	59,46	25,98	4,56
228	24.07.21 15:21:47	19,86	0,26	49,51	29,51	10,98
229	24.07.21 15:21:48	19,83	0,26	48,77	32,65	8,58
230	24.07.21 15:21:49	19,83	0,23	50,91	29,18	9,91
231	24.07.21 15:21:50	19,83	0,26	59,22	25,98	4,80
232	24.07.21 15:21:51	19,83	0,23	45,47	35,03	9,50
233	24.07.21 15:21:52	19,83	0,26	54,32	28,60	7,08
234	24.07.21 15:21:53	19,83	0,26	52,08	26,41	11,50
235	24.07.21 15:21:54	19,83	0,26	49,86	34,35	5,79
236	24.07.21 15:21:55	19,83	0,23	53,20	29,42	7,38
237	24.07.21 15:21:56	19,83	0,23	53,34	30,26	6,39
238	24.07.21 15:21:57	19,83	0,26	53,86	31,96	4,19
239	24.07.21 15:21:58	19,80	0,23	55,91	29,67	4,42
240	24.07.21 15:21:59	19,80	0,23	56,90	26,63	6,47
241	24.07.21 15:22:00	19,80	0,23	52,84	30,24	6,92
242	24.07.21 15:22:01	19,80	0,26	57,42	29,87	2,71
243	24.07.21 15:22:02	19,80	0,23	58,20	26,86	4,94
244	24.07.21 15:22:03	19,80	0,23	58,62	26,51	4,87
245	24.07.21 15:22:04	19,80	0,23	50,06	24,49	15,45
246	24.07.21 15:22:05	19,80	0,23	45,39	35,80	8,81
247	24.07.21 15:22:06	19,77	0,23	59,16	26,01	4,83
248	24.07.21 15:22:07	19,77	0,23	51,53	32,63	5,84
249	24.07.21 15:22:08	19,77	0,23	55,57	29,74	4,69
250	24.07.21 15:22:09	19,77	0,26	53,93	29,21	6,86
251	24.07.21 15:22:10	19,77	0,23	42,82	32,74	14,44
252	24.07.21 15:22:11	19,77	0,23	46,09	33,61	10,30
253	24.07.21 15:22:12	19,77	0,26	58,27	26,88	4,85
254	24.07.21 15:22:13	19,77	0,26	49,44	31,12	9,44
255	24.07.21 15:22:14	19,77	0,23	57,49	24,68	7,84
256	24.07.21 15:22:15	19,77	0,26	59,79	25,40	4,81
257	24.07.21 15:22:16	19,74	0,23	54,11	30,96	4,93
258	24.07.21 15:22:17	19,74	0,21	56,18	29,16	4,66
259	24.07.21 15:22:18	19,74	0,23	45,80	29,76	14,44
260	24.07.21 15:22:19	19,74	0,21	41,47	36,32	12,20
261	24.07.21 15:22:20	19,74	0,23	53,38	31,61	5,01
262	24.07.21 15:22:21	19,74	0,21	52,14	25,80	12,05
263	24.07.21 15:22:22	19,74	0,23	50,11	31,18	8,71
264	24.07.21 15:22:23	19,74	0,23	58,55	25,34	6,11
265	24.07.21 15:22:24	19,74	0,23	52,09	28,31	9,60
266	24.07.21 15:22:25	19,74	0,21	46,04	34,42	9,54
267	24.07.21 15:22:26	19,71	0,23	57,28	25,74	6,98
268	24.07.21 15:22:27	19,71	0,23	51,72	25,66	12,62
269	24.07.21 15:22:28	19,71	0,23	56,00	30,93	3,07
270	24.07.21 15:22:29	19,71	0,23	52,19	33,19	4,62
271	24.07.21 15:22:30	19,71	0,23	61,02	24,94	4,04
272	24.07.21 15:22:31	19,71	0,23	51,44	32,56	6,00
273	24.07.21 15:22:32	19,71	0,23	51,06	29,04	9,90
274	24.07.21 15:22:33	19,71	0,23	55,98	25,16	8,85
275	24.07.21 15:22:34	19,71	0,23	59,53	25,64	4,83
276	24.07.21 15:22:35	19,71	0,23	41,41	38,39	10,20
277	24.07.21 15:22:36	19,71	0,23	57,74	26,68	5,58
278	24.07.21 15:22:37	19,71	0,23	59,28	25,24	5,48
279	24.07.21 15:22:38	19,71	0,23	48,17	32,69	9,14
280	24.07.21 15:22:39	19,68	0,23	49,70	31,27	9,03
281	24.07.21 15:22:40	19,68	0,23	59,73	25,29	4,98
282	24.07.21 15:22:41	19,68	0,21	52,94	31,23	5,83
283	24.07.21 15:22:42	19,68	0,23	56,30	29,02	4,68
284	24.07.21 15:22:43	19,68	0,23	59,98	25,35	4,67
285	24.07.21 15:22:44	19,68	0,23	50,15	32,23	7,62
286	24.07.21 15:22:45	19,68	0,21	59,14	25,86	5,00
287	24.07.21 15:22:46	19,68	0,23	53,04	31,94	5,02
288	24.07.21 15:22:47	19,68	0,23	54,75	30,14	5,11
289	24.07.21 15:22:48	19,65	0,23	60,36	25,09	4,55
290	24.07.21 15:22:49	19,65	0,23	43,10	33,81	13,09
291	24.07.21 15:22:50	19,65	0,23	58,61	26,31	5,08
292	24.07.21 15:22:51	19,65	0,23	49,55	34,22	6,22
293	24.07.21 15:22:52	19,65	0,23	58,18	26,54	5,28
294	24.07.21 15:22:53	19,65	0,23	51,53	32,78	5,68
295	24.07.21 15:22:54	19,65	0,23	56,78	26,28	6,94
296	24.07.21 15:22:55	19,65	0,23	51,93	29,60	8,47
297	24.07.21 15:22:56	19,65	0,26	59,65	25,40	4,95
298	24.07.21 15:22:57	19,65	0,23	55,83	30,35	3,82
299	24.07.21 15:22:58	19,65	0,23	56,22	27,74	6,04
300	24.07.21 15:22:59	19,62	0,23	56,15	27,31	6,54
301	24.07.21 15:23:00	19,62	0,23	50,82	30,39	8,79
302	24.07.21 15:23:01	19,62	0,23	53,62	31,69	4,69
303	24.07.21 15:23:02	19,62	0,23	55,49	28,19	6,32
304	24.07.21 15:23:03	19,62	0,23	60,29	25,17	4,54
305	24.07.21 15:23:04	19,62	0,23	53,63	31,73	4,64
306	24.07.21 15:23:05	19,62	0,23	55,24	30,30	4,45
307	24.07.21 15:23:06	19,62	0,23	55,42	27,47	7,11
308	24.07.21 15:23:07	19,62	0,21	55,20	29,15	5,65
309	24.07.21 15:23:08	19,62	0,23	53,45	26,32	10,23
310	24.07.21 15:23:09	19,59	0,23	58,92	28,01	3,07
311	24.07.21 15:23:10	19,59	0,23	57,57	27,10	5,33
312	24.07.21 15:23:11	19,59	0,26	50,10	29,14	10,76
313	24.07.21 15:23:12	19,59	0,23	47,73	30,84	11,43
314	24.07.21 15:23:13	19,59	0,23	53,90	28,21	7,88
315	24.07.21 15:23:14	19,59	0,23	58,73	25,85	5,42
316	24.07.21 15:23:15	19,59	0,26	50,54	30,70	8,77
317	24.07.21 15:23:16	19,59	0,23	58,78	26,20	5,02
318	24.07.21 15:23:17	19,59	0,23	52,19	29,73	8,08
319	24.07.21 15:23:18	19,59	0,26	51,57	33,27	5,16
320	24.07.21 15:23:19	19,59	0,26	54,11	29,81	6,08
321	24.07.21 15:23:20	19,56	0,23	50,26	25,31	14,44
322	24.07.21 15:23:21	19,56	0,23	53,02	30,55	6,43
323	24.07.21 15:23:22	19,56	0,26	56,36	27,96	5,68
324	24.07.21 15:23:23	19,56	0,23	58,24	26,27	5,49
325	24.07.21 15:23:24	19,56	0,23	52,48	30,06	7,46
326	24.07.21 15:23:25	19,56	0,23	56,32	27,83	5,85
327	24.07.21 15:23:26	19,56	0,23	59,62	25,41	4,97
328	24.07.21 15:23:27	19,56	0,23	49,66	32,09	8,25
329	24.07.21 15:23:28	19,56	0,23	57,80	26,99	5,22
330	24.07.21 15:23:29	19,56	0,23	49,72	30,84	9,44
331	24.07.21 15:23:30	19,53	0,26	58,44	26,10	5,46
332	24.07.21 15:23:31	19,53	0,26	52,51	28,70	8,79
333	24.07.21 15:23:32	19,53	0,26	54,10	27,38	8,53
334	24.07.21 15:23:33	19,53	0,26	50,44	27,58	11,98
335	24.07.21 15:23:34	19,53	0,26	55,04	27,18	7,79
336	24.07.21 15:23:35	19,53	0,23	55,82	26,76	7,43
337	24.07.21 15:23:36	19,53	0,23	45,15	35,47	9,38
338	24.07.21 15:23:37	19,53	0,23	59,11	26,01	4,88
339	24.07.21 15:23:38	19,53	0,23	47,26	33,48	9,26
340	24.07.21 15:23:39	19,53	0,23	51,97	30,13	7,90
341	24.07.21 15:23:40	19,53	0,26	51,78	29,62	8,59
342	24.07.21 15:23:41	19,53	0,26	51,88	29,18	8,93
343	24.07.21 15:23:42	19,50	0,23	59,36	25,87	4,76
344	24.07.21 15:23:43	19,50	0,23	50,78	33,50	5,72
345	24.07.21 15:23:44	19,50	0,23	57,55	27,82	4,63
346	24.07.21 15:23:45	19,50	0,26	57,61	26,52	5,87
347	24.07.21 15:23:46	19,50	0,23	55,99	27,75	6,26
348	24.07.21 15:23:47	19,50	0,23	47,76	31,61	10,63
349	24.07.21 15:23:48	19,50	0,23	54,20	27,35	8,45
350	24.07.21 15:23:49	19,50	0,23	59,57	25,86	4,57
351	24.07.21 15:23:50	19,50	0,26	49,42	33,27	7,32
352	24.07.21 15:23:51	19,50	0,26	53,05	28,58	8,37
353	24.07.21 15:23:52	19,47	0,23	57,89	26,42	5,69
354	24.07.21 15:23:53	19,47	0,26	44,79	35,65	9,56
355	24.07.21 15:23:54	19,47	0,23	57,56	28,78	3,65
356	24.07.21 15:23:55	19,47	0,26	54,27	29,57	6,17
357	24.07.21 15:23:56	19,47	0,26	60,50	25,32	4,18
358	24.07.21 15:23:57	19,47	0,26	42,25	27,01	20,74
359	24.07.21 15:23:58	19,47	0,23	41,99	36,64	11,37
360	24.07.21 15:23:59	19,47	0,26	53,02	30,47	6,51
361	24.07.21 15:24:00	19,47	0,23	52,83	29,33	7,83
362	24.07.21 15:24:01	19,47	0,23	53,04	26,62	10,34
363	24.07.21 15:24:02	19,47	0,26	58,13	22,20	9,66
364	24.07.21 15:24:03	19,47	0,23	59,17	25,83	5,00
365	24.07.21 15:24:04	19,44	0,21	47,73	33,19	9,08
366	24.07.21 15:24:05	19,44	0,21	56,54	26,62	6,84
367	24.07.21 15:24:06	19,44	0,23	47,54	31,50	10,96
368	24.07.21 15:24:07	19,44	0,23	53,71	28,14	8,16
369	24.07.21 15:24:08	19,44	0,26	52,59	27,34	10,07
370	24.07.21 15:24:09	19,44	0,23	57,26	25,17	7,57
371	24.07.21 15:24:10	19,44	0,21	46,97	33,09	9,95
372	24.07.21 15:24:11	19,44	0,23	53,88	26,59	9,53
373	24.07.21 15:24:12	19,44	0,21	57,85	25,97	6,18
374	24.07.21 15:24:13	19,44	0,21	48,42	29,64	11,95
375	24.07.21 15:24:14	19,44	0,21	56,20	26,61	7,19
376	24.07.21 15:24:15	19,44	0,23	59,53	25,22	5,25
377	24.07.21 15:24:16	19,41	0,21	42,39	36,43	11,17
378	24.07.21 15:24:17	19,41	0,23	52,84	29,57	7,59
379	24.07.21 15:24:18	19,41	0,23	48,42	31,00	10,58
380	24.07.21 15:24:19	19,41	0,21	52,89	29,06	8,05
381	24.07.21 15:24:20	19,41	0,23	55,61	27,37	7,02
382	24.07.21 15:24:21	19,41	0,23	48,72	33,76	7,52
383	24.07.21 15:24:22	19,41	0,21	57,06	24,28	8,67
384	24.07.21 15:24:23	19,41	0,23	55,64	30,13	4,22
385	24.07.21 15:24:24	19,41	0,23	52,75	33,99	3,26
386	24.07.21 15:24:25	19,41	0,23	54,73	30,84	4,44
387	24.07.21 15:24:26	19,41	0,23	59,61	25,39	5,00
388	24.07.21 15:24:27	19,38	0,21	50,67	32,58	6,75
389	24.07.21 15:24:28	19,41	0,23	53,29	31,06	5,65
390	24.07.21 15:24:29	19,38	0,23	54,59	29,60	5,81
391	24.07.21 15:24:30	19,38	0,23	57,68	26,81	5,52
392	24.07.21 15:24:31	19,38	0,23	50,43	33,37	6,19
393	24.07.21 15:24:32	19,38	0,23	50,00	34,24	5,76
394	24.07.21 15:24:33	19,38	0,23	58,81	26,50	4,69
395	24.07.21 15:24:34	19,38	0,26	45,90	31,95	12,15
396	24.07.21 15:24:35	19,38	0,23	56,75	28,03	5,23
397	24.07.21 15:24:36	19,38	0,23	58,36	26,15	5,48
398	24.07.21 15:24:37	19,38	0,23	53,99	28,31	7,71
399	24.07.21 15:24:38	19,38	0,26	50,87	29,29	9,84
400	24.07.21 15:24:39	19,38	0,23	56,05	27,15	6,80
401	24.07.21 15:24:40	19,35	0,21	58,59	26,74	4,67
402	24.07.21 15:24:41	19,35	0,23	49,06	33,63	7,31
403	24.07.21 15:24:42	19,35	0,26	53,13	30,35	6,52
404	24.07.21 15:24:43	19,35	0,26	58,36	26,68	4,97
405	24.07.21 15:24:44	19,35	0,23	41,04	39,83	9,13
406	24.07.21 15:24:45	19,35	0,26	58,61	28,97	2,42
407	24.07.21 15:24:46	19,35	0,23	47,75	37,26	4,99
408	24.07.21 15:24:47	19,35	0,23	61,52	23,87	4,60
409	24.07.21 15:24:48	19,35	0,23	37,72	33,46	18,82
410	24.07.21 15:24:49	19,35	0,23	55,03	29,47	5,50
411	24.07.21 15:24:50	19,35	0,23	57,70	26,47	5,83
412	24.07.21 15:24:51	19,35	0,23	50,86	26,87	12,27
413	24.07.21 15:24:52	19,35	0,23	55,07	29,68	5,25
414	24.07.21 15:24:53	19,32	0,21	58,88	25,82	5,30
415	24.07.21 15:24:54	19,32	0,23	53,11	31,60	5,29
416	24.07.21 15:24:55	19,32	0,23	56,09	27,50	6,41
417	24.07.21 15:24:56	19,32	0,23	51,20	30,86	7,94
418	24.07.21 15:24:57	19,32	0,23	58,14	25,13	6,73
419	24.07.21 15:24:58	19,32	0,23	54,19	29,26	6,55
420	24.07.21 15:24:59	19,32	0,23	48,68	31,20	10,12
421	24.07.21 15:25:00	19,32	0,23	56,69	25,45	7,86
422	24.07.21 15:25:01	19,32	0,23	49,21	31,17	9,62
423	24.07.21 15:25:02	19,32	0,26	59,00	26,02	4,98
424	24.07.21 15:25:03	19,32	0,23	53,40	27,94	8,66
425	24.07.21 15:25:04	19,32	0,21	45,19	35,80	9,01
426	24.07.21 15:25:05	19,29	0,23	53,46	28,02	8,53
427	24.07.21 15:25:06	19,29	0,23	59,46	25,83	4,71
428	24.07.21 15:25:07	19,29	0,26	36,20	46,91	6,89
429	24.07.21 15:25:08	19,29	0,23	52,08	31,39	6,53
430	24.07.21 15:25:09	19,29	0,23	57,09	27,39	5,52
431	24.07.21 15:25:10	19,29	0,26	51,11	28,25	10,64
432	24.07.21 15:25:11	19,29	0,23	54,22	27,60	8,17
433	24.07.21 15:25:12	19,29	0,23	50,70	29,75	9,55
434	24.07.21 15:25:13	19,29	0,26	49,06	29,46	11,49
435	24.07.21 15:25:14	19,29	0,26	59,01	25,72	5,27
436	24.07.21 15:25:15	19,29	0,23	50,19	31,96	7,85
437	24.07.21 15:25:16	19,29	0,23	52,69	27,51	9,80
438	24.07.21 15:25:17	19,26	0,23	55,39	25,52	9,09
439	24.07.21 15:25:18	19,26	0,23	59,60	25,03	5,38
440	24.07.21 15:25:19	19,26	0,23	52,98	29,75	7,27
441	24.07.21 15:25:20	19,26	0,26	47,13	33,55	9,31
442	24.07.21 15:25:21	19,26	0,23	52,23	29,67	8,10
443	24.07.21 15:25:22	19,26	0,26	58,54	26,38	5,08
444	24.07.21 15:25:23	19,26	0,26	49,50	32,16	8,34
445	24.07.21 15:25:24	19,26	0,26	56,97	26,05	6,98
446	24.07.21 15:25:25	19,26	0,23	54,46	28,18	7,36
447	24.07.21 15:25:26	19,26	0,26	48,81	29,34	11,85
448	24.07.21 15:25:27	19,26	0,23	58,60	26,17	5,23
449	24.07.21 15:25:28	19,26	0,26	48,17	34,71	7,11
450	24.07.21 15:25:29	19,26	0,23	55,58	30,74	3,68
451	24.07.21 15:25:30	19,26	0,23	61,12	24,61	4,27
452	24.07.21 15:25:31	19,26	0,23	39,78	29,75	20,48
453	24.07.21 15:25:32	19,26	0,26	58,56	26,16	5,28
454	24.07.21 15:25:33	19,26	0,26	46,82	25,94	17,24
455	24.07.21 15:25:34	19,26	0,23	47,52	31,07	11,41
456	24.07.21 15:25:35	19,24	0,26	49,82	26,27	13,91
457	24.07.21 15:25:36	19,24	0,26	46,90	27,81	15,29
458	24.07.21 15:25:37	19,24	0,23	40,93	34,91	14,16
459	24.07.21 15:25:38	19,24	0,23	60,07	25,16	4,77
460	24.07.21 15:25:39	19,24	0,23	38,63	35,06	16,32
461	24.07.21 15:25:40	19,24	0,23	46,11	32,46	11,43
462	24.07.21 15:25:41	19,24	0,26	50,32	32,05	7,63
463	24.07.21 15:25:42	19,24	0,23	43,90	36,49	9,61
464	24.07.21 15:25:43	19,24	0,26	44,58	31,91	13,50
465	24.07.21 15:25:44	19,24	0,23	49,85	32,19	7,95
466	24.07.21 15:25:45	19,24	0,23	45,21	32,05	12,74
467	24.07.21 15:25:46	19,24	0,26	42,24	38,51	9,25
468	24.07.21 15:25:47	19,24	0,23	51,86	30,13	8,01
469	24.07.21 15:25:48	19,24	0,23	48,04	28,00	13,96
470	24.07.21 15:25:49	19,24	0,26	42,90	35,45	11,64
471	24.07.21 15:25:50	19,21	0,26	45,69	40,20	4,11
472	24.07.21 15:25:51	19,21	0,26	43,68	33,64	12,68
473	24.07.21 15:25:52	19,21	0,23	47,34	28,11	14,55
474	24.07.21 15:25:53	19,21	0,26	48,18	30,00	11,83
475	24.07.21 15:25:54	19,21	0,23	50,65	29,82	9,53
476	24.07.21 15:25:55	19,21	0,23	48,06	31,73	10,21
477	24.07.21 15:25:56	19,21	0,23	46,63	29,49	13,88
478	24.07.21 15:25:57	19,21	0,23	46,24	32,91	10,85
479	24.07.21 15:25:58	19,21	0,26	49,00	29,06	11,94
480	24.07.21 15:25:59	19,21	0,26	48,47	29,27	12,27
481	24.07.21 15:26:00	19,21	0,26	48,35	29,37	12,28
482	24.07.21 15:26:01	19,21	0,26	45,91	33,34	10,75
483	24.07.21 15:26:02	19,21	0,26	49,60	28,70	11,69
484	24.07.21 15:26:03	19,18	0,26	47,65	29,38	12,97
485	24.07.21 15:26:04	19,18	0,23	48,90	29,32	11,78
486	24.07.21 15:26:05	19,18	0,26	47,33	30,60	12,07
487	24.07.21 15:26:06	19,18	0,23	47,37	30,95	11,68
488	24.07.21 15:26:07	19,18	0,26	47,97	31,08	10,95
489	24.07.21 15:26:08	19,18	0,26	46,00	35,17	8,83
490	24.07.21 15:26:09	19,18	0,26	45,46	36,41	8,13
491	24.07.21 15:26:10	19,18	0,26	44,42	34,46	11,12
492	24.07.21 15:26:11	19,18	0,26	46,22	31,11	12,68
493	24.07.21 15:26:12	19,18	0,28	49,34	27,81	12,85
494	24.07.21 15:26:13	19,18	0,26	49,58	26,83	13,59
495	24.07.21 15:26:14	19,18	0,26	48,38	28,81	12,81
496	24.07.21 15:26:15	19,18	0,23	48,59	30,23	11,18
497	24.07.21 15:26:16	19,18	0,26	47,72	31,69	10,59
498	24.07.21 15:26:17	19,15	0,26	44,89	38,02	7,09
499	24.07.21 15:26:18	19,15	0,26	43,01	39,54	7,45
500	24.07.21 15:26:19	19,15	0,23	55,76	29,44	4,81
501	24.07.21 15:26:20	19,15	0,26	56,84	28,84	4,32
502	24.07.21 15:26:21	19,15	0,26	56,27	29,62	4,11
503	24.07.21 15:26:22	19,15	0,26	54,03	30,14	5,83
504	24.07.21 15:26:23	19,15	0,23	53,80	29,72	6,48
505	24.07.21 15:26:24	19,15	0,26	53,72	29,83	6,45
506	24.07.21 15:26:25	19,15	0,26	54,80	29,13	6,07
507	24.07.21 15:26:26	19,15	0,26	55,77	28,11	6,11
508	24.07.21 15:26:27	19,15	0,26	55,23	29,26	5,51
509	24.07.21 15:26:28	19,15	0,26	55,72	28,20	6,07
510	24.07.21 15:26:29	19,15	0,26	56,84	27,82	5,33
511	24.07.21 15:26:30	19,15	0,23	56,53	28,67	4,80
512	24.07.21 15:26:31	19,15	0,23	55,97	28,80	5,23
513	24.07.21 15:26:32	19,12	0,23	56,12	28,32	5,56
514	24.07.21 15:26:33	19,12	0,23	53,92	29,68	6,40
515	24.07.21 15:26:34	19,12	0,23	54,01	29,67	6,32
516	24.07.21 15:26:35	19,12	0,23	52,25	30,23	7,52
517	24.07.21 15:26:36	19,12	0,23	54,38	28,88	6,73
518	24.07.21 15:26:37	19,12	0,21	55,31	28,50	6,19
519	24.07.21 15:26:38	19,12	0,23	55,39	28,68	5,94
520	24.07.21 15:26:39	19,12	0,23	56,42	28,07	5,52
521	24.07.21 15:26:40	19,12	0,23	57,07	27,49	5,44
522	24.07.21 15:26:41	19,12	0,23	56,99	27,86	5,15
523	24.07.21 15:26:42	19,12	0,23	55,82	28,87	5,31
524	24.07.21 15:26:43	19,12	0,23	56,92	27,95	5,13
525	24.07.21 15:26:44	19,12	0,23	56,02	28,81	5,17
526	24.07.21 15:26:45	19,12	0,23	55,44	28,70	5,86
527	24.07.21 15:26:46	19,09	0,23	54,54	29,24	6,22
528	24.07.21 15:26:47	19,09	0,21	55,13	28,76	6,11
529	24.07.21 15:26:48	19,09	0,23	54,38	28,80	6,82
530	24.07.21 15:26:49	19,09	0,23	54,86	28,83	6,32
531	24.07.21 15:26:50	19,09	0,23	55,77	28,61	5,62
532	24.07.21 15:26:51	19,09	0,21	56,29	28,61	5,10
533	24.07.21 15:26:52	19,09	0,26	57,02	28,41	4,57
534	24.07.21 15:26:53	19,09	0,23	57,54	28,19	4,27
535	24.07.21 15:26:54	19,09	0,23	57,64	28,23	4,13
536	24.07.21 15:26:55	19,09	0,23	58,12	27,17	4,71
537	24.07.21 15:26:56	19,09	0,23	56,39	28,20	5,41
538	24.07.21 15:26:57	19,09	0,23	55,01	29,01	5,98
539	24.07.21 15:26:58	19,09	0,23	54,26	29,40	6,35
540	24.07.21 15:26:59	19,09	0,23	54,40	29,14	6,46
541	24.07.21 15:27:00	19,06	0,23	54,21	29,31	6,49
542	24.07.21 15:27:01	19,06	0,23	54,45	29,11	6,45
543	24.07.21 15:27:02	19,06	0,23	54,34	29,77	5,89
544	24.07.21 15:27:03	19,06	0,23	54,28	29,49	6,22
545	24.07.21 15:27:04	19,06	0,23	54,25	29,53	6,21
546	24.07.21 15:27:05	19,06	0,23	55,30	29,09	5,61
547	24.07.21 15:27:06	19,06	0,23	56,63	27,61	5,77
548	24.07.21 15:27:07	19,06	0,23	55,69	29,43	4,87
549	24.07.21 15:27:08	19,06	0,23	55,54	29,46	5,00
550	24.07.21 15:27:09	19,06	0,23	55,09	29,16	5,74
551	24.07.21 15:27:10	19,06	0,21	57,85	27,16	4,99
552	24.07.21 15:27:11	19,06	0,23	59,03	25,95	5,02
553	24.07.21 15:27:12	19,06	0,23	53,80	31,46	4,74
554	24.07.21 15:27:13	19,06	0,23	55,10	27,65	7,24
555	24.07.21 15:27:14	19,03	0,23	57,33	27,40	5,27
556	24.07.21 15:27:15	19,03	0,26	57,74	26,45	5,80
557	24.07.21 15:27:16	19,03	0,23	59,09	26,00	4,91
558	24.07.21 15:27:17	19,03	0,23	59,45	25,83	4,72
559	24.07.21 15:27:18	19,03	0,23	56,04	28,72	5,24
560	24.07.21 15:27:19	19,03	0,23	56,43	25,19	8,38
561	24.07.21 15:27:20	19,03	0,21	41,27	35,19	13,54
562	24.07.21 15:27:21	19,03	0,23	56,02	28,28	5,70
563	24.07.21 15:27:22	19,03	0,21	8,65	39,61	-41,75
564	24.07.21 15:27:23	19,03	0,23	-49,36	-22,29	18,35
565	24.07.21 15:27:24	19,03	0,23	67,01	22,42	0,57
566	24.07.21 15:27:25	19,00	0,23	86,88	2,73	0,39
567	24.07.21 15:27:26	19,00	0,26	42,85	44,95	2,20
568	24.07.21 15:27:27	19,00	0,26	42,77	46,25	0,98
569	24.07.21 15:27:28	18,70	0,33	51,88	12,14	25,99
570	24.07.21 15:27:29	18,49	0,33	17,75	34,10	38,15
571	24.07.21 15:27:30	18,40	0,37	18,86	-9,53	61,62
572	24.07.21 15:27:31	18,37	0,37	27,51	-12,90	49,58
573	24.07.21 15:27:32	18,31	0,43	8,12	30,24	51,64
574	24.07.21 15:27:33	18,16	0,46	31,61	4,16	54,23
575	24.07.21 15:27:34	18,04	0,48	26,30	16,94	46,76
576	24.07.21 15:27:35	17,98	0,47	32,76	18,51	38,73
577	24.07.21 15:27:36	17,92	0,47	30,74	15,16	44,10
578	24.07.21 15:27:37	17,89	0,51	20,70	21,18	48,12
579	24.07.21 15:27:38	17,83	0,44	14,32	18,20	57,49
580	24.07.21 15:27:39	17,80	0,46	34,43	4,95	50,62
581	24.07.21 15:27:40	17,77	0,50	34,01	15,78	40,21
582	24.07.21 15:27:41	17,71	0,54	32,53	0,42	57,05
583	24.07.21 15:27:42	17,68	0,56	25,92	5,51	58,58
584	24.07.21 15:27:43	17,65	0,54	22,40	7,87	59,73
585	24.07.21 15:27:44	17,56	0,53	17,95	8,04	64,01
586	24.07.21 15:27:45	17,53	0,55	23,71	4,37	61,92
587	24.07.21 15:27:46	17,47	0,57	36,14	-0,21	53,65
588	24.07.21 15:27:47	17,44	0,62	40,42	1,10	48,49
589	24.07.21 15:27:48	17,41	0,64	41,02	-1,51	47,47
590	24.07.21 15:27:49	17,38	0,61	29,38	6,22	54,40
591	24.07.21 15:27:50	17,32	0,58	28,55	6,26	55,19
592	24.07.21 15:27:51	17,29	0,63	36,09	7,01	46,90
593	24.07.21 15:27:52	17,26	0,63	39,40	7,14	43,46
594	24.07.21 15:27:53	17,23	0,65	48,93	2,99	38,08
595	24.07.21 15:27:54	17,23	0,67	75,60	3,61	10,79
596	24.07.21 15:27:55	17,20	0,72	73,35	9,85	6,80
597	24.07.21 15:27:56	17,20	0,72	70,55	1,26	18,19
598	24.07.21 15:27:57	17,17	0,71	67,79	-1,20	21,01
599	24.07.21 15:27:58	17,17	0,71	52,54	-5,24	32,22
600	24.07.21 15:27:59	17,14	0,69	37,83	-2,89	49,29
601	24.07.21 15:28:00	17,14	0,69	37,12	1,40	51,48
602	24.07.21 15:28:01	17,11	0,68	38,76	9,37	41,88
603	24.07.21 15:28:02	17,08	0,75	52,53	8,72	28,75
604	24.07.21 15:28:03	17,05	0,80	58,47	13,77	17,76
605	24.07.21 15:28:04	17,02	0,84	65,50	6,60	17,90
606	24.07.21 15:28:05	16,96	0,81	59,16	-1,08	29,76
607	24.07.21 15:28:06	16,96	0,79	56,44	-1,05	32,51
608	24.07.21 15:28:07	16,93	0,79	55,32	1,03	33,65
609	24.07.21 15:28:08	16,93	0,79	55,77	0,58	33,65
610	24.07.21 15:28:09	16,90	0,81	66,62	0,31	23,07
611	24.07.21 15:28:10	16,90	0,86	66,23	7,12	16,65
612	24.07.21 15:28:11	16,90	0,90	63,60	11,03	15,37
613	24.07.21 15:28:12	16,84	0,92	68,32	8,26	13,41
614	24.07.21 15:28:13	16,81	0,90	70,84	6,22	12,94
615	24.07.21 15:28:14	16,81	0,90	70,47	5,87	13,66
616	24.07.21 15:28:15	16,78	0,89	71,07	5,84	13,09
617	24.07.21 15:28:16	16,78	0,94	69,58	9,52	10,90
618	24.07.21 15:28:17	16,78	0,94	65,68	13,99	10,33
619	24.07.21 15:28:18	16,75	1,01	64,16	15,65	10,19
620	24.07.21 15:28:19	16,72	1,01	63,93	16,57	9,50
621	24.07.21 15:28:20	16,66	1,05	63,38	16,61	10,01
622	24.07.21 15:28:21	16,66	1,07	65,01	11,67	13,32
623	24.07.21 15:28:22	16,63	1,05	67,99	7,80	14,21
624	24.07.21 15:28:23	16,60	1,09	62,73	17,67	9,60
625	24.07.21 15:28:24	16,57	1,14	63,07	20,18	6,75
626	24.07.21 15:28:25	16,57	1,16	61,28	13,20	15,52
627	24.07.21 15:28:26	16,57	1,16	60,55	12,03	17,42
628	24.07.21 15:28:27	16,54	1,18	61,67	15,48	12,85
629	24.07.21 15:28:28	16,54	1,18	59,98	17,21	12,81
630	24.07.21 15:28:29	16,51	1,23	58,97	15,50	15,54
631	24.07.21 15:28:30	16,47	1,25	60,32	15,67	14,01
632	24.07.21 15:28:31	16,41	1,29	61,76	17,61	10,63
633	24.07.21 15:28:32	16,41	1,31	61,04	17,58	11,38
634	24.07.21 15:28:33	16,38	1,31	58,65	12,23	19,12
635	24.07.21 15:28:34	16,38	1,31	56,55	14,58	18,87
636	24.07.21 15:28:35	16,38	1,33	58,84	15,42	15,75
637	24.07.21 15:28:36	16,35	1,35	61,59	14,77	13,64
638	24.07.21 15:28:37	16,35	1,40	63,45	14,16	12,39
639	24.07.21 15:28:38	16,35	1,40	61,00	14,34	14,66
640	24.07.21 15:28:39	16,35	1,43	58,04	14,72	17,24
641	24.07.21 15:28:40	16,35	1,40	58,78	14,74	16,48
642	24.07.21 15:28:41	16,32	1,47	59,52	14,19	16,29
643	24.07.21 15:28:42	16,32	1,45	59,53	13,54	16,93
644	24.07.21 15:28:43	16,32	1,47	60,28	13,86	15,86
645	24.07.21 15:28:44	16,32	1,49	65,55	12,50	11,95
646	24.07.21 15:28:45	16,32	1,52	64,56	10,57	14,87
647	24.07.21 15:28:46	16,32	1,52	62,24	10,59	17,17
648	24.07.21 15:28:47	16,32	1,56	67,57	7,69	14,73
649	24.07.21 15:28:48	16,29	1,59	63,80	7,28	18,92
650	24.07.21 15:28:49	16,29	1,59	69,11	5,08	15,82
651	24.07.21 15:28:50	16,29	1,61	70,79	3,07	16,14
652	24.07.21 15:28:51	16,29	1,61	72,55	2,09	15,36
653	24.07.21 15:28:52	16,29	1,66	75,16	0,00	14,84
654	24.07.21 15:28:53	16,29	1,68	65,15	-3,11	21,74
655	24.07.21 15:28:54	16,26	1,68	64,71	-3,78	21,51
656	24.07.21 15:28:55	16,26	1,70	67,89	-4,87	17,24
657	24.07.21 15:28:56	16,23	1,72	72,89	-1,90	15,20
658	24.07.21 15:28:57	16,23	1,75	71,30	1,83	16,87
659	24.07.21 15:28:58	16,23	1,75	69,13	5,27	15,60
660	24.07.21 15:28:59	16,23	1,79	66,54	9,32	14,14
661	24.07.21 15:29:00	16,20	1,81	66,18	11,07	12,74
662	24.07.21 15:29:01	16,17	1,81	63,26	12,29	14,45
663	24.07.21 15:29:02	16,14	1,83	61,89	12,75	15,36
664	24.07.21 15:29:03	16,14	1,88	58,20	13,90	17,90
665	24.07.21 15:29:04	16,11	1,88	57,37	16,41	16,22
666	24.07.21 15:29:05	16,11	1,90	62,68	17,49	9,84
667	24.07.21 15:29:06	16,08	1,95	63,46	16,42	10,12
668	24.07.21 15:29:07	16,08	1,95	59,54	16,72	13,73
669	24.07.21 15:29:08	16,05	1,97	58,13	17,85	14,02
670	24.07.21 15:29:09	16,02	2,01	61,90	17,32	10,78
671	24.07.21 15:29:10	15,96	2,01	53,14	13,60	23,26
672	24.07.21 15:29:11	15,93	2,00	51,14	11,06	27,80
673	24.07.21 15:29:12	15,93	1,98	50,79	11,26	27,94
674	24.07.21 15:29:13	15,93	2,00	54,10	12,79	23,11
675	24.07.21 15:29:14	15,93	1,98	53,74	15,78	20,48
676	24.07.21 15:29:15	15,93	2,03	55,93	21,36	12,71
677	24.07.21 15:29:16	15,90	2,05	55,72	19,44	14,84
678	24.07.21 15:29:17	15,87	2,09	55,09	21,26	13,65
679	24.07.21 15:29:18	15,84	2,11	59,57	22,88	7,54
680	24.07.21 15:29:19	15,77	2,16	60,07	17,53	12,40
681	24.07.21 15:29:20	15,74	2,15	53,89	16,82	19,29
682	24.07.21 15:29:21	15,68	2,17	60,73	18,91	10,36
683	24.07.21 15:29:22	15,56	2,23	63,64	19,26	7,10
684	24.07.21 15:29:23	15,50	2,30	59,08	17,83	13,08
685	24.07.21 15:29:24	15,47	2,27	56,52	19,14	14,34
686	24.07.21 15:29:25	15,41	2,34	58,53	21,16	10,30
687	24.07.21 15:29:26	15,28	2,38	57,71	18,81	13,48
688	24.07.21 15:29:27	15,19	2,39	54,96	17,28	17,76
689	24.07.21 15:29:28	15,07	2,41	56,83	20,90	12,27
690	24.07.21 15:29:29	15,01	2,43	59,94	21,94	8,12
691	24.07.21 15:29:30	14,92	2,44	57,79	17,71	14,49
692	24.07.21 15:29:31	14,88	2,46	52,39	13,36	24,25
693	24.07.21 15:29:32	14,73	2,52	55,80	18,27	15,94
694	24.07.21 15:29:33	14,61	2,54	57,40	17,07	15,53
695	24.07.21 15:29:34	14,58	2,53	51,82	13,09	25,09
696	24.07.21 15:29:35	14,54	2,53	52,01	14,60	23,39
697	24.07.21 15:29:36	14,54	2,53	58,49	18,06	13,45
698	24.07.21 15:29:37	14,54	2,58	62,01	17,83	10,16
699	24.07.21 15:29:38	14,54	2,58	60,97	14,84	14,19
700	24.07.21 15:29:39	14,54	2,55	57,69	12,55	19,76
701	24.07.21 15:29:40	14,54	2,58	57,26	13,01	19,73
702	24.07.21 15:29:41	14,51	2,60	61,09	13,74	15,17
703	24.07.21 15:29:42	14,51	2,65	64,59	13,21	12,20
704	24.07.21 15:29:43	14,48	2,67	66,13	11,11	12,77
705	24.07.21 15:29:44	14,48	2,67	64,53	9,76	15,72
706	24.07.21 15:29:45	14,42	2,71	65,94	10,18	13,88
707	24.07.21 15:29:46	14,39	2,73	65,66	8,80	15,53
708	24.07.21 15:29:47	14,33	2,73	62,16	7,26	20,58
709	24.07.21 15:29:48	14,30	2,70	59,59	7,63	22,78
710	24.07.21 15:29:49	14,27	2,70	57,94	10,46	21,61
711	24.07.21 15:29:50	14,23	2,69	55,81	9,46	24,73
712	24.07.21 15:29:51	14,23	2,72	57,71	17,76	14,53
713	24.07.21 15:29:52	14,14	2,78	57,27	12,03	20,70
714	24.07.21 15:29:53	13,89	2,76	43,66	12,54	33,80
715	24.07.21 15:29:54	13,77	2,73	38,56	14,37	37,07
716	24.07.21 15:29:55	13,61	2,72	37,71	14,30	38,00
717	24.07.21 15:29:56	13,42	2,72	42,70	12,48	34,82
718	24.07.21 15:29:57	13,30	2,74	52,47	9,47	28,07
719	24.07.21 15:29:58	13,20	2,71	57,44	7,42	25,15
720	24.07.21 15:29:59	13,17	2,70	57,93	8,00	24,08
721	24.07.21 15:30:00	13,14	2,68	54,86	8,33	26,81
722	24.07.21 15:30:01	13,11	2,65	49,32	11,89	28,79
723	24.07.21 15:30:02	13,11	2,63	50,65	11,44	27,91
724	24.07.21 15:30:03	13,11	2,63	46,29	13,30	30,41
725	24.07.21 15:30:04	13,11	2,63	42,75	14,62	32,63
726	24.07.21 15:30:05	13,04	2,60	40,33	15,79	33,88
727	24.07.21 15:30:06	13,01	2,57	36,86	17,21	35,92
728	24.07.21 15:30:07	12,98	2,55	36,33	15,99	37,68
729	24.07.21 15:30:08	12,98	2,52	34,68	17,82	37,50
730	24.07.21 15:30:09	12,95	2,50	32,47	18,01	39,51
731	24.07.21 15:30:10	12,95	2,50	33,93	16,28	39,79
732	24.07.21 15:30:11	12,92	2,47	39,02	11,96	39,02
733	24.07.21 15:30:12	12,92	2,45	35,84	15,80	38,36
734	24.07.21 15:30:13	12,89	2,47	34,20	17,42	38,38
735	24.07.21 15:30:14	12,89	2,47	35,52	16,46	38,02
736	24.07.21 15:30:15	12,86	2,44	37,97	11,24	40,79
737	24.07.21 15:30:16	12,82	2,44	40,23	10,38	39,39
738	24.07.21 15:30:17	12,79	2,41	37,29	13,49	39,22
739	24.07.21 15:30:18	12,76	2,41	36,80	13,48	39,72
740	24.07.21 15:30:19	12,73	2,41	38,80	8,52	42,68
741	24.07.21 15:30:20	12,70	2,41	41,31	5,63	43,06
742	24.07.21 15:30:21	12,70	2,38	39,31	9,32	41,37
743	24.07.21 15:30:22	12,67	2,38	38,22	14,39	37,38
744	24.07.21 15:30:23	12,63	2,42	42,57	9,98	37,45
745	24.07.21 15:30:24	12,60	2,42	42,92	9,63	37,46
746	24.07.21 15:30:25	12,57	2,40	44,33	5,59	40,08
747	24.07.21 15:30:26	12,57	2,40	43,04	8,04	38,92
748	24.07.21 15:30:27	12,57	2,42	42,11	9,07	38,82
749	24.07.21 15:30:28	12,54	2,42	43,34	7,01	39,65
750	24.07.21 15:30:29	12,54	2,42	43,02	6,24	40,74
751	24.07.21 15:30:30	12,51	2,41	43,52	4,01	42,47
752	24.07.21 15:30:31	12,51	2,41	43,85	6,55	39,61
753	24.07.21 15:30:32	12,47	2,39	47,79	5,19	37,02
754	24.07.21 15:30:33	12,47	2,39	49,70	2,92	37,38
755	24.07.21 15:30:34	12,47	2,41	50,77	2,15	37,08
756	24.07.21 15:30:35	12,44	2,41	52,45	1,33	36,22
757	24.07.21 15:30:36	12,41	2,45	49,86	2,28	37,86
758	24.07.21 15:30:37	12,35	2,47	43,87	2,99	43,14
759	24.07.21 15:30:38	12,28	2,47	44,16	2,74	43,10
760	24.07.21 15:30:39	12,22	2,46	44,70	2,94	42,36
761	24.07.21 15:30:40	12,19	2,46	42,85	-1,38	45,77
762	24.07.21 15:30:41	12,16	2,46	46,63	1,15	42,22
763	24.07.21 15:30:42	12,16	2,48	49,32	-0,52	40,16
764	24.07.21 15:30:43	12,12	2,50	48,42	-2,14	39,44
765	24.07.21 15:30:44	12,09	2,52	46,37	-0,77	42,86
766	24.07.21 15:30:45	12,03	2,54	37,22	-6,09	46,69
767	24.07.21 15:30:46	12,00	2,51	40,92	-0,72	48,36
768	24.07.21 15:30:47	11,96	2,51	41,87	1,10	47,03
769	24.07.21 15:30:48	11,93	2,51	37,70	-3,74	48,56
770	24.07.21 15:30:49	11,90	2,55	39,49	-6,22	44,29
771	24.07.21 15:30:50	11,90	2,55	48,38	2,93	38,69
772	24.07.21 15:30:51	11,87	2,58	39,51	-8,88	41,61
773	24.07.21 15:30:52	11,84	2,57	48,01	0,06	41,93
774	24.07.21 15:30:53	11,80	2,59	39,29	-5,97	44,74
775	24.07.21 15:30:54	11,80	2,59	33,66	-7,36	48,98
776	24.07.21 15:30:55	11,77	2,61	36,92	-3,30	49,78
777	24.07.21 15:30:56	11,74	2,61	40,01	0,66	49,33
778	24.07.21 15:30:57	11,71	2,61	34,15	-5,41	50,44
779	24.07.21 15:30:58	11,68	2,65	32,29	-9,03	48,68
780	24.07.21 15:30:59	11,64	2,68	43,81	1,56	44,62
781	24.07.21 15:31:00	11,61	2,65	38,90	-4,50	46,61
782	24.07.21 15:31:01	11,58	2,72	37,13	-5,97	46,90
783	24.07.21 15:31:02	11,55	2,69	41,81	0,26	47,93
784	24.07.21 15:31:03	11,51	2,71	30,51	-9,41	50,07
785	24.07.21 15:31:04	11,48	2,76	42,57	2,13	45,30
786	24.07.21 15:31:05	11,45	2,78	28,99	-8,92	52,08
787	24.07.21 15:31:06	11,39	2,82	27,05	-10,07	52,88
788	24.07.21 15:31:07	11,32	2,81	25,57	-10,33	54,10
789	24.07.21 15:31:08	11,26	2,83	26,84	-7,81	55,35
790	24.07.21 15:31:09	11,22	2,85	28,03	-7,80	54,17
791	24.07.21 15:31:10	11,16	2,87	30,44	-5,29	54,27
792	24.07.21 15:31:11	11,13	2,89	40,83	0,88	48,29
793	24.07.21 15:31:12	11,09	2,96	42,12	-0,82	47,06
794	24.07.21 15:31:13	11,03	2,96	30,10	-4,74	55,15
795	24.07.21 15:31:14	11,00	2,95	25,07	-7,45	57,48
796	24.07.21 15:31:15	10,93	2,99	20,62	-9,75	59,63
797	24.07.21 15:31:16	10,80	3,03	20,09	-9,11	60,80
798	24.07.21 15:31:17	10,70	3,05	20,00	-8,61	61,40
799	24.07.21 15:31:18	10,61	3,06	20,01	-9,21	60,77
800	24.07.21 15:31:19	10,57	3,08	21,88	-10,06	58,06
801	24.07.21 15:31:20	10,51	3,10	23,14	-8,87	57,99
802	24.07.21 15:31:21	10,51	3,15	23,54	-7,84	58,62
803	24.07.21 15:31:22	10,38	3,19	25,45	-6,22	58,34
804	24.07.21 15:31:23	10,28	3,20	26,02	-5,62	58,36
805	24.07.21 15:31:24	10,21	3,22	22,52	-5,34	62,14
806	24.07.21 15:31:25	10,15	3,21	19,22	-7,27	63,51
807	24.07.21 15:31:26	10,05	3,23	20,03	-5,98	63,99
808	24.07.21 15:31:27	9,92	3,29	20,14	-4,67	65,19
809	24.07.21 15:31:28	9,85	3,31	18,12	-9,03	62,84
810	24.07.21 15:31:29	9,82	3,35	21,21	-9,17	59,62
811	24.07.21 15:31:30	9,75	3,37	24,27	-8,94	56,79
812	24.07.21 15:31:31	9,68	3,39	25,56	-7,41	57,02
813	24.07.21 15:31:32	9,65	3,41	20,82	-10,32	58,86
814	24.07.21 15:31:33	9,62	3,45	17,29	-12,81	59,90
815	24.07.21 15:31:34	9,42	3,51	16,68	-14,74	58,59
816	24.07.21 15:31:35	9,32	3,52	20,41	-12,39	57,20
817	24.07.21 15:31:36	9,28	3,55	22,42	-13,51	54,07
818	24.07.21 15:31:37	9,25	3,57	34,91	-6,86	48,23
819	24.07.21 15:31:38	9,22	3,59	42,52	-2,20	45,29
820	24.07.21 15:31:39	9,18	3,61	39,16	-3,48	47,36
821	24.07.21 15:31:40	9,18	3,61	39,84	-2,40	47,77
822	24.07.21 15:31:41	9,15	3,63	37,36	-3,45	49,19
823	24.07.21 15:31:42	9,12	3,67	39,75	-2,25	48,00
824	24.07.21 15:31:43	9,08	3,67	41,37	-1,69	46,94
825	24.07.21 15:31:44	9,05	3,71	42,53	-3,63	43,85
826	24.07.21 15:31:45	9,02	3,76	39,03	-5,13	45,84
827	24.07.21 15:31:46	8,98	3,73	26,48	-10,86	52,66
828	24.07.21 15:31:47	8,98	3,76	22,54	-11,34	56,12
829	24.07.21 15:31:48	8,95	3,75	18,10	-13,16	58,74
830	24.07.21 15:31:49	8,95	3,80	37,48	0,53	51,99
831	24.07.21 15:31:50	8,92	3,80	42,73	2,44	44,83
832	24.07.21 15:31:51	8,88	3,84	34,07	-6,80	49,12
833	24.07.21 15:31:52	8,85	3,86	35,38	-2,16	52,46
834	24.07.21 15:31:53	8,81	3,91	32,44	-2,82	54,74
835	24.07.21 15:31:54	8,78	3,93	22,72	-9,57	57,71
836	24.07.21 15:31:55	8,75	3,95	17,90	-11,28	60,81
837	24.07.21 15:31:56	8,71	4,04	20,75	-10,69	58,56
838	24.07.21 15:31:57	8,48	4,07	28,08	-7,43	54,50
839	24.07.21 15:31:58	8,34	4,08	32,18	-5,92	51,91
840	24.07.21 15:31:59	8,31	4,13	39,26	-2,69	48,04
841	24.07.21 15:32:00	8,24	4,14	38,30	-0,47	51,23
842	24.07.21 15:32:01	8,24	4,17	35,88	-1,07	53,05
843	24.07.21 15:32:02	8,20	4,16	31,63	-6,31	52,06
844	24.07.21 15:32:03	8,20	4,19	25,79	-11,46	52,75
845	24.07.21 15:32:04	8,17	4,23	31,81	-10,46	47,74
846	24.07.21 15:32:05	8,17	4,28	36,81	-8,68	44,51
847	24.07.21 15:32:06	8,07	4,32	36,70	-9,46	43,84
848	24.07.21 15:32:07	8,03	4,36	32,20	-11,16	46,64
849	24.07.21 15:32:08	7,97	4,38	30,53	-10,65	48,83
850	24.07.21 15:32:09	7,93	4,43	32,86	-7,12	50,02
851	24.07.21 15:32:10	7,90	4,42	32,78	-6,94	50,29
852	24.07.21 15:32:11	7,90	4,47	31,78	-6,81	51,41
853	24.07.21 15:32:12	7,86	4,47	24,70	-11,64	53,66
854	24.07.21 15:32:13	7,83	4,54	36,38	-6,62	46,99
855	24.07.21 15:32:14	7,79	4,56	37,76	-6,79	45,45
856	24.07.21 15:32:15	7,76	4,55	29,32	-9,14	51,54
857	24.07.21 15:32:16	7,76	4,60	23,33	-11,32	55,35
858	24.07.21 15:32:17	7,72	4,62	31,25	-6,91	51,84
859	24.07.21 15:32:18	7,72	4,67	31,04	-5,80	53,16
860	24.07.21 15:32:19	7,66	4,69	35,12	-3,54	51,34
861	24.07.21 15:32:20	7,62	4,73	37,49	-2,93	49,59
862	24.07.21 15:32:21	7,55	4,77	26,76	-7,41	55,83
863	24.07.21 15:32:22	7,48	4,81	17,37	-12,08	60,55
864	24.07.21 15:32:23	7,41	4,78	14,39	-12,12	63,48
865	24.07.21 15:32:24	7,35	4,87	12,10	-10,67	67,23
866	24.07.21 15:32:25	7,17	4,88	13,42	-11,18	65,40
867	24.07.21 15:32:26	7,07	4,97	15,38	-10,32	64,29
868	24.07.21 15:32:27	6,93	4,98	20,65	-8,18	61,17
869	24.07.21 15:32:28	6,82	5,04	25,34	-3,87	60,80
870	24.07.21 15:32:29	6,72	5,06	22,96	-5,18	61,87
871	24.07.21 15:32:30	6,65	5,08	16,71	-7,24	66,05
872	24.07.21 15:32:31	6,58	5,09	13,75	-7,35	68,91
873	24.07.21 15:32:32	6,51	5,13	12,43	-6,75	70,83
874	24.07.21 15:32:33	6,37	5,19	15,06	-5,54	69,40
875	24.07.21 15:32:34	6,30	5,24	17,47	-5,28	67,25
876	24.07.21 15:32:35	6,19	5,25	26,63	-2,05	61,32
877	24.07.21 15:32:36	6,12	5,29	33,25	4,26	52,49
878	24.07.21 15:32:37	6,08	5,29	32,63	3,68	53,69
879	24.07.21 15:32:38	6,05	5,31	30,31	1,49	58,20
880	24.07.21 15:32:39	6,01	5,33	22,82	0,44	66,74
881	24.07.21 15:32:40	6,01	5,33	18,89	-1,31	69,80
882	24.07.21 15:32:41	5,94	5,40	15,90	-2,08	72,01
883	24.07.21 15:32:42	5,87	5,41	15,93	-3,63	70,45
884	24.07.21 15:32:43	5,76	5,45	16,59	-7,44	65,96
885	24.07.21 15:32:44	5,69	5,49	16,25	-5,53	68,22
886	24.07.21 15:32:45	5,62	5,51	15,05	-5,67	69,29
887	24.07.21 15:32:46	5,55	5,53	16,05	-6,97	66,98
888	24.07.21 15:32:47	5,51	5,55	16,99	-6,70	66,30
889	24.07.21 15:32:48	5,44	5,59	16,35	-5,78	67,87
890	24.07.21 15:32:49	5,40	5,63	17,41	-5,25	67,34
891	24.07.21 15:32:50	5,33	5,63	13,15	-6,54	70,31
892	24.07.21 15:32:51	5,26	5,65	15,41	-4,89	69,70
893	24.07.21 15:32:52	5,19	5,69	13,59	-4,52	71,89
894	24.07.21 15:32:53	5,15	5,71	15,69	-2,46	71,86
895	24.07.21 15:32:54	5,08	5,72	18,91	-0,47	70,61
896	24.07.21 15:32:55	5,00	5,77	25,00	2,19	62,80
897	24.07.21 15:32:56	4,97	5,81	26,78	3,21	60,01
898	24.07.21 15:32:57	4,93	5,83	24,69	3,23	62,07
899	24.07.21 15:32:58	4,90	5,87	24,92	3,80	61,28
900	24.07.21 15:32:59	4,82	5,89	22,72	2,16	65,12
901	24.07.21 15:33:00	4,79	5,91	17,92	2,92	69,16
902	24.07.21 15:33:01	4,71	5,91	18,45	4,24	67,31
903	24.07.21 15:33:02	4,68	5,95	24,03	4,01	61,97
904	24.07.21 15:33:03	4,64	6,00	28,11	5,60	56,29
905	24.07.21 15:33:04	4,60	6,02	32,04	7,02	50,94
906	24.07.21 15:33:05	4,53	6,06	41,56	14,89	33,55
907	24.07.21 15:33:06	4,49	6,08	39,52	15,32	35,16
908	24.07.21 15:33:07	4,49	6,10	38,42	15,51	36,07
909	24.07.21 15:33:08	4,46	6,12	38,03	14,46	37,51
910	24.07.21 15:33:09	4,46	6,12	38,49	14,60	36,91
911	24.07.21 15:33:10	4,42	6,14	33,96	13,32	42,72
912	24.07.21 15:33:11	4,42	6,14	33,67	14,33	42,00
913	24.07.21 15:33:12	4,42	6,17	34,18	14,77	41,06
914	24.07.21 15:33:13	4,38	6,21	37,59	14,90	37,50
915	24.07.21 15:33:14	4,35	6,25	40,19	15,05	34,76
916	24.07.21 15:33:15	4,27	6,27	40,52	15,47	34,01
917	24.07.21 15:33:16	4,23	6,29	45,26	16,73	28,02
918	24.07.21 15:33:17	4,23	6,32	50,04	18,47	21,49
919	24.07.21 15:33:18	4,23	6,36	50,74	22,03	17,23
920	24.07.21 15:33:19	4,20	6,38	52,41	24,51	13,08
921	24.07.21 15:33:20	4,20	6,38	41,99	23,53	24,48
922	24.07.21 15:33:21	4,20	6,41	36,52	21,47	32,01
923	24.07.21 15:33:22	4,20	6,43	31,16	11,89	46,95
924	24.07.21 15:33:23	4,20	6,48	28,68	-5,11	56,22
925	24.07.21 15:33:24	4,16	6,52	27,08	-12,05	50,87
926	24.07.21 15:33:25	4,12	6,59	29,13	-12,70	48,17
927	24.07.21 15:33:26	4,12	6,59	32,15	-13,39	44,46
928	24.07.21 15:33:27	4,09	6,63	31,07	-16,57	42,35
929	24.07.21 15:33:28	4,09	6,63	26,40	-8,17	55,43
930	24.07.21 15:33:29	4,05	6,63	30,67	-6,62	52,71
931	24.07.21 15:33:30	4,05	6,66	33,87	-5,32	50,81
932	24.07.21 15:33:31	4,01	6,68	36,07	-4,94	49,00
933	24.07.21 15:33:32	4,01	6,70	38,63	-5,40	45,97
934	24.07.21 15:33:33	4,01	6,75	37,54	-4,63	47,83
935	24.07.21 15:33:34	4,01	6,75	39,48	-2,16	48,36
936	24.07.21 15:33:35	4,01	6,77	39,91	-3,56	46,53
937	24.07.21 15:33:36	3,98	6,79	41,53	-3,08	45,38
938	24.07.21 15:33:37	3,94	6,83	42,51	-2,93	44,57
939	24.07.21 15:33:38	3,90	6,83	42,59	-5,11	42,29
940	24.07.21 15:33:39	3,90	6,88	43,35	-7,04	39,61
941	24.07.21 15:33:40	3,86	6,90	44,50	-8,98	36,52
942	24.07.21 15:33:41	3,83	6,90	45,87	-9,09	35,04
943	24.07.21 15:33:42	3,79	6,94	46,09	-7,08	36,84
944	24.07.21 15:33:43	3,75	6,96	44,38	-5,25	40,37
945	24.07.21 15:33:44	3,75	6,98	43,35	-5,47	41,17
946	24.07.21 15:33:45	3,75	7,01	48,44	-8,12	33,44
947	24.07.21 15:33:46	3,71	7,05	52,73	-8,34	28,93
948	24.07.21 15:33:47	3,71	7,08	49,23	-3,22	37,55
949	24.07.21 15:33:48	3,68	7,10	45,34	-5,05	39,61
950	24.07.21 15:33:49	3,64	7,14	55,54	-5,99	28,48
951	24.07.21 15:33:50	3,64	7,16	51,96	-5,62	32,42
952	24.07.21 15:33:51	3,64	7,19	47,28	-2,73	40,00
953	24.07.21 15:33:52	3,60	7,21	49,28	-6,05	34,68
954	24.07.21 15:33:53	3,60	7,23	52,70	-5,63	31,67
955	24.07.21 15:33:54	3,60	7,28	48,91	-4,81	36,27
956	24.07.21 15:33:55	3,60	7,28	44,13	-2,63	43,24
957	24.07.21 15:33:56	3,60	7,30	44,79	-4,23	40,99
958	24.07.21 15:33:57	3,56	7,32	46,83	-6,49	36,68
959	24.07.21 15:33:58	3,56	7,37	47,51	-5,06	37,44
960	24.07.21 15:33:59	3,56	7,39	44,66	-1,85	43,49
961	24.07.21 15:34:00	3,53	7,42	41,91	1,63	46,47
962	24.07.21 15:34:01	3,53	7,46	42,84	-3,61	43,55
963	24.07.21 15:34:02	3,53	7,46	44,40	-2,38	43,22
964	24.07.21 15:34:03	3,53	7,49	42,19	2,63	45,18
965	24.07.21 15:34:04	3,53	7,53	40,06	3,58	46,36
966	24.07.21 15:34:05	3,53	7,56	43,73	-0,12	46,16
967	24.07.21 15:34:06	3,49	7,58	44,11	-2,62	43,27
968	24.07.21 15:34:07	3,49	7,63	44,17	-0,50	45,33
969	24.07.21 15:34:08	3,45	7,67	43,92	-0,99	45,09
970	24.07.21 15:34:09	3,41	7,69	44,57	-2,69	42,74
971	24.07.21 15:34:10	3,38	7,71	44,66	-1,97	43,37
972	24.07.21 15:34:11	3,38	7,73	43,83	0,35	45,82
973	24.07.21 15:34:12	3,38	7,78	43,94	-0,67	45,39
974	24.07.21 15:34:13	3,34	7,80	45,86	-5,21	38,93
975	24.07.21 15:34:14	3,34	7,85	47,29	-5,03	37,67
976	24.07.21 15:34:15	3,30	7,87	44,63	-4,50	40,88
977	24.07.21 15:34:16	3,30	7,92	45,15	-5,45	39,40
978	24.07.21 15:34:17	3,30	7,94	49,25	-8,87	31,88
979	24.07.21 15:34:18	3,26	7,98	47,12	-8,18	34,70
980	24.07.21 15:34:19	3,26	8,01	42,52	-5,36	42,13
981	24.07.21 15:34:20	3,26	8,06	42,20	-8,15	39,65
982	24.07.21 15:34:21	3,23	8,05	46,43	-9,41	34,16
983	24.07.21 15:34:22	3,23	8,08	45,47	-8,02	36,51
984	24.07.21 15:34:23	3,23	8,12	42,36	-6,57	41,06
985	24.07.21 15:34:24	3,23	8,15	44,96	-9,65	35,39
986	24.07.21 15:34:25	3,19	8,17	47,53	-10,10	32,37
987	24.07.21 15:34:26	3,19	8,19	44,16	-4,96	40,87
988	24.07.21 15:34:27	3,19	8,22	41,03	-4,27	44,71
989	24.07.21 15:34:28	3,19	8,24	42,30	-5,23	42,48
990	24.07.21 15:34:29	3,15	8,28	50,48	-10,34	29,18
991	24.07.21 15:34:30	3,15	8,33	54,66	-8,31	27,03
992	24.07.21 15:34:31	3,11	8,33	53,47	-7,44	29,09
993	24.07.21 15:34:32	3,11	8,35	53,88	-6,16	29,97
994	24.07.21 15:34:33	3,11	8,37	37,68	-9,47	42,85
995	24.07.21 15:34:34	3,07	8,37	27,66	-5,36	56,99
996	24.07.21 15:34:35	3,04	8,39	17,05	9,52	63,43
997	24.07.21 15:34:36	3,00	8,41	-7,79	-15,01	67,20
998	24.07.21 15:34:37	2,96	8,39	-1,84	-3,41	84,74
999	24.07.21 15:34:38	2,92	8,41	-12,78	3,62	73,60
1000	24.07.21 15:34:39	2,92	8,38	9,66	-7,66	72,68
1001	24.07.21 15:34:40	2,88	8,43	-1,61	-1,82	86,57
1002	24.07.21 15:34:41	2,85	8,40	-0,81	1,48	87,71
1003	24.07.21 15:34:42	2,85	8,40	-16,83	-4,21	68,96
1004	24.07.21 15:34:43	2,81	8,40	-3,03	-5,91	81,06
1005	24.07.21 15:34:44	2,81	8,40	0,74	-4,24	85,01
1006	24.07.21 15:34:45	2,77	8,42	-23,32	2,14	64,54
1007	24.07.21 15:34:46	2,73	8,37	4,93	6,84	78,24
1008	24.07.21 15:34:47	2,73	8,41	4,75	9,95	75,31
1009	24.07.21 15:34:48	2,69	8,41	-11,35	3,69	74,96
1010	24.07.21 15:34:49	2,69	8,39	3,33	1,18	85,49
1011	24.07.21 15:34:50	2,65	8,38	-0,85	0,20	88,95
1012	24.07.21 15:34:51	2,65	8,38	19,58	-21,87	48,55
1013	24.07.21 15:34:52	2,62	8,40	-5,39	-1,99	82,62
1014	24.07.21 15:34:53	2,58	8,40	2,48	-9,77	77,75
1015	24.07.21 15:34:54	2,54	8,37	1,25	-2,84	85,91
1016	24.07.21 15:34:55	2,54	8,37	-1,48	2,44	86,08
1017	24.07.21 15:34:56	2,50	8,39	1,50	5,48	83,02
1018	24.07.21 15:34:57	2,50	8,39	0,23	7,41	82,36
1019	24.07.21 15:34:58	2,50	8,37	5,52	8,22	76,26
1020	24.07.21 15:34:59	2,46	8,39	-7,54	3,87	78,60
1021	24.07.21 15:35:00	2,46	8,37	-4,61	4,99	80,40
1022	24.07.21 15:35:01	2,46	8,39	6,22	13,14	70,64
1023	24.07.21 15:35:02	2,42	8,39	3,13	-3,29	83,58
1024	24.07.21 15:35:03	2,42	8,41	1,09	3,08	85,84
1025	24.07.21 15:35:04	2,39	8,36	-14,67	-0,33	75,00
1026	24.07.21 15:35:05	2,39	8,34	-3,87	1,48	84,65
1027	24.07.21 15:35:06	2,39	8,38	-11,44	-1,52	77,04
1028	24.07.21 15:35:07	2,35	8,40	13,16	6,05	70,79
1029	24.07.21 15:35:08	2,35	8,38	-4,23	-1,20	84,57
1030	24.07.21 15:35:09	2,31	8,35	-2,83	-1,00	86,17
1031	24.07.21 15:35:10	2,31	8,35	-3,63	7,93	78,44
1032	24.07.21 15:35:11	2,31	8,38	-4,90	7,75	77,35
1033	24.07.21 15:35:12	2,27	8,37	-3,97	12,57	73,46
1034	24.07.21 15:35:13	2,27	8,37	-3,31	12,79	73,89
1035	24.07.21 15:35:14	2,27	8,35	-3,64	12,75	73,61
1036	24.07.21 15:35:15	2,27	8,37	-3,81	12,74	73,45
1037	24.07.21 15:35:16	2,27	8,37	-3,80	12,69	73,51
1038	24.07.21 15:35:17	2,23	8,37	-3,78	12,74	73,48
1039	24.07.21 15:35:18	2,23	8,35	-3,78	12,75	73,47
1040	24.07.21 15:35:19	2,23	8,37	-3,80	12,70	73,49
1041	24.07.21 15:35:20	2,23	8,37	-3,55	12,97	73,48
1042	24.07.21 15:35:21	2,23	8,35	-4,52	16,25	69,23
1043	24.07.21 15:35:22	2,23	8,35	-1,85	17,70	70,45
1044	24.07.21 15:35:23	2,23	8,35	-1,59	17,60	70,80
1045	24.07.21 15:35:24	2,23	8,35	-1,40	17,92	70,68
1046	24.07.21 15:35:25	2,19	8,34	-1,51	17,82	70,67
1047	24.07.21 15:35:26	2,19	8,34	-1,68	17,43	70,89
1048	24.07.21 15:35:27	2,19	8,34	-1,76	17,49	70,74
1049	24.07.21 15:35:28	2,19	8,34	-1,54	18,17	70,29
1050	24.07.21 15:35:29	2,19	8,34	-0,62	20,93	68,45
1051	24.07.21 15:35:30	2,19	8,34	-0,53	20,92	68,55
1052	24.07.21 15:35:31	2,19	8,34	-0,18	21,71	68,11
1053	24.07.21 15:35:32	2,19	8,34	0,26	22,10	67,64
1054	24.07.21 15:35:33	2,19	8,34	-0,03	20,99	68,98
1055	24.07.21 15:35:34	2,19	8,34	-0,29	20,30	69,41
1056	24.07.21 15:35:35	2,19	8,34	-0,35	20,22	69,43
1057	24.07.21 15:35:36	2,19	8,34	-0,82	19,27	69,91
1058	24.07.21 15:35:37	2,19	8,32	-0,90	18,96	70,13
1059	24.07.21 15:35:38	2,15	8,34	-0,85	19,08	70,08
1060	24.07.21 15:35:39	2,15	8,32	-0,90	19,02	70,08
1061	24.07.21 15:35:40	2,15	8,34	-0,99	18,83	70,18
1062	24.07.21 15:35:41	2,15	8,34	-0,93	18,94	70,13
1063	24.07.21 15:35:42	2,15	8,34	-0,50	20,44	69,06
1064	24.07.21 15:35:43	2,15	8,32	-0,73	19,90	69,37
1065	24.07.21 15:35:44	2,15	8,32	-0,73	19,85	69,42
1066	24.07.21 15:35:45	2,15	8,34	-0,70	19,96	69,34
1067	24.07.21 15:35:46	2,15	8,34	-0,76	19,87	69,37
1068	24.07.21 15:35:47	2,15	8,34	-0,50	20,31	69,19
1069	24.07.21 15:35:48	2,15	8,34	-0,32	20,89	68,78
1070	24.07.21 15:35:49	2,15	8,34	-0,62	20,12	69,27
1071	24.07.21 15:35:50	2,15	8,34	-0,61	20,10	69,28
1072	24.07.21 15:35:51	2,15	8,32	-0,50	20,41	69,09
1073	24.07.21 15:35:52	2,15	8,32	-0,59	20,30	69,12
1074	24.07.21 15:35:53	2,15	8,32	-0,64	20,14	69,22
1075	24.07.21 15:35:54	2,15	8,32	-0,85	20,09	69,07
1076	24.07.21 15:35:55	2,15	8,34	-0,70	20,09	69,21
1077	24.07.21 15:35:56	2,12	8,34	-0,70	19,99	69,31
1078	24.07.21 15:35:57	2,12	8,31	-0,70	19,95	69,34
1079	24.07.21 15:35:58	2,12	8,31	-0,67	19,97	69,36
1080	24.07.21 15:35:59	2,12	8,29	-0,64	20,14	69,22
1081	24.07.21 15:36:00	2,12	8,31	-0,73	20,07	69,20
1082	24.07.21 15:36:01	2,12	8,34	-0,67	20,02	69,30
1083	24.07.21 15:36:02	2,12	8,34	-0,64	19,98	69,38
1084	24.07.21 15:36:03	2,12	8,31	-0,67	20,00	69,33
1085	24.07.21 15:36:04	2,12	8,34	-0,64	20,46	68,90
1086	24.07.21 15:36:05	2,12	8,31	-0,44	20,46	69,10
1087	24.07.21 15:36:06	2,12	8,34	-0,67	20,08	69,25
1088	24.07.21 15:36:07	2,12	8,34	-0,64	20,06	69,30
1089	24.07.21 15:36:08	2,12	8,34	-0,73	20,21	69,06
1090	24.07.21 15:36:09	2,12	8,34	-0,61	20,07	69,31
1091	24.07.21 15:36:10	2,12	8,31	-0,64	20,07	69,28
1092	24.07.21 15:36:11	2,12	8,31	-0,53	20,20	69,27
1093	24.07.21 15:36:12	2,12	8,31	-0,67	20,05	69,28
1094	24.07.21 15:36:13	2,12	8,34	-0,67	19,95	69,38
1095	24.07.21 15:36:14	2,12	8,31	-0,73	19,93	69,34
1096	24.07.21 15:36:15	2,08	8,31	-0,67	20,03	69,30
1097	24.07.21 15:36:16	2,08	8,31	-0,67	19,99	69,34
1098	24.07.21 15:36:17	2,08	8,33	-0,64	19,96	69,39
1099	24.07.21 15:36:18	2,08	8,31	-0,67	19,97	69,36
1100	24.07.21 15:36:19	2,08	8,28	-0,64	19,95	69,41
1101	24.07.21 15:36:20	2,08	8,31	-0,70	20,03	69,27
1102	24.07.21 15:36:21	2,08	8,33	-0,55	20,04	69,41
1103	24.07.21 15:36:22	2,08	8,31	-0,76	20,05	69,19
1104	24.07.21 15:36:23	2,08	8,31	-0,64	19,97	69,38
1105	24.07.21 15:36:24	2,08	8,33	-0,64	20,01	69,35
1106	24.07.21 15:36:25	2,08	8,31	-0,59	20,38	69,03
1107	24.07.21 15:36:26	2,08	8,31	-0,61	20,23	69,16
1108	24.07.21 15:36:27	2,08	8,33	-0,64	20,05	69,31
1109	24.07.21 15:36:28	2,08	8,31	-0,64	20,02	69,34
1110	24.07.21 15:36:29	2,08	8,31	-0,56	20,26	69,18
1111	24.07.21 15:36:30	2,08	8,31	-0,29	21,14	68,56
1112	24.07.21 15:36:31	2,08	8,31	-0,44	20,67	68,89
1113	24.07.21 15:36:32	2,08	8,31	-0,56	20,22	69,22
1114	24.07.21 15:36:33	2,08	8,31	-0,38	20,73	68,89
1115	24.07.21 15:36:34	2,08	8,33	0,09	22,38	67,54
1116	24.07.21 15:36:35	2,08	8,28	-0,06	21,53	68,41
1117	24.07.21 15:36:36	2,08	8,31	-0,35	20,85	68,80
1118	24.07.21 15:36:37	2,08	8,33	-0,44	21,67	67,89
1119	24.07.21 15:36:38	2,08	8,31	-0,06	22,41	67,53
1120	24.07.21 15:36:39	2,08	8,31	-0,24	21,67	68,10
1121	24.07.21 15:36:40	2,04	8,31	-0,29	21,53	68,18
1122	24.07.21 15:36:41	2,04	8,31	-0,26	21,62	68,11
1123	24.07.21 15:36:42	2,04	8,31	-0,32	21,54	68,14
1124	24.07.21 15:36:43	2,04	8,31	-0,18	21,81	68,01
1125	24.07.21 15:36:44	2,04	8,33	-0,09	22,32	67,59
1126	24.07.21 15:36:45	2,04	8,31	-0,15	21,66	68,19
1127	24.07.21 15:36:46	2,04	8,31	-0,29	21,50	68,21
1128	24.07.21 15:36:47	2,04	8,31	-0,21	22,19	67,61
1129	24.07.21 15:36:48	2,04	8,31	-0,26	21,60	68,14
1130	24.07.21 15:36:49	2,04	8,33	-0,26	21,60	68,14
1131	24.07.21 15:36:50	2,04	8,31	-0,18	22,41	67,42
1132	24.07.21 15:36:51	2,04	8,33	0,06	22,27	67,68
1133	24.07.21 15:36:52	2,04	8,31	-0,26	21,72	68,02
1134	24.07.21 15:36:53	2,04	8,33	-0,26	21,74	67,99
1135	24.07.21 15:36:54	2,04	8,31	0,00	22,46	67,54
1136	24.07.21 15:36:55	2,04	8,31	0,18	23,11	66,71
1137	24.07.21 15:36:56	2,04	8,31	0,03	22,69	67,28
1138	24.07.21 15:36:57	2,04	8,31	-0,18	22,06	67,77
1139	24.07.21 15:36:58	2,04	8,31	-0,24	22,02	67,75
1140	24.07.21 15:36:59	2,00	8,33	0,62	23,45	65,94
1141	24.07.21 15:37:00	2,00	8,30	0,09	23,03	66,89
1142	24.07.21 15:37:01	2,00	8,30	-0,09	22,23	67,68
1143	24.07.21 15:37:02	2,00	8,30	0,00	22,56	67,44
1144	24.07.21 15:37:03	2,00	8,30	1,93	30,22	57,85
1145	24.07.21 15:37:04	2,00	8,33	-3,33	21,06	65,60
1146	24.07.21 15:37:05	2,00	8,33	-3,61	20,44	65,95
1147	24.07.21 15:37:06	2,00	8,30	-3,86	20,38	65,76
1148	24.07.21 15:37:07	2,00	8,33	-1,62	24,52	63,86
1149	24.07.21 15:37:08	2,00	8,33	-2,39	22,37	65,24
1150	24.07.21 15:37:09	1,96	8,30	-2,80	21,59	65,61
1151	24.07.21 15:37:10	1,96	8,30	-1,21	27,84	60,95
1152	24.07.21 15:37:11	1,96	8,32	2,39	33,32	54,28
1153	24.07.21 15:37:12	1,96	8,30	1,02	29,92	59,06
1154	24.07.21 15:37:13	1,96	8,30	0,94	29,97	59,10
1155	24.07.21 15:37:14	1,96	8,30	0,18	34,39	55,42
1156	24.07.21 15:37:15	1,96	8,30	6,13	42,62	41,25
1157	24.07.21 15:37:16	1,92	8,30	6,07	43,62	40,31
1158	24.07.21 15:37:17	1,92	8,30	5,69	42,69	41,62
1159	24.07.21 15:37:18	1,92	8,30	8,81	59,77	21,42
1160	24.07.21 15:37:19	1,92	8,30	-2,33	79,74	7,93
1161	24.07.21 15:37:20	1,92	8,30	8,06	79,90	2,05
1162	24.07.21 15:37:21	1,92	8,27	9,18	78,24	2,57
1163	24.07.21 15:37:22	1,92	8,30	9,84	78,55	-1,61
1164	24.07.21 15:37:23	1,92	8,30	4,74	66,91	-18,35
1165	24.07.21 15:37:24	1,92	8,27	2,52	72,32	-15,16
1166	24.07.21 15:37:25	1,88	8,27	10,35	64,21	-15,44
1167	24.07.21 15:37:26	1,88	8,24	9,78	63,85	-16,37
1168	24.07.21 15:37:27	1,88	8,24	7,96	65,48	-16,56
1169	24.07.21 15:37:28	1,88	8,27	8,84	66,28	-14,88
1170	24.07.21 15:37:29	1,88	8,27	8,46	64,61	-16,93
1171	24.07.21 15:37:30	1,88	8,27	5,66	54,65	-29,70
1172	24.07.21 15:37:31	1,88	8,24	5,85	38,21	-45,93
1173	24.07.21 15:37:32	1,88	8,24	14,87	58,56	-16,57
1174	24.07.21 15:37:33	1,88	8,27	15,85	62,07	-12,08
1175	24.07.21 15:37:34	1,88	8,22	1,42	83,29	-5,29
1176	24.07.21 15:37:35	1,84	8,19	0,22	70,42	19,36
1177	24.07.21 15:37:36	1,84	8,22	1,65	38,79	-49,56
1178	24.07.21 15:37:37	1,84	8,24	13,12	-13,65	-63,23
1179	24.07.21 15:37:38	1,84	8,26	25,00	6,11	-58,89
1180	24.07.21 15:37:39	1,84	8,29	2,45	80,00	7,55
1181	24.07.21 15:37:40	1,80	8,26	-1,36	84,02	4,62
1182	24.07.21 15:37:41	1,80	8,24	-0,25	89,21	0,54
1183	24.07.21 15:37:42	1,80	8,28	-2,11	82,86	5,03
1184	24.07.21 15:37:43	1,80	8,28	2,27	83,46	4,28
1185	24.07.21 15:37:44	1,80	8,26	0,32	83,60	6,08
1186	24.07.21 15:37:45	1,80	8,24	-1,77	84,34	3,89
1187	24.07.21 15:37:46	1,80	8,24	1,20	88,36	-0,43
1188	24.07.21 15:37:47	1,80	8,24	3,53	84,92	1,55
1189	24.07.21 15:37:48	1,80	8,21	2,01	85,69	2,29
1190	24.07.21 15:37:49	1,76	8,21	0,36	88,02	1,62
1191	24.07.21 15:37:50	1,76	8,19	2,37	86,58	1,05
1192	24.07.21 15:37:51	1,76	8,19	2,54	87,15	0,31
1193	24.07.21 15:37:52	1,76	8,19	2,66	86,61	-0,73
1194	24.07.21 15:37:53	1,76	8,16	4,06	84,92	-1,01
1195	24.07.21 15:37:54	1,73	8,11	3,76	85,66	-0,57
1196	24.07.21 15:37:55	1,73	8,09	3,45	86,32	-0,23
1197	24.07.21 15:37:56	1,73	8,02	1,29	87,51	-1,20
1198	24.07.21 15:37:57	1,73	7,99	3,58	82,55	-3,88
1199	24.07.21 15:37:58	1,73	7,99	5,30	80,70	-4,00
1200	24.07.21 15:37:59	1,69	7,97	4,79	84,39	-0,82
1201	24.07.21 15:38:00	1,69	7,92	4,00	85,23	0,77
1202	24.07.21 15:38:01	1,69	7,85	5,03	82,89	2,08
1203	24.07.21 15:38:02	1,69	7,80	6,10	82,82	1,08
1204	24.07.21 15:38:03	1,69	7,73	5,77	83,80	0,43
1205	24.07.21 15:38:04	1,69	7,71	5,23	82,25	-2,51
1206	24.07.21 15:38:05	1,69	7,68	7,47	78,26	-4,27
1207	24.07.21 15:38:06	1,69	7,61	5,18	80,77	-4,05
1208	24.07.21 15:38:07	1,69	7,59	3,19	85,10	-1,71
1209	24.07.21 15:38:08	1,69	7,52	8,51	80,61	-0,88
1210	24.07.21 15:38:09	1,69	7,49	8,10	80,06	-1,84
1211	24.07.21 15:38:10	1,69	7,45	8,07	80,24	-1,69
1212	24.07.21 15:38:11	1,65	7,39	7,34	80,34	-2,32
1213	24.07.21 15:38:12	1,65	7,35	10,68	74,43	-4,90
1214	24.07.21 15:38:13	1,65	7,32	1,22	84,62	-4,16
1215	24.07.21 15:38:14	1,65	7,30	11,35	76,58	-2,07
1216	24.07.21 15:38:15	1,65	7,23	5,56	83,38	-1,06
1217	24.07.21 15:38:16	1,65	7,18	6,08	80,34	-3,58
1218	24.07.21 15:38:17	1,65	7,18	5,42	79,90	-4,68
1219	24.07.21 15:38:18	1,65	7,11	9,10	77,91	-2,99
1220	24.07.21 15:38:19	1,65	7,11	8,05	79,76	-2,19
1221	24.07.21 15:38:20	1,65	7,06	7,75	79,82	-2,43
1222	24.07.21 15:38:21	1,61	7,04	7,39	79,54	-3,07
1223	24.07.21 15:38:22	1,61	7,01	4,35	82,43	-3,22
1224	24.07.21 15:38:23	1,61	7,01	8,77	77,87	-3,36
1225	24.07.21 15:38:24	1,61	7,01	2,65	86,65	-0,70
1226	24.07.21 15:38:25	1,61	6,99	4,71	83,27	2,02
1227	24.07.21 15:38:26	1,61	6,97	4,75	82,19	3,05
1228	24.07.21 15:38:27	1,61	6,94	1,46	85,63	2,91
1229	24.07.21 15:38:28	1,61	6,97	4,29	78,62	7,09
1230	24.07.21 15:38:29	1,61	6,97	4,47	73,97	11,56
1231	24.07.21 15:38:30	1,57	6,94	4,98	76,22	8,80
1232	24.07.21 15:38:31	1,57	6,91	4,61	79,43	5,97
1233	24.07.21 15:38:32	1,57	6,91	5,74	77,57	6,69
1234	24.07.21 15:38:33	1,57	6,89	3,80	75,91	10,29
1235	24.07.21 15:38:34	1,57	6,87	4,18	74,70	11,12
1236	24.07.21 15:38:35	1,57	6,84	1,99	78,86	9,15
1237	24.07.21 15:38:36	1,57	6,87	3,64	82,85	3,51
1238	24.07.21 15:38:37	1,53	6,84	5,84	82,56	1,60
1239	24.07.21 15:38:38	1,53	6,82	5,18	78,90	5,91
1240	24.07.21 15:38:39	1,53	6,82	4,79	78,35	6,86
1241	24.07.21 15:38:40	1,53	6,79	2,43	83,03	4,53
1242	24.07.21 15:38:41	1,53	6,79	6,36	83,05	0,59
1243	24.07.21 15:38:42	1,53	6,79	7,99	78,75	3,26
1244	24.07.21 15:38:43	1,53	6,77	3,02	80,76	6,21
1245	24.07.21 15:38:44	1,53	6,75	9,26	76,24	4,50
1246	24.07.21 15:38:45	1,53	6,75	8,40	79,62	1,98
1247	24.07.21 15:38:46	1,53	6,72	6,42	78,26	5,32
1248	24.07.21 15:38:47	1,53	6,70	3,81	81,82	4,37
1249	24.07.21 15:38:48	1,53	6,67	5,87	81,66	2,47
1250	24.07.21 15:38:49	1,53	6,70	7,50	79,78	2,72
1251	24.07.21 15:38:50	1,53	6,67	6,26	78,40	5,34
1252	24.07.21 15:38:51	1,53	6,67	5,57	77,45	6,97
1253	24.07.21 15:38:52	1,53	6,65	4,61	81,45	3,94
1254	24.07.21 15:38:53	1,53	6,63	7,29	82,57	0,14
1255	24.07.21 15:38:54	1,53	6,65	11,10	78,82	0,08
1256	24.07.21 15:38:55	1,53	6,60	9,16	77,80	3,03
1257	24.07.21 15:38:56	1,53	6,56	3,27	85,99	0,74
1258	24.07.21 15:38:57	1,53	6,56	6,71	80,12	-3,17
1259	24.07.21 15:38:58	1,53	6,58	9,94	73,84	-6,22
1260	24.07.21 15:38:59	1,53	6,58	10,54	79,04	-0,42
1261	24.07.21 15:39:00	1,53	6,53	4,60	84,31	-1,09
1262	24.07.21 15:39:01	1,53	6,48	8,49	76,41	-5,10
1263	24.07.21 15:39:02	1,53	6,48	10,44	72,53	-7,03
1264	24.07.21 15:39:03	1,53	6,48	9,28	76,63	-4,10
1265	24.07.21 15:39:04	1,53	6,46	6,94	77,65	-5,41
1266	24.07.21 15:39:05	1,53	6,44	9,68	72,43	-7,88
1267	24.07.21 15:39:06	1,53	6,44	8,41	73,42	-8,17
1268	24.07.21 15:39:07	1,53	6,41	9,89	72,56	-7,55
1269	24.07.21 15:39:08	1,53	6,39	9,31	70,94	-9,75
1270	24.07.21 15:39:09	1,53	6,39	11,06	69,25	-9,69
1271	24.07.21 15:39:10	1,53	6,37	10,27	70,42	-9,31
1272	24.07.21 15:39:11	1,53	6,32	9,30	68,51	-12,18
1273	24.07.21 15:39:12	1,53	6,32	11,42	66,34	-12,24
1274	24.07.21 15:39:13	1,53	6,32	10,26	65,74	-14,00
1275	24.07.21 15:39:14	1,49	6,29	10,65	65,73	-13,62
1276	24.07.21 15:39:15	1,49	6,27	9,53	65,67	-14,80
1277	24.07.21 15:39:16	1,49	6,24	12,78	62,75	-14,47
1278	24.07.21 15:39:17	1,49	6,22	12,23	63,82	-13,95
1279	24.07.21 15:39:18	1,49	6,20	11,16	63,82	-15,02
1280	24.07.21 15:39:19	1,49	6,15	9,51	66,16	-14,34
1281	24.07.21 15:39:20	1,49	6,15	12,26	63,17	-14,57
1282	24.07.21 15:39:21	1,49	6,13	12,65	60,34	-17,02
1283	24.07.21 15:39:22	1,49	6,10	11,60	61,65	-16,75
1284	24.07.21 15:39:23	1,49	6,06	11,39	63,10	-15,52
1285	24.07.21 15:39:24	1,49	6,06	7,24	71,67	-11,09
1286	24.07.21 15:39:25	1,49	6,06	12,33	64,73	-12,94
1287	24.07.21 15:39:26	1,49	6,01	11,24	65,73	-13,03
1288	24.07.21 15:39:27	1,49	6,01	11,28	64,78	-13,94
1289	24.07.21 15:39:28	1,49	5,98	8,88	69,04	-12,09
1290	24.07.21 15:39:29	1,49	6,01	12,06	65,32	-12,62
1291	24.07.21 15:39:30	1,49	5,94	13,65	62,87	-13,48
1292	24.07.21 15:39:31	1,45	5,89	9,63	66,14	-14,23
1293	24.07.21 15:39:32	1,45	5,89	14,12	61,63	-14,25
1294	24.07.21 15:39:33	1,45	5,86	15,09	58,81	-16,10
1295	24.07.21 15:39:34	1,45	5,84	14,42	58,98	-16,60
1296	24.07.21 15:39:35	1,45	5,79	11,27	60,82	-17,90
1297	24.07.21 15:39:36	1,45	5,74	14,05	62,07	-13,87
1298	24.07.21 15:39:37	1,45	5,74	16,32	57,63	-16,05
1299	24.07.21 15:39:38	1,45	5,72	13,73	59,11	-17,16
1300	24.07.21 15:39:39	1,45	5,67	12,56	60,49	-16,95
1301	24.07.21 15:39:40	1,45	5,63	15,15	59,74	-15,11
1302	24.07.21 15:39:41	1,45	5,60	15,00	58,21	-16,79
1303	24.07.21 15:39:42	1,45	5,56	13,29	58,89	-17,82
1304	24.07.21 15:39:43	1,45	5,53	14,84	61,00	-14,16
1305	24.07.21 15:39:44	1,45	5,53	15,84	57,97	-16,19
1306	24.07.21 15:39:45	1,45	5,48	14,77	59,09	-16,15
1307	24.07.21 15:39:46	1,45	5,44	13,52	60,74	-15,74
1308	24.07.21 15:39:47	1,45	5,41	15,98	59,84	-14,18
1309	24.07.21 15:39:48	1,45	5,39	16,63	57,59	-15,78
1310	24.07.21 15:39:49	1,45	5,34	14,96	59,15	-15,89
1311	24.07.21 15:39:50	1,45	5,32	15,46	59,91	-14,63
1312	24.07.21 15:39:51	1,45	5,30	16,96	57,64	-15,41
1313	24.07.21 15:39:52	1,45	5,25	16,23	57,69	-16,08
1314	24.07.21 15:39:53	1,45	5,18	18,08	56,24	-15,68
1315	24.07.21 15:39:54	1,45	5,15	16,71	59,59	-13,70
1316	24.07.21 15:39:55	1,45	5,15	17,18	57,45	-15,37
1317	24.07.21 15:39:56	1,45	5,13	16,22	57,54	-16,24
1318	24.07.21 15:39:57	1,45	5,08	17,29	56,46	-16,24
1319	24.07.21 15:39:58	1,45	5,04	17,31	56,78	-15,91
1320	24.07.21 15:39:59	1,45	4,99	17,61	56,51	-15,89
1321	24.07.21 15:40:00	1,49	4,94	17,53	57,70	-14,76
1322	24.07.21 15:40:01	1,49	4,92	18,14	59,00	-12,86
1323	24.07.21 15:40:02	1,49	4,92	18,73	57,99	-13,28
1324	24.07.21 15:40:03	1,49	4,90	18,97	56,32	-14,71
1325	24.07.21 15:40:04	1,49	4,80	17,80	57,55	-14,65
1326	24.07.21 15:40:05	1,49	4,75	19,33	58,28	-12,39
1327	24.07.21 15:40:06	1,49	4,73	19,25	59,75	-11,00
1328	24.07.21 15:40:07	1,49	4,71	21,23	57,57	-11,20
1329	24.07.21 15:40:08	1,53	4,66	19,74	58,02	-12,23
1330	24.07.21 15:40:09	1,53	4,59	20,16	59,62	-10,22
1331	24.07.21 15:40:10	1,53	4,57	20,40	62,65	-6,95
1332	24.07.21 15:40:11	1,53	4,59	21,75	59,37	-8,89
1333	24.07.21 15:40:12	1,53	4,55	21,81	61,28	-6,91
1334	24.07.21 15:40:13	1,53	4,57	19,86	62,21	-7,94
1335	24.07.21 15:40:14	1,53	4,55	18,92	65,22	-5,86
1336	24.07.21 15:40:15	1,53	4,55	16,47	72,49	-1,05
1337	24.07.21 15:40:16	1,53	4,59	15,89	72,18	-1,93
1338	24.07.21 15:40:17	1,57	4,64	10,78	62,64	16,58
1339	24.07.21 15:40:18	1,57	4,64	43,62	21,47	24,91
1340	24.07.21 15:40:19	1,61	4,65	56,39	11,82	21,79
1341	24.07.21 15:40:20	1,65	4,65	61,58	12,52	15,90
1342	24.07.21 15:40:21	1,69	4,63	58,48	17,48	14,04
1343	24.07.21 15:40:22	1,69	4,65	56,86	21,60	11,55
1344	24.07.21 15:40:23	1,73	4,68	54,17	23,61	12,22
1345	24.07.21 15:40:24	1,73	4,66	54,07	23,23	12,70
1346	24.07.21 15:40:25	1,73	4,68	56,17	23,38	10,44
1347	24.07.21 15:40:26	1,76	4,68	54,44	23,70	11,87
1348	24.07.21 15:40:27	1,76	4,68	51,03	22,92	16,05
1349	24.07.21 15:40:28	1,76	4,64	53,22	20,49	16,29
1350	24.07.21 15:40:29	1,76	4,66	57,55	25,89	6,56
1351	24.07.21 15:40:30	1,76	4,73	55,59	25,14	9,27
1352	24.07.21 15:40:31	1,76	4,73	51,72	22,34	15,95
1353	24.07.21 15:40:32	1,76	4,68	52,18	20,20	17,62
1354	24.07.21 15:40:33	1,76	4,66	54,19	21,92	13,90
1355	24.07.21 15:40:34	1,80	4,66	53,61	21,66	14,73
1356	24.07.21 15:40:35	1,80	4,62	53,67	21,64	14,69
1357	24.07.21 15:40:36	1,80	4,59	54,64	20,24	15,13
1358	24.07.21 15:40:37	1,80	4,55	50,36	19,20	20,45
1359	24.07.21 15:40:38	1,80	4,48	48,71	17,91	23,38
1360	24.07.21 15:40:39	1,80	4,40	48,97	18,13	22,91
1361	24.07.21 15:40:40	1,80	4,31	47,98	18,66	23,36
1362	24.07.21 15:40:41	1,80	4,26	51,60	13,61	24,80
1363	24.07.21 15:40:42	1,80	4,14	45,27	18,24	26,50
1364	24.07.21 15:40:43	1,84	4,05	49,01	15,74	25,25
1365	24.07.21 15:40:44	1,84	3,98	44,83	19,33	25,84
1366	24.07.21 15:40:45	1,84	3,91	48,75	15,45	25,80
1367	24.07.21 15:40:46	1,84	3,84	44,48	18,79	26,73
1368	24.07.21 15:40:47	1,84	3,75	43,62	20,56	25,82
1369	24.07.21 15:40:48	1,84	3,70	45,43	17,90	26,67
1370	24.07.21 15:40:49	1,84	3,58	43,39	18,64	27,97
1371	24.07.21 15:40:50	1,84	3,51	42,63	18,62	28,74
1372	24.07.21 15:40:51	1,84	3,44	44,41	18,51	27,08
1373	24.07.21 15:40:52	1,84	3,37	42,59	20,20	27,21
1374	24.07.21 15:40:53	1,84	3,30	41,33	21,82	26,85
1375	24.07.21 15:40:54	1,88	3,23	44,58	18,56	26,87
1376	24.07.21 15:40:55	1,88	3,16	42,14	18,71	29,15
1377	24.07.21 15:40:56	1,88	3,14	40,81	18,73	30,46
1378	24.07.21 15:40:57	1,92	3,07	39,41	15,80	34,79
1379	24.07.21 15:40:58	1,92	3,05	41,22	12,66	36,13
1380	24.07.21 15:40:59	1,96	3,00	45,76	11,26	32,98
1381	24.07.21 15:41:00	2,04	2,89	40,44	5,97	43,60
1382	24.07.21 15:41:01	2,08	2,85	38,67	-1,52	49,81
1383	24.07.21 15:41:02	2,23	2,67	36,67	-4,96	48,38
1384	24.07.21 15:41:03	2,42	2,59	34,04	-6,47	49,48
1385	24.07.21 15:41:04	2,62	2,47	31,25	-9,40	49,35
1386	24.07.21 15:41:05	2,81	2,44	31,72	-10,05	48,23
1387	24.07.21 15:41:06	3,00	2,31	33,25	-11,37	45,38
1388	24.07.21 15:41:07	3,11	2,28	32,42	-13,08	44,49
1389	24.07.21 15:41:08	3,23	2,19	34,74	-9,59	45,67
1390	24.07.21 15:41:09	3,30	2,15	42,16	-7,45	40,40
1391	24.07.21 15:41:10	3,38	2,11	42,56	-8,87	38,57
1392	24.07.21 15:41:11	3,41	2,09	39,53	-5,33	45,15
1393	24.07.21 15:41:12	3,45	2,02	38,67	0,59	50,74
1394	24.07.21 15:41:13	3,49	1,98	38,60	0,55	50,84
1395	24.07.21 15:41:14	3,53	1,89	40,50	0,84	48,66
1396	24.07.21 15:41:15	3,60	1,80	38,90	1,19	49,91
1397	24.07.21 15:41:16	3,71	1,74	31,06	8,76	50,18
1398	24.07.21 15:41:17	3,83	1,68	34,90	6,09	49,01
1399	24.07.21 15:41:18	4,01	1,69	35,29	4,25	50,46
1400	24.07.21 15:41:19	4,20	1,57	35,79	2,08	52,13
1401	24.07.21 15:41:20	4,38	1,46	36,30	2,37	51,33
1402	24.07.21 15:41:21	4,57	1,41	36,77	2,43	50,81
1403	24.07.21 15:41:22	4,71	1,33	39,95	0,00	50,05
1404	24.07.21 15:41:23	4,86	1,27	36,46	-3,98	49,57
1405	24.07.21 15:41:24	5,00	1,23	36,19	0,63	53,19
1406	24.07.21 15:41:25	5,08	1,19	35,44	0,83	53,72
1407	24.07.21 15:41:26	5,11	1,17	31,13	3,87	55,00
1408	24.07.21 15:41:27	5,22	1,13	34,49	4,16	51,35
1409	24.07.21 15:41:28	5,40	1,01	36,99	-1,44	51,57
1410	24.07.21 15:41:29	5,62	0,96	30,13	6,20	53,67
1411	24.07.21 15:41:30	5,80	0,90	33,17	2,85	53,98
1412	24.07.21 15:41:31	5,98	0,84	32,99	2,72	54,30
1413	24.07.21 15:41:32	6,12	0,81	35,25	7,86	46,88
1414	24.07.21 15:41:33	6,22	0,82	25,09	16,46	48,44
1415	24.07.21 15:41:34	6,37	0,78	26,94	15,37	47,70
1416	24.07.21 15:41:35	6,51	0,77	28,73	11,54	49,73
1417	24.07.21 15:41:36	6,65	0,69	27,34	11,93	50,73
1418	24.07.21 15:41:37	6,82	0,63	29,02	10,34	50,64
1419	24.07.21 15:41:38	7,00	0,58	28,64	10,54	50,82
1420	24.07.21 15:41:39	7,14	0,56	30,65	10,02	49,33
1421	24.07.21 15:41:40	7,21	0,57	31,60	10,78	47,63
1422	24.07.21 15:41:41	7,28	0,55	36,01	6,50	47,49
1423	24.07.21 15:41:42	7,35	0,56	32,30	10,44	47,26
1424	24.07.21 15:41:43	7,48	0,52	32,15	9,25	48,60
1425	24.07.21 15:41:44	7,55	0,48	37,30	1,28	51,41
1426	24.07.21 15:41:45	7,62	0,49	34,28	1,13	54,60
1427	24.07.21 15:41:46	7,72	0,42	33,59	0,00	56,41
1428	24.07.21 15:41:47	7,90	0,37	31,38	1,35	57,27
1429	24.07.21 15:41:48	8,00	0,35	28,79	7,52	53,69
1430	24.07.21 15:41:49	8,10	0,35	27,65	14,46	47,89
1431	24.07.21 15:41:50	8,20	0,30	27,32	6,87	55,81
1432	24.07.21 15:41:51	8,34	0,30	32,47	-0,57	56,95
1433	24.07.21 15:41:52	8,44	0,30	31,62	5,87	52,51
1434	24.07.21 15:41:53	8,51	0,30	22,53	13,40	54,07
1435	24.07.21 15:41:54	8,58	0,30	21,59	15,33	53,09
1436	24.07.21 15:41:55	8,65	0,26	22,94	10,76	56,30
1437	24.07.21 15:41:56	8,75	0,23	26,43	10,43	53,15
1438	24.07.21 15:41:57	8,78	0,26	28,49	9,22	52,29
1439	24.07.21 15:41:58	8,81	0,26	19,62	12,67	57,72
1440	24.07.21 15:41:59	8,88	0,33	26,27	8,92	54,81
1441	24.07.21 15:42:00	8,98	0,28	26,10	4,99	58,91
1442	24.07.21 15:42:01	9,05	0,26	27,60	-2,23	60,16
1443	24.07.21 15:42:02	9,22	0,21	31,40	0,51	58,09
1444	24.07.21 15:42:03	9,32	0,16	20,95	0,83	68,22
1445	24.07.21 15:42:04	9,38	0,14	20,83	0,09	69,08
1446	24.07.21 15:42:05	9,52	0,16	21,35	4,43	64,22
1447	24.07.21 15:42:06	9,72	0,18	24,48	1,53	63,99
1448	24.07.21 15:42:07	9,85	0,18	19,86	11,10	59,04
1449	24.07.21 15:42:08	9,95	0,18	28,61	6,10	55,30
1450	24.07.21 15:42:09	10,05	0,16	21,32	10,51	58,17
1451	24.07.21 15:42:10	10,11	0,16	24,21	8,03	57,76
1452	24.07.21 15:42:11	10,18	0,16	22,64	-0,35	67,02
1453	24.07.21 15:42:12	10,21	0,14	28,64	-1,64	59,72
1454	24.07.21 15:42:13	10,25	0,18	23,14	9,15	57,71
1455	24.07.21 15:42:14	10,31	0,23	34,18	2,36	53,45
1456	24.07.21 15:42:15	10,41	0,21	24,15	2,72	63,13
1457	24.07.21 15:42:16	10,57	0,16	26,72	-1,08	62,20
1458	24.07.21 15:42:17	10,70	0,07	25,45	0,77	63,78
1459	24.07.21 15:42:18	10,77	0,07	26,16	-2,21	61,62
1460	24.07.21 15:42:19	10,83	0,07	13,57	3,93	72,50
1461	24.07.21 15:42:20	10,87	0,11	21,23	1,00	67,78
1462	24.07.21 15:42:21	10,90	0,14	25,21	-11,60	53,19
1463	24.07.21 15:42:22	11,03	0,18	23,80	0,76	65,43
1464	24.07.21 15:42:23	11,09	0,14	26,79	5,61	57,60
1465	24.07.21 15:42:24	11,16	0,14	27,54	-2,05	60,40
1466	24.07.21 15:42:25	11,22	0,11	23,26	3,02	63,72
1467	24.07.21 15:42:26	11,29	0,14	23,81	-7,93	58,26
1468	24.07.21 15:42:27	11,35	0,16	27,15	-9,45	53,40
1469	24.07.21 15:42:28	11,39	0,16	26,57	-4,15	59,27
1470	24.07.21 15:42:29	11,45	0,18	26,59	-7,12	56,29
1471	24.07.21 15:42:30	11,51	0,16	25,63	-2,31	62,06
1472	24.07.21 15:42:31	11,58	0,16	24,59	-7,78	57,63
1473	24.07.21 15:42:32	11,64	0,16	27,50	-3,01	59,49
1474	24.07.21 15:42:33	11,74	0,21	25,06	-5,74	59,20
1475	24.07.21 15:42:34	11,77	0,18	27,85	-0,52	61,64
1476	24.07.21 15:42:35	11,84	0,14	24,81	4,52	60,67
1477	24.07.21 15:42:36	11,90	0,11	21,02	3,09	65,89
1478	24.07.21 15:42:37	11,93	0,11	19,24	-2,01	68,75
1479	24.07.21 15:42:38	11,96	0,14	25,33	-8,56	56,12
1480	24.07.21 15:42:39	12,00	0,16	21,38	6,04	62,57
1481	24.07.21 15:42:40	12,06	0,18	31,64	2,39	55,97
1482	24.07.21 15:42:41	12,12	0,16	37,25	-0,57	52,18
1483	24.07.21 15:42:42	12,16	0,14	33,35	-4,27	52,38
1484	24.07.21 15:42:43	12,22	0,09	28,91	-6,09	55,00
1485	24.07.21 15:42:44	12,25	0,09	19,09	-6,24	64,66
1486	24.07.21 15:42:45	12,32	0,14	15,41	12,97	61,62
1487	24.07.21 15:42:46	12,35	0,14	26,06	-3,26	60,67
1488	24.07.21 15:42:47	12,38	0,18	36,06	-0,78	53,16
1489	24.07.21 15:42:48	12,41	0,16	41,81	-0,41	47,78
1490	24.07.21 15:42:49	12,44	0,14	30,51	-1,87	57,62
1491	24.07.21 15:42:50	12,51	0,09	24,72	0,74	64,53
1492	24.07.21 15:42:51	12,51	0,11	22,55	-3,05	64,39
1493	24.07.21 15:42:52	12,54	0,14	25,84	-5,83	58,34
1494	24.07.21 15:42:53	12,57	0,11	28,13	61,03	-0,84
1495	24.07.21 15:42:54	12,60	0,11	40,43	-18,33	31,24
1496	24.07.21 15:42:55	12,67	0,11	13,80	11,48	64,72
1497	24.07.21 15:42:56	12,76	0,14	35,69	2,65	51,66
1498	24.07.21 15:42:57	12,82	0,16	38,32	18,83	32,85
1499	24.07.21 15:42:58	12,86	0,14	39,94	3,38	46,68
1500	24.07.21 15:42:59	12,89	0,11	44,83	-7,66	37,51
1501	24.07.21 15:43:00	12,95	0,14	17,65	19,62	52,72
1502	24.07.21 15:43:01	12,98	0,14	23,32	13,05	53,63
1503	24.07.21 15:43:02	13,01	0,14	32,58	3,96	53,46
1504	24.07.21 15:43:03	13,04	0,14	20,29	2,98	66,73
1505	24.07.21 15:43:04	13,08	0,11	27,29	-15,83	46,88
1506	24.07.21 15:43:05	13,11	0,09	23,19	-22,87	43,94
1507	24.07.21 15:43:06	13,14	0,11	35,28	-31,34	23,37
1508	24.07.21 15:43:07	13,14	0,11	55,39	-22,71	11,90
1509	24.07.21 15:43:08	13,14	0,09	62,12	-24,90	2,98
1510	24.07.21 15:43:09	13,27	0,11	55,51	-28,27	6,22
1511	24.07.21 15:43:10	13,33	0,09	48,98	-32,02	9,00
1512	24.07.21 15:43:11	13,36	0,11	51,21	-28,46	10,32
1513	24.07.21 15:43:12	13,39	0,11	59,30	-24,36	6,35
1514	24.07.21 15:43:13	13,39	0,11	54,14	-28,51	7,36
1515	24.07.21 15:43:14	13,39	0,11	55,57	-24,20	10,23
1516	24.07.21 15:43:15	13,42	0,11	58,03	-25,00	6,97
1517	24.07.21 15:43:16	13,42	0,14	52,82	-24,20	12,98
1518	24.07.21 15:43:17	13,42	0,14	7,55	-30,32	52,13
1519	24.07.21 15:43:18	13,42	0,11	-0,92	-41,26	47,82
1520	24.07.21 15:43:19	13,42	0,14	-3,39	-73,61	13,00
1521	24.07.21 15:43:20	13,42	0,14	10,47	-35,68	43,85
1522	24.07.21 15:43:21	13,42	0,14	10,10	-76,41	3,50
1523	24.07.21 15:43:22	13,42	0,16	4,68	-82,36	2,97
1524	24.07.21 15:43:23	13,42	0,16	8,07	-67,58	14,34
1525	24.07.21 15:43:24	13,39	0,16	9,00	-65,58	15,42
1526	24.07.21 15:43:25	13,39	0,16	42,37	-41,74	5,89
1527	24.07.21 15:43:26	13,39	0,16	33,12	-41,39	-15,49
1528	24.07.21 15:43:27	13,39	0,16	45,51	-31,18	-13,31
1529	24.07.21 15:43:28	13,39	0,16	79,85	2,78	7,37
1530	24.07.21 15:43:29	13,39	0,16	67,31	12,45	10,24
1531	24.07.21 15:43:30	13,39	0,18	60,29	4,83	24,88
1532	24.07.21 15:43:31	13,39	0,18	7,56	9,13	73,31
1533	24.07.21 15:43:32	13,39	0,18	-14,91	4,12	70,97
1534	24.07.21 15:43:33	13,39	0,18	-13,83	-0,06	76,11
1535	24.07.21 15:43:34	13,39	0,18	-10,13	1,68	78,19
1536	24.07.21 15:43:35	13,39	0,18	-11,23	-0,80	77,97
1537	24.07.21 15:43:36	13,39	0,18	-9,05	-1,48	79,47
1538	24.07.21 15:43:37	13,39	0,18	-10,74	2,78	76,47
1539	24.07.21 15:43:38	13,39	0,21	-14,10	0,21	75,69
1540	24.07.21 15:43:39	13,36	0,21	-11,27	1,30	77,44
1541	24.07.21 15:43:40	13,36	0,21	-8,39	1,17	80,45
1542	24.07.21 15:43:41	13,36	0,21	-26,18	-0,59	63,23
1543	24.07.21 15:43:42	13,36	0,21	-42,04	-9,09	-38,87
1544	24.07.21 15:43:43	13,36	0,21	-52,78	-6,45	-30,77
1545	24.07.21 15:43:44	13,36	0,21	-47,85	23,41	-18,74
1546	24.07.21 15:43:45	13,36	0,18	7,73	70,54	-11,73
1547	24.07.21 15:43:46	13,36	0,21	-13,49	16,23	-60,28
1548	24.07.21 15:43:47	13,36	0,21	-2,85	75,27	11,87
1549	24.07.21 15:43:48	13,33	0,21	32,05	30,85	-27,10
1550	24.07.21 15:43:49	13,36	0,21	10,17	22,75	-57,08
1551	24.07.21 15:43:50	13,36	0,23	-54,76	-7,76	-27,47
1552	24.07.21 15:43:51	13,33	0,23	-56,03	-8,27	-25,71
1553	24.07.21 15:43:52	13,33	0,23	-54,42	-5,85	-29,73
1554	24.07.21 15:43:53	13,33	0,23	-54,29	-9,44	-26,27
1555	24.07.21 15:43:54	13,33	0,23	-52,50	-8,63	-28,86
1556	24.07.21 15:43:55	13,33	0,23	-52,16	-8,06	-29,77
1557	24.07.21 15:43:56	13,30	0,23	-55,76	-9,53	-24,71
1558	24.07.21 15:43:57	13,30	0,23	-54,95	-9,53	-25,52
1559	24.07.21 15:43:58	13,30	0,23	-52,05	-7,36	-30,59
1560	24.07.21 15:43:59	13,30	0,23	-53,52	-6,85	-29,63
1561	24.07.21 15:44:00	13,30	0,23	-55,50	-11,80	-22,70
1562	24.07.21 15:44:01	13,30	0,23	-48,36	-10,95	-30,69
1563	24.07.21 15:44:02	13,30	0,23	-51,85	-7,45	-30,71
1564	24.07.21 15:44:03	13,30	0,23	-47,76	-11,25	-31,00
1565	24.07.21 15:44:04	13,30	0,23	-53,64	-8,45	-27,91
1566	24.07.21 15:44:05	13,30	0,23	-55,13	-7,73	-27,13
1567	24.07.21 15:44:06	13,30	0,23	-52,33	-6,71	-30,96
1568	24.07.21 15:44:07	13,30	0,21	-56,34	-8,42	-25,25
1569	24.07.21 15:44:08	13,30	0,23	-53,87	-6,81	-29,32
1570	24.07.21 15:44:09	13,30	0,23	-56,43	-7,36	-26,21
1571	24.07.21 15:44:10	13,30	0,21	-56,36	-6,82	-26,82
1572	24.07.21 15:44:11	13,30	0,23	-54,52	-7,68	-27,80
1573	24.07.21 15:44:12	13,30	0,23	-54,66	-7,86	-27,48
1574	24.07.21 15:44:13	13,30	0,23	-55,54	-8,35	-26,10
1575	24.07.21 15:44:14	13,30	0,23	-54,57	-7,28	-28,14
1576	24.07.21 15:44:15	13,30	0,23	-58,10	-9,88	-22,02
1577	24.07.21 15:44:16	13,30	0,21	-55,75	-8,27	-25,98
1578	24.07.21 15:44:17	13,30	0,23	-58,77	-6,78	-24,45
1579	24.07.21 15:44:18	13,30	0,23	-45,41	-10,68	-33,91
1580	24.07.21 15:44:19	13,30	0,21	-54,62	-1,34	-34,04
1581	24.07.21 15:44:20	13,30	0,23	-26,22	-5,80	-57,98
1582	24.07.21 15:44:21	13,30	0,23	-24,88	-7,57	-57,54
1583	24.07.21 15:44:22	13,30	0,23	-26,38	-8,15	-55,48
1584	24.07.21 15:44:23	13,30	0,21	-28,16	-8,41	-53,43
1585	24.07.21 15:44:24	13,30	0,23	-27,70	-8,17	-54,13
1586	24.07.21 15:44:25	13,30	0,26	-26,07	-6,19	-57,74
1587	24.07.21 15:44:26	13,30	0,23	-25,80	-5,00	-59,20
1588	24.07.21 15:44:27	13,30	0,23	-27,97	-7,45	-54,58
1589	24.07.21 15:44:28	13,30	0,23	-27,93	-9,41	-52,66
1590	24.07.21 15:44:29	13,30	0,23	-25,52	-8,24	-56,23
1591	24.07.21 15:44:30	13,30	0,23	-25,58	-6,66	-57,76
1592	24.07.21 15:44:31	13,30	0,21	-28,36	-6,77	-54,87
1593	24.07.21 15:44:32	13,30	0,23	-28,38	-7,88	-53,74
1594	24.07.21 15:44:33	13,30	0,23	-26,71	-5,97	-57,33
1595	24.07.21 15:44:34	13,30	0,23	-27,02	-5,98	-57,00
1596	24.07.21 15:44:35	13,30	0,21	-26,50	-8,36	-55,13
1597	24.07.21 15:44:36	13,30	0,21	-24,69	-11,18	-54,13
1598	24.07.21 15:44:37	13,30	0,23	-26,95	-10,13	-52,92
1599	24.07.21 15:44:38	13,30	0,23	-29,34	-7,95	-52,71
1600	24.07.21 15:44:39	13,30	0,23	-28,27	-6,83	-54,90
1601	24.07.21 15:44:40	13,30	0,23	-26,26	-5,23	-58,51
1602	24.07.21 15:44:41	13,30	0,23	-25,51	-6,63	-57,86
1603	24.07.21 15:44:42	13,30	0,23	-27,59	-8,76	-53,65
1604	24.07.21 15:44:43	13,30	0,23	-29,93	-8,84	-51,23
1605	24.07.21 15:44:44	13,30	0,21	-25,02	-9,00	-55,98
1606	24.07.21 15:44:45	13,30	0,23	-24,31	-9,03	-56,66
1607	24.07.21 15:44:46	13,30	0,23	-30,22	-8,52	-51,26
1608	24.07.21 15:44:47	13,30	0,23	-30,33	-6,35	-53,32
1609	24.07.21 15:44:48	13,30	0,23	-25,39	-5,42	-59,19
1610	24.07.21 15:44:49	13,30	0,23	-23,42	-6,57	-60,01
1611	24.07.21 15:44:50	13,30	0,23	-27,78	-9,68	-52,53
1612	24.07.21 15:44:51	13,30	0,23	-31,24	-9,55	-49,20
1613	24.07.21 15:44:52	13,30	0,21	-27,83	-8,31	-53,86
1614	24.07.21 15:44:53	13,30	0,23	-23,34	-6,84	-59,81
1615	24.07.21 15:44:54	13,30	0,23	-26,39	-6,40	-57,21
1616	24.07.21 15:44:55	13,30	0,23	-30,65	-7,91	-51,43
1617	24.07.21 15:44:56	13,30	0,23	-28,71	-7,77	-53,53
1618	24.07.21 15:44:57	13,30	0,23	-26,31	-8,32	-55,37
1619	24.07.21 15:44:58	13,30	0,23	-28,10	-13,43	-48,47
1620	24.07.21 15:44:59	13,30	0,23	-18,37	-29,14	-42,50
1621	24.07.21 15:45:00	13,30	0,23	-16,78	-28,79	-44,43
1622	24.07.21 15:45:01	13,33	0,23	-15,44	-26,93	-47,63
1623	24.07.21 15:45:02	13,30	0,21	-16,67	-26,84	-46,49
1624	24.07.21 15:45:03	13,33	0,23	-17,30	-28,46	-44,23
1625	24.07.21 15:45:04	13,33	0,23	-17,78	-28,42	-43,80
1626	24.07.21 15:45:05	13,33	0,23	-17,42	-26,79	-45,80
1627	24.07.21 15:45:06	13,33	0,23	-15,50	-26,67	-47,82
1628	24.07.21 15:45:07	13,33	0,23	-15,54	-29,82	-44,64
1629	24.07.21 15:45:08	13,33	0,23	-17,35	-30,30	-42,35
1630	24.07.21 15:45:09	13,33	0,23	-16,55	-27,11	-46,34
1631	24.07.21 15:45:10	13,33	0,23	-16,28	-25,58	-48,14
1632	24.07.21 15:45:11	13,33	0,23	-17,63	-27,91	-44,45
1633	24.07.21 15:45:12	13,33	0,23	-17,35	-28,83	-43,82
1634	24.07.21 15:45:13	13,33	0,23	-15,97	-27,04	-46,99
1635	24.07.21 15:45:14	13,33	0,23	-16,55	-28,52	-44,93
1636	24.07.21 15:45:15	13,33	0,23	-17,54	-29,24	-43,22
1637	24.07.21 15:45:16	13,33	0,23	-16,59	-26,87	-46,54
1638	24.07.21 15:45:17	13,33	0,23	-15,51	-25,68	-48,80
1639	24.07.21 15:45:18	13,33	0,23	-15,99	-29,01	-45,00
1640	24.07.21 15:45:19	13,33	0,23	-18,13	-30,54	-41,33
1641	24.07.21 15:45:20	13,33	0,21	-18,25	-27,36	-44,40
1642	24.07.21 15:45:21	13,33	0,23	-16,24	-24,79	-48,97
1643	24.07.21 15:45:22	13,33	0,23	-16,18	-26,82	-46,99
1644	24.07.21 15:45:23	13,33	0,21	-17,00	-30,46	-42,54
1645	24.07.21 15:45:24	13,36	0,23	-15,69	-29,65	-44,66
1646	24.07.21 15:45:25	13,36	0,21	-16,07	-26,42	-47,52
1647	24.07.21 15:45:26	13,36	0,23	-17,72	-27,84	-44,43
1648	24.07.21 15:45:27	13,36	0,23	-18,37	-28,01	-43,62
1649	24.07.21 15:45:28	13,36	0,23	-16,23	-26,43	-47,35
1650	24.07.21 15:45:29	13,36	0,21	-16,17	-26,49	-47,34
1651	24.07.21 15:45:30	13,36	0,23	-17,27	-29,58	-43,15
1652	24.07.21 15:45:31	13,36	0,23	-15,57	-29,48	-44,95
1653	24.07.21 15:45:32	13,36	0,23	-15,16	-28,42	-46,42
1654	24.07.21 15:45:33	13,36	0,23	-17,94	-28,07	-43,99
1655	24.07.21 15:45:34	13,36	0,23	-18,64	-26,58	-44,77
1656	24.07.21 15:45:35	13,36	0,21	-16,16	-25,10	-48,74
1657	24.07.21 15:45:36	13,36	0,23	-15,81	-27,51	-46,68
1658	24.07.21 15:45:37	13,36	0,23	-16,98	-32,17	-40,86
1659	24.07.21 15:45:38	13,36	0,23	-16,67	-29,48	-43,84
1660	24.07.21 15:45:39	13,39	0,21	-15,84	-24,96	-49,20
1661	24.07.21 15:45:40	13,39	0,23	-17,13	-26,70	-46,17
1662	24.07.21 15:45:41	13,39	0,23	-16,83	-28,51	-44,66
1663	24.07.21 15:45:42	13,39	0,21	-16,47	-28,74	-44,79
1664	24.07.21 15:45:43	13,39	0,23	-17,34	-28,62	-44,04
1665	24.07.21 15:45:44	13,39	0,21	-17,76	-27,20	-45,04
1666	24.07.21 15:45:45	13,39	0,21	-16,23	-26,41	-47,37
1667	24.07.21 15:45:46	13,39	0,21	-14,57	-28,07	-47,35
1668	24.07.21 15:45:47	13,39	0,21	-16,68	-29,77	-43,54
1669	24.07.21 15:45:48	13,39	0,23	-18,13	-29,11	-42,77
1670	24.07.21 15:45:49	13,39	0,21	-17,47	-26,48	-46,05
1671	24.07.21 15:45:50	13,39	0,21	-15,75	-25,94	-48,31
1672	24.07.21 15:45:51	13,39	0,23	-16,05	-27,22	-46,73
1673	24.07.21 15:45:52	13,39	0,21	-17,40	-29,52	-43,08
1674	24.07.21 15:45:53	13,39	0,21	-17,04	-30,15	-42,81
1675	24.07.21 15:45:54	13,39	0,23	-15,87	-27,70	-46,43
1676	24.07.21 15:45:55	13,39	0,21	-15,81	-25,71	-48,48
1677	24.07.21 15:45:56	13,42	0,21	-17,91	-26,84	-45,26
1678	24.07.21 15:45:57	13,42	0,21	-18,41	-28,70	-42,88
1679	24.07.21 15:45:58	13,42	0,21	-15,35	-29,39	-45,26
1680	24.07.21 15:45:59	13,42	0,21	-14,56	-28,22	-47,21
1681	24.07.21 15:46:00	13,42	0,21	-17,05	-27,44	-45,51
1682	24.07.21 15:46:01	13,42	0,21	-18,24	-28,34	-43,42
1683	24.07.21 15:46:02	13,42	0,21	-17,78	-27,15	-45,07
1684	24.07.21 15:46:03	13,42	0,23	-16,23	-25,97	-47,80
1685	24.07.21 15:46:04	13,42	0,21	-15,98	-28,02	-46,00
1686	24.07.21 15:46:05	13,42	0,21	-15,88	-30,55	-43,57
1687	24.07.21 15:46:06	13,42	0,21	-15,84	-29,23	-44,93
1688	24.07.21 15:46:07	13,42	0,21	-16,52	-27,89	-45,60
1689	24.07.21 15:46:08	13,42	0,21	-18,14	-27,14	-44,72
1690	24.07.21 15:46:09	13,42	0,21	-18,44	-26,14	-45,42
1691	24.07.21 15:46:10	13,42	0,21	-17,16	-26,12	-46,72
1692	24.07.21 15:46:11	13,42	0,23	-14,91	-27,78	-47,30
1693	24.07.21 15:46:12	13,45	0,21	-14,94	-30,90	-44,15
1694	24.07.21 15:46:13	13,45	0,21	-16,38	-30,87	-42,75
1695	24.07.21 15:46:14	13,45	0,23	-17,34	-27,54	-45,12
1696	24.07.21 15:46:15	13,45	0,21	-17,96	-25,21	-46,82
1697	24.07.21 15:46:16	13,45	0,21	-18,11	-26,48	-45,41
1698	24.07.21 15:46:17	13,45	0,21	-17,16	-26,53	-46,31
1699	24.07.21 15:46:18	13,45	0,23	-15,21	-27,40	-47,39
1700	24.07.21 15:46:19	13,45	0,21	-16,08	-30,86	-43,06
1701	24.07.21 15:46:20	13,45	0,21	-17,25	-32,04	-40,71
1702	24.07.21 15:46:21	13,45	0,18	-16,08	-26,76	-47,16
1703	24.07.21 15:46:22	13,45	0,21	-16,32	-23,27	-50,40
1704	24.07.21 15:46:23	13,45	0,21	-18,23	-27,07	-44,70
1705	24.07.21 15:46:24	13,45	0,21	-19,16	-29,99	-40,86
1706	24.07.21 15:46:25	13,49	0,21	-16,42	-28,26	-45,32
1707	24.07.21 15:46:26	13,49	0,23	-14,20	-26,45	-49,35
1708	24.07.21 15:46:27	13,49	0,23	-15,59	-28,92	-45,49
1709	24.07.21 15:46:28	13,49	0,23	-17,46	-30,46	-42,08
1710	24.07.21 15:46:29	13,49	0,23	-17,14	-27,63	-45,23
1711	24.07.21 15:46:30	13,49	0,23	-16,38	-25,67	-47,95
1712	24.07.21 15:46:31	13,49	0,23	-16,70	-26,54	-46,76
1713	24.07.21 15:46:32	13,49	0,23	-17,99	-28,79	-43,21
1714	24.07.21 15:46:33	13,49	0,23	-17,48	-29,56	-42,96
1715	24.07.21 15:46:34	13,49	0,23	-14,94	-28,20	-46,86
1716	24.07.21 15:46:35	13,52	0,23	-14,61	-27,05	-48,34
1717	24.07.21 15:46:36	13,52	0,23	-16,11	-27,56	-46,34
1718	24.07.21 15:46:37	13,52	0,23	-18,27	-29,21	-42,53
1719	24.07.21 15:46:38	13,52	0,23	-19,25	-28,85	-41,90
1720	24.07.21 15:46:39	13,52	0,23	-16,40	-26,14	-47,46
1721	24.07.21 15:46:40	13,52	0,21	-14,31	-25,49	-50,20
1722	24.07.21 15:46:41	13,52	0,26	-15,61	-29,32	-45,07
1723	24.07.21 15:46:42	13,52	0,23	-17,58	-31,41	-41,01
1724	24.07.21 15:46:43	13,52	0,23	-17,37	-28,69	-43,94
1725	24.07.21 15:46:44	13,52	0,23	-16,16	-25,06	-48,78
1726	24.07.21 15:46:45	13,52	0,26	-16,61	-25,86	-47,52
1727	24.07.21 15:46:46	13,52	0,23	-17,53	-29,31	-43,17
1728	24.07.21 15:46:47	13,55	0,23	-17,02	-29,11	-43,87
1729	24.07.21 15:46:48	13,55	0,21	-16,20	-27,32	-46,48
1730	24.07.21 15:46:49	13,55	0,21	-16,61	-27,53	-45,86
1731	24.07.21 15:46:50	13,55	0,23	-16,77	-28,38	-44,86
1732	24.07.21 15:46:51	13,55	0,23	-15,25	-28,56	-46,19
1733	24.07.21 15:46:52	13,55	0,21	-15,61	-27,55	-46,84
1734	24.07.21 15:46:53	13,55	0,23	-17,73	-28,92	-43,35
1735	24.07.21 15:46:54	13,55	0,23	-18,86	-28,37	-42,77
1736	24.07.21 15:46:55	13,55	0,21	-17,00	-25,06	-47,94
1737	24.07.21 15:46:56	13,55	0,23	-14,11	-28,67	-47,22
1738	24.07.21 15:46:57	13,55	0,21	26,21	-16,01	47,78
1739	24.07.21 15:46:58	13,58	0,21	-4,96	-58,40	26,64
1740	24.07.21 15:46:59	13,58	0,52	68,70	-1,73	19,57
1741	24.07.21 15:47:00	13,61	0,50	-19,94	-57,00	13,05
1742	24.07.21 15:47:01	13,64	0,50	53,25	-15,11	21,64
1743	24.07.21 15:47:02	13,67	0,48	54,21	17,67	18,12
1744	24.07.21 15:47:03	13,67	0,48	63,54	-8,16	-18,30
1745	24.07.21 15:47:04	13,70	0,44	34,72	-44,17	11,11
1746	24.07.21 15:47:05	13,83	0,30	-1,16	-81,00	-7,84
1747	24.07.21 15:47:06	14,05	0,30	-7,77	-64,25	-17,98
1748	24.07.21 15:47:07	14,33	0,33	-4,79	-66,73	-18,47
1749	24.07.21 15:47:08	14,51	0,33	2,23	-83,23	4,54
1750	24.07.21 15:47:09	14,73	0,33	-5,90	-64,83	-19,27
1751	24.07.21 15:47:10	14,88	0,30	-17,70	-35,89	-36,41
1752	24.07.21 15:47:11	15,01	0,30	-26,56	-27,04	-36,41
1753	24.07.21 15:47:12	15,19	0,21	-17,99	-38,33	33,68
1754	24.07.21 15:47:13	15,38	0,16	-49,95	-1,72	-38,33
