FileName: C:\GULFNE~1\GP130.TXT
Local Time: Wed Jul 16 08:11:41 2003

Ship: MarcoMichel Trip: 001gulf Tow: gp130
Comments: Zone E secteur ouest de la zone
 Date    Time     Latitude       Longitude    Speed    Primary  Secondary DoorSpread      Depth 
030716  111143  48  31.3440 N  63  16.8050 W   6.6        2.8*       9.8*       2.9*     663.8*
030716  111145  48  31.3450 N  63  16.7990 W   7.2        2.8        9.8        2.9      663.8 
030716  111147  48  31.3460 N  63  16.7920 W   7.5        2.8        9.8        2.9      663.8 
030716  111149  48  31.3460 N  63  16.7860 W   7.4        2.8        9.8        2.9      663.8 
030716  111151  48  31.3470 N  63  16.7800 W   7.0        2.8        9.8        2.9      663.8 
030716  111153  48  31.3480 N  63  16.7750 W   6.5        2.8        9.8        2.9      663.8 
030716  111155  48  31.3480 N  63  16.7700 W   6.5        2.8        9.8        2.9      663.8 
030716  111157  48  31.3490 N  63  16.7650 W   5.9        2.8        9.8        2.9      663.8 
030716  111159  48  31.3500 N  63  16.7590 W   5.7        2.8        9.8        2.9      663.8 
030716  111201  48  31.3500 N  63  16.7550 W   5.4        2.8        9.8        2.9      663.8 
030716  111203  48  31.3510 N  63  16.7510 W   5.3        2.8        9.8        2.9      663.8 
030716  111205  48  31.3510 N  63  16.7470 W   4.8        2.8        9.8        2.9      663.8 
030716  111207  48  31.3520 N  63  16.7430 W   4.7        2.8        9.8        2.9      663.8 
030716  111209  48  31.3520 N  63  16.7400 W   4.3        2.8        9.8        2.9      663.8 
030716  111211  48  31.3530 N  63  16.7360 W   4.2        2.8        9.8        2.2*     663.8 
030716  111213  48  31.3540 N  63  16.7320 W   4.1        2.8        9.8        2.2      663.8 
030716  111215  48  31.3540 N  63  16.7290 W   3.9        2.8        9.8       12.6*     663.8 
030716  111217  48  31.3550 N  63  16.7260 W   3.9        2.8        9.8       12.6      663.8 
030716  111219  48  31.3550 N  63  16.7230 W   3.8        2.8        9.8       12.6      663.8 
030716  111221  48  31.3560 N  63  16.7200 W   3.7        2.8        9.8        2.2*     663.8 
030716  111223  48  31.3560 N  63  16.7170 W   3.7        2.8        9.8        2.2      663.8 
030716  111225  48  31.3570 N  63  16.7140 W   3.6        2.8        9.8        2.2      663.8 
030716  111227  48  31.3580 N  63  16.7110 W   3.6        2.8        9.8        2.2      663.8 
030716  111229  48  31.3590 N  63  16.7080 W   3.6        2.8        9.8        2.2      663.8 
030716  111231  48  31.3590 N  63  16.7050 W   3.4        2.8        9.8        2.6*     663.8 
030716  111233  48  31.3600 N  63  16.7030 W   3.3        2.8        9.8        2.6      663.8 
030716  111235  48  31.3600 N  63  16.7000 W   3.5        2.8        9.8        2.6      663.8 
030716  111237  48  31.3610 N  63  16.6980 W   3.1        2.8        9.8        2.5*     663.8 
030716  111239  48  31.3620 N  63  16.6950 W   3.4        2.8        9.8        2.5      663.8 
030716  111241  48  31.3630 N  63  16.6930 W   2.9        2.8        9.8        2.6*     663.8 
030716  111243  48  31.3630 N  63  16.6910 W   3.5        2.8        9.8        2.6      663.8 
030716  111245  48  31.3640 N  63  16.6880 W   3.6        2.8        9.8        2.6      663.8 
030716  111247  48  31.3650 N  63  16.6840 W   4.3        2.8        9.8        3.4*     663.8 
030716  111249  48  31.3660 N  63  16.6810 W   4.5        2.8        9.8        3.4      663.8 
030716  111251  48  31.3670 N  63  16.6770 W   5.1        2.8        9.8        3.1*     663.8 
030716  111253  48  31.3680 N  63  16.6730 W   5.1        2.8        9.8        3.1      663.8 
030716  111255  48  31.3690 N  63  16.6690 W   5.7        2.8        9.8        3.1      663.8 
030716  111257  48  31.3700 N  63  16.6640 W   5.8        2.8        9.8        3.1      663.8 
030716  111259  48  31.3720 N  63  16.6590 W   6.1        2.8        9.8        3.1      663.8 
030716  111301  48  31.3730 N  63  16.6540 W   6.4        2.8        9.8        3.1      663.8 
030716  111303  48  31.3740 N  63  16.6490 W   6.4        2.8        9.8        3.1      663.8 
030716  111305  48  31.3760 N  63  16.6450 W   6.8        2.8        9.8        3.1      663.8 
030716  111307  48  31.3770 N  63  16.6390 W   6.8        2.8        9.8        3.1      663.8 
030716  111309  48  31.3790 N  63  16.6340 W   6.9        2.8        9.8        3.1      663.8 
030716  111311  48  31.3810 N  63  16.6280 W   6.9        2.8        9.8        3.1      663.8 
030716  111313  48  31.3830 N  63  16.6230 W   7.1        2.8        9.8        3.1      663.8 
030716  111315  48  31.3850 N  63  16.6170 W   7.1        2.8        9.8        3.1      663.8 
030716  111317  48  31.3860 N  63  16.6120 W   7.0        2.8        9.8        3.1      663.8 
030716  111319  48  31.3870 N  63  16.6070 W   7.1        2.8        9.8        3.1      663.8 
030716  111321  48  31.3890 N  63  16.6020 W   7.2        2.8        9.8        3.1      663.8 
030716  111323  48  31.3910 N  63  16.5960 W   7.4        2.8        9.8        3.1      663.8 
030716  111325  48  31.3920 N  63  16.5910 W   7.1        2.8        9.8        3.1      663.8 
030716  111327  48  31.3940 N  63  16.5850 W   7.4        2.8        9.8        3.1      663.8 
030716  111329  48  31.3960 N  63  16.5800 W   7.2        2.8        9.8        3.1      663.8 
030716  111331  48  31.3990 N  63  16.5750 W   7.3        2.8        9.8        3.1      663.8 
030716  111333  48  31.4010 N  63  16.5700 W   7.3        2.8        9.8        3.1      663.8 
030716  111335  48  31.4030 N  63  16.5650 W   7.3        2.8        9.8        3.1      663.8 
030716  111337  48  31.4050 N  63  16.5600 W   7.3        2.8        9.8        3.1      663.8 
030716  111339  48  31.4070 N  63  16.5540 W   7.3        2.8        9.8        3.1      663.8 
030716  111341  48  31.4090 N  63  16.5490 W   7.3        2.8        9.8        3.1      663.8 
030716  111343  48  31.4110 N  63  16.5440 W   7.3        2.8        9.8        3.1      663.8 
030716  111345  48  31.4130 N  63  16.5390 W   7.3        2.8        9.8        3.1      663.8 
030716  111347  48  31.4160 N  63  16.5350 W   7.3        2.8        9.8        3.1      663.8 
030716  111349  48  31.4180 N  63  16.5300 W   7.4        2.8        9.8        3.1      663.8 
030716  111351  48  31.4200 N  63  16.5250 W   7.2        2.8        9.8        3.1      663.8 
030716  111353  48  31.4230 N  63  16.5200 W   7.5        2.8        9.8        3.1      663.8 
030716  111355  48  31.4250 N  63  16.5150 W   7.4        2.8        9.8        3.1      663.8 
030716  111357  48  31.4270 N  63  16.5100 W   7.4        2.8        9.8        3.1      663.8 
030716  111359  48  31.4300 N  63  16.5060 W   7.3        2.8        9.8        3.6*     663.8 
030716  111401  48  31.4320 N  63  16.5010 W   7.2        2.8        9.8        3.6      663.8 
030716  111403  48  31.4350 N  63  16.4960 W   7.4        2.8        9.8        3.6      663.8 
030716  111405  48  31.4380 N  63  16.4910 W   7.2        2.8        9.8        3.6      663.8 
030716  111407  48  31.4410 N  63  16.4860 W   7.1        2.8        9.8        3.6      663.8 
030716  111409  48  31.4430 N  63  16.4810 W   7.5        2.8        9.8        3.6      663.8 
030716  111411  48  31.4450 N  63  16.4760 W   7.4        2.8        9.8        3.6      663.8 
030716  111413  48  31.4470 N  63  16.4710 W   7.4        2.8        9.8        3.6      663.8 
030716  111415  48  31.4490 N  63  16.4660 W   7.1        2.8        9.8        3.6      663.8 
030716  111417  48  31.4510 N  63  16.4600 W   7.5        2.8        9.8        3.6      663.8 
030716  111419  48  31.4540 N  63  16.4550 W   7.3        2.8        9.8        3.6      663.8 
030716  111421  48  31.4560 N  63  16.4500 W   7.3        2.8        9.8        5.8*     663.8 
030716  111423  48  31.4580 N  63  16.4460 W   7.1        2.8        9.8        5.8      663.8 
030716  111425  48  31.4600 N  63  16.4410 W   7.4        2.8        9.8        5.8      663.8 
030716  111427  48  31.4630 N  63  16.4350 W   7.3        2.8        9.8        5.8      663.8 
030716  111429  48  31.4650 N  63  16.4300 W   7.3        2.8        9.8        5.8      663.8 
030716  111431  48  31.4670 N  63  16.4250 W   7.2        2.8        9.8        5.8      663.8 
030716  111433  48  31.4690 N  63  16.4200 W   7.4        2.8        9.8        5.8      663.8 
030716  111435  48  31.4720 N  63  16.4150 W   7.4        2.8        9.8        5.8      663.8 
030716  111437  48  31.4740 N  63  16.4100 W   7.3        2.8        9.8        5.8      663.8 
030716  111439  48  31.4760 N  63  16.4040 W   7.1        2.8        9.8        5.8      663.8 
030716  111441  48  31.4780 N  63  16.4000 W   7.3        2.8        9.8        5.8      663.8 
030716  111443  48  31.4800 N  63  16.3940 W   7.3        2.8        9.8        5.8      663.8 
030716  111445  48  31.4820 N  63  16.3890 W   7.3        2.8        9.8        5.8      663.8 
030716  111447  48  31.4840 N  63  16.3840 W   7.1        2.8        9.8        5.8      663.8 
030716  111449  48  31.4870 N  63  16.3790 W   7.3        2.8        9.8        5.8      663.8 
030716  111451  48  31.4890 N  63  16.3740 W   7.4        2.8        9.8        5.8      663.8 
030716  111453  48  31.4910 N  63  16.3690 W   7.4        2.8        9.8        5.8      663.8 
030716  111455  48  31.4930 N  63  16.3630 W   7.1        2.8        9.8        5.8      663.8 
030716  111457  48  31.4950 N  63  16.3590 W   7.2        2.8        9.8        5.8      663.8 
030716  111459  48  31.4970 N  63  16.3540 W   7.3        2.8        9.8        5.8      663.8 
030716  111501  48  31.5000 N  63  16.3480 W   7.2        2.8        9.8        5.8      663.8 
030716  111503  48  31.5020 N  63  16.3430 W   7.3        2.8        9.8        5.8      663.8 
030716  111505  48  31.5040 N  63  16.3380 W   7.1        2.8        9.8        5.8      663.8 
030716  111507  48  31.5060 N  63  16.3330 W   7.4        2.8        9.8        5.8      663.8 
030716  111509  48  31.5090 N  63  16.3280 W   7.2        2.8        9.8        5.8      663.8 
030716  111511  48  31.5110 N  63  16.3230 W   7.3        2.8        9.8        5.8      663.8 
030716  111513  48  31.5130 N  63  16.3180 W   7.1        2.8        9.8        5.8      663.8 
030716  111515  48  31.5150 N  63  16.3130 W   7.4        2.8        9.8        5.8      663.8 
030716  111517  48  31.5170 N  63  16.3080 W   7.2        2.8        9.8        5.8      663.8 
030716  111519  48  31.5190 N  63  16.3020 W   7.2        2.8        9.8        5.8      663.8 
030716  111521  48  31.5210 N  63  16.2970 W   7.2        2.8        9.8        5.8      663.8 
030716  111523  48  31.5230 N  63  16.2920 W   7.2        2.8        9.8        5.8      663.8 
030716  111525  48  31.5260 N  63  16.2870 W   7.3        2.8        9.8        5.8      663.8 
030716  111527  48  31.5280 N  63  16.2820 W   7.1        2.8        9.8        5.8      663.8 
030716  111529  48  31.5300 N  63  16.2770 W   7.3        2.8        9.8        5.8      663.8 
030716  111531  48  31.5310 N  63  16.2710 W   7.4        2.8        9.8        5.8      663.8 
030716  111533  48  31.5330 N  63  16.2670 W   7.2        2.8        9.8        5.8      663.8 
030716  111535  48  31.5360 N  63  16.2620 W   7.0        2.8        9.8        5.8      663.8 
030716  111537  48  31.5370 N  63  16.2560 W   7.2        2.8        9.8        5.8      663.8 
030716  111539  48  31.5390 N  63  16.2510 W   7.2        2.8        9.8        5.8      663.8 
030716  111541  48  31.5410 N  63  16.2460 W   7.3        2.8        9.8        5.8      663.8 
030716  111543  48  31.5430 N  63  16.2410 W   7.1        2.8        9.8        5.8      663.8 
030716  111545  48  31.5450 N  63  16.2360 W   7.1        2.8        9.8        5.8      663.8 
030716  111547  48  31.5460 N  63  16.2310 W   7.2        2.8        9.8        5.8      663.8 
030716  111549  48  31.5490 N  63  16.2250 W   7.2        2.8        9.8        5.8      663.8 
030716  111551  48  31.5510 N  63  16.2190 W   7.0        2.8        9.8        5.8      663.8 
030716  111553  48  31.5530 N  63  16.2140 W   7.2        2.8        9.8        5.8      663.8 
030716  111555  48  31.5550 N  63  16.2080 W   7.1        2.8        9.8        5.8      663.8 
030716  111557  48  31.5570 N  63  16.2030 W   7.1        2.8        9.8        5.8      663.8 
030716  111559  48  31.5590 N  63  16.1980 W   7.1        2.8        9.8        5.8      663.8 
030716  111601  48  31.5610 N  63  16.1930 W   7.0        2.8        9.8        5.8      663.8 
030716  111603  48  31.5630 N  63  16.1880 W   7.3        2.8        9.8        5.8      663.8 
030716  111605  48  31.5650 N  63  16.1820 W   7.0        2.8        9.8        5.8      663.8 
030716  111607  48  31.5670 N  63  16.1770 W   7.2        2.8        9.8        5.8      663.8 
030716  111609  48  31.5680 N  63  16.1720 W   7.0        2.8        9.8        5.8      663.8 
030716  111611  48  31.5700 N  63  16.1680 W   7.0        2.8        9.8        5.8      663.8 
030716  111613  48  31.5720 N  63  16.1620 W   7.1        2.8        9.8        5.8      663.8 
030716  111615  48  31.5730 N  63  16.1570 W   7.1        2.8        9.8        5.8      663.8 
030716  111617  48  31.5750 N  63  16.1520 W   7.2        2.8        9.8        5.8      663.8 
030716  111619  48  31.5770 N  63  16.1460 W   6.7        2.8        9.8        5.8      663.8 
030716  111621  48  31.5790 N  63  16.1410 W   6.4        2.8        9.8        5.8      663.8 
030716  111623  48  31.5800 N  63  16.1370 W   6.0        2.8        9.8        5.8      663.8 
030716  111625  48  31.5820 N  63  16.1330 W   5.8        2.8        9.8        5.8      663.8 
030716  111627  48  31.5840 N  63  16.1280 W   5.1        2.8        9.8        7.9*      62.9*
030716  111629  48  31.5850 N  63  16.1240 W   4.6        2.8        9.8        7.9       62.9 
030716  111631  48  31.5860 N  63  16.1220 W   4.2        2.8        9.8        7.8*      69.1*
030716  111633  48  31.5870 N  63  16.1190 W   3.6        2.8        9.8        7.8       69.1 
030716  111635  48  31.5880 N  63  16.1170 W   3.6        2.8        9.0*       7.8       69.1 
030716  111637  48  31.5890 N  63  16.1150 W   3.0        2.8        9.0        6.1*      66.9*
030716  111639  48  31.5900 N  63  16.1130 W   3.2        2.8        9.0        6.1       66.9 
030716  111641  48  31.5910 N  63  16.1110 W   2.6        2.8        9.0        6.1       66.9 
030716  111643  48  31.5920 N  63  16.1090 W   2.9        2.8        9.0        7.4*      71.7*
030716  111645  48  31.5930 N  63  16.1070 W   2.4        2.8        9.0        7.4       71.7 
030716  111647  48  31.5940 N  63  16.1060 W   2.6        2.8        9.0        7.4       83.1*
030716  111649  48  31.5940 N  63  16.1040 W   2.1        2.8        9.0        7.4       83.1 
030716  111651  48  31.5950 N  63  16.1020 W   2.7        2.8        9.0        7.4       83.1 
030716  111653  48  31.5960 N  63  16.1010 W   2.1        2.8        9.0        7.4      163.2*
030716  111655  48  31.5960 N  63  16.0990 W   2.6        2.8        9.0        7.4      163.2 
030716  111657  48  31.5970 N  63  16.0980 W   1.9        2.8        9.0        7.4      163.2 
030716  111659  48  31.5980 N  63  16.0960 W   2.2        2.8        9.0        2.0*       2.2*
030716  111701  48  31.5990 N  63  16.0950 W   2.0        2.8        9.0        2.0        2.2 
030716  111703  48  31.6000 N  63  16.0930 W   2.3        2.8        9.0        6.1*      50.6*
030716  111705  48  31.6010 N  63  16.0920 W   2.0        2.8        9.0        6.1       50.6 
030716  111707  48  31.6010 N  63  16.0910 W   2.5        2.8        9.0        6.1       50.6 
030716  111709  48  31.6020 N  63  16.0900 W   1.9        2.8        9.0        6.5*      73.0*
030716  111711  48  31.6020 N  63  16.0880 W   2.1        2.8        9.0        6.5       73.0 
030716  111713  48  31.6040 N  63  16.0870 W   2.1        2.8        9.0        6.5       73.0 
030716  111715  48  31.6040 N  63  16.0860 W   2.0        2.8        9.0        4.4*      77.0*
030716  111717  48  31.6050 N  63  16.0840 W   2.1        2.8        9.0        4.4       77.0 
030716  111719  48  31.6050 N  63  16.0830 W   1.9        2.8        9.0        8.2*      74.3*
030716  111721  48  31.6060 N  63  16.0820 W   2.0        2.8        9.0        8.2       74.3 
030716  111723  48  31.6070 N  63  16.0810 W   2.3        2.8        9.0        8.2       74.3 
030716  111725  48  31.6080 N  63  16.0790 W   1.8        2.8        9.0        3.7*      83.1*
030716  111727  48  31.6080 N  63  16.0780 W   2.3        2.8        9.0        3.7       83.1 
030716  111729  48  31.6090 N  63  16.0770 W   1.9        2.8        9.0        7.4*      83.1 
030716  111731  48  31.6100 N  63  16.0750 W   2.0        2.8        9.0        7.4       83.1*
030716  111733  48  31.6110 N  63  16.0740 W   2.0        2.8        9.0        7.4       83.1 
030716  111735  48  31.6110 N  63  16.0730 W   1.8        2.8       11.8*       4.4*      83.1 
030716  111737  48  31.6110 N  63  16.0710 W   2.2        2.8       11.8        4.4      142.5*
030716  111739  48  31.6130 N  63  16.0700 W   1.8        2.8       11.8        4.4      142.5 
030716  111741  48  31.6130 N  63  16.0690 W   2.1        2.8       11.8        5.7*      34.3*
030716  111743  48  31.6150 N  63  16.0680 W   2.1        2.8       11.8        5.7       34.3 
030716  111745  48  31.6150 N  63  16.0670 W   1.8        2.8       11.8        5.6*      34.3 
030716  111747  48  31.6160 N  63  16.0650 W   2.3        2.8       10.6*       5.6      100.3*
030716  111749  48  31.6160 N  63  16.0640 W   1.6        2.8       10.6        5.6      100.3 
030716  111751  48  31.6170 N  63  16.0620 W   2.3        2.8       10.6        5.5*     100.3 
030716  111753  48  31.6180 N  63  16.0610 W   1.8        2.8       10.6        5.5       87.1*
030716  111755  48  31.6180 N  63  16.0600 W   2.1        2.8       10.6        5.5*      87.1 
030716  111757  48  31.6190 N  63  16.0580 W   2.0        2.8       10.6        5.5       97.2*
030716  111759  48  31.6200 N  63  16.0570 W   2.1        2.8       10.4*       5.5       97.2 
030716  111801  48  31.6200 N  63  16.0560 W   1.9        2.8       10.4        5.5*      97.2 
030716  111804  48  31.6210 N  63  16.0540 W   2.3        2.8       10.4        5.5       99.9*
030716  111805  48  31.6220 N  63  16.0530 W   1.9        2.8       10.4        5.5       99.9 
030716  111807  48  31.6220 N  63  16.0520 W   2.1        2.8       10.4        5.5*      99.9 
030716  111809  48  31.6240 N  63  16.0510 W   2.1        2.8       10.4        5.5      104.3*
030716  111811  48  31.6240 N  63  16.0500 W   2.0        2.8       10.4        6.4*     104.3 
030716  111814  48  31.6260 N  63  16.0480 W   2.2        2.8       10.4        6.4      104.3 
030716  111815  48  31.6260 N  63  16.0480 W   1.8        2.8       10.4        6.4      106.4*
030716  111817  48  31.6260 N  63  16.0460 W   2.1        2.8       10.4        5.0*     106.4 
030716  111819  48  31.6270 N  63  16.0450 W   1.9        2.8       10.4        5.0      107.8*
030716  111822  48  31.6280 N  63  16.0430 W   2.1        2.8       10.4        5.0      107.8 
030716  111824  48  31.6290 N  63  16.0420 W   1.8        2.8       10.4        5.2*     107.8 
030716  111826  48  31.6290 N  63  16.0410 W   2.0        2.8       10.4        5.2      112.2*
030716  111828  48  31.6300 N  63  16.0390 W   2.1        2.8       10.4        5.6*     112.2 
030716  111830  48  31.6310 N  63  16.0380 W   2.0        2.8       10.4        5.6      112.2 
030716  111832  48  31.6310 N  63  16.0360 W   2.2        2.8       10.4        5.6      108.2*
030716  111834  48  31.6320 N  63  16.0360 W   1.9        2.8       10.4        5.1*     108.2 
030716  111836  48  31.6330 N  63  16.0340 W   2.2        2.8        9.4*       5.1      114.8*
030716  111838  48  31.6330 N  63  16.0330 W   2.0        2.8        9.4        5.8*     114.8 
030716  111840  48  31.6340 N  63  16.0320 W   2.0        2.8        9.4        5.8      114.8 
030716  111842  48  31.6350 N  63  16.0300 W   2.1        2.8        9.4        5.8      117.4*
030716  111844  48  31.6350 N  63  16.0290 W   2.0        2.8        9.4        6.2*     117.4 
030716  111846  48  31.6360 N  63  16.0280 W   2.0        2.8        9.4        6.2      117.4 
030716  111848  48  31.6370 N  63  16.0270 W   2.0        2.8        9.4        6.2      117.9*
030716  111850  48  31.6380 N  63  16.0250 W   2.2        2.8        9.4        5.9*     117.9 
030716  111852  48  31.6380 N  63  16.0240 W   2.0        2.8        9.4        5.9      117.9 
030716  111854  48  31.6390 N  63  16.0220 W   2.3        2.8        9.4        6.6*     124.5*
030716  111856  48  31.6400 N  63  16.0210 W   1.9        2.8        9.4        6.6      124.5 
030716  111858  48  31.6410 N  63  16.0200 W   2.3        2.8        9.4        6.6      122.7*
030716  111900  48  31.6420 N  63  16.0180 W   1.7        2.8        9.4        6.3*     122.7 
030716  111902  48  31.6430 N  63  16.0170 W   2.2        2.8        9.4        6.3      122.7 
030716  111904  48  31.6430 N  63  16.0160 W   2.0        2.8        9.4        6.3      126.7*
030716  111906  48  31.6440 N  63  16.0140 W   2.1        2.8        2.5*       6.3      126.7 
030716  111908  48  31.6450 N  63  16.0130 W   1.9        2.8        2.5        6.3      126.7 
030716  111910  48  31.6450 N  63  16.0120 W   2.0        2.8        2.5        6.3      126.2*
030716  111912  48  31.6460 N  63  16.0110 W   1.7        2.8        2.5        6.3      126.2 
030716  111914  48  31.6470 N  63  16.0100 W   2.1        2.7*       2.5        6.3      126.2 
030716  111916  48  31.6480 N  63  16.0080 W   1.8        2.7        2.5        8.9*     128.0*
030716  111918  48  31.6480 N  63  16.0070 W   2.0        2.7        2.5        8.9      128.0 
030716  111920  48  31.6490 N  63  16.0060 W   2.2        2.7        2.5        6.0*     128.9*
030716  111922  48  31.6500 N  63  16.0050 W   1.6        2.7        2.5        6.0      128.9 
030716  111924  48  31.6500 N  63  16.0040 W   2.0        2.7        2.5        6.0      128.9 
030716  111926  48  31.6510 N  63  16.0030 W   1.6        2.7        8.2*       8.3*     135.9*
030716  111928  48  31.6510 N  63  16.0020 W   2.2        2.7        8.2        8.3      135.9 
030716  111930  48  31.6530 N  63  16.0000 W   2.0        2.7        8.2        8.3      135.9 
030716  111932  48  31.6540 N  63  15.9990 W   2.0        2.7        8.2        8.0*     319.3*
030716  111934  48  31.6540 N  63  15.9980 W   1.9        2.7        8.2        8.0      319.3 
030716  111936  48  31.6550 N  63  15.9970 W   2.1        2.7        8.2        8.9*     319.3 
030716  111938  48  31.6560 N  63  15.9950 W   1.9        2.7        8.2        8.9      319.3 
030716  111940  48  31.6560 N  63  15.9940 W   2.3        2.7        8.2        8.9      319.3 
030716  111942  48  31.6570 N  63  15.9930 W   2.0        2.7        8.2        7.7*     134.6*
030716  111944  48  31.6580 N  63  15.9910 W   2.4        2.7        8.2        7.7      134.6 
030716  111946  48  31.6590 N  63  15.9900 W   1.8        2.7        8.2        7.7      134.6 
030716  111948  48  31.6590 N  63  15.9890 W   2.3        2.7        8.2        8.0*     268.8*
030716  111950  48  31.6600 N  63  15.9880 W   2.0        2.7        8.2        8.0      268.8 
030716  111952  48  31.6610 N  63  15.9860 W   2.2        2.7        8.2        8.8*     268.8 
030716  111954  48  31.6610 N  63  15.9850 W   2.2        2.7        8.2        8.8      268.8 
030716  111956  48  31.6620 N  63  15.9840 W   2.1        2.7        8.2        8.8      268.8 
030716  111958  48  31.6630 N  63  15.9820 W   2.1        2.7        8.2        8.3*     268.8 
030716  112000  48  31.6640 N  63  15.9810 W   2.2        2.7        8.2        8.3      129.8*
030716  112002  48  31.6650 N  63  15.9800 W   2.1        2.7        9.2*       8.3      129.8 
030716  112004  48  31.6650 N  63  15.9780 W   2.2        2.7        9.2        9.2*     130.6*
030716  112006  48  31.6660 N  63  15.9770 W   2.2        2.7        9.2        9.2      130.6 
030716  112008  48  31.6670 N  63  15.9750 W   2.1        2.7        9.2        8.9*     130.6 
030716  112010  48  31.6680 N  63  15.9740 W   2.3        2.7        9.2        8.9      132.0*
030716  112012  48  31.6680 N  63  15.9720 W   1.9        2.7        9.2        8.9      132.0 
030716  112014  48  31.6690 N  63  15.9710 W   2.4        2.7        9.2        9.2*     132.0 
030716  112016  48  31.6700 N  63  15.9690 W   2.0        2.7        9.2        9.2      129.3*
030716  112018  48  31.6710 N  63  15.9680 W   2.3        2.7        9.2        9.2      129.3 
030716  112020  48  31.6720 N  63  15.9670 W   2.0        2.7        9.2        9.8*     129.3 
030716  112022  48  31.6720 N  63  15.9650 W   2.2        2.7        9.2        9.8      128.4*
030716  112024  48  31.6730 N  63  15.9640 W   2.1        2.7        9.2        9.2*     128.4 
030716  112026  48  31.6730 N  63  15.9630 W   2.0        2.7        9.2        9.2      130.2*
030716  112028  48  31.6740 N  63  15.9610 W   2.4        2.7        9.2        9.2      130.2 
030716  112030  48  31.6750 N  63  15.9600 W   2.0        2.7        9.2        9.2*     130.2 
030716  112032  48  31.6760 N  63  15.9580 W   2.3        2.7        9.2        9.2      131.5*
030716  112034  48  31.6770 N  63  15.9560 W   2.2        2.7        9.2        9.8*     131.5 
030716  112036  48  31.6780 N  63  15.9550 W   2.2        2.7        9.2        9.8      131.5 
030716  112038  48  31.6780 N  63  15.9530 W   2.2        2.7        8.2*       9.8      130.6*
030716  112040  48  31.6790 N  63  15.9510 W   2.2        2.7        8.2       10.3*     130.6 
030716  112042  48  31.6800 N  63  15.9500 W   2.2        2.7        8.2       10.3      130.6 
030716  112044  48  31.6800 N  63  15.9490 W   2.1        2.7        8.2       10.3      128.4*
030716  112046  48  31.6810 N  63  15.9480 W   2.4        2.7        8.2       10.6*     128.4 
030716  112048  48  31.6810 N  63  15.9470 W   1.8        2.7        8.2       10.6      128.4*
030716  112050  48  31.6820 N  63  15.9460 W   2.4        2.7        9.0*      10.4*     128.4 
030716  112052  48  31.6830 N  63  15.9440 W   1.8        2.7        9.0       10.4      128.4 
030716  112054  48  31.6840 N  63  15.9430 W   2.3        2.7        9.0       10.4      130.2*
030716  112056  48  31.6850 N  63  15.9420 W   2.0        2.7        9.0       11.6*     130.2 
030716  112058  48  31.6850 N  63  15.9400 W   2.1        2.7        9.0       11.6      130.2 
030716  112100  48  31.6860 N  63  15.9390 W   1.9        2.7        9.0       11.6      130.2*
030716  112102  48  31.6870 N  63  15.9370 W   2.1        2.7        9.0       11.0*     130.2 
030716  112104  48  31.6880 N  63  15.9360 W   1.9        2.7        9.0       11.0      129.8*
030716  112106  48  31.6880 N  63  15.9350 W   2.1        2.7        9.0       12.3*     129.8 
030716  112108  48  31.6890 N  63  15.9330 W   2.1        2.7        9.0       12.3      129.8 
030716  112110  48  31.6900 N  63  15.9320 W   1.8        2.7        9.0       12.3      131.1*
030716  112112  48  31.6900 N  63  15.9310 W   1.9        2.7        9.0       13.1*     131.1 
030716  112114  48  31.6910 N  63  15.9300 W   1.7        2.7        9.0       13.1      131.1 
030716  112116  48  31.6920 N  63  15.9290 W   2.1        2.7        9.0       13.1      128.4*
030716  112118  48  31.6930 N  63  15.9280 W   1.8        2.7        9.0       12.4*     128.4 
030716  112120  48  31.6930 N  63  15.9270 W   2.1        2.7        2.2*      12.4      128.4 
030716  112122  48  31.6940 N  63  15.9250 W   1.8        2.7        2.2       12.5*     129.8*
030716  112124  48  31.6940 N  63  15.9240 W   1.9        2.7        2.2       12.5      129.8 
030716  112126  48  31.6960 N  63  15.9230 W   2.0        2.7*       2.2       12.5      131.1*
030716  112128  48  31.6960 N  63  15.9220 W   2.1        2.7        2.2       12.8*     131.1 
030716  112130  48  31.6970 N  63  15.9200 W   2.1        2.7        2.2       12.8      131.1 
030716  112132  48  31.6970 N  63  15.9190 W   2.0        2.7        2.2       12.8      128.0*
030716  112134  48  31.6980 N  63  15.9180 W   2.3        2.7        2.2       11.3*     128.0 
030716  112136  48  31.6990 N  63  15.9160 W   2.0        2.7        2.2       11.3      128.0 
030716  112138  48  31.7000 N  63  15.9150 W   2.4        2.7        2.2       11.9*     129.8*
030716  112140  48  31.7010 N  63  15.9140 W   1.9        2.7        2.2       11.9      129.8 
030716  112142  48  31.7010 N  63  15.9120 W   1.8        2.7        2.2       11.9      129.8 
030716  112144  48  31.7020 N  63  15.9110 W   1.5        2.7        2.2       13.7*     131.5*
030716  112146  48  31.7020 N  63  15.9110 W   1.3        2.7        2.2       13.7      131.5 
030716  112148  48  31.7030 N  63  15.9100 W   1.9        2.7        2.2       13.7      128.9*
030716  112150  48  31.7030 N  63  15.9090 W   1.4        2.7        2.2        9.9*     128.9 
030716  112152  48  31.7040 N  63  15.9080 W   1.9        2.7        2.2        9.9      128.9 
030716  112154  48  31.7050 N  63  15.9070 W   1.8        2.7        2.2        8.1*     130.6*
030716  112156  48  31.7050 N  63  15.9050 W   1.9        2.7        2.2        8.1      130.6 
030716  112158  48  31.7060 N  63  15.9050 W   2.2        2.7        2.2        8.1      130.6 
030716  112200  48  31.7070 N  63  15.9030 W   2.1        2.7        2.2        7.4*     128.4*
030716  112202  48  31.7080 N  63  15.9010 W   2.4        2.7        2.2        7.4      128.4 
030716  112204  48  31.7090 N  63  15.9000 W   2.2        2.7        2.2        7.4      128.4 
030716  112206  48  31.7100 N  63  15.8980 W   2.7        2.7        2.2        7.4      131.1*
030716  112208  48  31.7110 N  63  15.8960 W   2.2        2.7        2.2        7.4      131.1 
030716  112210  48  31.7110 N  63  15.8940 W   2.8        2.7        2.2        9.2*     131.1 
030716  112212  48  31.7110 N  63  15.8930 W   2.1        2.7        2.2        9.2      129.8*
030716  112214  48  31.7120 N  63  15.8910 W   2.8        2.7        2.2        9.2      129.8 
030716  112216  48  31.7140 N  63  15.8900 W   2.5        2.7        2.2        7.1*     128.9*
030716  112218  48  31.7150 N  63  15.8880 W   2.6        2.7        2.2        7.1      128.9 
030716  112220  48  31.7160 N  63  15.8860 W   2.5        2.7        2.2        7.7*     128.9 
030716  112222  48  31.7170 N  63  15.8840 W   2.5        2.7        2.2        7.7      131.1*
030716  112224  48  31.7170 N  63  15.8830 W   2.6        2.7        2.2        7.7      131.1 
030716  112226  48  31.7180 N  63  15.8810 W   2.5        2.7        2.2        7.7      131.1 
030716  112228  48  31.7190 N  63  15.8800 W   2.7        2.7        2.2        7.7      126.7*
030716  112230  48  31.7200 N  63  15.8780 W   2.7        2.7        2.2        7.7      126.7 
030716  112232  48  31.7210 N  63  15.8770 W   2.6        2.7        2.2        7.7      132.8*
030716  112234  48  31.7220 N  63  15.8750 W   2.4        2.7        2.2        7.7      132.8 
030716  112236  48  31.7220 N  63  15.8740 W   2.4        2.7        2.2        9.4*     132.8 
030716  112238  48  31.7230 N  63  15.8720 W   2.1        2.7        2.2        9.4      128.4*
030716  112240  48  31.7240 N  63  15.8710 W   2.5        2.7        2.2        9.4      128.4 
030716  112242  48  31.7250 N  63  15.8690 W   2.3        2.7        2.2       10.9*     128.4 
030716  112244  48  31.7250 N  63  15.8670 W   2.3        2.7        2.3*      10.9      130.6*
030716  112246  48  31.7260 N  63  15.8660 W   2.2        2.7        2.3       10.4*     130.6 
030716  112248  48  31.7270 N  63  15.8650 W   1.8        2.7        2.3       10.4      130.6 
030716  112250  48  31.7280 N  63  15.8640 W   2.2        2.7        2.3       10.4      129.3*
030716  112252  48  31.7290 N  63  15.8620 W   1.8        5.1*       2.3       10.2*     129.3 
030716  112254  48  31.7290 N  63  15.8610 W   2.2        5.1        2.3       10.2      129.3*
030716  112256  48  31.7300 N  63  15.8600 W   1.9        5.1        2.3       10.2      129.3 
030716  112258  48  31.7300 N  63  15.8590 W   1.9        5.1        2.3       10.0*     129.3 
030716  112300  48  31.7310 N  63  15.8580 W   1.7        5.1        2.3       10.0      128.4*
030716  112302  48  31.7310 N  63  15.8570 W   1.8        5.1        2.3       10.7*     128.4 
030716  112304  48  31.7320 N  63  15.8560 W   1.8        5.1        2.3       10.7      128.4 
030716  112306  48  31.7330 N  63  15.8540 W   1.9        5.1        2.3       10.7      131.1*
030716  112308  48  31.7340 N  63  15.8530 W   1.8        5.1        2.3       10.7*     131.1 
030716  112310  48  31.7350 N  63  15.8520 W   2.0        5.1        2.3       10.7      131.1 
030716  112312  48  31.7350 N  63  15.8510 W   1.8        5.1        2.3       10.7      130.2*
030716  112314  48  31.7360 N  63  15.8500 W   2.0        5.1        2.3        9.9*     130.2 
030716  112316  48  31.7370 N  63  15.8490 W   2.1        5.1        2.3        9.9      128.4*
030716  112318  48  31.7380 N  63  15.8470 W   2.2        5.1        2.3        9.9      128.4 
030716  112320  48  31.7390 N  63  15.8460 W   2.2        5.1        2.3        9.9      128.4 
030716  112322  48  31.7400 N  63  15.8450 W   2.3        5.1        2.3        9.9      131.5*
030716  112324  48  31.7400 N  63  15.8440 W   2.0        5.1        2.3       10.1*     131.5 
030716  112326  48  31.7410 N  63  15.8420 W   2.4        5.1        2.3       10.1      131.5 
030716  112328  48  31.7420 N  63  15.8410 W   1.9        5.1        2.3       10.1      128.9*
030716  112330  48  31.7430 N  63  15.8390 W   2.2        5.1        2.3       10.1      128.9 
030716  112332  48  31.7430 N  63  15.8380 W   1.9        5.1        2.3       10.1      128.9 
030716  112334  48  31.7440 N  63  15.8370 W   2.0        5.1        2.3       21.9*     131.5*
030716  112336  48  31.7450 N  63  15.8360 W   2.0        5.1        2.3       21.9      131.5 
030716  112338  48  31.7460 N  63  15.8340 W   2.0        5.1        2.3       21.9      127.6*
030716  112340  48  31.7460 N  63  15.8330 W   2.2        5.1        2.3        6.5*     127.6 
030716  112342  48  31.7470 N  63  15.8320 W   2.2        5.1        2.3        6.5      127.6 
030716  112344  48  31.7480 N  63  15.8300 W   2.3        5.1        2.3        6.2*     130.6*
030716  112346  48  31.7490 N  63  15.8290 W   2.4        5.1        2.3        6.2      130.6 
030716  112348  48  31.7500 N  63  15.8280 W   2.4        5.1        2.3        6.2      130.6 
030716  112350  48  31.7500 N  63  15.8260 W   2.4        5.1        2.3        6.4*     129.8*
030716  112352  48  31.7510 N  63  15.8240 W   2.7        5.1        2.3        6.4      129.8 
030716  112354  48  31.7520 N  63  15.8220 W   2.4        5.1        2.3        6.4      129.8 
030716  112356  48  31.7530 N  63  15.8210 W   2.7        5.1        2.3        5.5*     132.0*
030716  112358  48  31.7540 N  63  15.8190 W   2.5        5.1        2.3        5.5      132.0 
030716  112400  48  31.7550 N  63  15.8170 W   2.6        5.1        2.3        7.1*     125.8*
030716  112402  48  31.7560 N  63  15.8160 W   2.5        5.1        2.3        7.1      125.8 
030716  112404  48  31.7560 N  63  15.8140 W   2.8        5.1        2.3        7.1      125.8 
030716  112406  48  31.7570 N  63  15.8120 W   2.5        5.1        2.3        8.6*     133.3*
030716  112408  48  31.7580 N  63  15.8110 W   2.5        5.1        2.3        8.6      133.3 
030716  112410  48  31.7590 N  63  15.8090 W   2.4        5.1        2.3        7.8*     133.3 
030716  112412  48  31.7600 N  63  15.8070 W   2.2        5.1        2.3        7.8      128.4*
030716  112414  48  31.7610 N  63  15.8060 W   2.3        5.1        2.3        7.8      128.4 
030716  112416  48  31.7620 N  63  15.8050 W   2.0        5.1        2.3        5.9*     128.4 
030716  112418  48  31.7620 N  63  15.8040 W   2.1        5.1        2.3        5.9      128.4 
030716  112420  48  31.7630 N  63  15.8020 W   2.0        5.1        2.3        5.9      128.4 
030716  112422  48  31.7640 N  63  15.8010 W   1.9        5.1        2.3        7.1*     128.4 
030716  112424  48  31.7650 N  63  15.8000 W   2.1        5.1        2.3        7.1      128.4 
030716  112426  48  31.7650 N  63  15.7990 W   1.8        5.1       11.7*       5.9*     128.4 
030716  112428  48  31.7660 N  63  15.7980 W   2.0        5.1       11.7        5.9      129.3*
030716  112430  48  31.7670 N  63  15.7970 W   1.7        5.1       11.7        5.9      129.3 
030716  112432  48  31.7670 N  63  15.7960 W   1.8        5.1       11.7        6.5*     129.3 
030716  112434  48  31.7680 N  63  15.7940 W   1.8        5.1       11.7        6.5      132.0*
030716  112436  48  31.7680 N  63  15.7930 W   1.5        5.1       11.7        6.5      132.0 
030716  112438  48  31.7690 N  63  15.7930 W   0.9        5.1       11.7        6.5      132.0 
030716  112440  48  31.7690 N  63  15.7920 W   1.0        5.1       11.7        6.5      230.1*
030716  112442  48  31.7690 N  63  15.7920 W   0.4        5.1       11.7        6.5      230.1 
030716  112444  48  31.7690 N  63  15.7920 W   0.5        5.1       11.7        6.5      230.1 
030716  112446  48  31.7690 N  63  15.7920 W   0.2        5.1       11.7        6.5      230.1 
030716  112448  48  31.7690 N  63  15.7920 W   0.3        5.1       11.7        2.1*     230.1 
030716  112450  48  31.7700 N  63  15.7930 W   0.5        5.1       11.7        2.1      230.1 
030716  112452  48  31.7700 N  63  15.7930 W   0.7        5.1       12.6*       2.1      230.1 
030716  112454  48  31.7690 N  63  15.7930 W   0.8        5.1       12.6        7.1*     230.1 
030716  112456  48  31.7690 N  63  15.7950 W   1.0        5.1       12.6        7.1      230.1 
030716  112458  48  31.7690 N  63  15.7950 W   1.1        5.1       12.6        7.1      230.1 
030716  112500  48  31.7680 N  63  15.7960 W   1.5        5.1       12.6        7.1      230.1 
030716  112502  48  31.7670 N  63  15.7970 W   1.3        5.1       12.6        7.1      230.1 
030716  112504  48  31.7670 N  63  15.7980 W   1.6        5.1       12.6        7.1      230.1 
030716  112506  48  31.7660 N  63  15.7990 W   1.7        5.1       12.6        7.1      152.2*
030716  112508  48  31.7650 N  63  15.8000 W   1.8        5.1       12.6        7.1      152.2 
030716  112510  48  31.7640 N  63  15.8020 W   1.6        5.1       12.6        7.1      152.2 
030716  112512  48  31.7640 N  63  15.8030 W   2.1        5.1       12.6        7.1      195.3*
030716  112514  48  31.7640 N  63  15.8040 W   1.9        5.1       12.6        7.1      195.3 
030716  112516  48  31.7630 N  63  15.8050 W   1.8        5.1       12.6        7.1      195.3 
030716  112518  48  31.7620 N  63  15.8060 W   2.3        5.1       12.6        7.1      106.0*
030716  112520  48  31.7620 N  63  15.8080 W   1.5        5.1       12.6        7.1      106.0 
030716  112522  48  31.7610 N  63  15.8090 W   2.6        5.1       12.6        7.1      106.0 
030716  112524  48  31.7600 N  63  15.8110 W   1.7        5.1       12.6        7.1      106.0 
030716  112526  48  31.7590 N  63  15.8120 W   2.6        5.1       12.6        7.1      106.0 
030716  112528  48  31.7580 N  63  15.8130 W   1.7        5.1       12.6        7.1      106.0 
030716  112530  48  31.7570 N  63  15.8150 W   2.7        5.1       12.6        3.5*     106.0 
030716  112532  48  31.7560 N  63  15.8160 W   1.4        5.1       12.6        3.5      106.0 
030716  112534  48  31.7560 N  63  15.8170 W   2.8        5.1       12.6        3.5      106.0 
030716  112536  48  31.7540 N  63  15.8180 W   1.7        5.1       12.6        3.5      106.0 
030716  112538  48  31.7540 N  63  15.8200 W   2.3        5.1       12.6        3.5      106.0 
030716  112540  48  31.7530 N  63  15.8210 W   2.1        5.1       12.6        3.5      106.0 
030716  112542  48  31.7520 N  63  15.8220 W   2.2        5.1       12.6        3.5      106.0 
030716  112544  48  31.7510 N  63  15.8240 W   2.3        5.1       12.6        3.5      106.0 
030716  112546  48  31.7510 N  63  15.8250 W   2.1        5.1       12.6        3.5      106.0 
030716  112548  48  31.7500 N  63  15.8260 W   2.4        5.1       12.6        3.5      106.0 
030716  112550  48  31.7480 N  63  15.8280 W   1.7        5.1       12.6        3.5      106.0 
030716  112552  48  31.7480 N  63  15.8290 W   2.3        5.1       12.6        3.5      106.0 
030716  112554  48  31.7470 N  63  15.8300 W   2.0        5.1       12.6        3.5      106.0 
030716  112556  48  31.7460 N  63  15.8310 W   1.7        5.1       12.6        3.5      106.0 
030716  112558  48  31.7450 N  63  15.8320 W   2.4        5.1       12.6        3.5      106.0 
030716  112600  48  31.7440 N  63  15.8340 W   1.8        5.1       12.6        3.5      106.0 
030716  112602  48  31.7440 N  63  15.8350 W   2.4        5.1       12.6        3.5      131.1*
030716  112604  48  31.7420 N  63  15.8360 W   1.8        5.1       12.6        3.5      131.1 
030716  112606  48  31.7410 N  63  15.8370 W   2.2        5.1       12.6        3.5      131.1 
030716  112608  48  31.7400 N  63  15.8380 W   1.9        5.1       12.6        3.5      148.2*
030716  112610  48  31.7390 N  63  15.8390 W   2.1        5.1       12.6        3.5      148.2 
030716  112612  48  31.7390 N  63  15.8410 W   2.0        5.1       12.6        3.5      148.2 
030716  112614  48  31.7380 N  63  15.8420 W   2.1        5.1       12.6        3.5      148.2 
030716  112616  48  31.7370 N  63  15.8430 W   2.2        5.1       12.6        3.5      148.2 
030716  112618  48  31.7360 N  63  15.8450 W   1.8        5.1       12.6        3.5      148.2 
030716  112620  48  31.7350 N  63  15.8460 W   2.1        5.1       12.6        3.5      148.2 
030716  112622  48  31.7340 N  63  15.8470 W   2.0        5.1       12.6        3.5      148.2 
030716  112624  48  31.7330 N  63  15.8480 W   2.3        5.1       12.6        3.5      148.2 
030716  112626  48  31.7320 N  63  15.8490 W   1.7        5.1       12.6        3.5      148.2 
030716  112628  48  31.7310 N  63  15.8500 W   2.2        5.1       12.6        3.5      148.2 
030716  112630  48  31.7310 N  63  15.8510 W   1.8        5.1       12.6        3.5      107.3*
030716  112632  48  31.7290 N  63  15.8530 W   2.1        5.1       12.6        3.5      107.3 
030716  112634  48  31.7290 N  63  15.8540 W   2.0        5.1       12.6        3.5      107.3 
030716  112636  48  31.7280 N  63  15.8550 W   1.6        5.1       12.6        3.5      107.3 
030716  112638  48  31.7280 N  63  15.8560 W   2.1        5.1       12.6        3.5      107.3 
030716  112640  48  31.7270 N  63  15.8570 W   1.9        5.1       12.6        3.5      107.3 
030716  112642  48  31.7250 N  63  15.8590 W   1.9        5.1       12.6        3.5      107.3 
030716  112644  48  31.7240 N  63  15.8600 W   1.8        5.1       12.6        3.5      107.3 
030716  112646  48  31.7240 N  63  15.8610 W   2.1        5.1       12.6        3.5      107.3 
030716  112648  48  31.7230 N  63  15.8620 W   2.1        5.1       12.6        3.5      107.3 
030716  112650  48  31.7220 N  63  15.8630 W   1.9        5.1       12.6        3.5      107.3 
030716  112652  48  31.7210 N  63  15.8650 W   2.1        5.1       12.6        3.5      107.3 
030716  112654  48  31.7200 N  63  15.8660 W   1.8        5.1       12.6        3.5      107.3 
030716  112656  48  31.7200 N  63  15.8670 W   2.1        5.1       12.6        3.5      107.3 
030716  112658  48  31.7190 N  63  15.8690 W   1.8        5.1       12.6        3.5      107.3 
030716  112700  48  31.7180 N  63  15.8700 W   2.1        5.1       12.6        3.5      107.3 
030716  112702  48  31.7180 N  63  15.8710 W   1.8        5.1       12.6        3.5      107.3 
030716  112704  48  31.7170 N  63  15.8720 W   1.6        5.1       12.6        3.5      107.3 
030716  112706  48  31.7160 N  63  15.8730 W   1.4        5.1       12.6        3.5      107.3 
030716  112708  48  31.7160 N  63  15.8740 W   1.3        5.1       12.6        3.5      107.3 
030716  112710  48  31.7150 N  63  15.8750 W   1.3        5.1       12.6        3.5*     107.3 
030716  112712  48  31.7150 N  63  15.8760 W   1.3        5.1       12.6        3.5      107.3 
030716  112714  48  31.7140 N  63  15.8770 W   1.1        5.1       12.6        3.5      107.3 
030716  112716  48  31.7140 N  63  15.8780 W   1.1        7.6*      12.6        3.5      107.3 
030716  112718  48  31.7130 N  63  15.8780 W   0.6        7.6       12.6        3.5      180.8*
030716  112720  48  31.7130 N  63  15.8780 W   1.2        7.6       12.6        3.5      180.8 
030716  112722  48  31.7130 N  63  15.8790 W   0.2        7.6       12.6        3.5      180.8 
030716  112724  48  31.7120 N  63  15.8800 W   1.2        7.6       12.6        3.5       40.5*
030716  112726  48  31.7120 N  63  15.8810 W   0.2        7.6       12.6        3.5       40.5 
030716  112728  48  31.7120 N  63  15.8810 W   0.8        7.6       12.6        3.5       40.5 
030716  112730  48  31.7120 N  63  15.8810 W   0.2        7.6       12.6        3.5       40.5 
030716  112732  48  31.7120 N  63  15.8800 W   0.4        7.6       12.6        3.5       40.5 
030716  112734  48  31.7120 N  63  15.8810 W   0.4        7.6       12.6        3.5       40.5 
030716  112736  48  31.7120 N  63  15.8810 W   0.3        7.6       12.6        5.6*      40.5 
030716  112738  48  31.7120 N  63  15.8820 W   0.3        7.6       12.6        5.6       40.5 
030716  112740  48  31.7120 N  63  15.8820 W   0.3        7.6       12.6        5.6       40.5 
030716  112742  48  31.7120 N  63  15.8820 W   0.2        7.6       12.6        5.6       40.5 
030716  112744  48  31.7120 N  63  15.8830 W   0.2        7.6       12.6        5.6       40.5 
030716  112746  48  31.7120 N  63  15.8830 W   0.2        7.6       12.6        5.6       40.5 
030716  112748  48  31.7120 N  63  15.8820 W   0.2        7.6       12.6        5.6       40.5 
030716  112750  48  31.7120 N  63  15.8830 W   0.2        7.6       12.6        5.6       40.5 
030716  112752  48  31.7120 N  63  15.8830 W   0.1        7.6       12.6        5.6       40.5 
030716  112754  48  31.7120 N  63  15.8830 W   0.4        2.1*      12.6        5.6       40.5 
030716  112756  48  31.7130 N  63  15.8830 W   0.2        2.1       12.6        5.6       40.5 
030716  112758  48  31.7120 N  63  15.8830 W   0.4        2.1       12.6        5.6       40.5 
030716  112800  48  31.7130 N  63  15.8830 W   0.4        2.1       12.6        5.6       40.5 
030716  112802  48  31.7130 N  63  15.8830 W   0.3        2.1       12.6        5.6       40.5 
030716  112804  48  31.7130 N  63  15.8830 W   0.7        2.1       12.6        5.6       40.5 
030716  112806  48  31.7130 N  63  15.8830 W   0.3        2.1       12.6        5.5*      40.5 
030716  112808  48  31.7130 N  63  15.8830 W   0.6        2.1       12.6        5.5       40.5 
030716  112810  48  31.7140 N  63  15.8830 W   0.4        2.1       12.6        5.5       40.5 
030716  112812  48  31.7140 N  63  15.8840 W   0.2        2.1       12.6       19.8*      40.5 
030716  112814  48  31.7140 N  63  15.8830 W   0.5        2.1       12.6       19.8       40.5 
030716  112816  48  31.7130 N  63  15.8840 W   0.1        2.1       12.6       19.8       40.5 
030716  112818  48  31.7130 N  63  15.8840 W   0.6        2.1       12.6       19.8       40.5 
030716  112820  48  31.7130 N  63  15.8850 W   0.5        2.1       12.6       19.8       40.5 
030716  112822  48  31.7130 N  63  15.8850 W   0.7        2.1       12.6        5.5*      40.5 
030716  112824  48  31.7120 N  63  15.8860 W   0.8        2.1       12.6        5.5       47.5*
030716  112826  48  31.7120 N  63  15.8860 W   0.9        2.1       12.6        5.5       47.5 
030716  112828  48  31.7120 N  63  15.8870 W   0.9        2.1       12.6        5.5       35.6*
030716  112830  48  31.7120 N  63  15.8870 W   0.7        2.1       12.6        5.5       35.6 
030716  112832  48  31.7120 N  63  15.8870 W   0.5        2.1       12.6        5.5       35.6 
030716  112834  48  31.7120 N  63  15.8870 W   0.3        2.1       12.6       55.0*      57.2*
030716  112836  48  31.7120 N  63  15.8880 W   0.3        2.1       12.6       55.0       57.2 
030716  112838  48  31.7120 N  63  15.8880 W   0.3        2.1       12.6       55.0       57.2 
030716  112840  48  31.7120 N  63  15.8890 W   0.1        2.1       12.6       55.0       57.6*
030716  112842  48  31.7120 N  63  15.8880 W   0.2        2.1       11.0*      55.0       57.6 
030716  112844  48  31.7120 N  63  15.8890 W   0.2        2.1       11.0        3.8*      61.1*
030716  112846  48  31.7120 N  63  15.8890 W   0.3        2.1       11.0        3.8       61.1 
030716  112848  48  31.7120 N  63  15.8890 W   0.2        2.1       11.0        3.7*      61.1 
030716  112850  48  31.7120 N  63  15.8890 W   0.4        2.1       11.0        3.7       60.7*
030716  112852  48  31.7120 N  63  15.8890 W   0.0        2.1       11.0        3.7       60.7 
030716  112854  48  31.7110 N  63  15.8890 W   0.4        2.1        9.2*       2.9*      60.7 
030716  112856  48  31.7110 N  63  15.8900 W   0.1        2.1        9.2        2.9       63.3*
030716  112858  48  31.7110 N  63  15.8900 W   0.4        2.1        9.2        2.3*      63.3 
030716  112900  48  31.7110 N  63  15.8900 W   0.4        2.1        9.2        2.3      114.4*
030716  112902  48  31.7110 N  63  15.8900 W   0.2        2.1        9.2        2.3      114.4 
030716  112904  48  31.7120 N  63  15.8900 W   0.8        2.1        9.2        2.8*     114.4 
030716  112906  48  31.7120 N  63  15.8900 W   0.8        2.1        9.2        2.8       11.0*
030716  112908  48  31.7130 N  63  15.8890 W   1.8        2.1        9.2        2.8       11.0 
030716  112910  48  31.7140 N  63  15.8890 W   2.3        2.1        9.2        2.8*      11.0 
030716  112912  48  31.7150 N  63  15.8880 W   2.9        2.1        9.2        2.8       61.6*
030716  112914  48  31.7170 N  63  15.8870 W   3.6        2.1        9.2        2.1*      61.6 
030716  112916  48  31.7190 N  63  15.8870 W   4.3        2.1        9.2        2.1       61.1*
030716  112918  48  31.7220 N  63  15.8860 W   4.6        2.1        9.2        2.1       61.1 
