21081990 004                    2.5                                               
21081990 004                    2.5                                               
21081990 004                    2.5                                               
21081990 004                    2.5                                               
21081990 004                    2.3                                               
21081990 004                    2.2                                               
21081990 004                    2.1                                               
21081990 004                    2.0                                               
21081990 004                    1.9                                               
21081990 004                    1.9                                               
21081990 004                    1.8                                               