FileName: C:\WINDOWS\DESKTOP\MARCEL~1\POS246.TXT
Local Time: Thu Sep 14 08:27:04 2000

Ship: Den C Martin Trip: September 14, 00 Tow: POS246
Comments: zone 12, between zone 19 and Bradelle; the Maggies and PEI
 Date    Time     Latitude       Longitude    Speed    Primary  Secondary DoorSpread      Depth 
000914  112144  46  51.3200 N  61  43.3400 W   1.4        2.4*       4.0*       8.2*      64.7*
000914  112145  46  51.3200 N  61  43.3400 W   1.4        2.4        4.0        8.2       64.7*
000914  112146  46  51.3200 N  61  43.3400 W   1.4        2.4        4.0        8.2       64.7 
000914  112147  46  51.3200 N  61  43.3400 W   1.4        2.4        4.0        8.2       64.7 
000914  112148  46  51.3200 N  61  43.3400 W   1.4        2.4        4.0        8.2       64.7 
000914  112149  46  51.3200 N  61  43.3400 W   1.4        2.4        4.0        8.2       64.7 
000914  112150  46  51.3200 N  61  43.3400 W   1.5        2.4        4.0        8.2       64.7 
000914  112151  46  51.3200 N  61  43.3400 W   1.5        2.2*       4.0        8.2       65.1*
000914  112152  46  51.3200 N  61  43.3400 W   1.5        2.2        4.0        8.2       65.1 
000914  112153  46  51.3200 N  61  43.3400 W   1.5        2.2        4.0        8.2       65.1 
000914  112154  46  51.3200 N  61  43.3400 W   1.5        2.2        4.0        8.2       65.1 
000914  112155  46  51.3200 N  61  43.3300 W   1.5        2.2        4.0        8.2       65.1 
000914  112156  46  51.3200 N  61  43.3300 W   1.6        2.2        4.0        8.2       66.0*
000914  112157  46  51.3200 N  61  43.3300 W   1.6        2.2        4.0        8.2       66.0 
000914  112158  46  51.3200 N  61  43.3300 W   1.6        2.2        4.0        8.2*      66.0 
000914  112159  46  51.3200 N  61  43.3300 W   1.6        2.2        4.0        8.2       66.0 
000914  112200  46  51.3200 N  61  43.3300 W   1.7        2.2        4.0        8.2       66.0 
000914  112201  46  51.3200 N  61  43.3300 W   1.6        2.2        4.0        8.2       65.1*
000914  112202  46  51.3200 N  61  43.3300 W   1.6        2.2        4.0        8.2       65.1 
000914  112203  46  51.3200 N  61  43.3300 W   1.7        2.2        4.0        8.1*      65.1 
000914  112204  46  51.3200 N  61  43.3300 W   1.7        2.1*       4.0        8.1       65.1 
000914  112205  46  51.3200 N  61  43.3300 W   1.7        2.1        4.0        8.1       65.1 
000914  112206  46  51.3200 N  61  43.3300 W   1.7        2.1        4.0        8.1       65.1 
000914  112207  46  51.3200 N  61  43.3300 W   1.7        2.1        4.0        8.1       66.4*
000914  112208  46  51.3200 N  61  43.3200 W   1.7        2.1        4.0        8.1       66.4 
000914  112209  46  51.3200 N  61  43.3200 W   1.7        2.1        4.0        8.0*      66.4 
000914  112210  46  51.3200 N  61  43.3200 W   1.8        2.1        4.0        8.0       66.4 
000914  112211  46  51.3200 N  61  43.3200 W   1.8        2.1        4.0        8.0       66.4 
000914  112212  46  51.3200 N  61  43.3200 W   1.8        2.1        4.0        8.0       65.1*
000914  112213  46  51.3200 N  61  43.3200 W   1.8        2.1        4.0        8.0       65.1 
000914  112214  46  51.3200 N  61  43.3200 W   1.8        2.1        4.0        8.0*      65.1 
000914  112215  46  51.3200 N  61  43.3200 W   1.8        2.1        4.0        8.0       65.1 
000914  112216  46  51.3200 N  61  43.3200 W   1.8        2.1        4.0        8.0       65.1 
000914  112217  46  51.3200 N  61  43.3200 W   1.8        2.1*       4.0        8.0       65.5*
000914  112218  46  51.3200 N  61  43.3200 W   1.8        2.1        4.0        8.0       65.5 
000914  112219  46  51.3200 N  61  43.3200 W   1.8        2.1        4.0        8.1*      65.5 
000914  112220  46  51.3200 N  61  43.3200 W   1.8        2.1        4.0        8.1       65.5 
000914  112221  46  51.3200 N  61  43.3100 W   1.8        2.1        4.0        8.1       65.5 
000914  112222  46  51.3200 N  61  43.3100 W   1.9        2.1        4.0        8.1       65.5 
000914  112223  46  51.3200 N  61  43.3100 W   1.9        2.1        4.0        8.1       64.7*
000914  112224  46  51.3200 N  61  43.3100 W   1.9        2.1        4.0        8.1       64.7 
000914  112225  46  51.3200 N  61  43.3100 W   1.9        2.1        4.0        8.2*      64.7 
000914  112226  46  51.3200 N  61  43.3100 W   1.9        2.1        4.0        8.2       64.7 
000914  112227  46  51.3200 N  61  43.3100 W   1.9        2.1        4.0        8.2       64.7 
000914  112228  46  51.3200 N  61  43.3100 W   1.9        2.1        4.0        8.2       65.5*
000914  112229  46  51.3200 N  61  43.3100 W   1.9        2.1        4.0        8.2       65.5 
000914  112230  46  51.3200 N  61  43.3100 W   1.9        2.1*       4.0        8.2*      65.5 
000914  112231  46  51.3200 N  61  43.3100 W   1.9        2.1        4.0        8.2       65.5 
000914  112232  46  51.3200 N  61  43.3100 W   1.9        2.1        4.0        8.2       65.5 
000914  112233  46  51.3200 N  61  43.3000 W   1.9        2.1        4.0        8.2       65.5 
000914  112234  46  51.3200 N  61  43.3000 W   1.9        2.1        4.0        8.2       65.1*
000914  112235  46  51.3200 N  61  43.3000 W   1.9        2.1        4.0        8.3*      65.1 
000914  112236  46  51.3200 N  61  43.3000 W   2.0        2.1        4.0        8.3       65.1 
000914  112237  46  51.3200 N  61  43.3000 W   1.9        2.1        4.0        8.3       65.1 
000914  112238  46  51.3200 N  61  43.3000 W   1.9        2.1        4.0        8.3       65.1 
000914  112239  46  51.3200 N  61  43.3000 W   1.9        2.1        4.0        8.3       66.0*
000914  112240  46  51.3200 N  61  43.3000 W   2.0        2.1        4.0        8.3*      66.0 
000914  112241  46  51.3200 N  61  43.3000 W   1.9        2.1        4.0        8.3       66.0 
000914  112242  46  51.3200 N  61  43.3000 W   1.9        2.1        4.0        8.3       66.0 
000914  112243  46  51.3200 N  61  43.3000 W   1.9        2.1*       4.0        8.3       66.0 
000914  112244  46  51.3200 N  61  43.3000 W   1.9        2.1        4.0        8.3       64.2*
000914  112245  46  51.3200 N  61  43.3000 W   1.9        2.1        4.0        8.3       64.2 
000914  112246  46  51.3200 N  61  43.2900 W   2.0        2.1        4.0        8.1*      64.2 
000914  112247  46  51.3200 N  61  43.2900 W   1.9        2.1        4.0        8.1       64.2 
000914  112248  46  51.3200 N  61  43.2900 W   1.9        2.1        4.0        8.1       64.2 
000914  112249  46  51.3200 N  61  43.2900 W   1.9        2.1        4.0        8.1       64.2 
000914  112250  46  51.3200 N  61  43.2900 W   2.0        2.1        4.0        8.1       65.1*
000914  112251  46  51.3200 N  61  43.2900 W   1.9        2.1        4.0        8.3*      65.1 
000914  112252  46  51.3200 N  61  43.2900 W   1.9        2.1        4.0        8.3       65.1 
000914  112253  46  51.3200 N  61  43.2900 W   1.9        2.1        4.0        8.3       65.1 
000914  112254  46  51.3200 N  61  43.2900 W   2.0        2.1        4.0        8.3       65.1 
000914  112255  46  51.3200 N  61  43.2900 W   1.9        2.1        4.0        8.3       66.0*
000914  112256  46  51.3200 N  61  43.2900 W   1.9        2.1        4.0        8.7*      66.0 
000914  112257  46  51.3200 N  61  43.2900 W   2.0        2.1        4.0        8.7       66.0 
000914  112258  46  51.3200 N  61  43.2800 W   2.0        2.1        4.0        8.7       66.0 
000914  112259  46  51.3200 N  61  43.2800 W   1.9        2.1        4.0        8.7       66.0 
000914  112300  46  51.3200 N  61  43.2800 W   2.0        2.1        4.0        8.7       64.7*
000914  112301  46  51.3200 N  61  43.2800 W   2.0        2.1        4.0        7.9*      64.7 
000914  112302  46  51.3200 N  61  43.2800 W   1.9        2.1        2.3*       7.9       64.7 
000914  112303  46  51.3200 N  61  43.2800 W   1.9        2.1        2.3        7.9       64.7 
000914  112304  46  51.3200 N  61  43.2800 W   2.0        2.1        2.3        7.9       64.7 
000914  112305  46  51.3200 N  61  43.2800 W   2.0        2.1        2.3        7.9       64.7 
000914  112306  46  51.3200 N  61  43.2800 W   1.9        2.1        2.3        7.9       66.0*
000914  112307  46  51.3200 N  61  43.2800 W   2.0        2.1        2.3        8.2*      66.0 
000914  112308  46  51.3200 N  61  43.2800 W   2.0        2.1        2.3        8.2       66.0 
000914  112309  46  51.3200 N  61  43.2800 W   2.0        2.7*       2.3        8.2       66.0 
000914  112310  46  51.3200 N  61  43.2700 W   1.9        2.7        2.3        8.2       66.0 
000914  112311  46  51.3200 N  61  43.2700 W   1.9        2.7        2.3        8.2       64.2*
000914  112312  46  51.3200 N  61  43.2700 W   2.0        2.7        2.3        8.2*      64.2 
000914  112313  46  51.3200 N  61  43.2700 W   2.0        2.7        2.3        8.2       64.2 
000914  112314  46  51.3200 N  61  43.2700 W   2.0        2.7        2.3        8.2       64.2 
000914  112315  46  51.3200 N  61  43.2700 W   1.9        2.7        2.3        8.2       64.2 
000914  112316  46  51.3200 N  61  43.2700 W   1.9        2.7        2.3        8.2       64.2 
000914  112317  46  51.3200 N  61  43.2700 W   1.9        2.7        2.3        8.4*      65.1*
000914  112318  46  51.3200 N  61  43.2700 W   1.9        2.7        2.3        8.4       65.1 
000914  112319  46  51.3200 N  61  43.2700 W   2.0        2.7        2.3        8.4       65.1 
000914  112320  46  51.3200 N  61  43.2700 W   1.9        2.7        2.3        8.4       65.1 
000914  112321  46  51.3200 N  61  43.2700 W   1.9        2.7        2.3        8.4       65.1 
000914  112322  46  51.3200 N  61  43.2700 W   2.0        2.1*       2.3        8.4       64.7*
000914  112323  46  51.3200 N  61  43.2600 W   1.9        2.1        2.3        8.0*      64.7 
000914  112324  46  51.3200 N  61  43.2600 W   1.9        2.1        2.3        8.0       64.7 
000914  112325  46  51.3200 N  61  43.2600 W   1.9        2.1        2.3        8.0       64.7 
000914  112326  46  51.3200 N  61  43.2600 W   1.9        2.1        2.3        8.0       64.7 
000914  112327  46  51.3200 N  61  43.2600 W   1.9        2.1        2.3        8.0       65.1*
000914  112328  46  51.3200 N  61  43.2600 W   1.9        2.1        2.3        8.8*      65.1 
000914  112329  46  51.3200 N  61  43.2600 W   1.9        2.1        2.3        8.8       65.1 
000914  112330  46  51.3200 N  61  43.2600 W   1.9        2.1        2.3        8.8       65.1 
000914  112331  46  51.3200 N  61  43.2600 W   1.9        2.1        2.3        8.8       65.1 
000914  112332  46  51.3200 N  61  43.2600 W   1.9        2.1        2.3        8.8       65.1 
000914  112333  46  51.3200 N  61  43.2600 W   1.9        2.1        2.3        8.2*      65.5*
000914  112334  46  51.3200 N  61  43.2600 W   1.9        2.1        2.3        8.2       65.5 
000914  112335  46  51.3200 N  61  43.2600 W   1.8        2.1*       2.3        8.2       65.5 
000914  112336  46  51.3200 N  61  43.2500 W   1.8        2.1        2.3        8.2       65.5 
000914  112337  46  51.3200 N  61  43.2500 W   1.8        2.1        2.3        8.2       65.5 
000914  112338  46  51.3200 N  61  43.2500 W   1.8        2.1        2.3        8.6*      67.7*
000914  112339  46  51.3200 N  61  43.2500 W   1.8        2.1        2.3        8.6       67.7 
000914  112340  46  51.3200 N  61  43.2500 W   1.8        2.1        2.3        8.6       67.7 
000914  112341  46  51.3200 N  61  43.2500 W   1.8        2.1        2.3        8.6       67.7 
000914  112342  46  51.3200 N  61  43.2500 W   1.8        2.1        2.3        8.6       67.7 
000914  112343  46  51.3200 N  61  43.2500 W   1.8        2.1        2.3        8.6       62.0*
000914  112344  46  51.3200 N  61  43.2500 W   1.8        2.1        2.3        8.3*      62.0 
000914  112345  46  51.3200 N  61  43.2500 W   1.8        2.1        2.3        8.3       62.0 
000914  112346  46  51.3200 N  61  43.2500 W   1.8        2.1        2.3        8.3       62.0 
000914  112347  46  51.3200 N  61  43.2500 W   1.8        2.1        2.3        8.3       62.0 
000914  112348  46  51.3200 N  61  43.2500 W   1.8        2.1        2.3        8.3       62.0 
000914  112349  46  51.3200 N  61  43.2500 W   1.8        2.1        2.3        8.3*      65.1*
000914  112350  46  51.3200 N  61  43.2400 W   1.8        2.1        2.3        8.3       65.1 
000914  112351  46  51.3200 N  61  43.2400 W   1.8        2.1        2.3        8.3       65.1 
000914  112352  46  51.3200 N  61  43.2400 W   1.8        2.1        2.3        8.3       65.1 
000914  112353  46  51.3200 N  61  43.2400 W   1.8        2.1        2.3        8.3       65.1 
000914  112354  46  51.3200 N  61  43.2400 W   1.8        2.1        2.3        8.6*      64.7*
000914  112355  46  51.3200 N  61  43.2400 W   1.8        2.1        2.3        8.6       64.7 
000914  112356  46  51.3200 N  61  43.2400 W   1.8        2.1        2.3        8.6       64.7 
000914  112357  46  51.3200 N  61  43.2400 W   1.8        2.1        2.3        8.6       64.7 
000914  112358  46  51.3200 N  61  43.2400 W   1.8        2.1        2.3        8.6       64.7 
000914  112359  46  51.3200 N  61  43.2400 W   1.8        2.1        2.3        8.6       64.7 
000914  112400  46  51.3200 N  61  43.2400 W   1.7        2.1        2.3        8.6       64.2*
000914  112401  46  51.3200 N  61  43.2400 W   1.8        2.1        2.3        8.6       64.2 
000914  112402  46  51.3200 N  61  43.2400 W   1.8        2.1        2.3        8.6       64.2 
000914  112403  46  51.3200 N  61  43.2300 W   1.8        2.1        2.3        8.6       64.2 
000914  112404  46  51.3200 N  61  43.2300 W   1.7        2.1        2.3        8.6       64.2 
000914  112405  46  51.3200 N  61  43.2300 W   1.8        2.1        2.3        8.6       65.1*
000914  112406  46  51.3200 N  61  43.2300 W   1.8        2.1        2.3        8.6       65.1 
000914  112407  46  51.3200 N  61  43.2300 W   1.8        2.1        2.3        8.6       65.1 
000914  112408  46  51.3200 N  61  43.2300 W   1.7        2.1        2.3        8.6       65.1 
000914  112409  46  51.3200 N  61  43.2300 W   1.7        2.1        2.3        8.6       65.1 
000914  112410  46  51.3200 N  61  43.2300 W   1.8        2.1        2.3        8.6*      64.2*
000914  112411  46  51.3200 N  61  43.2300 W   1.8        2.1        2.3        8.6       64.2 
000914  112412  46  51.3200 N  61  43.2300 W   1.7        2.1        2.3        8.6       64.2 
000914  112413  46  51.3200 N  61  43.2300 W   1.8        2.1        2.3        8.6       64.2 
000914  112414  46  51.3200 N  61  43.2300 W   1.8        2.1        2.3        8.6       64.2 
000914  112415  46  51.3200 N  61  43.2300 W   1.8        2.1        2.3        8.9*      64.2 
000914  112416  46  51.3200 N  61  43.2300 W   1.7        2.1        2.3        8.9       65.5*
000914  112417  46  51.3200 N  61  43.2200 W   1.8        2.1        2.3        8.9       65.5 
000914  112418  46  51.3200 N  61  43.2200 W   1.8        2.1        2.3        8.9       65.5 
000914  112419  46  51.3200 N  61  43.2200 W   1.7        2.1        2.3        8.9       65.5 
000914  112420  46  51.3200 N  61  43.2200 W   1.8        2.1        2.3        8.9       65.5 
000914  112421  46  51.3200 N  61  43.2200 W   1.8        2.1        2.3        8.9*      65.1*
000914  112422  46  51.3200 N  61  43.2200 W   1.7        2.1        2.3        8.9       65.1 
000914  112423  46  51.3200 N  61  43.2200 W   1.8        2.1        2.3        8.9       65.1 
000914  112424  46  51.3200 N  61  43.2200 W   1.8        2.1        2.3        8.9       65.1 
000914  112425  46  51.3200 N  61  43.2200 W   1.7        2.1        2.3        8.9       65.1 
000914  112426  46  51.3200 N  61  43.2200 W   1.7        2.1        2.3        9.3*      64.2*
000914  112427  46  51.3200 N  61  43.2200 W   1.8        2.1*       2.3        9.3       64.2 
000914  112428  46  51.3200 N  61  43.2200 W   1.7        2.1        2.3        9.3       64.2 
000914  112429  46  51.3200 N  61  43.2200 W   1.7        2.1        2.3        9.3       64.2 
000914  112430  46  51.3200 N  61  43.2200 W   1.8        2.1        2.3        9.3       64.2 
000914  112431  46  51.3200 N  61  43.2100 W   1.8        2.1        2.3        8.7*      64.2 
000914  112432  46  51.3200 N  61  43.2100 W   1.7        2.1        2.3        8.7       66.0*
000914  112433  46  51.3200 N  61  43.2100 W   1.8        2.1        2.3        8.7       66.0 
000914  112434  46  51.3200 N  61  43.2100 W   1.8        2.1        2.3        8.7       66.0 
000914  112435  46  51.3200 N  61  43.2100 W   1.7        2.1        2.3        8.7       66.0 
000914  112436  46  51.3200 N  61  43.2100 W   1.7        2.1        2.3        8.7       66.0 
000914  112437  46  51.3200 N  61  43.2100 W   1.8        2.1        2.3        8.8*      65.5*
000914  112438  46  51.3200 N  61  43.2100 W   1.7        2.1        2.3        8.8       65.5 
000914  112439  46  51.3200 N  61  43.2100 W   1.7        2.1        2.3        8.8       65.5 
000914  112440  46  51.3200 N  61  43.2100 W   1.7        2.1*       2.3        8.8       65.5 
000914  112441  46  51.3200 N  61  43.2100 W   1.7        2.1        2.3        8.8       65.5 
000914  112442  46  51.3200 N  61  43.2100 W   1.7        2.1        2.3        8.8*      65.5 
000914  112443  46  51.3200 N  61  43.2100 W   1.7        2.1        2.3        8.8       65.5*
000914  112444  46  51.3200 N  61  43.2100 W   1.7        2.1        2.3        8.8       65.5 
000914  112445  46  51.3200 N  61  43.2000 W   1.7        2.1        2.3        8.8       65.5 
000914  112446  46  51.3200 N  61  43.2000 W   1.7        2.1        2.3        8.8       65.5 
000914  112447  46  51.3200 N  61  43.2000 W   1.7        2.1        2.3        8.6*      65.5 
000914  112448  46  51.3200 N  61  43.2000 W   1.7        2.1        2.3        8.6       65.1*
000914  112449  46  51.3200 N  61  43.2000 W   1.7        2.1        2.3        8.6       65.1 
000914  112450  46  51.3200 N  61  43.2000 W   1.7        2.1        2.3        8.6       65.1 
000914  112451  46  51.3200 N  61  43.2000 W   1.7        2.1        2.3        8.6       65.1 
000914  112452  46  51.3200 N  61  43.2000 W   1.7        2.1        2.3        8.9*      65.1 
000914  112453  46  51.3200 N  61  43.2000 W   1.7        2.1*       2.3        8.9       65.1 
000914  112454  46  51.3200 N  61  43.2000 W   1.7        2.1        2.3        8.9       65.1 
000914  112455  46  51.3200 N  61  43.2000 W   1.7        2.1        2.3        8.9       65.1 
000914  112456  46  51.3200 N  61  43.2000 W   1.7        2.1        2.3        8.9       65.1 
000914  112457  46  51.3200 N  61  43.2000 W   1.7        2.1        2.3        8.9       65.1 
000914  112458  46  51.3200 N  61  43.2000 W   1.7        2.1        2.3        8.8*      65.1 
000914  112459  46  51.3200 N  61  43.1900 W   1.7        2.1        2.3        8.8       65.1 
000914  112500  46  51.3200 N  61  43.1900 W   1.7        2.1        2.3        8.8       65.1 
000914  112501  46  51.3200 N  61  43.1900 W   1.7        2.1        2.3        8.8       65.1 
000914  112502  46  51.3200 N  61  43.1900 W   1.7        2.1        2.3        8.8       65.1 
000914  112503  46  51.3200 N  61  43.1900 W   1.7        2.1        2.3        8.7*      65.1 
000914  112504  46  51.3200 N  61  43.1900 W   1.7        2.1        2.3        8.7       64.7*
000914  112505  46  51.3200 N  61  43.1900 W   1.7        2.1        2.3        8.7       64.7 
000914  112506  46  51.3200 N  61  43.1900 W   1.7        2.1        2.3        8.7       64.7 
000914  112507  46  51.3200 N  61  43.1900 W   1.7        2.1        2.3        8.7       64.7 
000914  112508  46  51.3200 N  61  43.1900 W   1.7        2.1        2.3        8.9*      64.7 
000914  112509  46  51.3200 N  61  43.1900 W   1.7        2.1        2.3        8.9       66.4*
000914  112510  46  51.3200 N  61  43.1900 W   1.7        2.1        2.3        8.9       66.4 
000914  112511  46  51.3200 N  61  43.1900 W   1.7        2.1        2.3        8.9       66.4 
000914  112512  46  51.3200 N  61  43.1800 W   1.8        2.1        2.3        8.9       66.4 
000914  112513  46  51.3200 N  61  43.1800 W   1.7        2.1        2.3        8.9       66.4 
000914  112514  46  51.3200 N  61  43.1800 W   1.7        2.1        2.3        8.7*      66.4 
000914  112515  46  51.3200 N  61  43.1800 W   1.8        2.1        2.3        8.7       64.7*
000914  112516  46  51.3200 N  61  43.1800 W   1.7        2.1        2.3        8.7       64.7 
000914  112517  46  51.3200 N  61  43.1800 W   1.7        2.1        2.3        8.7       64.7 
000914  112518  46  51.3200 N  61  43.1800 W   1.8        2.1        2.3        8.7       64.7 
000914  112519  46  51.3200 N  61  43.1800 W   1.8        2.1*       2.3        8.6*      64.7 
000914  112520  46  51.3200 N  61  43.1800 W   1.8        2.1        2.3        8.6       65.1*
000914  112521  46  51.3200 N  61  43.1800 W   1.8        2.1        2.3        8.6       65.1 
000914  112522  46  51.3200 N  61  43.1800 W   1.8        2.1        2.3        8.6       65.1 
000914  112523  46  51.3200 N  61  43.1800 W   1.8        2.1        2.3        8.6       65.1 
000914  112524  46  51.3200 N  61  43.1800 W   1.8        2.1        2.3        9.2*      65.1 
000914  112525  46  51.3200 N  61  43.1800 W   1.8        2.1        2.4*       9.2       65.1 
000914  112526  46  51.3200 N  61  43.1700 W   1.8        2.1        2.4        9.2       64.2*
000914  112527  46  51.3200 N  61  43.1700 W   1.8        2.1        2.4        9.2       64.2 
000914  112528  46  51.3200 N  61  43.1700 W   1.8        2.1        2.4        9.2       64.2 
000914  112529  46  51.3200 N  61  43.1700 W   1.8        2.1        2.4        8.9*      64.2 
000914  112530  46  51.3200 N  61  43.1700 W   1.8        2.1        2.4        8.9       64.2 
000914  112531  46  51.3200 N  61  43.1700 W   1.8        2.1        2.4        8.9       63.8*
000914  112532  46  51.3200 N  61  43.1700 W   1.8        2.8*       2.4        8.9       63.8 
000914  112533  46  51.3200 N  61  43.1700 W   1.8        2.8        2.4        8.9       63.8 
000914  112534  46  51.3200 N  61  43.1700 W   1.8        2.8        2.4        8.9       63.8 
000914  112535  46  51.3200 N  61  43.1700 W   1.8        2.8        2.4        9.0*      63.8 
000914  112536  46  51.3200 N  61  43.1700 W   1.8        2.8        2.4        9.0       65.5*
000914  112537  46  51.3200 N  61  43.1700 W   1.8        2.8        2.4        9.0       65.5 
000914  112538  46  51.3200 N  61  43.1700 W   1.8        2.8        2.4        9.0       65.5 
000914  112539  46  51.3200 N  61  43.1600 W   1.8        2.8        2.4        9.0       65.5 
000914  112540  46  51.3200 N  61  43.1600 W   1.8        2.8        2.4        8.6*      65.5 
000914  112541  46  51.3200 N  61  43.1600 W   1.8        2.8        2.4        8.6       65.5 
000914  112542  46  51.3200 N  61  43.1600 W   1.8        2.8        2.4        8.6       64.2*
000914  112543  46  51.3100 N  61  43.1600 W   1.8        2.8        2.4        8.6       64.2 
000914  112544  46  51.3100 N  61  43.1600 W   1.8        2.8        2.4        8.6       64.2 
000914  112545  46  51.3100 N  61  43.1600 W   1.8        2.1*       2.4        8.6*      64.2 
000914  112546  46  51.3100 N  61  43.1600 W   1.8        2.1        2.4        8.6       64.2 
000914  112547  46  51.3100 N  61  43.1600 W   1.8        2.1        2.4        8.6       65.1*
000914  112548  46  51.3100 N  61  43.1600 W   1.8        2.1        2.4        8.6       65.1 
000914  112549  46  51.3100 N  61  43.1600 W   1.8        2.1        2.4        8.6       65.1 
000914  112550  46  51.3100 N  61  43.1600 W   1.8        2.1        2.4        8.6       65.1 
000914  112551  46  51.3100 N  61  43.1600 W   1.8        2.1        2.4        8.8*      65.1 
000914  112552  46  51.3100 N  61  43.1500 W   1.8        2.1        2.4        8.8       65.1 
000914  112553  46  51.3100 N  61  43.1500 W   1.8        2.1        2.4        8.8       64.7*
000914  112554  46  51.3100 N  61  43.1500 W   1.8        2.1        2.4        8.8       64.7 
000914  112555  46  51.3100 N  61  43.1500 W   1.8        2.1        2.4        8.8       64.7 
000914  112556  46  51.3100 N  61  43.1500 W   1.8        2.1        2.4        9.4*      64.7 
000914  112557  46  51.3100 N  61  43.1500 W   1.8        2.1        2.4        9.4       64.7 
000914  112558  46  51.3100 N  61  43.1500 W   1.8        2.3*       2.4        9.4       64.7*
000914  112559  46  51.3100 N  61  43.1500 W   1.8        2.3        2.4        9.4       64.7 
000914  112600  46  51.3100 N  61  43.1500 W   1.8        2.3        2.4        9.4       64.7 
000914  112601  46  51.3100 N  61  43.1500 W   1.8        2.3        2.4        8.3*      64.7 
000914  112602  46  51.3100 N  61  43.1500 W   1.8        2.3        2.4        8.3       64.7 
000914  112603  46  51.3100 N  61  43.1500 W   1.8        2.3        2.4        8.3       64.7*
000914  112604  46  51.3100 N  61  43.1500 W   1.8        2.3        2.4        8.3       64.7 
000914  112605  46  51.3100 N  61  43.1400 W   1.8        2.3        2.4        8.3       64.7 
000914  112606  46  51.3100 N  61  43.1400 W   1.8        2.3        2.4        8.8*      64.7 
000914  112607  46  51.3100 N  61  43.1400 W   1.8        2.3        2.4        8.8       64.7 
000914  112608  46  51.3100 N  61  43.1400 W   1.8        2.3        2.4        8.8       64.7 
000914  112609  46  51.3100 N  61  43.1400 W   1.9        2.3        2.4        8.8       64.2*
000914  112610  46  51.3100 N  61  43.1400 W   1.9        2.3        2.4        8.8       64.2 
000914  112611  46  51.3100 N  61  43.1400 W   1.8        2.3*       2.4        8.8       64.2 
000914  112612  46  51.3100 N  61  43.1400 W   1.8        2.3        2.4        8.8       64.2 
000914  112613  46  51.3100 N  61  43.1400 W   1.9        2.3        2.4        8.8       64.2 
000914  112614  46  51.3100 N  61  43.1400 W   1.8        2.3        2.4        8.8       63.8*
000914  112615  46  51.3100 N  61  43.1400 W   1.8        2.3        2.4        8.8       63.8 
000914  112616  46  51.3100 N  61  43.1400 W   1.8        2.3        2.4        8.8       63.8 
000914  112617  46  51.3100 N  61  43.1400 W   1.8        2.3        2.4        8.8       63.8 
000914  112618  46  51.3100 N  61  43.1300 W   1.8        2.3        2.4        8.8       63.8 
000914  112619  46  51.3100 N  61  43.1300 W   1.8        2.3        2.4        8.8       64.7*
000914  112620  46  51.3100 N  61  43.1300 W   1.8        2.3        2.4        8.8       64.7 
000914  112621  46  51.3100 N  61  43.1300 W   1.8        2.3        2.4        8.8       64.7 
000914  112622  46  51.3100 N  61  43.1300 W   1.8        2.3        2.4        8.6*      64.7 
000914  112623  46  51.3100 N  61  43.1300 W   1.9        2.3        2.4        8.6       64.7 
000914  112624  46  51.3100 N  61  43.1300 W   1.9        2.5*       2.4        8.6       64.7 
000914  112625  46  51.3100 N  61  43.1300 W   1.8        2.5        2.4        8.6       63.8*
000914  112626  46  51.3100 N  61  43.1300 W   1.8        2.5        2.4        8.6       63.8 
000914  112627  46  51.3100 N  61  43.1300 W   1.9        2.5        2.4        8.6       63.8 
000914  112628  46  51.3100 N  61  43.1300 W   1.8        2.5        2.4        8.8*      63.8 
000914  112629  46  51.3100 N  61  43.1300 W   1.9        2.5        2.4        8.8       63.8 
000914  112630  46  51.3100 N  61  43.1300 W   1.9        2.5        2.4*       8.8       64.2*
000914  112631  46  51.3100 N  61  43.1200 W   1.8        2.5        2.4        8.8       64.2 
000914  112632  46  51.3100 N  61  43.1200 W   1.9        2.5        2.4        8.8       64.2 
000914  112633  46  51.3100 N  61  43.1200 W   1.9        2.5        2.4        8.7*      64.2 
000914  112634  46  51.3100 N  61  43.1200 W   1.8        2.5        2.4        8.7       64.2 
000914  112635  46  51.3100 N  61  43.1200 W   1.9        2.5        2.4        8.7       64.2 
000914  112636  46  51.3100 N  61  43.1200 W   1.9        2.5        2.4        8.7       64.7*
000914  112637  46  51.3100 N  61  43.1200 W   1.8        3.1*       2.4        8.7       64.7 
000914  112638  46  51.3100 N  61  43.1200 W   1.8        3.1        2.4        9.0*      64.7 
000914  112639  46  51.3100 N  61  43.1200 W   1.9        3.1        2.4        9.0       64.7 
000914  112640  46  51.3100 N  61  43.1200 W   1.8        3.1        2.4        9.0       64.7 
000914  112641  46  51.3100 N  61  43.1200 W   1.8        3.1        2.4        9.0       64.7*
000914  112642  46  51.3100 N  61  43.1200 W   1.9        3.1        2.4        9.0       64.7 
000914  112643  46  51.3100 N  61  43.1200 W   1.9        3.1        2.4        8.8*      64.7 
000914  112644  46  51.3100 N  61  43.1100 W   1.8        3.1        2.4        8.8       64.7 
000914  112645  46  51.3100 N  61  43.1100 W   1.8        3.1        2.4        8.8       64.7 
000914  112646  46  51.3100 N  61  43.1100 W   1.9        3.1        2.4        8.8       64.7*
000914  112647  46  51.3100 N  61  43.1100 W   1.9        3.1        2.4        8.8       64.7 
000914  112648  46  51.3100 N  61  43.1100 W   1.8        3.1        2.4        8.8       64.7 
000914  112649  46  51.3100 N  61  43.1100 W   1.9        3.1        2.4        8.7*      64.7 
000914  112650  46  51.3100 N  61  43.1100 W   1.9        3.1        2.4        8.7       64.7 
000914  112651  46  51.3100 N  61  43.1100 W   1.9        3.1        2.4        8.7       64.7 
000914  112652  46  51.3100 N  61  43.1100 W   1.9        3.1        2.4        8.7       63.8*
000914  112653  46  51.3100 N  61  43.1100 W   1.9        3.1        2.4        8.7       63.8 
000914  112654  46  51.3100 N  61  43.1100 W   1.8        3.1        2.4        8.7*      63.8 
000914  112655  46  51.3100 N  61  43.1100 W   1.8        3.1        2.4        8.7       63.8 
000914  112656  46  51.3100 N  61  43.1100 W   1.8        3.1        2.4        8.7       63.8 
000914  112657  46  51.3100 N  61  43.1000 W   1.8        3.1        2.4        8.7       64.7*
000914  112658  46  51.3100 N  61  43.1000 W   1.8        3.1        2.4        8.7       64.7 
000914  112659  46  51.3100 N  61  43.1000 W   1.8        3.1        2.4        8.6*      64.7 
