03091991 009 484636.3 633550.6  5.5                                               
03091991 009                    5.4                                               
03091991 009                    5.2                                               
03091991 009                    5.3                                               
03091991 009                    5.2                                               
03091991 009                    5.2                                               
03091991 009                    6.0                                               
03091991 009                    5.3                                               
03091991 009                    5.2                                               
03091991 009                    5.1                                               
03091991 009                    5.1                                               
03091991 009                    5.3                                               
03091991 009 484648.2 633600.1  5.9                                               