#B	Created:	07.08.2023 16:25:49
##	Version	SeaStar	9.05
#5	Field separation:	0
#2	Date & Time:	1
#6	Decimal point:	,
#7	Date def.:	dd.mm.yyyy	.
#8	Time def.:	:
##	Axis	0	Temperature(°C)	clRed	FALSE
##	Axis	1	Pressure(Bar)	clBlue	FALSE
##	Axis	2	Angle(°)	clGreen	FALSE
##	Axis	3	EAL	clSkyBlue	FALSE
##	Axis	4	Roll(°)	$00404080	FALSE
##	Series	0	Temp(°C)	clRed	0	Temp(°C)	2
##	Series	1	Press(Bar)	clBlue	1	Press(Bar)	2
##	Series	2	Tilt-X(°)	clGreen	2	Tilt-X(°)	0
##	Series	3	Tilt-Y(°)	$00404080	2	Tilt-Y(°)	0
##	Series	4	Tilt-Z(°)	$00FF0080	2	Tilt-Z(°)	0
##	Series	5	EAL	clSkyBlue	3	EAL	0
##	Series	6	Roll(°)	$00404080	4	Roll(°)	0
##	Recorder	210	DST tilt	1242
##	Chart	210H1242DAT	
#D	Data:	1796	07.08.2023 15:55:00	07.08.2023 16:24:55
1	07.08.2023 15:55:00,000	19,31	0,23	58	25	7	0	73
2	07.08.2023 15:55:01,000	19,31	0,21	57	32	-1	0	92
3	07.08.2023 15:55:02,000	19,31	0,21	57	26	7	0	73
4	07.08.2023 15:55:03,000	19,31	0,23	58	24	8	0	72
5	07.08.2023 15:55:04,000	19,31	0,21	47	34	-9	0	106
6	07.08.2023 15:55:05,000	19,31	0,21	56	27	7	0	75
7	07.08.2023 15:55:06,000	19,31	0,21	59	24	7	0	72
8	07.08.2023 15:55:07,000	19,31	0,18	52	27	-11	0	113
9	07.08.2023 15:55:08,000	19,31	0,21	57	26	6	0	76
10	07.08.2023 15:55:09,000	19,31	0,21	58	24	8	0	71
11	07.08.2023 15:55:10,000	19,31	0,21	57	25	8	0	72
12	07.08.2023 15:55:11,000	19,31	0,23	46	32	-11	0	110
13	07.08.2023 15:55:12,000	19,31	0,23	56	27	8	0	74
14	07.08.2023 15:55:13,000	19,31	0,21	56	26	8	0	73
15	07.08.2023 15:55:14,000	19,31	0,21	51	32	-7	0	103
16	07.08.2023 15:55:15,000	19,31	0,23	54	34	2	0	87
17	07.08.2023 15:55:16,000	19,31	0,21	56	27	7	0	74
18	07.08.2023 15:55:17,000	19,31	0,21	56	26	8	0	72
19	07.08.2023 15:55:18,000	19,28	0,23	53	32	-5	0	99
20	07.08.2023 15:55:19,000	19,31	0,23	59	25	7	0	74
21	07.08.2023 15:55:20,000	19,28	0,21	56	26	8	0	73
22	07.08.2023 15:55:21,000	19,28	0,23	58	30	2	0	86
23	07.08.2023 15:55:22,000	19,28	0,23	55	32	-3	0	95
24	07.08.2023 15:55:23,000	19,28	0,23	57	25	7	0	74
25	07.08.2023 15:55:24,000	19,28	0,21	57	25	8	0	72
26	07.08.2023 15:55:25,000	19,28	0,23	56	31	-3	0	96
27	07.08.2023 15:55:26,000	19,28	0,23	55	34	1	0	89
28	07.08.2023 15:55:27,000	19,28	0,21	57	26	7	0	74
29	07.08.2023 15:55:28,000	19,28	0,23	62	27	-1	0	93
30	07.08.2023 15:55:29,000	19,28	0,23	53	35	-1	0	92
31	07.08.2023 15:55:30,000	19,28	0,21	55	32	3	0	84
32	07.08.2023 15:55:31,000	19,28	0,23	55	27	8	0	73
33	07.08.2023 15:55:32,000	19,28	0,23	56	26	9	0	71
34	07.08.2023 15:55:33,000	19,28	0,23	58	27	5	0	79
35	07.08.2023 15:55:34,000	19,28	0,23	57	26	7	0	74
36	07.08.2023 15:55:35,000	19,28	0,23	56	27	7	0	75
37	07.08.2023 15:55:36,000	19,28	0,23	58	32	0	0	90
38	07.08.2023 15:55:37,000	19,28	0,23	56	31	3	0	85
39	07.08.2023 15:55:38,000	19,28	0,23	55	27	8	0	74
40	07.08.2023 15:55:39,000	19,28	0,23	55	30	5	0	79
41	07.08.2023 15:55:40,000	19,28	0,21	56	28	6	0	77
42	07.08.2023 15:55:41,000	19,28	0,23	57	26	6	0	76
43	07.08.2023 15:55:42,000	19,28	0,23	58	27	5	0	78
44	07.08.2023 15:55:43,000	19,28	0,21	56	31	3	0	83
45	07.08.2023 15:55:44,000	19,25	0,23	58	26	6	0	75
46	07.08.2023 15:55:45,000	19,25	0,23	57	27	6	0	76
47	07.08.2023 15:55:46,000	19,25	0,21	57	26	7	0	75
48	07.08.2023 15:55:47,000	19,25	0,21	56	26	8	0	72
49	07.08.2023 15:55:48,000	19,25	0,21	55	27	8	0	74
50	07.08.2023 15:55:49,000	19,25	0,23	53	28	8	0	73
51	07.08.2023 15:55:50,000	19,25	0,23	60	29	1	0	87
52	07.08.2023 15:55:51,000	19,25	0,21	56	24	10	0	67
53	07.08.2023 15:55:52,000	19,25	0,21	54	28	8	0	74
54	07.08.2023 15:55:53,000	19,25	0,21	56	26	7	0	73
55	07.08.2023 15:55:54,000	19,25	0,21	55	27	8	0	73
56	07.08.2023 15:55:55,000	19,25	0,23	57	26	8	0	73
57	07.08.2023 15:55:56,000	19,25	0,23	54	27	9	0	72
58	07.08.2023 15:55:57,000	19,25	0,21	58	24	8	0	71
59	07.08.2023 15:55:58,000	19,25	0,23	55	27	8	0	73
60	07.08.2023 15:55:59,000	19,25	0,21	51	30	9	0	72
61	07.08.2023 15:56:00,000	19,25	0,23	56	26	8	0	73
62	07.08.2023 15:56:01,000	19,25	0,23	55	27	8	0	73
63	07.08.2023 15:56:02,000	19,25	0,23	54	28	8	0	73
64	07.08.2023 15:56:03,000	19,25	0,23	54	28	9	0	72
65	07.08.2023 15:56:04,000	19,25	0,23	57	25	8	0	73
66	07.08.2023 15:56:05,000	19,25	0,23	56	26	8	0	73
67	07.08.2023 15:56:06,000	19,25	0,23	57	26	7	0	74
68	07.08.2023 15:56:07,000	19,25	0,21	56	26	8	0	73
69	07.08.2023 15:56:08,000	19,25	0,26	54	29	7	0	76
70	07.08.2023 15:56:09,000	19,25	0,23	57	25	8	0	73
71	07.08.2023 15:56:10,000	19,25	0,23	57	26	7	0	75
72	07.08.2023 15:56:11,000	19,25	0,23	58	25	8	0	72
73	07.08.2023 15:56:12,000	19,22	0,23	49	33	8	0	75
74	07.08.2023 15:56:13,000	19,22	0,23	55	27	8	0	73
75	07.08.2023 15:56:14,000	19,22	0,23	54	27	8	0	73
76	07.08.2023 15:56:15,000	19,22	0,21	54	28	8	0	74
77	07.08.2023 15:56:16,000	19,22	0,23	55	26	8	0	72
78	07.08.2023 15:56:17,000	19,22	0,23	54	28	8	0	72
79	07.08.2023 15:56:18,000	19,22	0,23	54	27	8	0	72
80	07.08.2023 15:56:19,000	19,22	0,23	55	27	8	0	73
81	07.08.2023 15:56:20,000	19,22	0,23	56	26	8	0	73
82	07.08.2023 15:56:21,000	19,22	0,21	55	27	8	0	73
83	07.08.2023 15:56:22,000	19,22	0,23	56	27	8	0	73
84	07.08.2023 15:56:23,000	19,22	0,23	57	26	7	0	73
85	07.08.2023 15:56:24,000	19,22	0,23	57	26	8	0	73
86	07.08.2023 15:56:25,000	19,22	0,26	56	26	8	0	73
87	07.08.2023 15:56:26,000	19,22	0,23	55	27	8	0	73
88	07.08.2023 15:56:27,000	19,22	0,21	55	27	8	0	73
89	07.08.2023 15:56:28,000	19,22	0,23	54	27	8	0	73
90	07.08.2023 15:56:29,000	19,22	0,23	56	26	8	0	73
91	07.08.2023 15:56:30,000	19,22	0,23	55	27	8	0	73
92	07.08.2023 15:56:31,000	19,22	0,23	56	26	8	0	73
93	07.08.2023 15:56:32,000	19,22	0,23	57	26	8	0	73
94	07.08.2023 15:56:33,000	19,22	0,26	57	25	8	0	73
95	07.08.2023 15:56:34,000	19,22	0,23	56	26	8	0	73
96	07.08.2023 15:56:35,000	19,22	0,23	58	24	8	0	72
97	07.08.2023 15:56:36,000	19,22	0,21	44	36	10	0	74
98	07.08.2023 15:56:37,000	19,22	0,23	57	25	8	0	72
99	07.08.2023 15:56:38,000	19,22	0,23	56	26	8	0	73
100	07.08.2023 15:56:39,000	19,22	0,23	56	26	8	0	73
101	07.08.2023 15:56:40,000	19,22	0,23	57	26	8	0	73
102	07.08.2023 15:56:41,000	19,22	0,23	54	27	8	0	72
103	07.08.2023 15:56:42,000	19,22	0,23	55	27	8	0	73
104	07.08.2023 15:56:43,000	19,22	0,21	56	26	8	0	73
105	07.08.2023 15:56:44,000	19,22	0,21	55	27	8	0	72
106	07.08.2023 15:56:45,000	19,22	0,26	57	26	7	0	73
107	07.08.2023 15:56:46,000	19,22	0,23	54	28	8	0	73
108	07.08.2023 15:56:47,000	19,22	0,23	38	45	7	1	80
109	07.08.2023 15:56:48,000	19,22	0,23	-1	8	-81	0	172
110	07.08.2023 15:56:49,000	19,22	0,21	3	3	-83	0	177
111	07.08.2023 15:56:50,000	19,22	0,26	6	4	-81	0	176
112	07.08.2023 15:56:51,000	19,22	0,23	22	-2	66	1	-2
113	07.08.2023 15:56:52,000	19,22	0,23	-39	8	-43	1	169
114	07.08.2023 15:56:53,000	19,22	0,35	70	12	8	1	169
115	07.08.2023 15:56:54,000	19,22	0,28	33	4	54	0	5
116	07.08.2023 15:56:55,000	19,19	0,23	11	40	40	0	45
117	07.08.2023 15:56:56,000	19,19	0,21	18	31	41	0	39
118	07.08.2023 15:56:57,000	19,19	0,21	15	35	41	0	41
119	07.08.2023 15:56:58,000	19,19	0,26	18	32	40	0	40
120	07.08.2023 15:56:59,000	19,19	0,30	54	-10	25	1	-23
121	07.08.2023 15:57:00,000	19,19	0,35	30	0	60	1	0
122	07.08.2023 15:57:01,000	19,22	0,37	57	1	31	0	2
123	07.08.2023 15:57:02,000	19,22	0,42	47	-6	37	0	-10
124	07.08.2023 15:57:03,000	19,22	0,42	44	-2	44	0	-3
125	07.08.2023 15:57:04,000	19,22	0,40	37	-7	46	0	-9
126	07.08.2023 15:57:05,000	19,22	0,40	31	2	57	0	2
127	07.08.2023 15:57:06,000	19,22	0,40	30	0	60	0	0
128	07.08.2023 15:57:07,000	19,22	0,42	38	-3	49	0	-4
129	07.08.2023 15:57:08,000	19,22	0,42	34	-9	47	0	-13
130	07.08.2023 15:57:09,000	19,22	0,44	38	-6	46	0	-8
131	07.08.2023 15:57:10,000	19,22	0,44	35	-9	46	0	-13
132	07.08.2023 15:57:11,000	19,22	0,47	39	-4	48	0	-5
133	07.08.2023 15:57:12,000	19,22	0,47	42	0	48	0	-1
134	07.08.2023 15:57:13,000	19,22	0,47	40	-2	48	0	-2
135	07.08.2023 15:57:14,000	19,22	0,47	41	0	48	0	1
136	07.08.2023 15:57:15,000	19,22	0,50	41	2	46	0	3
137	07.08.2023 15:57:16,000	19,22	0,50	39	4	48	0	5
138	07.08.2023 15:57:17,000	19,22	0,50	39	4	47	0	6
139	07.08.2023 15:57:18,000	19,22	0,50	37	6	47	0	8
140	07.08.2023 15:57:19,000	19,22	0,48	31	11	49	0	14
141	07.08.2023 15:57:20,000	19,22	0,50	31	9	50	0	12
142	07.08.2023 15:57:21,000	19,22	0,53	38	7	45	0	9
143	07.08.2023 15:57:22,000	19,22	0,55	51	5	34	0	9
144	07.08.2023 15:57:23,000	19,22	0,62	54	6	30	0	11
145	07.08.2023 15:57:24,000	19,22	0,57	43	8	39	0	12
146	07.08.2023 15:57:25,000	19,22	0,55	34	8	47	0	11
147	07.08.2023 15:57:26,000	19,22	0,53	32	8	50	0	10
148	07.08.2023 15:57:27,000	19,22	0,55	42	7	41	0	11
149	07.08.2023 15:57:28,000	19,22	0,62	58	6	26	0	13
150	07.08.2023 15:57:29,000	19,22	0,67	68	5	17	0	13
151	07.08.2023 15:57:30,000	19,22	0,69	59	4	27	0	10
152	07.08.2023 15:57:31,000	19,22	0,67	57	2	31	0	5
153	07.08.2023 15:57:32,000	19,22	0,65	61	0	29	0	0
154	07.08.2023 15:57:33,000	19,22	0,65	56	1	33	0	2
155	07.08.2023 15:57:34,000	19,22	0,67	55	4	30	0	9
156	07.08.2023 15:57:35,000	19,22	0,69	60	5	25	0	11
157	07.08.2023 15:57:36,000	19,22	0,72	64	1	25	0	2
158	07.08.2023 15:57:37,000	19,22	0,74	61	1	28	0	2
159	07.08.2023 15:57:38,000	19,19	0,74	55	6	29	0	11
160	07.08.2023 15:57:39,000	19,19	0,76	58	4	28	0	9
161	07.08.2023 15:57:40,000	19,19	0,76	60	3	26	0	7
162	07.08.2023 15:57:41,000	19,19	0,78	63	2	25	0	5
163	07.08.2023 15:57:42,000	19,19	0,81	67	3	20	0	5
164	07.08.2023 15:57:43,000	19,19	0,83	67	5	18	0	5
165	07.08.2023 15:57:44,000	19,19	0,83	60	6	23	0	15
166	07.08.2023 15:57:45,000	19,16	0,83	59	7	24	0	16
167	07.08.2023 15:57:46,000	19,16	0,85	64	6	20	0	16
168	07.08.2023 15:57:47,000	19,16	0,87	61	6	23	0	16
169	07.08.2023 15:57:48,000	19,16	0,85	59	5	26	0	12
170	07.08.2023 15:57:49,000	19,13	0,87	63	4	23	0	12
171	07.08.2023 15:57:50,000	19,13	0,92	68	6	16	0	12
172	07.08.2023 15:57:51,000	19,10	0,96	69	7	14	0	12
173	07.08.2023 15:57:52,000	19,10	0,94	64	7	19	0	12
174	07.08.2023 15:57:53,000	19,07	0,91	63	5	22	0	12
175	07.08.2023 15:57:54,000	19,07	0,93	65	5	20	0	12
176	07.08.2023 15:57:55,000	19,07	0,96	66	6	18	0	12
177	07.08.2023 15:57:56,000	19,07	1,01	65	9	16	0	12
178	07.08.2023 15:57:57,000	19,04	1,03	65	10	15	0	12
179	07.08.2023 15:57:58,000	19,04	1,07	64	12	14	0	12
180	07.08.2023 15:57:59,000	19,01	1,07	62	12	16	0	12
181	07.08.2023 15:58:00,000	19,01	1,07	62	12	16	0	12
182	07.08.2023 15:58:01,000	18,98	1,09	61	12	18	0	12
183	07.08.2023 15:58:02,000	18,98	1,09	58	12	20	0	31
184	07.08.2023 15:58:03,000	18,98	1,11	59	13	18	0	31
185	07.08.2023 15:58:04,000	18,95	1,13	61	13	16	0	31
186	07.08.2023 15:58:05,000	18,95	1,16	63	13	14	0	31
187	07.08.2023 15:58:06,000	18,92	1,18	65	12	13	0	31
188	07.08.2023 15:58:07,000	18,86	1,22	66	11	12	0	31
189	07.08.2023 15:58:08,000	18,80	1,23	60	11	19	0	31
190	07.08.2023 15:58:09,000	18,77	1,28	57	10	23	0	25
191	07.08.2023 15:58:10,000	18,74	1,27	61	10	18	0	25
192	07.08.2023 15:58:11,000	18,71	1,32	66	9	15	0	25
193	07.08.2023 15:58:12,000	18,65	1,36	69	9	12	0	25
194	07.08.2023 15:58:13,000	18,56	1,39	70	7	14	0	25
195	07.08.2023 15:58:14,000	18,47	1,45	68	5	17	0	25
196	07.08.2023 15:58:15,000	18,41	1,47	70	7	13	0	25
197	07.08.2023 15:58:16,000	18,35	1,49	69	6	15	0	25
198	07.08.2023 15:58:17,000	18,32	1,53	74	4	12	0	25
199	07.08.2023 15:58:18,000	18,23	1,54	70	3	17	0	25
200	07.08.2023 15:58:19,000	18,17	1,54	71	1	19	0	25
201	07.08.2023 15:58:20,000	18,14	1,58	76	-1	13	0	25
202	07.08.2023 15:58:21,000	18,11	1,62	76	-2	12	0	25
203	07.08.2023 15:58:22,000	18,08	1,62	67	-9	14	0	25
204	07.08.2023 15:58:23,000	17,99	1,68	64	-11	15	0	25
205	07.08.2023 15:58:24,000	17,90	1,69	65	-10	15	0	25
206	07.08.2023 15:58:25,000	17,84	1,73	68	-9	13	0	25
207	07.08.2023 15:58:26,000	17,81	1,78	68	-9	13	0	25
208	07.08.2023 15:58:27,000	17,78	1,77	69	-6	15	0	25
209	07.08.2023 15:58:28,000	17,69	1,86	66	-6	18	0	25
210	07.08.2023 15:58:29,000	17,60	1,90	67	-5	18	0	25
211	07.08.2023 15:58:30,000	17,45	1,97	71	-3	15	0	25
212	07.08.2023 15:58:31,000	17,27	2,02	69	-4	16	0	25
213	07.08.2023 15:58:32,000	17,12	2,10	66	-5	19	0	25
214	07.08.2023 15:58:33,000	16,94	2,15	63	-6	21	0	25
215	07.08.2023 15:58:34,000	16,82	2,16	59	-4	27	0	-8
216	07.08.2023 15:58:35,000	16,76	2,15	60	-4	26	0	-9
217	07.08.2023 15:58:36,000	16,70	2,14	64	-4	22	0	-9
218	07.08.2023 15:58:37,000	16,64	2,16	62	-6	22	0	-9
219	07.08.2023 15:58:38,000	16,61	2,13	65	-6	20	0	-9
220	07.08.2023 15:58:39,000	16,58	2,13	61	-5	24	0	-13
221	07.08.2023 15:58:40,000	16,55	2,15	54	-4	32	0	-8
222	07.08.2023 15:58:41,000	16,55	2,05	47	-2	41	0	-3
223	07.08.2023 15:58:42,000	16,52	2,07	47	2	42	0	2
224	07.08.2023 15:58:43,000	16,46	2,07	54	0	36	0	1
225	07.08.2023 15:58:44,000	16,34	2,15	56	0	34	0	0
226	07.08.2023 15:58:45,000	16,21	2,18	53	1	36	0	2
227	07.08.2023 15:58:46,000	16,09	2,21	55	1	35	0	1
228	07.08.2023 15:58:47,000	16,00	2,20	60	1	30	0	1
229	07.08.2023 15:58:48,000	15,91	2,21	60	0	30	0	0
230	07.08.2023 15:58:49,000	15,88	2,19	56	1	33	0	1
231	07.08.2023 15:58:50,000	15,85	2,21	59	-2	29	0	-4
232	07.08.2023 15:58:51,000	15,79	2,25	67	-5	18	0	-4
233	07.08.2023 15:58:52,000	15,73	2,26	68	-7	15	0	-4
234	07.08.2023 15:58:53,000	15,66	2,28	69	-7	13	0	-4
235	07.08.2023 15:58:54,000	15,63	2,35	68	-11	12	0	-4
236	07.08.2023 15:58:55,000	15,57	2,34	70	-10	11	0	-4
237	07.08.2023 15:58:56,000	15,51	2,36	71	-9	9	0	-4
238	07.08.2023 15:58:57,000	15,48	2,35	66	-13	11	0	-4
239	07.08.2023 15:58:58,000	15,45	2,40	66	-13	10	0	-4
240	07.08.2023 15:58:59,000	15,42	2,39	69	-11	10	0	-4
241	07.08.2023 15:59:00,000	15,39	2,44	64	-16	10	0	-4
242	07.08.2023 15:59:01,000	15,33	2,45	68	-11	11	0	-4
243	07.08.2023 15:59:02,000	15,24	2,49	63	-15	12	0	-4
244	07.08.2023 15:59:03,000	15,14	2,48	72	-10	8	0	-4
245	07.08.2023 15:59:04,000	15,08	2,49	66	-15	9	0	-4
246	07.08.2023 15:59:05,000	15,05	2,51	60	-14	16	0	-4
247	07.08.2023 15:59:06,000	14,99	2,51	50	-18	21	0	-41
248	07.08.2023 15:59:07,000	14,96	2,45	50	-19	21	0	-43
249	07.08.2023 15:59:08,000	14,90	2,49	50	-19	21	0	-42
250	07.08.2023 15:59:09,000	14,84	2,51	50	-18	22	0	-39
251	07.08.2023 15:59:10,000	14,74	2,48	49	-18	23	0	-39
252	07.08.2023 15:59:11,000	14,71	2,47	55	-15	20	0	-36
253	07.08.2023 15:59:12,000	14,65	2,47	55	-16	19	0	-39
254	07.08.2023 15:59:13,000	14,62	2,46	51	-16	23	0	-35
255	07.08.2023 15:59:14,000	14,62	2,41	46	-20	24	0	-40
256	07.08.2023 15:59:15,000	14,56	2,41	40	-18	32	0	-30
257	07.08.2023 15:59:16,000	14,50	2,40	44	-15	31	0	-28
258	07.08.2023 15:59:17,000	14,46	2,37	39	-26	25	0	-46
259	07.08.2023 15:59:18,000	14,43	2,39	39	-29	23	0	-51
260	07.08.2023 15:59:19,000	14,37	2,36	34	-30	26	0	-49
261	07.08.2023 15:59:20,000	14,34	2,36	39	-26	24	0	-47
262	07.08.2023 15:59:21,000	14,31	2,31	40	-26	25	0	-46
263	07.08.2023 15:59:22,000	14,25	2,30	39	-26	25	0	-46
264	07.08.2023 15:59:23,000	14,19	2,27	36	-29	26	0	-48
265	07.08.2023 15:59:24,000	14,15	2,26	32	-31	27	0	-49
266	07.08.2023 15:59:25,000	14,12	2,24	32	-31	27	0	-49
267	07.08.2023 15:59:26,000	14,09	2,19	31	-32	27	0	-49
268	07.08.2023 15:59:27,000	14,06	2,14	30	-34	26	0	-52
269	07.08.2023 15:59:28,000	14,06	2,11	29	-35	26	0	-52
270	07.08.2023 15:59:29,000	14,06	2,11	28	-35	27	0	-52
271	07.08.2023 15:59:30,000	14,06	2,06	29	-36	25	0	-54
272	07.08.2023 15:59:31,000	14,06	2,06	29	-35	26	0	-52
273	07.08.2023 15:59:32,000	14,06	2,06	28	-35	26	0	-52
274	07.08.2023 15:59:33,000	14,06	2,02	28	-35	27	0	-51
275	07.08.2023 15:59:34,000	14,06	2,04	29	-34	28	0	-50
276	07.08.2023 15:59:35,000	14,03	2,04	30	-32	29	0	-48
277	07.08.2023 15:59:36,000	14,03	2,01	29	-31	30	0	-47
278	07.08.2023 15:59:37,000	14,03	2,01	29	-30	31	0	-44
279	07.08.2023 15:59:38,000	14,00	1,99	30	-29	31	0	-43
280	07.08.2023 15:59:39,000	13,97	2,01	32	-28	31	0	-43
281	07.08.2023 15:59:40,000	13,94	2,00	32	-28	30	0	-43
282	07.08.2023 15:59:41,000	13,94	2,05	31	-28	31	0	-42
283	07.08.2023 15:59:42,000	13,91	2,05	30	-28	32	0	-41
284	07.08.2023 15:59:43,000	13,87	2,02	30	-28	32	0	-42
285	07.08.2023 15:59:44,000	13,87	2,02	30	-29	31	0	-43
286	07.08.2023 15:59:45,000	13,87	2,02	30	-29	31	0	-43
287	07.08.2023 15:59:46,000	13,87	2,02	30	-29	31	0	-44
288	07.08.2023 15:59:47,000	13,91	2,02	30	-30	30	0	-45
289	07.08.2023 15:59:48,000	13,87	2,02	30	-30	30	0	-46
290	07.08.2023 15:59:49,000	13,91	2,02	30	-30	29	0	-46
291	07.08.2023 15:59:50,000	13,91	2,02	30	-31	29	0	-47
292	07.08.2023 15:59:51,000	13,87	2,07	30	-32	28	0	-48
293	07.08.2023 15:59:52,000	13,87	2,07	28	-33	28	0	-49
294	07.08.2023 15:59:53,000	13,84	2,09	30	-34	26	0	-51
295	07.08.2023 15:59:54,000	13,78	2,10	31	-33	26	0	-51
296	07.08.2023 15:59:55,000	13,75	2,14	31	-34	26	0	-52
297	07.08.2023 15:59:56,000	13,69	2,14	27	-36	26	0	-53
298	07.08.2023 15:59:57,000	13,69	2,18	31	-33	25	0	-52
299	07.08.2023 15:59:58,000	13,66	2,18	29	-35	25	0	-53
300	07.08.2023 15:59:59,000	13,62	2,20	27	-38	25	0	-56
301	07.08.2023 16:00:00,000	13,59	2,20	27	-40	23	0	-58
302	07.08.2023 16:00:01,000	13,59	2,24	31	-36	23	0	-56
303	07.08.2023 16:00:02,000	13,56	2,29	31	-36	22	0	-57
304	07.08.2023 16:00:03,000	13,50	2,28	30	-37	23	0	-56
305	07.08.2023 16:00:04,000	13,50	2,30	29	-38	23	0	-57
306	07.08.2023 16:00:05,000	13,44	2,34	29	-39	22	0	-59
307	07.08.2023 16:00:06,000	13,41	2,36	29	-39	22	0	-58
308	07.08.2023 16:00:07,000	13,37	2,41	28	-40	21	0	-60
309	07.08.2023 16:00:08,000	13,34	2,40	28	-41	22	0	-60
310	07.08.2023 16:00:09,000	13,31	2,40	28	-39	23	0	-58
311	07.08.2023 16:00:10,000	13,31	2,45	28	-42	20	0	-62
312	07.08.2023 16:00:11,000	13,28	2,47	28	-41	21	0	-60
313	07.08.2023 16:00:12,000	13,22	2,48	29	-40	21	0	-60
314	07.08.2023 16:00:13,000	13,19	2,53	29	-41	21	0	-61
315	07.08.2023 16:00:14,000	13,12	2,52	28	-41	21	0	-60
316	07.08.2023 16:00:15,000	13,09	2,56	27	-42	20	0	-62
317	07.08.2023 16:00:16,000	13,06	2,58	26	-42	22	0	-61
318	07.08.2023 16:00:17,000	13,03	2,58	25	-44	21	0	-62
319	07.08.2023 16:00:18,000	13,00	2,60	27	-43	20	0	-63
320	07.08.2023 16:00:19,000	13,00	2,64	27	-43	20	0	-63
321	07.08.2023 16:00:20,000	12,96	2,69	27	-44	19	0	-64
322	07.08.2023 16:00:21,000	12,93	2,68	27	-40	22	0	-59
323	07.08.2023 16:00:22,000	12,87	2,72	29	-40	21	0	-60
324	07.08.2023 16:00:23,000	12,81	2,76	27	-42	20	0	-62
325	07.08.2023 16:00:24,000	12,74	2,80	26	-44	20	0	-63
326	07.08.2023 16:00:25,000	12,68	2,79	28	-40	22	0	-59
327	07.08.2023 16:00:26,000	12,65	2,86	29	-38	23	0	-57
328	07.08.2023 16:00:27,000	12,59	2,88	28	-39	23	0	-57
329	07.08.2023 16:00:28,000	12,52	2,89	29	-38	23	0	-57
330	07.08.2023 16:00:29,000	12,49	2,94	29	-37	24	0	-56
331	07.08.2023 16:00:30,000	12,43	2,98	29	-37	24	0	-56
332	07.08.2023 16:00:31,000	12,36	2,99	29	-37	24	0	-55
333	07.08.2023 16:00:32,000	12,30	3,03	28	-37	25	0	-54
334	07.08.2023 16:00:33,000	12,27	3,05	30	-35	25	0	-54
335	07.08.2023 16:00:34,000	12,24	3,05	29	-36	25	0	-54
336	07.08.2023 16:00:35,000	12,20	3,07	30	-36	25	0	-54
337	07.08.2023 16:00:36,000	12,14	3,11	29	-36	25	0	-54
338	07.08.2023 16:00:37,000	12,11	3,13	29	-36	25	0	-53
339	07.08.2023 16:00:38,000	12,08	3,15	28	-37	25	0	-55
340	07.08.2023 16:00:39,000	12,01	3,19	28	-37	25	0	-55
341	07.08.2023 16:00:40,000	11,98	3,21	27	-39	24	0	-57
342	07.08.2023 16:00:41,000	11,95	3,23	28	-38	24	0	-57
343	07.08.2023 16:00:42,000	11,92	3,24	29	-38	23	0	-57
344	07.08.2023 16:00:43,000	11,88	3,29	29	-39	23	0	-58
345	07.08.2023 16:00:44,000	11,85	3,28	28	-40	22	0	-59
346	07.08.2023 16:00:45,000	11,79	3,32	28	-40	22	0	-59
347	07.08.2023 16:00:46,000	11,72	3,36	28	-40	22	0	-59
348	07.08.2023 16:00:47,000	11,66	3,40	26	-42	22	0	-60
349	07.08.2023 16:00:48,000	11,60	3,44	28	-40	22	0	-59
350	07.08.2023 16:00:49,000	11,56	3,44	27	-42	21	0	-61
351	07.08.2023 16:00:50,000	11,50	3,48	27	-42	21	0	-61
352	07.08.2023 16:00:51,000	11,47	3,52	27	-42	21	0	-61
353	07.08.2023 16:00:52,000	11,40	3,54	27	-41	21	0	-61
354	07.08.2023 16:00:53,000	11,34	3,58	28	-41	21	0	-60
355	07.08.2023 16:00:54,000	11,30	3,60	27	-42	21	0	-61
356	07.08.2023 16:00:55,000	11,24	3,61	27	-42	21	0	-61
357	07.08.2023 16:00:56,000	11,21	3,65	27	-40	23	0	-59
358	07.08.2023 16:00:57,000	11,18	3,65	27	-40	23	0	-59
359	07.08.2023 16:00:58,000	11,14	3,69	27	-39	24	0	-57
360	07.08.2023 16:00:59,000	11,11	3,71	28	-38	24	0	-56
361	07.08.2023 16:01:00,000	11,08	3,71	28	-37	24	0	-56
362	07.08.2023 16:01:01,000	11,08	3,71	28	-37	26	0	-54
363	07.08.2023 16:01:02,000	11,08	3,76	28	-36	26	0	-52
364	07.08.2023 16:01:03,000	11,01	3,77	28	-34	28	0	-50
365	07.08.2023 16:01:04,000	10,98	3,82	29	-34	27	0	-50
366	07.08.2023 16:01:05,000	10,95	3,83	28	-32	29	0	-47
367	07.08.2023 16:01:06,000	10,92	3,88	29	-32	29	0	-47
368	07.08.2023 16:01:07,000	10,85	3,92	30	-31	29	0	-46
369	07.08.2023 16:01:08,000	10,82	3,94	30	-31	30	0	-46
370	07.08.2023 16:01:09,000	10,75	3,93	30	-30	30	0	-45
371	07.08.2023 16:01:10,000	10,69	3,97	30	-29	31	0	-44
372	07.08.2023 16:01:11,000	10,66	4,01	30	-29	31	0	-43
373	07.08.2023 16:01:12,000	10,62	4,01	30	-28	32	0	-41
374	07.08.2023 16:01:13,000	10,59	4,05	31	-27	32	0	-41
375	07.08.2023 16:01:14,000	10,56	4,02	31	-27	32	0	-40
376	07.08.2023 16:01:15,000	10,46	4,08	33	-25	32	0	-38
377	07.08.2023 16:01:16,000	10,33	4,16	33	-25	32	0	-39
378	07.08.2023 16:01:17,000	10,20	4,24	33	-24	32	0	-38
379	07.08.2023 16:01:18,000	10,10	4,25	33	-25	32	0	-38
380	07.08.2023 16:01:19,000	10,03	4,29	33	-24	33	0	-37
381	07.08.2023 16:01:20,000	9,97	4,33	33	-25	32	0	-39
382	07.08.2023 16:01:21,000	9,90	4,34	32	-27	32	0	-41
383	07.08.2023 16:01:22,000	9,87	4,36	33	-25	33	0	-38
384	07.08.2023 16:01:23,000	9,80	4,38	32	-27	31	0	-41
385	07.08.2023 16:01:24,000	9,77	4,42	32	-26	32	0	-40
386	07.08.2023 16:01:25,000	9,70	4,44	32	-26	32	0	-40
387	07.08.2023 16:01:26,000	9,67	4,46	32	-26	32	0	-40
388	07.08.2023 16:01:27,000	9,64	4,48	31	-27	32	0	-41
389	07.08.2023 16:01:28,000	9,60	4,47	32	-27	31	0	-41
390	07.08.2023 16:01:29,000	9,54	4,53	31	-28	32	0	-41
391	07.08.2023 16:01:30,000	9,50	4,53	31	-27	32	0	-41
392	07.08.2023 16:01:31,000	9,47	4,53	31	-27	32	0	-41
393	07.08.2023 16:01:32,000	9,47	4,55	31	-27	32	0	-41
394	07.08.2023 16:01:33,000	9,44	4,59	31	-27	31	0	-42
395	07.08.2023 16:01:34,000	9,40	4,61	32	-27	31	0	-42
396	07.08.2023 16:01:35,000	9,37	4,61	30	-29	31	0	-43
397	07.08.2023 16:01:36,000	9,34	4,65	30	-28	32	0	-42
398	07.08.2023 16:01:37,000	9,30	4,67	30	-29	31	0	-43
399	07.08.2023 16:01:38,000	9,24	4,69	30	-29	31	0	-43
400	07.08.2023 16:01:39,000	9,20	4,73	29	-30	32	0	-43
401	07.08.2023 16:01:40,000	9,14	4,77	29	-30	31	0	-44
402	07.08.2023 16:01:41,000	9,10	4,81	29	-30	31	0	-44
403	07.08.2023 16:01:42,000	9,07	4,85	28	-30	31	0	-44
404	07.08.2023 16:01:43,000	9,03	4,87	28	-31	31	0	-45
405	07.08.2023 16:01:44,000	8,97	4,89	28	-32	31	0	-46
406	07.08.2023 16:01:45,000	8,93	4,91	27	-32	31	0	-46
407	07.08.2023 16:01:46,000	8,90	4,95	26	-33	31	0	-46
408	07.08.2023 16:01:47,000	8,87	4,97	25	-34	31	0	-47
409	07.08.2023 16:01:48,000	8,83	4,99	25	-35	30	0	-48
410	07.08.2023 16:01:49,000	8,77	5,03	25	-35	30	0	-49
411	07.08.2023 16:01:50,000	8,73	5,05	24	-36	30	0	-50
412	07.08.2023 16:01:51,000	8,70	5,07	24	-37	29	0	-51
413	07.08.2023 16:01:52,000	8,70	5,09	24	-37	29	0	-51
414	07.08.2023 16:01:53,000	8,66	5,11	23	-38	28	0	-52
415	07.08.2023 16:01:54,000	8,66	5,14	22	-39	29	0	-52
416	07.08.2023 16:01:55,000	8,63	5,18	22	-39	29	0	-52
417	07.08.2023 16:01:56,000	8,63	5,20	22	-39	28	0	-53
418	07.08.2023 16:01:57,000	8,63	5,23	22	-40	28	0	-54
419	07.08.2023 16:01:58,000	8,56	5,26	22	-40	28	0	-54
420	07.08.2023 16:01:59,000	8,53	5,28	22	-40	28	0	-53
421	07.08.2023 16:02:00,000	8,50	5,30	22	-40	28	0	-53
422	07.08.2023 16:02:01,000	8,50	5,33	22	-39	29	0	-53
423	07.08.2023 16:02:02,000	8,50	5,37	24	-38	28	0	-52
424	07.08.2023 16:02:03,000	8,50	5,42	25	-37	28	0	-51
425	07.08.2023 16:02:04,000	8,46	5,44	25	-36	29	0	-50
426	07.08.2023 16:02:05,000	8,43	5,46	26	-34	30	0	-49
427	07.08.2023 16:02:06,000	8,43	5,48	27	-34	29	0	-49
428	07.08.2023 16:02:07,000	8,39	5,53	28	-32	30	0	-47
429	07.08.2023 16:02:08,000	8,36	5,55	28	-32	30	0	-46
430	07.08.2023 16:02:09,000	8,33	5,61	29	-31	30	0	-45
431	07.08.2023 16:02:10,000	8,26	5,63	29	-30	31	0	-45
432	07.08.2023 16:02:11,000	8,22	5,67	29	-30	31	0	-44
433	07.08.2023 16:02:12,000	8,19	5,69	30	-30	30	0	-45
434	07.08.2023 16:02:13,000	8,16	5,76	30	-30	31	0	-44
435	07.08.2023 16:02:14,000	8,09	5,77	30	-30	30	0	-44
436	07.08.2023 16:02:15,000	8,02	5,83	30	-29	31	0	-44
437	07.08.2023 16:02:16,000	7,95	5,85	30	-29	31	0	-43
438	07.08.2023 16:02:17,000	7,92	5,89	30	-29	31	0	-44
439	07.08.2023 16:02:18,000	7,85	5,95	30	-29	31	0	-44
440	07.08.2023 16:02:19,000	7,81	5,97	30	-30	30	0	-44
441	07.08.2023 16:02:20,000	7,74	6,01	30	-30	31	0	-44
442	07.08.2023 16:02:21,000	7,71	6,03	30	-30	30	0	-45
443	07.08.2023 16:02:22,000	7,68	6,07	30	-30	30	0	-45
444	07.08.2023 16:02:23,000	7,64	6,07	30	-29	31	0	-44
445	07.08.2023 16:02:24,000	7,61	6,14	30	-29	31	0	-43
446	07.08.2023 16:02:25,000	7,57	6,18	30	-29	31	0	-44
447	07.08.2023 16:02:26,000	7,47	6,19	30	-29	31	0	-44
448	07.08.2023 16:02:27,000	7,43	6,28	30	-29	31	0	-43
449	07.08.2023 16:02:28,000	7,37	6,27	31	-28	31	0	-42
450	07.08.2023 16:02:29,000	7,30	6,31	32	-28	31	0	-42
451	07.08.2023 16:02:30,000	7,26	6,38	32	-27	31	0	-42
452	07.08.2023 16:02:31,000	7,19	6,42	33	-26	31	0	-41
453	07.08.2023 16:02:32,000	7,12	6,45	34	-26	31	0	-41
454	07.08.2023 16:02:33,000	7,05	6,49	34	-25	31	0	-39
455	07.08.2023 16:02:34,000	7,02	6,49	34	-24	32	0	-38
456	07.08.2023 16:02:35,000	6,98	6,53	35	-23	31	0	-37
457	07.08.2023 16:02:36,000	6,95	6,55	37	-21	32	0	-35
458	07.08.2023 16:02:37,000	6,91	6,57	38	-21	31	0	-36
459	07.08.2023 16:02:38,000	6,88	6,59	38	-21	32	0	-34
460	07.08.2023 16:02:39,000	6,84	6,61	38	-20	32	0	-32
461	07.08.2023 16:02:40,000	6,81	6,65	40	-19	31	0	-32
462	07.08.2023 16:02:41,000	6,77	6,65	41	-18	31	0	-31
463	07.08.2023 16:02:42,000	6,74	6,69	41	-18	31	0	-30
464	07.08.2023 16:02:43,000	6,70	6,71	42	-16	32	0	-29
465	07.08.2023 16:02:44,000	6,70	6,71	43	-16	31	0	-28
466	07.08.2023 16:02:45,000	6,70	6,71	43	-15	31	0	-27
467	07.08.2023 16:02:46,000	6,67	6,75	44	-15	31	0	-26
468	07.08.2023 16:02:47,000	6,63	6,82	44	-15	31	0	-26
469	07.08.2023 16:02:48,000	6,56	6,88	44	-14	31	0	-26
470	07.08.2023 16:02:49,000	6,49	6,92	44	-14	32	0	-25
471	07.08.2023 16:02:50,000	6,42	6,93	44	-14	31	0	-26
472	07.08.2023 16:02:51,000	6,39	7,00	45	-14	31	0	-25
473	07.08.2023 16:02:52,000	6,32	7,04	44	-13	32	0	-23
474	07.08.2023 16:02:53,000	6,25	7,03	45	-13	32	0	-23
475	07.08.2023 16:02:54,000	6,17	7,07	45	-13	32	0	-23
476	07.08.2023 16:02:55,000	6,14	7,11	46	-13	31	0	-23
477	07.08.2023 16:02:56,000	6,07	7,12	47	-12	31	0	-23
478	07.08.2023 16:02:57,000	6,00	7,16	47	-13	30	0	-24
479	07.08.2023 16:02:58,000	5,96	7,16	47	-12	31	0	-23
480	07.08.2023 16:02:59,000	5,93	7,18	47	-12	31	0	-22
481	07.08.2023 16:03:00,000	5,89	7,20	47	-12	31	0	-21
482	07.08.2023 16:03:01,000	5,85	7,22	48	-11	31	0	-21
483	07.08.2023 16:03:02,000	5,82	7,23	49	-10	31	0	-19
484	07.08.2023 16:03:03,000	5,78	7,25	51	-9	30	0	-18
485	07.08.2023 16:03:04,000	5,75	7,27	53	-8	29	0	-16
486	07.08.2023 16:03:05,000	5,71	7,32	54	-7	29	0	-14
487	07.08.2023 16:03:06,000	5,68	7,33	54	-6	29	0	-13
488	07.08.2023 16:03:07,000	5,64	7,35	55	-6	29	0	-12
489	07.08.2023 16:03:08,000	5,60	7,37	56	-5	29	0	-11
490	07.08.2023 16:03:09,000	5,57	7,39	57	-5	28	0	-11
491	07.08.2023 16:03:10,000	5,53	7,43	58	-4	28	0	-8
492	07.08.2023 16:03:11,000	5,50	7,45	60	-2	27	0	-5
493	07.08.2023 16:03:12,000	5,46	7,47	62	-2	26	0	-4
494	07.08.2023 16:03:13,000	5,42	7,52	62	-1	26	0	-3
495	07.08.2023 16:03:14,000	5,35	7,51	63	0	26	0	-1
496	07.08.2023 16:03:15,000	5,35	7,53	63	1	26	0	2
497	07.08.2023 16:03:16,000	5,32	7,55	63	1	26	0	2
498	07.08.2023 16:03:17,000	5,32	7,55	63	2	25	0	4
499	07.08.2023 16:03:18,000	5,28	7,57	63	3	24	0	4
500	07.08.2023 16:03:19,000	5,24	7,59	68	3	19	0	4
501	07.08.2023 16:03:20,000	5,24	7,61	67	4	19	0	4
502	07.08.2023 16:03:21,000	5,21	7,63	65	5	20	0	4
503	07.08.2023 16:03:22,000	5,17	7,65	63	5	22	0	4
504	07.08.2023 16:03:23,000	5,17	7,67	63	5	22	0	4
505	07.08.2023 16:03:24,000	5,13	7,69	64	5	21	0	4
506	07.08.2023 16:03:25,000	5,13	7,74	67	5	18	0	4
507	07.08.2023 16:03:26,000	5,10	7,76	71	4	15	0	4
508	07.08.2023 16:03:27,000	5,06	7,75	68	2	20	0	4
509	07.08.2023 16:03:28,000	5,03	7,77	65	2	24	0	4
510	07.08.2023 16:03:29,000	5,03	7,77	62	-1	27	0	-2
511	07.08.2023 16:03:30,000	4,99	7,82	55	-6	29	0	-12
512	07.08.2023 16:03:31,000	4,99	7,84	50	-12	29	0	-23
513	07.08.2023 16:03:32,000	4,95	7,83	44	-17	29	0	-32
514	07.08.2023 16:03:33,000	4,95	7,86	40	-20	30	0	-35
515	07.08.2023 16:03:34,000	4,95	7,88	36	-22	31	0	-37
516	07.08.2023 16:03:35,000	4,95	7,88	34	-25	31	0	-40
517	07.08.2023 16:03:36,000	4,92	7,90	41	-12	37	0	-19
518	07.08.2023 16:03:37,000	4,92	7,92	45	-13	31	0	-24
519	07.08.2023 16:03:38,000	4,92	7,90	26	-24	40	0	-33
520	07.08.2023 16:03:39,000	4,88	7,94	26	-29	35	0	-41
521	07.08.2023 16:03:40,000	4,88	7,94	27	-25	38	0	-35
522	07.08.2023 16:03:41,000	4,84	7,94	28	-24	38	0	-34
523	07.08.2023 16:03:42,000	4,84	7,96	31	-21	38	0	-31
524	07.08.2023 16:03:43,000	4,84	7,99	29	-24	37	0	-34
525	07.08.2023 16:03:44,000	4,81	7,98	25	-23	42	0	-31
526	07.08.2023 16:03:45,000	4,81	7,98	17	-29	43	0	-36
527	07.08.2023 16:03:46,000	4,81	7,96	11	-29	49	0	-33
528	07.08.2023 16:03:47,000	4,77	7,98	9	-27	54	0	-30
529	07.08.2023 16:03:48,000	4,77	7,95	4	-27	58	0	-29
530	07.08.2023 16:03:49,000	4,77	7,98	3	-26	61	0	-27
531	07.08.2023 16:03:50,000	4,77	7,98	4	-27	59	1	-28
532	07.08.2023 16:03:51,000	4,73	7,97	4	-26	60	0	-27
533	07.08.2023 16:03:52,000	4,70	7,97	4	-25	60	0	-26
534	07.08.2023 16:03:53,000	4,70	7,94	5	-26	59	0	-28
535	07.08.2023 16:03:54,000	4,70	7,97	3	-28	59	0	-29
536	07.08.2023 16:03:55,000	4,70	7,97	4	-26	60	0	-27
537	07.08.2023 16:03:56,000	4,66	7,96	3	-26	61	0	-27
538	07.08.2023 16:03:57,000	4,66	7,94	4	-26	60	0	-27
539	07.08.2023 16:03:58,000	4,66	7,94	1	-25	64	0	-26
540	07.08.2023 16:03:59,000	4,66	7,94	2	-19	68	0	-20
541	07.08.2023 16:04:00,000	4,66	7,94	3	-24	64	0	-24
542	07.08.2023 16:04:01,000	4,66	7,94	3	-23	65	1	-23
543	07.08.2023 16:04:02,000	4,62	7,91	0	-25	65	0	-25
544	07.08.2023 16:04:03,000	4,62	7,91	1	-23	67	0	-23
545	07.08.2023 16:04:04,000	4,62	7,91	3	-25	61	0	-26
546	07.08.2023 16:04:05,000	4,62	7,91	2	-24	64	0	-25
547	07.08.2023 16:04:06,000	4,62	7,89	1	-25	64	0	-25
548	07.08.2023 16:04:07,000	4,62	7,89	0	-27	63	0	-27
549	07.08.2023 16:04:08,000	4,62	7,86	2	-26	62	0	-27
550	07.08.2023 16:04:09,000	4,62	7,91	3	-25	63	0	-26
551	07.08.2023 16:04:10,000	4,62	7,86	1	-25	64	0	-25
552	07.08.2023 16:04:11,000	4,62	7,86	2	-24	64	0	-25
553	07.08.2023 16:04:12,000	4,66	7,87	4	-21	65	0	-22
554	07.08.2023 16:04:13,000	4,66	7,87	1	-25	64	0	-25
555	07.08.2023 16:04:14,000	4,66	7,84	1	-26	63	0	-26
556	07.08.2023 16:04:15,000	4,66	7,87	0	-27	62	0	-27
557	07.08.2023 16:04:16,000	4,66	7,84	0	-22	68	0	-22
558	07.08.2023 16:04:17,000	4,66	7,84	1	-21	68	0	-21
559	07.08.2023 16:04:18,000	4,66	7,84	-1	-9	80	0	-9
560	07.08.2023 16:04:19,000	4,66	7,84	-1	-7	82	0	-7
561	07.08.2023 16:04:20,000	4,66	7,84	-2	-13	76	0	-13
562	07.08.2023 16:04:21,000	4,66	7,82	-1	-10	79	0	-10
563	07.08.2023 16:04:22,000	4,66	7,84	-1	-10	79	0	-10
564	07.08.2023 16:04:23,000	4,66	7,84	-1	-8	81	0	-8
565	07.08.2023 16:04:24,000	4,66	7,82	-1	-6	83	0	-6
566	07.08.2023 16:04:25,000	4,66	7,84	1	-8	81	0	-8
567	07.08.2023 16:04:26,000	4,66	7,82	-2	-3	85	0	-3
568	07.08.2023 16:04:27,000	4,66	7,82	5	-7	78	0	-8
569	07.08.2023 16:04:28,000	4,70	7,83	0	-4	85	0	-4
570	07.08.2023 16:04:29,000	4,70	7,83	0	-4	86	0	-4
571	07.08.2023 16:04:30,000	4,70	7,83	-2	-5	84	0	-5
572	07.08.2023 16:04:31,000	4,70	7,80	-3	-5	82	0	-6
573	07.08.2023 16:04:32,000	4,70	7,83	-1	-2	87	0	-2
574	07.08.2023 16:04:33,000	4,70	7,83	0	-1	88	0	-1
575	07.08.2023 16:04:34,000	4,70	7,80	-1	-1	88	0	-1
576	07.08.2023 16:04:35,000	4,70	7,80	0	0	89	0	0
577	07.08.2023 16:04:36,000	4,70	7,80	-1	0	88	0	0
578	07.08.2023 16:04:37,000	4,70	7,80	-2	0	88	0	0
579	07.08.2023 16:04:38,000	4,70	7,80	-1	0	89	0	0
580	07.08.2023 16:04:39,000	4,70	7,80	-2	1	87	0	1
581	07.08.2023 16:04:40,000	4,70	7,78	-1	0	89	0	0
582	07.08.2023 16:04:41,000	4,70	7,80	-1	-1	88	0	-1
583	07.08.2023 16:04:42,000	4,70	7,80	-2	0	88	0	0
584	07.08.2023 16:04:43,000	4,70	7,80	-1	0	89	0	0
585	07.08.2023 16:04:44,000	4,70	7,78	0	2	88	0	2
586	07.08.2023 16:04:45,000	4,70	7,78	-3	1	86	0	1
587	07.08.2023 16:04:46,000	4,70	7,80	-3	0	87	0	0
588	07.08.2023 16:04:47,000	4,70	7,80	-2	1	88	0	1
589	07.08.2023 16:04:48,000	4,70	7,78	-3	0	86	0	0
590	07.08.2023 16:04:49,000	4,70	7,78	-1	1	88	0	1
591	07.08.2023 16:04:50,000	4,70	7,78	-1	1	87	0	1
592	07.08.2023 16:04:51,000	4,70	7,78	-2	2	86	0	2
593	07.08.2023 16:04:52,000	4,70	7,78	-3	1	86	0	1
594	07.08.2023 16:04:53,000	4,70	7,78	-2	0	88	0	0
595	07.08.2023 16:04:54,000	4,70	7,78	-1	0	88	0	0
596	07.08.2023 16:04:55,000	4,70	7,73	-2	0	88	0	0
597	07.08.2023 16:04:56,000	4,70	7,78	-2	-1	87	0	-1
598	07.08.2023 16:04:57,000	4,70	7,75	-1	2	87	0	2
599	07.08.2023 16:04:58,000	4,70	7,78	-2	1	87	0	1
600	07.08.2023 16:04:59,000	4,70	7,80	0	2	87	0	2
601	07.08.2023 16:05:00,000	4,70	7,78	-2	-1	88	0	-1
602	07.08.2023 16:05:01,000	4,66	7,77	0	-1	89	0	-1
603	07.08.2023 16:05:02,000	4,66	7,77	-2	-1	87	0	-1
604	07.08.2023 16:05:03,000	4,66	7,77	-3	-1	86	0	-1
605	07.08.2023 16:05:04,000	4,66	7,75	-1	-1	88	0	-1
606	07.08.2023 16:05:05,000	4,66	7,77	-6	-2	82	0	-2
607	07.08.2023 16:05:06,000	4,66	7,80	7	-6	77	0	-6
608	07.08.2023 16:05:07,000	4,66	7,80	1	-3	86	0	-3
609	07.08.2023 16:05:08,000	4,62	7,77	-2	-5	83	0	-5
610	07.08.2023 16:05:09,000	4,62	7,77	-2	-5	83	0	-5
611	07.08.2023 16:05:10,000	4,62	7,77	-2	-3	85	0	-3
612	07.08.2023 16:05:11,000	4,62	7,79	-2	-3	85	0	-3
613	07.08.2023 16:05:12,000	4,62	7,77	-3	-3	84	0	-3
614	07.08.2023 16:05:13,000	4,62	7,77	-3	-4	83	0	-4
615	07.08.2023 16:05:14,000	4,62	7,77	-1	-3	86	0	-3
616	07.08.2023 16:05:15,000	4,59	7,79	-2	-3	85	0	-4
617	07.08.2023 16:05:16,000	4,59	7,76	-1	-4	85	0	-4
618	07.08.2023 16:05:17,000	4,59	7,76	-3	-4	83	0	-4
619	07.08.2023 16:05:18,000	4,59	7,76	-2	-4	85	0	-4
620	07.08.2023 16:05:19,000	4,59	7,76	-2	-5	83	0	-5
621	07.08.2023 16:05:20,000	4,59	7,79	-2	-6	82	0	-6
622	07.08.2023 16:05:21,000	4,59	7,79	-1	-4	85	0	-4
623	07.08.2023 16:05:22,000	4,59	7,76	-1	-5	84	0	-5
624	07.08.2023 16:05:23,000	4,55	7,78	-2	-5	84	0	-5
625	07.08.2023 16:05:24,000	4,55	7,76	-1	-5	83	0	-6
626	07.08.2023 16:05:25,000	4,55	7,76	-2	-6	82	0	-6
627	07.08.2023 16:05:26,000	4,55	7,76	-1	-5	83	0	-6
628	07.08.2023 16:05:27,000	4,55	7,76	-2	-5	83	0	-5
629	07.08.2023 16:05:28,000	4,55	7,76	0	-4	86	0	-4
630	07.08.2023 16:05:29,000	4,55	7,76	-2	-6	82	0	-6
631	07.08.2023 16:05:30,000	4,55	7,76	-2	-5	83	0	-5
632	07.08.2023 16:05:31,000	4,51	7,76	-1	-6	84	0	-6
633	07.08.2023 16:05:32,000	4,51	7,73	-1	-5	83	0	-5
634	07.08.2023 16:05:33,000	4,51	7,76	-2	-5	83	0	-5
635	07.08.2023 16:05:34,000	4,51	7,76	-2	-6	82	0	-6
636	07.08.2023 16:05:35,000	4,51	7,76	-1	-6	83	0	-6
637	07.08.2023 16:05:36,000	4,51	7,78	-1	-6	83	0	-6
638	07.08.2023 16:05:37,000	4,51	7,76	-2	-6	82	0	-6
639	07.08.2023 16:05:38,000	4,51	7,76	-1	-6	83	0	-6
640	07.08.2023 16:05:39,000	4,51	7,76	-2	-5	83	0	-5
641	07.08.2023 16:05:40,000	4,48	7,75	-2	-5	83	0	-5
642	07.08.2023 16:05:41,000	4,48	7,75	-2	-6	82	0	-6
643	07.08.2023 16:05:42,000	4,48	7,73	-2	-6	82	0	-6
644	07.08.2023 16:05:43,000	4,48	7,75	-2	-6	83	0	-6
645	07.08.2023 16:05:44,000	4,48	7,75	-3	-6	82	0	-6
646	07.08.2023 16:05:45,000	4,48	7,75	-3	-6	81	0	-6
647	07.08.2023 16:05:46,000	4,48	7,75	-4	-6	81	0	-6
648	07.08.2023 16:05:47,000	4,48	7,75	-3	-6	81	0	-6
649	07.08.2023 16:05:48,000	4,48	7,75	-2	-6	82	0	-6
650	07.08.2023 16:05:49,000	4,48	7,75	-1	-4	85	0	-4
651	07.08.2023 16:05:50,000	4,44	7,75	-1	-4	85	0	-4
652	07.08.2023 16:05:51,000	4,44	7,75	-2	-3	85	0	-3
653	07.08.2023 16:05:52,000	4,44	7,72	-2	-5	83	0	-5
654	07.08.2023 16:05:53,000	4,44	7,77	-1	-6	83	0	-6
655	07.08.2023 16:05:54,000	4,44	7,72	-1	-7	82	0	-7
656	07.08.2023 16:05:55,000	4,44	7,75	-1	-8	81	0	-8
657	07.08.2023 16:05:56,000	4,44	7,75	-1	-6	83	0	-6
658	07.08.2023 16:05:57,000	4,44	7,72	-1	-4	85	0	-4
659	07.08.2023 16:05:58,000	4,44	7,72	-2	-5	83	0	-5
660	07.08.2023 16:05:59,000	4,40	7,74	-1	-6	83	0	-6
661	07.08.2023 16:06:00,000	4,40	7,74	-2	-5	83	0	-5
662	07.08.2023 16:06:01,000	4,40	7,74	-2	-5	83	0	-5
663	07.08.2023 16:06:02,000	4,40	7,74	-1	-5	83	0	-5
664	07.08.2023 16:06:03,000	4,40	7,74	-2	-4	84	0	-4
665	07.08.2023 16:06:04,000	4,40	7,74	-2	-3	85	0	-3
666	07.08.2023 16:06:05,000	4,40	7,72	-3	-3	84	0	-3
667	07.08.2023 16:06:06,000	4,40	7,74	-3	-3	84	0	-3
668	07.08.2023 16:06:07,000	4,40	7,74	-4	-3	83	0	-3
669	07.08.2023 16:06:08,000	4,37	7,74	-2	-5	83	0	-5
670	07.08.2023 16:06:09,000	4,37	7,71	-2	-4	84	0	-4
671	07.08.2023 16:06:10,000	4,37	7,71	-3	-5	82	0	-5
672	07.08.2023 16:06:11,000	4,37	7,74	-3	-4	83	0	-4
673	07.08.2023 16:06:12,000	4,37	7,74	-1	-3	85	0	-3
674	07.08.2023 16:06:13,000	4,37	7,74	-2	-4	83	0	-4
675	07.08.2023 16:06:14,000	4,37	7,74	-2	-5	83	0	-5
676	07.08.2023 16:06:15,000	4,37	7,74	-2	-4	84	0	-5
677	07.08.2023 16:06:16,000	4,37	7,74	-2	-4	84	0	-5
678	07.08.2023 16:06:17,000	4,33	7,73	-2	-5	83	0	-5
679	07.08.2023 16:06:18,000	4,33	7,73	-2	-4	84	0	-4
680	07.08.2023 16:06:19,000	4,33	7,71	-1	-3	86	0	-3
681	07.08.2023 16:06:20,000	4,33	7,73	-1	-2	86	0	-2
682	07.08.2023 16:06:21,000	4,33	7,73	-1	-3	86	0	-4
683	07.08.2023 16:06:22,000	4,33	7,73	0	-3	87	0	-3
684	07.08.2023 16:06:23,000	4,33	7,71	-1	-2	87	0	-2
685	07.08.2023 16:06:24,000	4,33	7,76	-3	-4	83	0	-4
686	07.08.2023 16:06:25,000	4,33	7,73	-2	-3	85	0	-3
687	07.08.2023 16:06:26,000	4,29	7,70	-3	-4	83	0	-5
688	07.08.2023 16:06:27,000	4,29	7,73	-1	-5	84	0	-5
689	07.08.2023 16:06:28,000	4,29	7,73	-2	-4	84	0	-4
690	07.08.2023 16:06:29,000	4,29	7,73	-2	-4	84	0	-4
691	07.08.2023 16:06:30,000	4,29	7,73	-1	-4	84	0	-4
692	07.08.2023 16:06:31,000	4,29	7,73	-2	-7	81	0	-7
693	07.08.2023 16:06:32,000	4,29	7,73	-2	-6	83	0	-6
694	07.08.2023 16:06:33,000	4,26	7,72	-2	-5	83	0	-5
695	07.08.2023 16:06:34,000	4,26	7,75	-2	-4	84	0	-5
696	07.08.2023 16:06:35,000	4,26	7,72	-1	-8	81	0	-8
697	07.08.2023 16:06:36,000	4,26	7,72	-2	-7	81	0	-7
698	07.08.2023 16:06:37,000	4,26	7,72	-3	-6	81	0	-7
699	07.08.2023 16:06:38,000	4,26	7,75	-1	-6	84	0	-6
700	07.08.2023 16:06:39,000	4,26	7,72	-1	-4	85	0	-4
701	07.08.2023 16:06:40,000	4,26	7,72	-1	-3	86	0	-3
702	07.08.2023 16:06:41,000	4,26	7,72	0	-5	85	0	-5
703	07.08.2023 16:06:42,000	4,26	7,72	-1	-5	84	0	-5
704	07.08.2023 16:06:43,000	4,22	7,72	-1	-3	86	0	-3
705	07.08.2023 16:06:44,000	4,22	7,72	-2	-5	83	0	-5
706	07.08.2023 16:06:45,000	4,22	7,72	-3	-5	82	0	-5
707	07.08.2023 16:06:46,000	4,22	7,72	-1	-6	83	0	-6
708	07.08.2023 16:06:47,000	4,22	7,72	-1	-5	84	0	-5
709	07.08.2023 16:06:48,000	4,22	7,72	-2	-5	83	0	-5
710	07.08.2023 16:06:49,000	4,22	7,72	-2	-6	82	0	-6
711	07.08.2023 16:06:50,000	4,22	7,72	-2	-4	83	0	-4
712	07.08.2023 16:06:51,000	4,22	7,72	-2	-4	84	0	-4
713	07.08.2023 16:06:52,000	4,18	7,71	-2	-3	85	0	-3
714	07.08.2023 16:06:53,000	4,18	7,71	-3	-5	82	0	-5
715	07.08.2023 16:06:54,000	4,18	7,71	-1	-4	84	0	-5
716	07.08.2023 16:06:55,000	4,18	7,71	-1	-4	84	0	-5
717	07.08.2023 16:06:56,000	4,18	7,71	-1	-3	86	0	-4
718	07.08.2023 16:06:57,000	4,18	7,71	-1	-4	85	0	-4
719	07.08.2023 16:06:58,000	4,18	7,71	-1	-4	85	0	-4
720	07.08.2023 16:06:59,000	4,18	7,69	-1	-3	86	0	-3
721	07.08.2023 16:07:00,000	4,18	7,74	-1	-4	85	0	-4
722	07.08.2023 16:07:01,000	4,18	7,71	-1	-3	86	0	-3
723	07.08.2023 16:07:02,000	4,18	7,69	-1	-4	86	0	-4
724	07.08.2023 16:07:03,000	4,18	7,71	-1	-3	85	0	-3
725	07.08.2023 16:07:04,000	4,18	7,71	-2	-3	85	0	-4
726	07.08.2023 16:07:05,000	4,15	7,69	-1	-4	85	0	-4
727	07.08.2023 16:07:06,000	4,15	7,71	-2	-4	84	0	-4
728	07.08.2023 16:07:07,000	4,15	7,71	-2	-3	85	0	-3
729	07.08.2023 16:07:08,000	4,15	7,73	-1	-4	85	0	-4
730	07.08.2023 16:07:09,000	4,15	7,71	-4	-4	83	0	-4
731	07.08.2023 16:07:10,000	4,15	7,71	-3	-5	83	0	-5
732	07.08.2023 16:07:11,000	4,15	7,71	-3	-4	83	0	-4
733	07.08.2023 16:07:12,000	4,15	7,71	-1	-5	84	0	-5
734	07.08.2023 16:07:13,000	4,11	7,70	-1	-5	84	0	-5
735	07.08.2023 16:07:14,000	4,11	7,70	-2	-5	84	0	-5
736	07.08.2023 16:07:15,000	4,11	7,70	0	-3	87	0	-3
737	07.08.2023 16:07:16,000	4,11	7,70	-1	-4	85	0	-4
738	07.08.2023 16:07:17,000	4,11	7,70	-2	-4	85	0	-4
739	07.08.2023 16:07:18,000	4,11	7,70	-2	-4	85	0	-4
740	07.08.2023 16:07:19,000	4,11	7,70	-2	-3	85	0	-3
741	07.08.2023 16:07:20,000	4,11	7,70	-1	-4	84	0	-5
742	07.08.2023 16:07:21,000	4,11	7,73	0	-3	86	0	-3
743	07.08.2023 16:07:22,000	4,07	7,70	-2	-2	86	0	-2
744	07.08.2023 16:07:23,000	4,07	7,70	-1	-4	85	0	-4
745	07.08.2023 16:07:24,000	4,07	7,70	-2	-4	84	0	-4
746	07.08.2023 16:07:25,000	4,07	7,70	-2	-2	86	0	-3
747	07.08.2023 16:07:26,000	4,07	7,70	-3	-5	83	0	-5
748	07.08.2023 16:07:27,000	4,07	7,72	-2	-5	84	0	-5
749	07.08.2023 16:07:28,000	4,07	7,70	-2	-4	85	0	-4
750	07.08.2023 16:07:29,000	4,07	7,72	-1	-4	86	0	-4
751	07.08.2023 16:07:30,000	4,03	7,70	-3	-4	82	0	-4
752	07.08.2023 16:07:31,000	4,03	7,72	-3	-4	83	0	-5
753	07.08.2023 16:07:32,000	4,03	7,70	-2	-4	84	0	-4
754	07.08.2023 16:07:33,000	4,03	7,70	-1	-4	85	0	-4
755	07.08.2023 16:07:34,000	4,03	7,70	-2	-3	85	0	-3
756	07.08.2023 16:07:35,000	4,03	7,72	-2	-4	84	0	-4
757	07.08.2023 16:07:36,000	4,03	7,70	1	-4	85	0	-4
758	07.08.2023 16:07:37,000	4,03	7,72	-2	-6	83	0	-6
759	07.08.2023 16:07:38,000	4,00	7,71	-1	-5	84	0	-5
760	07.08.2023 16:07:39,000	4,00	7,69	-2	-4	84	0	-4
761	07.08.2023 16:07:40,000	4,00	7,69	-2	-3	85	0	-3
762	07.08.2023 16:07:41,000	4,00	7,71	-2	-4	84	0	-4
763	07.08.2023 16:07:42,000	4,00	7,71	-2	-4	84	0	-4
764	07.08.2023 16:07:43,000	4,00	7,69	-2	-4	84	0	-4
765	07.08.2023 16:07:44,000	4,00	7,71	-3	-4	83	0	-4
766	07.08.2023 16:07:45,000	4,00	7,71	-2	-4	84	0	-5
767	07.08.2023 16:07:46,000	3,96	7,69	-2	-4	84	0	-4
768	07.08.2023 16:07:47,000	3,96	7,71	-1	-4	85	0	-4
769	07.08.2023 16:07:48,000	3,96	7,71	-1	-3	86	0	-3
770	07.08.2023 16:07:49,000	3,96	7,71	-1	-4	84	0	-5
771	07.08.2023 16:07:50,000	3,96	7,71	-2	-3	84	0	-3
772	07.08.2023 16:07:51,000	3,96	7,71	-1	-5	84	0	-5
773	07.08.2023 16:07:52,000	3,96	7,69	-1	-4	84	0	-4
774	07.08.2023 16:07:53,000	3,96	7,71	-2	-4	83	0	-4
775	07.08.2023 16:07:54,000	3,96	7,69	-2	-4	84	0	-4
776	07.08.2023 16:07:55,000	3,92	7,70	-2	-3	85	0	-3
777	07.08.2023 16:07:56,000	3,92	7,68	-2	-3	85	0	-3
778	07.08.2023 16:07:57,000	3,92	7,70	-1	-3	86	0	-3
779	07.08.2023 16:07:58,000	3,92	7,70	-1	-2	87	0	-2
780	07.08.2023 16:07:59,000	3,92	7,70	0	-3	87	0	-3
781	07.08.2023 16:08:00,000	3,92	7,70	-1	-3	86	0	-3
782	07.08.2023 16:08:01,000	3,92	7,68	-2	-2	86	0	-3
783	07.08.2023 16:08:02,000	3,92	7,70	-1	-2	87	0	-2
784	07.08.2023 16:08:03,000	3,89	7,70	-2	-3	85	0	-3
785	07.08.2023 16:08:04,000	3,89	7,70	-2	-5	84	0	-5
786	07.08.2023 16:08:05,000	3,89	7,70	-1	-3	86	0	-3
787	07.08.2023 16:08:06,000	3,89	7,70	-1	-3	86	0	-3
788	07.08.2023 16:08:07,000	3,89	7,70	-2	-4	84	0	-4
789	07.08.2023 16:08:08,000	3,89	7,70	-1	-4	85	0	-4
790	07.08.2023 16:08:09,000	3,89	7,70	-1	-3	86	0	-3
791	07.08.2023 16:08:10,000	3,89	7,72	-1	-4	85	0	-4
792	07.08.2023 16:08:11,000	3,89	7,72	-3	-3	83	0	-3
793	07.08.2023 16:08:12,000	3,85	7,70	-2	-2	86	0	-2
794	07.08.2023 16:08:13,000	3,85	7,70	0	-4	86	0	-4
795	07.08.2023 16:08:14,000	3,85	7,70	-1	-5	84	0	-5
796	07.08.2023 16:08:15,000	3,85	7,70	-3	-4	83	0	-4
797	07.08.2023 16:08:16,000	3,85	7,70	-2	-4	83	0	-4
798	07.08.2023 16:08:17,000	3,85	7,70	-2	-4	84	0	-4
799	07.08.2023 16:08:18,000	3,85	7,70	-1	-5	84	0	-5
800	07.08.2023 16:08:19,000	3,85	7,67	-2	-5	84	0	-5
801	07.08.2023 16:08:20,000	3,81	7,69	-1	-4	85	0	-4
802	07.08.2023 16:08:21,000	3,81	7,71	-2	-3	85	0	-3
803	07.08.2023 16:08:22,000	3,81	7,69	-1	-3	86	0	-3
804	07.08.2023 16:08:23,000	3,81	7,67	-2	-3	84	0	-4
805	07.08.2023 16:08:24,000	3,81	7,71	-2	-3	85	0	-3
806	07.08.2023 16:08:25,000	3,81	7,71	-1	-3	87	0	-3
807	07.08.2023 16:08:26,000	3,81	7,69	-2	-4	84	0	-4
808	07.08.2023 16:08:27,000	3,81	7,69	-3	-5	83	0	-5
809	07.08.2023 16:08:28,000	3,81	7,71	-3	-4	84	0	-4
810	07.08.2023 16:08:29,000	3,77	7,71	2	-3	84	0	-3
811	07.08.2023 16:08:30,000	3,77	7,69	-3	-5	82	0	-5
812	07.08.2023 16:08:31,000	3,77	7,71	-2	-5	83	0	-5
813	07.08.2023 16:08:32,000	3,77	7,71	-2	-6	82	0	-6
814	07.08.2023 16:08:33,000	3,77	7,71	-1	-5	84	0	-5
815	07.08.2023 16:08:34,000	3,77	7,69	-3	-4	83	0	-4
816	07.08.2023 16:08:35,000	3,77	7,71	0	-2	88	0	-2
817	07.08.2023 16:08:36,000	3,77	7,71	-3	-2	85	0	-2
818	07.08.2023 16:08:37,000	3,77	7,71	-1	-3	86	0	-3
819	07.08.2023 16:08:38,000	3,74	7,70	-2	-4	84	0	-4
820	07.08.2023 16:08:39,000	3,74	7,68	0	-5	85	0	-5
821	07.08.2023 16:08:40,000	3,74	7,68	-4	-6	80	0	-6
822	07.08.2023 16:08:41,000	3,74	7,73	2	-7	81	0	-7
823	07.08.2023 16:08:42,000	3,74	7,70	0	-5	85	0	-5
824	07.08.2023 16:08:43,000	3,74	7,68	-2	-5	82	0	-6
825	07.08.2023 16:08:44,000	3,74	7,70	-2	-6	82	0	-6
826	07.08.2023 16:08:45,000	3,74	7,70	-2	-4	84	0	-4
827	07.08.2023 16:08:46,000	3,70	7,68	-1	-4	85	0	-4
828	07.08.2023 16:08:47,000	3,74	7,68	-3	-6	81	0	-6
829	07.08.2023 16:08:48,000	3,70	7,68	-2	-6	82	0	-6
830	07.08.2023 16:08:49,000	3,70	7,70	-2	-6	82	0	-6
831	07.08.2023 16:08:50,000	3,70	7,70	-2	-4	84	0	-4
832	07.08.2023 16:08:51,000	3,70	7,70	-1	-6	83	0	-6
833	07.08.2023 16:08:52,000	3,70	7,68	-1	-4	85	0	-4
834	07.08.2023 16:08:53,000	3,70	7,70	-1	-3	85	0	-3
835	07.08.2023 16:08:54,000	3,70	7,68	-3	-2	85	0	-2
836	07.08.2023 16:08:55,000	3,70	7,70	-2	-5	83	0	-5
837	07.08.2023 16:08:56,000	3,66	7,70	-1	-5	84	0	-5
838	07.08.2023 16:08:57,000	3,66	7,70	1	-5	84	0	-5
839	07.08.2023 16:08:58,000	3,66	7,70	0	-3	86	0	-3
840	07.08.2023 16:08:59,000	3,66	7,70	-1	-3	87	0	-3
841	07.08.2023 16:09:00,000	3,66	7,67	0	-2	87	0	-2
842	07.08.2023 16:09:01,000	3,66	7,67	-2	-3	85	0	-3
843	07.08.2023 16:09:02,000	3,66	7,67	1	-2	87	0	-2
844	07.08.2023 16:09:03,000	3,66	7,67	-1	4	84	1	4
845	07.08.2023 16:09:04,000	3,66	7,70	0	4	86	1	4
846	07.08.2023 16:09:05,000	3,66	7,70	-1	4	86	0	4
847	07.08.2023 16:09:06,000	3,62	7,71	1	-2	87	0	-2
848	07.08.2023 16:09:07,000	3,62	7,69	1	1	88	0	1
849	07.08.2023 16:09:08,000	3,62	7,69	0	5	85	0	5
850	07.08.2023 16:09:09,000	3,62	7,71	8	4	78	0	4
851	07.08.2023 16:09:10,000	3,62	7,67	17	2	71	0	2
852	07.08.2023 16:09:11,000	3,62	7,67	23	-2	64	0	-3
853	07.08.2023 16:09:12,000	3,62	7,64	25	-2	63	0	-3
854	07.08.2023 16:09:13,000	3,62	7,62	26	-2	62	0	-2
855	07.08.2023 16:09:14,000	3,62	7,57	25	0	64	0	0
856	07.08.2023 16:09:15,000	3,62	7,57	27	1	63	0	1
857	07.08.2023 16:09:16,000	3,62	7,53	28	2	60	0	2
858	07.08.2023 16:09:17,000	3,59	7,50	29	1	60	0	1
859	07.08.2023 16:09:18,000	3,59	7,45	26	4	60	0	5
860	07.08.2023 16:09:19,000	3,59	7,40	24	4	62	0	4
861	07.08.2023 16:09:20,000	3,59	7,36	28	3	59	0	4
862	07.08.2023 16:09:21,000	3,55	7,33	26	4	60	0	5
863	07.08.2023 16:09:22,000	3,55	7,26	27	6	57	0	7
864	07.08.2023 16:09:23,000	3,55	7,21	28	5	57	0	6
865	07.08.2023 16:09:24,000	3,51	7,16	27	7	57	0	8
866	07.08.2023 16:09:25,000	3,47	7,13	28	5	57	0	7
867	07.08.2023 16:09:26,000	3,44	7,10	25	7	58	0	9
868	07.08.2023 16:09:27,000	3,40	7,00	22	8	60	0	10
869	07.08.2023 16:09:28,000	3,36	6,97	30	5	55	0	6
870	07.08.2023 16:09:29,000	3,36	6,95	31	7	52	0	9
871	07.08.2023 16:09:30,000	3,28	6,94	28	7	55	0	9
872	07.08.2023 16:09:31,000	3,28	6,87	30	7	54	0	8
873	07.08.2023 16:09:32,000	3,25	6,84	30	7	53	0	9
874	07.08.2023 16:09:33,000	3,21	6,81	27	9	54	0	11
875	07.08.2023 16:09:34,000	3,17	6,74	27	9	55	0	11
876	07.08.2023 16:09:35,000	3,17	6,69	28	6	56	0	8
877	07.08.2023 16:09:36,000	3,13	6,69	29	7	54	0	8
878	07.08.2023 16:09:37,000	3,10	6,61	30	7	53	0	9
879	07.08.2023 16:09:38,000	3,06	6,56	29	9	52	0	11
880	07.08.2023 16:09:39,000	3,06	6,53	28	7	55	0	9
881	07.08.2023 16:09:40,000	3,06	6,49	31	7	52	0	9
882	07.08.2023 16:09:41,000	3,02	6,46	28	9	53	0	12
883	07.08.2023 16:09:42,000	2,98	6,41	29	10	51	0	13
884	07.08.2023 16:09:43,000	2,98	6,36	28	9	52	0	12
885	07.08.2023 16:09:44,000	2,98	6,34	30	8	52	0	11
886	07.08.2023 16:09:45,000	2,98	6,29	30	8	52	0	10
887	07.08.2023 16:09:46,000	2,98	6,24	31	8	50	0	11
888	07.08.2023 16:09:47,000	2,94	6,21	30	9	50	0	12
889	07.08.2023 16:09:48,000	2,94	6,19	31	6	53	0	8
890	07.08.2023 16:09:49,000	2,94	6,17	31	6	53	0	7
891	07.08.2023 16:09:50,000	2,94	6,12	33	6	51	0	8
892	07.08.2023 16:09:51,000	2,94	6,10	31	8	51	0	10
893	07.08.2023 16:09:52,000	2,91	6,07	31	7	52	0	9
894	07.08.2023 16:09:53,000	2,91	6,04	29	9	52	0	12
895	07.08.2023 16:09:54,000	2,91	6,02	31	8	51	0	11
896	07.08.2023 16:09:55,000	2,91	6,00	33	7	50	0	9
897	07.08.2023 16:09:56,000	2,91	5,97	32	7	52	0	8
898	07.08.2023 16:09:57,000	2,91	5,93	31	8	51	0	10
899	07.08.2023 16:09:58,000	2,91	5,93	32	6	51	0	8
900	07.08.2023 16:09:59,000	2,91	5,90	31	7	52	0	9
901	07.08.2023 16:10:00,000	2,91	5,88	31	8	51	0	10
902	07.08.2023 16:10:01,000	2,91	5,86	31	8	51	0	10
903	07.08.2023 16:10:02,000	2,91	5,83	30	8	52	0	10
904	07.08.2023 16:10:03,000	2,91	5,83	31	7	52	0	9
905	07.08.2023 16:10:04,000	2,91	5,81	30	9	51	0	12
906	07.08.2023 16:10:05,000	2,91	5,78	32	7	51	0	9
907	07.08.2023 16:10:06,000	2,91	5,76	32	8	51	0	10
908	07.08.2023 16:10:07,000	2,91	5,76	31	9	50	0	11
909	07.08.2023 16:10:08,000	2,91	5,76	30	9	51	0	11
910	07.08.2023 16:10:09,000	2,91	5,74	31	7	51	0	10
911	07.08.2023 16:10:10,000	2,91	5,71	30	9	51	0	12
912	07.08.2023 16:10:11,000	2,91	5,69	30	9	51	0	12
913	07.08.2023 16:10:12,000	2,91	5,69	32	7	51	0	9
914	07.08.2023 16:10:13,000	2,91	5,67	31	9	51	0	11
915	07.08.2023 16:10:14,000	2,91	5,64	29	10	52	0	12
916	07.08.2023 16:10:15,000	2,91	5,62	30	10	50	0	13
917	07.08.2023 16:10:16,000	2,94	5,62	29	11	50	0	14
918	07.08.2023 16:10:17,000	2,94	5,60	28	11	51	0	14
919	07.08.2023 16:10:18,000	2,94	5,58	31	9	50	0	11
920	07.08.2023 16:10:19,000	2,98	5,58	31	10	50	0	13
921	07.08.2023 16:10:20,000	2,98	5,56	30	10	50	0	13
922	07.08.2023 16:10:21,000	2,98	5,53	28	12	49	0	16
923	07.08.2023 16:10:22,000	3,02	5,52	30	12	49	0	16
924	07.08.2023 16:10:23,000	3,02	5,49	30	12	48	0	16
925	07.08.2023 16:10:24,000	3,02	5,47	29	13	48	0	18
926	07.08.2023 16:10:25,000	3,06	5,47	29	12	49	0	16
927	07.08.2023 16:10:26,000	3,06	5,45	30	11	48	0	15
928	07.08.2023 16:10:27,000	3,06	5,45	30	12	48	0	16
929	07.08.2023 16:10:28,000	3,06	5,45	29	13	48	0	17
930	07.08.2023 16:10:29,000	3,10	5,41	29	14	47	0	18
931	07.08.2023 16:10:30,000	3,10	5,41	29	14	47	0	19
932	07.08.2023 16:10:31,000	3,13	5,41	28	15	47	0	20
933	07.08.2023 16:10:32,000	3,13	5,39	30	14	46	0	19
934	07.08.2023 16:10:33,000	3,13	5,34	28	14	48	0	19
935	07.08.2023 16:10:34,000	3,17	5,32	28	14	48	0	19
936	07.08.2023 16:10:35,000	3,17	5,32	28	13	49	0	17
937	07.08.2023 16:10:36,000	3,17	5,30	30	12	48	0	16
938	07.08.2023 16:10:37,000	3,21	5,30	30	12	48	0	16
939	07.08.2023 16:10:38,000	3,21	5,28	30	14	47	0	18
940	07.08.2023 16:10:39,000	3,25	5,26	30	13	47	0	17
941	07.08.2023 16:10:40,000	3,25	5,26	28	13	49	0	17
942	07.08.2023 16:10:41,000	3,28	5,20	27	13	50	0	16
943	07.08.2023 16:10:42,000	3,28	5,20	27	14	49	0	18
944	07.08.2023 16:10:43,000	3,28	5,20	34	9	46	0	13
945	07.08.2023 16:10:44,000	3,32	5,18	28	13	49	0	17
946	07.08.2023 16:10:45,000	3,32	5,15	29	10	51	0	13
947	07.08.2023 16:10:46,000	3,36	5,13	29	11	50	0	14
948	07.08.2023 16:10:47,000	3,36	5,11	28	12	50	0	15
949	07.08.2023 16:10:48,000	3,40	5,12	33	5	53	0	6
950	07.08.2023 16:10:49,000	3,40	5,09	20	16	54	0	20
951	07.08.2023 16:10:50,000	3,40	5,09	26	12	52	0	15
952	07.08.2023 16:10:51,000	3,40	5,07	24	13	53	0	16
953	07.08.2023 16:10:52,000	3,44	5,05	28	11	52	0	13
954	07.08.2023 16:10:53,000	3,44	5,05	26	12	53	0	15
955	07.08.2023 16:10:54,000	3,44	5,03	27	10	53	0	13
956	07.08.2023 16:10:55,000	3,44	4,98	22	13	54	0	16
957	07.08.2023 16:10:56,000	3,47	4,96	19	13	59	0	15
958	07.08.2023 16:10:57,000	3,47	4,94	21	12	57	0	15
959	07.08.2023 16:10:58,000	3,47	4,91	20	12	58	0	15
960	07.08.2023 16:10:59,000	3,47	4,91	20	13	57	0	16
961	07.08.2023 16:11:00,000	3,51	4,89	19	13	58	0	15
962	07.08.2023 16:11:01,000	3,51	4,87	19	14	57	0	17
963	07.08.2023 16:11:02,000	3,51	4,85	18	13	59	0	15
964	07.08.2023 16:11:03,000	3,55	4,80	18	13	59	0	15
965	07.08.2023 16:11:04,000	3,55	4,80	19	13	58	0	16
966	07.08.2023 16:11:05,000	3,55	4,78	20	13	57	0	15
967	07.08.2023 16:11:06,000	3,59	4,76	18	13	59	0	15
968	07.08.2023 16:11:07,000	3,59	4,71	18	12	60	0	14
969	07.08.2023 16:11:08,000	3,59	4,71	19	12	59	0	14
970	07.08.2023 16:11:09,000	3,59	4,69	20	12	58	0	15
971	07.08.2023 16:11:10,000	3,62	4,65	19	12	59	0	14
972	07.08.2023 16:11:11,000	3,62	4,65	17	11	62	0	12
973	07.08.2023 16:11:12,000	3,66	4,61	19	11	61	0	13
974	07.08.2023 16:11:13,000	3,66	4,61	19	11	59	0	14
975	07.08.2023 16:11:14,000	3,66	4,58	20	11	59	0	13
976	07.08.2023 16:11:15,000	3,66	4,54	18	11	60	0	13
977	07.08.2023 16:11:16,000	3,70	4,54	18	9	62	0	11
978	07.08.2023 16:11:17,000	3,70	4,52	20	10	59	0	12
979	07.08.2023 16:11:18,000	3,70	4,49	20	10	60	0	12
980	07.08.2023 16:11:19,000	3,74	4,47	20	9	61	0	11
981	07.08.2023 16:11:20,000	3,74	4,40	20	11	60	0	12
982	07.08.2023 16:11:21,000	3,77	4,41	19	11	60	0	12
983	07.08.2023 16:11:22,000	3,77	4,36	19	10	60	0	12
984	07.08.2023 16:11:23,000	3,81	4,34	18	11	61	0	13
985	07.08.2023 16:11:24,000	3,81	4,34	19	10	61	0	12
986	07.08.2023 16:11:25,000	3,81	4,29	18	10	61	0	12
987	07.08.2023 16:11:26,000	3,81	4,29	20	11	60	0	12
988	07.08.2023 16:11:27,000	3,81	4,25	19	11	61	0	12
989	07.08.2023 16:11:28,000	3,81	4,25	18	10	62	0	12
990	07.08.2023 16:11:29,000	3,81	4,22	19	10	61	0	11
991	07.08.2023 16:11:30,000	3,81	4,18	19	11	60	0	13
992	07.08.2023 16:11:31,000	3,81	4,15	19	10	61	0	12
993	07.08.2023 16:11:32,000	3,81	4,13	19	11	60	0	13
994	07.08.2023 16:11:33,000	3,85	4,11	19	10	61	0	12
995	07.08.2023 16:11:34,000	3,85	4,09	20	10	60	0	12
996	07.08.2023 16:11:35,000	3,85	4,06	14	8	68	0	9
997	07.08.2023 16:11:36,000	3,85	4,02	17	11	62	0	13
998	07.08.2023 16:11:37,000	3,89	4,00	18	8	64	0	10
999	07.08.2023 16:11:38,000	3,89	3,97	19	10	61	0	12
1000	07.08.2023 16:11:39,000	3,89	3,95	18	11	61	0	12
1001	07.08.2023 16:11:40,000	3,89	3,90	18	11	61	0	12
1002	07.08.2023 16:11:41,000	3,92	3,88	17	11	63	0	12
1003	07.08.2023 16:11:42,000	3,92	3,88	18	10	62	0	12
1004	07.08.2023 16:11:43,000	3,92	3,84	19	10	61	0	12
1005	07.08.2023 16:11:44,000	3,96	3,79	17	13	60	0	15
1006	07.08.2023 16:11:45,000	3,96	3,79	17	12	62	0	13
1007	07.08.2023 16:11:46,000	3,96	3,75	16	11	63	0	13
1008	07.08.2023 16:11:47,000	3,96	3,72	18	11	61	0	13
1009	07.08.2023 16:11:48,000	4,00	3,71	18	13	60	0	15
1010	07.08.2023 16:11:49,000	4,00	3,63	15	14	61	0	16
1011	07.08.2023 16:11:50,000	4,03	3,64	16	12	62	0	14
1012	07.08.2023 16:11:51,000	4,03	3,59	16	13	61	0	15
1013	07.08.2023 16:11:52,000	4,03	3,59	16	12	62	0	14
1014	07.08.2023 16:11:53,000	4,07	3,55	16	13	61	0	14
1015	07.08.2023 16:11:54,000	4,07	3,50	15	14	62	0	16
1016	07.08.2023 16:11:55,000	4,11	3,46	14	13	62	0	15
1017	07.08.2023 16:11:56,000	4,15	3,42	14	12	64	0	14
1018	07.08.2023 16:11:57,000	4,18	3,37	14	13	63	0	15
1019	07.08.2023 16:11:58,000	4,22	3,31	13	13	64	0	15
1020	07.08.2023 16:11:59,000	4,26	3,24	13	12	65	0	14
1021	07.08.2023 16:12:00,000	4,33	3,20	13	12	64	0	14
1022	07.08.2023 16:12:01,000	4,40	3,17	15	11	64	0	12
1023	07.08.2023 16:12:02,000	4,48	3,13	17	11	62	0	13
1024	07.08.2023 16:12:03,000	4,55	3,07	17	11	62	0	13
1025	07.08.2023 16:12:04,000	4,59	3,05	14	11	66	0	12
1026	07.08.2023 16:12:05,000	4,66	3,01	15	9	66	0	10
1027	07.08.2023 16:12:06,000	4,70	2,97	15	9	66	0	10
1028	07.08.2023 16:12:07,000	4,77	2,91	15	9	66	0	10
1029	07.08.2023 16:12:08,000	4,81	2,91	14	8	69	0	8
1030	07.08.2023 16:12:09,000	4,84	2,87	15	8	67	0	9
1031	07.08.2023 16:12:10,000	4,88	2,83	16	8	67	0	9
1032	07.08.2023 16:12:11,000	4,92	2,78	16	8	65	0	10
1033	07.08.2023 16:12:12,000	4,95	2,74	15	9	66	0	10
1034	07.08.2023 16:12:13,000	4,99	2,72	14	7	68	0	8
1035	07.08.2023 16:12:14,000	5,03	2,70	16	8	65	0	9
1036	07.08.2023 16:12:15,000	5,06	2,66	14	8	68	0	9
1037	07.08.2023 16:12:16,000	5,10	2,62	14	7	70	0	7
1038	07.08.2023 16:12:17,000	5,13	2,57	14	7	69	0	8
1039	07.08.2023 16:12:18,000	5,17	2,56	18	7	65	0	8
1040	07.08.2023 16:12:19,000	5,21	2,54	18	7	66	0	7
1041	07.08.2023 16:12:20,000	5,24	2,45	15	6	69	0	6
1042	07.08.2023 16:12:21,000	5,32	2,41	14	8	68	0	9
1043	07.08.2023 16:12:22,000	5,35	2,37	13	7	69	0	8
1044	07.08.2023 16:12:23,000	5,39	2,32	15	9	66	0	10
1045	07.08.2023 16:12:24,000	5,42	2,28	12	10	68	0	11
1046	07.08.2023 16:12:25,000	5,46	2,26	11	9	70	0	10
1047	07.08.2023 16:12:26,000	5,53	2,20	12	10	68	0	11
1048	07.08.2023 16:12:27,000	5,60	2,18	12	9	69	0	10
1049	07.08.2023 16:12:28,000	5,64	2,14	13	8	69	0	9
1050	07.08.2023 16:12:29,000	5,68	2,10	11	8	70	0	9
1051	07.08.2023 16:12:30,000	5,71	2,06	11	8	71	0	9
1052	07.08.2023 16:12:31,000	5,82	1,98	12	7	71	0	8
1053	07.08.2023 16:12:32,000	5,89	1,96	13	8	69	0	8
1054	07.08.2023 16:12:33,000	5,96	1,92	13	6	71	0	6
1055	07.08.2023 16:12:34,000	6,03	1,88	15	4	71	0	5
1056	07.08.2023 16:12:35,000	6,10	1,85	15	6	69	0	7
1057	07.08.2023 16:12:36,000	6,14	1,80	14	6	70	0	6
1058	07.08.2023 16:12:37,000	6,21	1,79	12	6	72	0	6
1059	07.08.2023 16:12:38,000	6,28	1,73	13	5	71	0	6
1060	07.08.2023 16:12:39,000	6,32	1,71	16	5	69	0	6
1061	07.08.2023 16:12:40,000	6,39	1,72	16	6	68	0	7
1062	07.08.2023 16:12:41,000	6,42	1,67	15	6	69	0	7
1063	07.08.2023 16:12:42,000	6,49	1,66	16	6	68	0	7
1064	07.08.2023 16:12:43,000	6,49	1,61	23	1	66	0	1
1065	07.08.2023 16:12:44,000	6,56	1,64	41	-6	43	0	-8
1066	07.08.2023 16:12:45,000	6,63	1,68	49	-8	34	0	-14
1067	07.08.2023 16:12:46,000	6,70	1,66	53	-4	33	0	-8
1068	07.08.2023 16:12:47,000	6,74	1,71	48	5	37	0	8
1069	07.08.2023 16:12:48,000	6,77	1,69	40	12	37	0	20
1070	07.08.2023 16:12:49,000	6,81	1,72	38	13	39	0	20
1071	07.08.2023 16:12:50,000	6,84	1,75	36	14	40	0	22
1072	07.08.2023 16:12:51,000	6,84	1,75	35	14	41	0	21
1073	07.08.2023 16:12:52,000	6,88	1,75	49	4	37	0	6
1074	07.08.2023 16:12:53,000	6,88	1,78	53	3	34	0	5
1075	07.08.2023 16:12:54,000	6,91	1,76	53	2	34	0	4
1076	07.08.2023 16:12:55,000	6,91	1,76	54	1	36	0	2
1077	07.08.2023 16:12:56,000	6,95	1,76	54	0	36	0	1
1078	07.08.2023 16:12:57,000	6,95	1,79	53	0	37	0	0
1079	07.08.2023 16:12:58,000	6,95	1,76	51	-1	38	0	-1
1080	07.08.2023 16:12:59,000	6,95	1,76	51	1	38	0	1
1081	07.08.2023 16:13:00,000	6,98	1,79	51	3	36	0	5
1082	07.08.2023 16:13:01,000	7,02	1,77	47	5	38	0	7
1083	07.08.2023 16:13:02,000	7,02	1,77	42	6	42	0	9
1084	07.08.2023 16:13:03,000	7,05	1,78	38	9	43	0	13
1085	07.08.2023 16:13:04,000	7,05	1,75	40	8	42	0	12
1086	07.08.2023 16:13:05,000	7,09	1,73	40	8	42	0	12
1087	07.08.2023 16:13:06,000	7,12	1,74	38	8	45	0	11
1088	07.08.2023 16:13:07,000	7,16	1,69	38	8	44	0	11
1089	07.08.2023 16:13:08,000	7,19	1,67	37	9	44	0	13
1090	07.08.2023 16:13:09,000	7,23	1,68	33	12	45	0	17
1091	07.08.2023 16:13:10,000	7,26	1,66	32	14	44	0	20
1092	07.08.2023 16:13:11,000	7,26	1,66	34	13	43	0	19
1093	07.08.2023 16:13:12,000	7,30	1,66	33	14	43	0	20
1094	07.08.2023 16:13:13,000	7,33	1,67	33	15	42	0	22
1095	07.08.2023 16:13:14,000	7,33	1,67	34	15	41	0	22
1096	07.08.2023 16:13:15,000	7,37	1,65	34	14	42	0	20
1097	07.08.2023 16:13:16,000	7,37	1,63	33	14	43	0	20
1098	07.08.2023 16:13:17,000	7,37	1,63	35	10	44	0	15
1099	07.08.2023 16:13:18,000	7,37	1,58	34	12	44	0	17
1100	07.08.2023 16:13:19,000	7,40	1,54	33	12	45	0	17
1101	07.08.2023 16:13:20,000	7,40	1,49	31	14	45	0	19
1102	07.08.2023 16:13:21,000	7,43	1,42	30	14	46	0	19
1103	07.08.2023 16:13:22,000	7,47	1,38	27	16	47	0	21
1104	07.08.2023 16:13:23,000	7,54	1,29	29	14	47	0	19
1105	07.08.2023 16:13:24,000	7,61	1,21	29	13	48	0	17
1106	07.08.2023 16:13:25,000	7,71	1,15	28	12	50	0	16
1107	07.08.2023 16:13:26,000	7,78	1,13	28	10	52	0	12
1108	07.08.2023 16:13:27,000	7,88	1,05	30	5	55	0	7
1109	07.08.2023 16:13:28,000	7,95	1,04	29	4	56	0	5
1110	07.08.2023 16:13:29,000	8,02	0,98	31	0	59	0	0
1111	07.08.2023 16:13:30,000	8,16	0,92	32	-4	55	0	-5
1112	07.08.2023 16:13:31,000	8,26	0,79	27	-3	60	0	-3
1113	07.08.2023 16:13:32,000	8,39	0,76	26	-5	60	0	-5
1114	07.08.2023 16:13:33,000	8,53	0,68	18	-5	66	0	-6
1115	07.08.2023 16:13:34,000	8,66	0,68	26	-4	60	0	-5
1116	07.08.2023 16:13:35,000	8,77	0,62	27	-7	56	0	-8
1117	07.08.2023 16:13:36,000	8,90	0,54	26	-9	55	0	-11
1118	07.08.2023 16:13:37,000	9,03	0,51	26	-11	53	0	-13
1119	07.08.2023 16:13:38,000	9,20	0,44	26	-11	53	0	-14
1120	07.08.2023 16:13:39,000	9,37	0,35	27	-14	50	0	-18
1121	07.08.2023 16:13:40,000	9,50	0,30	24	-10	56	0	-12
1122	07.08.2023 16:13:41,000	9,60	0,28	22	-6	62	0	-7
1123	07.08.2023 16:13:42,000	9,70	0,26	20	-1	69	0	-1
1124	07.08.2023 16:13:43,000	9,83	0,18	21	-2	66	0	-2
1125	07.08.2023 16:13:44,000	9,97	0,07	22	-4	64	1	-4
1126	07.08.2023 16:13:45,000	10,16	0,07	23	-6	60	0	-8
1127	07.08.2023 16:13:46,000	10,30	0,00	26	-1	63	0	-1
1128	07.08.2023 16:13:47,000	10,43	-0,03	25	-4	60	0	-5
1129	07.08.2023 16:13:48,000	10,52	-0,05	18	6	66	0	7
1130	07.08.2023 16:13:49,000	10,62	-0,10	23	2	66	0	2
1131	07.08.2023 16:13:50,000	10,72	-0,08	20	3	67	0	3
1132	07.08.2023 16:13:51,000	10,82	-0,10	23	5	62	0	6
1133	07.08.2023 16:13:52,000	10,88	-0,12	23	3	64	0	3
1134	07.08.2023 16:13:53,000	11,01	-0,15	23	0	66	0	0
1135	07.08.2023 16:13:54,000	11,11	-0,19	22	-6	62	1	-6
1136	07.08.2023 16:13:55,000	11,24	-0,19	23	-7	60	1	-8
1137	07.08.2023 16:13:56,000	11,34	-0,19	23	-8	59	0	-9
1138	07.08.2023 16:13:57,000	11,40	-0,19	15	-5	69	1	-6
1139	07.08.2023 16:13:58,000	11,50	-0,19	22	0	67	0	0
1140	07.08.2023 16:13:59,000	11,60	-0,22	20	2	68	0	2
1141	07.08.2023 16:14:00,000	11,66	-0,22	24	-2	64	0	-2
1142	07.08.2023 16:14:01,000	11,72	-0,22	16	-3	70	0	-4
1143	07.08.2023 16:14:02,000	11,82	-0,22	17	-5	68	0	-5
1144	07.08.2023 16:14:03,000	11,88	-0,24	21	-3	66	1	-4
1145	07.08.2023 16:14:04,000	11,98	-0,24	25	7	57	0	9
1146	07.08.2023 16:14:05,000	12,04	-0,24	21	2	67	1	3
1147	07.08.2023 16:14:06,000	12,14	-0,22	17	1	72	0	1
1148	07.08.2023 16:14:07,000	12,20	-0,22	22	-7	61	0	-8
1149	07.08.2023 16:14:08,000	12,27	-0,19	18	-3	69	0	-4
1150	07.08.2023 16:14:09,000	12,33	-0,22	20	4	67	0	4
1151	07.08.2023 16:14:10,000	12,36	-0,24	18	9	63	0	10
1152	07.08.2023 16:14:11,000	12,43	-0,24	21	2	68	1	2
1153	07.08.2023 16:14:12,000	12,49	-0,19	21	-1	69	0	-1
1154	07.08.2023 16:14:13,000	12,55	-0,22	12	-11	66	0	-13
1155	07.08.2023 16:14:14,000	12,62	-0,22	19	-10	61	0	-12
1156	07.08.2023 16:14:15,000	12,68	-0,19	16	-12	61	0	-14
1157	07.08.2023 16:14:16,000	12,71	-0,17	18	-5	67	1	-6
1158	07.08.2023 16:14:17,000	12,78	-0,17	19	-3	68	0	-4
1159	07.08.2023 16:14:18,000	12,81	-0,17	20	2	68	0	2
1160	07.08.2023 16:14:19,000	12,87	-0,19	18	3	69	0	3
1161	07.08.2023 16:14:20,000	12,93	-0,17	20	-4	66	1	-4
1162	07.08.2023 16:14:21,000	12,96	-0,17	29	2	60	0	2
1163	07.08.2023 16:14:22,000	13,03	-0,19	19	5	67	0	5
1164	07.08.2023 16:14:23,000	13,12	-0,22	14	9	67	0	10
1165	07.08.2023 16:14:24,000	13,19	-0,19	20	7	62	1	9
1166	07.08.2023 16:14:25,000	13,25	-0,17	23	-2	65	1	-2
1167	07.08.2023 16:14:26,000	13,28	-0,17	23	1	65	0	2
1168	07.08.2023 16:14:27,000	13,34	-0,17	18	-2	70	0	-2
1169	07.08.2023 16:14:28,000	13,37	-0,12	21	-3	66	0	-3
1170	07.08.2023 16:14:29,000	13,41	-0,15	20	-7	63	0	-8
1171	07.08.2023 16:14:30,000	13,47	-0,15	17	-10	63	0	-12
1172	07.08.2023 16:14:31,000	13,53	-0,15	19	-11	60	1	-13
1173	07.08.2023 16:14:32,000	13,56	-0,12	15	-10	65	1	-11
1174	07.08.2023 16:14:33,000	13,62	-0,15	19	-7	64	0	-8
1175	07.08.2023 16:14:34,000	13,66	-0,15	16	3	72	0	3
1176	07.08.2023 16:14:35,000	13,69	-0,10	17	4	69	0	4
1177	07.08.2023 16:14:36,000	13,72	-0,12	20	7	62	0	9
1178	07.08.2023 16:14:37,000	13,75	-0,12	18	3	69	0	4
1179	07.08.2023 16:14:38,000	13,81	-0,10	27	-3	60	1	-3
1180	07.08.2023 16:14:39,000	13,84	-0,10	19	1	70	1	1
1181	07.08.2023 16:14:40,000	13,87	-0,10	19	-1	70	0	-1
1182	07.08.2023 16:14:41,000	13,94	-0,12	18	-4	67	0	-5
1183	07.08.2023 16:14:42,000	13,97	-0,12	17	-5	68	0	-6
1184	07.08.2023 16:14:43,000	14,00	-0,15	19	-3	68	0	-3
1185	07.08.2023 16:14:44,000	14,06	-0,10	19	2	69	0	2
1186	07.08.2023 16:14:45,000	14,12	-0,12	19	-2	69	0	-2
1187	07.08.2023 16:14:46,000	14,19	-0,15	26	1	63	1	2
1188	07.08.2023 16:14:47,000	14,25	-0,10	23	-2	65	1	-2
1189	07.08.2023 16:14:48,000	14,31	-0,15	18	8	63	0	10
1190	07.08.2023 16:14:49,000	14,37	-0,17	23	-5	62	0	-6
1191	07.08.2023 16:14:50,000	14,40	-0,15	22	1	66	0	2
1192	07.08.2023 16:14:51,000	14,46	-0,12	23	-10	57	0	-12
1193	07.08.2023 16:14:52,000	14,50	-0,15	15	-12	63	0	-13
1194	07.08.2023 16:14:53,000	14,56	-0,17	12	0	78	1	0
1195	07.08.2023 16:14:54,000	14,62	-0,17	13	1	77	1	1
1196	07.08.2023 16:14:55,000	14,68	-0,17	9	5	76	0	6
1197	07.08.2023 16:14:56,000	14,71	-0,19	6	6	78	0	7
1198	07.08.2023 16:14:57,000	14,77	-0,22	0	12	78	1	12
1199	07.08.2023 16:14:58,000	14,84	-0,22	1	1	89	0	1
1200	07.08.2023 16:14:59,000	14,93	-0,19	3	3	84	0	3
1201	07.08.2023 16:15:00,000	14,96	-0,15	23	-2	66	0	-2
1202	07.08.2023 16:15:01,000	14,99	-0,19	15	0	75	1	0
1203	07.08.2023 16:15:02,000	15,05	-0,17	17	-4	69	1	-4
1204	07.08.2023 16:15:03,000	15,11	-0,17	14	-3	73	0	-3
1205	07.08.2023 16:15:04,000	15,14	-0,17	9	4	77	1	5
1206	07.08.2023 16:15:05,000	15,21	-0,19	13	0	77	0	0
1207	07.08.2023 16:15:06,000	15,24	-0,12	10	1	79	0	1
1208	07.08.2023 16:15:07,000	15,27	-0,10	12	-4	74	0	-5
1209	07.08.2023 16:15:08,000	15,30	-0,10	17	-5	68	0	-6
1210	07.08.2023 16:15:09,000	15,33	-0,10	17	-6	68	1	-6
1211	07.08.2023 16:15:10,000	15,36	-0,12	12	-6	72	0	-6
1212	07.08.2023 16:15:11,000	15,39	-0,15	18	-8	64	1	-9
1213	07.08.2023 16:15:12,000	15,45	-0,15	16	-6	68	0	-7
1214	07.08.2023 16:15:13,000	15,48	-0,12	18	-14	58	0	-17
1215	07.08.2023 16:15:14,000	15,51	-0,15	4	-7	79	0	-7
1216	07.08.2023 16:15:15,000	15,57	-0,12	14	-3	73	1	-3
1217	07.08.2023 16:15:16,000	15,60	-0,17	14	-1	75	0	-1
1218	07.08.2023 16:15:17,000	15,63	-0,08	25	0	65	0	0
1219	07.08.2023 16:15:18,000	15,66	-0,10	5	29	56	0	31
1220	07.08.2023 16:15:19,000	15,70	-0,12	14	33	43	1	39
1221	07.08.2023 16:15:20,000	15,73	-0,10	17	16	56	0	19
1222	07.08.2023 16:15:21,000	15,76	-0,08	32	1	58	1	1
1223	07.08.2023 16:15:22,000	15,79	-0,08	28	-4	58	1	-5
1224	07.08.2023 16:15:23,000	15,85	-0,05	22	1	67	0	1
1225	07.08.2023 16:15:24,000	15,88	-0,08	16	4	69	0	5
1226	07.08.2023 16:15:25,000	15,91	-0,08	21	-6	63	0	-7
1227	07.08.2023 16:15:26,000	15,91	-0,10	16	-6	68	0	-7
1228	07.08.2023 16:15:27,000	15,97	-0,10	34	-7	49	0	-9
1229	07.08.2023 16:15:28,000	16,00	-0,10	37	-15	38	1	-23
1230	07.08.2023 16:15:29,000	16,00	-0,05	23	-19	48	1	-25
1231	07.08.2023 16:15:30,000	15,97	0,00	27	-18	45	1	-24
1232	07.08.2023 16:15:31,000	15,91	0,04	24	-13	53	1	-17
1233	07.08.2023 16:15:32,000	15,88	0,09	32	-16	42	0	-23
1234	07.08.2023 16:15:33,000	15,85	0,11	24	-2	64	0	-3
1235	07.08.2023 16:15:34,000	15,82	0,14	27	9	53	0	12
1236	07.08.2023 16:15:35,000	15,76	0,09	12	28	51	0	31
1237	07.08.2023 16:15:36,000	15,73	0,11	5	12	73	0	13
1238	07.08.2023 16:15:37,000	15,70	0,11	4	35	51	0	37
1239	07.08.2023 16:15:38,000	15,66	0,14	20	41	29	0	53
1240	07.08.2023 16:15:39,000	15,63	0,14	27	1	61	0	1
1241	07.08.2023 16:15:40,000	15,60	0,14	39	-7	43	1	-10
1242	07.08.2023 16:15:41,000	15,60	0,11	17	-49	24	0	-61
1243	07.08.2023 16:15:42,000	15,57	0,11	46	-35	9	1	-74
1244	07.08.2023 16:15:43,000	15,60	0,11	44	-41	5	0	-83
1245	07.08.2023 16:15:44,000	15,63	0,11	55	-33	2	0	-86
1246	07.08.2023 16:15:45,000	15,70	0,11	68	-12	-10	0	-86
1247	07.08.2023 16:15:46,000	15,66	0,11	85	-2	-3	0	-86
1248	07.08.2023 16:15:47,000	15,66	0,14	75	11	4	0	-86
1249	07.08.2023 16:15:48,000	15,63	0,14	81	5	4	0	-86
1250	07.08.2023 16:15:49,000	15,60	0,14	56	-24	10	1	-66
1251	07.08.2023 16:15:50,000	15,57	0,14	60	-16	-14	1	-66
1252	07.08.2023 16:15:51,000	15,54	0,16	55	-20	-14	0	-125
1253	07.08.2023 16:15:52,000	15,51	0,16	66	-7	-17	0	-125
1254	07.08.2023 16:15:53,000	15,51	0,18	69	3	-19	0	-125
1255	07.08.2023 16:15:54,000	15,48	0,18	66	10	14	0	-125
1256	07.08.2023 16:15:55,000	15,45	0,21	56	14	20	0	35
1257	07.08.2023 16:15:56,000	15,45	0,18	42	11	37	0	18
1258	07.08.2023 16:15:57,000	15,42	0,21	63	20	7	0	18
1259	07.08.2023 16:15:58,000	15,42	0,21	41	29	20	0	54
1260	07.08.2023 16:15:59,000	15,39	0,18	66	13	10	1	54
1261	07.08.2023 16:16:00,000	15,36	0,18	84	0	6	0	54
1262	07.08.2023 16:16:01,000	15,36	0,21	38	35	17	0	62
1263	07.08.2023 16:16:02,000	15,36	0,21	3	-5	82	0	-5
1264	07.08.2023 16:16:03,000	15,33	0,21	4	1	86	0	1
1265	07.08.2023 16:16:04,000	15,33	0,23	-2	1	86	0	1
1266	07.08.2023 16:16:05,000	15,30	0,23	1	4	85	1	4
1267	07.08.2023 16:16:06,000	15,30	0,21	-7	3	81	0	3
1268	07.08.2023 16:16:07,000	15,27	0,23	-7	2	81	0	2
1269	07.08.2023 16:16:08,000	15,27	0,23	-5	-5	80	0	-5
1270	07.08.2023 16:16:09,000	15,27	0,23	-6	-4	80	0	-4
1271	07.08.2023 16:16:10,000	15,24	0,21	-6	-2	82	0	-2
1272	07.08.2023 16:16:11,000	15,24	0,23	-7	-2	82	0	-2
1273	07.08.2023 16:16:12,000	15,24	0,26	-7	-3	81	0	-3
1274	07.08.2023 16:16:13,000	15,24	0,23	-8	0	82	0	0
1275	07.08.2023 16:16:14,000	15,21	0,21	-11	-2	77	0	-2
1276	07.08.2023 16:16:15,000	15,21	0,23	-56	-17	-16	1	-133
1277	07.08.2023 16:16:16,000	15,21	0,21	-14	4	-72	1	176
1278	07.08.2023 16:16:17,000	15,17	0,21	-6	0	-84	0	-180
1279	07.08.2023 16:16:18,000	15,17	0,23	-6	-1	-82	0	-179
1280	07.08.2023 16:16:19,000	15,17	0,23	-7	-2	-82	0	-178
1281	07.08.2023 16:16:20,000	15,14	0,23	-5	0	-84	0	-180
1282	07.08.2023 16:16:21,000	15,14	0,23	-6	1	-83	0	179
1283	07.08.2023 16:16:22,000	15,14	0,26	-6	0	-84	0	-180
1284	07.08.2023 16:16:23,000	15,11	0,26	-7	-1	-82	0	-179
1285	07.08.2023 16:16:24,000	15,11	0,26	-6	1	-83	0	179
1286	07.08.2023 16:16:25,000	15,11	0,23	-4	0	-86	0	-180
1287	07.08.2023 16:16:26,000	15,11	0,26	-6	1	-83	0	179
1288	07.08.2023 16:16:27,000	15,11	0,26	-4	2	-83	0	178
1289	07.08.2023 16:16:28,000	15,08	0,26	-2	1	-87	0	179
1290	07.08.2023 16:16:29,000	15,08	0,26	1	1	-88	1	179
1291	07.08.2023 16:16:30,000	15,08	0,26	-4	1	-85	0	179
1292	07.08.2023 16:16:31,000	15,08	0,28	-3	2	-86	0	178
1293	07.08.2023 16:16:32,000	15,08	0,28	-3	1	-86	0	179
1294	07.08.2023 16:16:33,000	15,05	0,26	-2	1	-87	0	179
1295	07.08.2023 16:16:34,000	15,05	0,26	-3	2	-85	0	178
1296	07.08.2023 16:16:35,000	15,05	0,26	-3	3	-85	0	177
1297	07.08.2023 16:16:36,000	15,05	0,28	-1	2	-87	0	178
1298	07.08.2023 16:16:37,000	15,05	0,26	-1	2	-87	0	178
1299	07.08.2023 16:16:38,000	15,05	0,26	-2	3	-85	0	177
1300	07.08.2023 16:16:39,000	15,05	0,28	-3	4	-84	0	176
1301	07.08.2023 16:16:40,000	15,02	0,28	-1	2	-87	0	178
1302	07.08.2023 16:16:41,000	15,02	0,26	0	2	-87	0	178
1303	07.08.2023 16:16:42,000	15,02	0,26	-1	2	-86	0	178
1304	07.08.2023 16:16:43,000	15,02	0,26	-1	3	-86	0	177
1305	07.08.2023 16:16:44,000	15,02	0,28	-2	3	-84	0	177
1306	07.08.2023 16:16:45,000	15,02	0,28	-2	4	-84	0	176
1307	07.08.2023 16:16:46,000	15,02	0,28	0	2	-88	0	178
1308	07.08.2023 16:16:47,000	15,02	0,28	0	3	-87	0	177
1309	07.08.2023 16:16:48,000	15,02	0,28	-1	3	-86	0	177
1310	07.08.2023 16:16:49,000	15,02	0,28	-2	3	-85	0	177
1311	07.08.2023 16:16:50,000	15,02	0,26	-3	4	-83	0	175
1312	07.08.2023 16:16:51,000	15,02	0,26	0	2	-88	0	178
1313	07.08.2023 16:16:52,000	15,02	0,28	1	2	-88	0	178
1314	07.08.2023 16:16:53,000	15,02	0,28	-1	4	-85	0	176
1315	07.08.2023 16:16:54,000	15,02	0,28	-1	3	-86	0	177
1316	07.08.2023 16:16:55,000	15,02	0,28	0	2	-88	0	178
1317	07.08.2023 16:16:56,000	14,99	0,23	3	0	-87	0	-180
1318	07.08.2023 16:16:57,000	14,99	0,26	2	0	-88	0	-180
1319	07.08.2023 16:16:58,000	14,99	0,23	-3	3	-85	0	177
1320	07.08.2023 16:16:59,000	14,99	0,26	-2	1	-88	0	179
1321	07.08.2023 16:17:00,000	14,99	0,26	2	-1	-87	0	-179
1322	07.08.2023 16:17:01,000	14,99	0,23	2	1	-87	0	179
1323	07.08.2023 16:17:02,000	14,99	0,23	2	4	-84	0	176
1324	07.08.2023 16:17:03,000	14,99	0,26	4	6	-80	0	174
1325	07.08.2023 16:17:04,000	14,99	0,23	5	7	-79	0	173
1326	07.08.2023 16:17:05,000	14,99	0,23	6	4	-80	0	176
1327	07.08.2023 16:17:06,000	14,99	0,26	3	4	-82	0	176
1328	07.08.2023 16:17:07,000	14,99	0,26	1	5	-84	0	175
1329	07.08.2023 16:17:08,000	14,99	0,23	3	6	-81	0	174
1330	07.08.2023 16:17:09,000	15,02	0,26	6	5	-79	0	175
1331	07.08.2023 16:17:10,000	15,02	0,30	7	7	-76	0	173
1332	07.08.2023 16:17:11,000	15,02	0,26	6	10	-73	0	169
1333	07.08.2023 16:17:12,000	15,02	0,28	7	11	-72	0	168
1334	07.08.2023 16:17:13,000	15,02	0,28	9	7	-74	0	172
1335	07.08.2023 16:17:14,000	15,02	0,26	5	7	-78	0	173
1336	07.08.2023 16:17:15,000	15,02	0,26	2	5	-83	0	175
1337	07.08.2023 16:17:16,000	15,02	0,28	0	4	-85	0	176
1338	07.08.2023 16:17:17,000	15,02	0,26	1	2	-87	0	178
1339	07.08.2023 16:17:18,000	15,02	0,26	-1	1	-88	0	179
1340	07.08.2023 16:17:19,000	15,02	0,26	-3	1	-86	0	179
1341	07.08.2023 16:17:20,000	15,02	0,26	-1	0	-89	0	-180
1342	07.08.2023 16:17:21,000	15,02	0,28	-1	2	-87	0	178
1343	07.08.2023 16:17:22,000	15,02	0,28	1	6	-82	0	174
1344	07.08.2023 16:17:23,000	15,02	0,26	5	4	-81	0	176
1345	07.08.2023 16:17:24,000	15,02	0,28	4	7	-79	0	172
1346	07.08.2023 16:17:25,000	15,02	0,26	3	8	-79	0	172
1347	07.08.2023 16:17:26,000	15,02	0,26	4	7	-80	0	173
1348	07.08.2023 16:17:27,000	15,02	0,28	3	3	-84	0	176
1349	07.08.2023 16:17:28,000	15,05	0,26	-1	3	-86	0	177
1350	07.08.2023 16:17:29,000	15,05	0,26	-2	2	-86	0	178
1351	07.08.2023 16:17:30,000	15,05	0,26	-3	0	-87	0	-180
1352	07.08.2023 16:17:31,000	15,05	0,26	-4	-1	-85	0	-179
1353	07.08.2023 16:17:32,000	15,05	0,28	-5	-1	-84	0	-179
1354	07.08.2023 16:17:33,000	15,05	0,26	-5	-2	-83	0	-178
1355	07.08.2023 16:17:34,000	15,05	0,26	-6	-2	-82	0	-178
1356	07.08.2023 16:17:35,000	15,05	0,26	-6	-2	-82	0	-178
1357	07.08.2023 16:17:36,000	15,05	0,26	-4	-5	-81	0	-175
1358	07.08.2023 16:17:37,000	15,05	0,26	-6	-3	-81	0	-177
1359	07.08.2023 16:17:38,000	15,05	0,26	-7	-3	-80	0	-177
1360	07.08.2023 16:17:39,000	15,05	0,28	-7	-2	-81	0	-178
1361	07.08.2023 16:17:40,000	15,05	0,26	-3	-5	-82	0	-175
1362	07.08.2023 16:17:41,000	15,08	0,26	-5	-1	-84	0	-179
1363	07.08.2023 16:17:42,000	15,08	0,26	-3	0	-86	0	180
1364	07.08.2023 16:17:43,000	15,08	0,26	-2	2	-85	0	178
1365	07.08.2023 16:17:44,000	15,08	0,26	1	1	-88	0	179
1366	07.08.2023 16:17:45,000	15,08	0,26	1	1	-88	1	179
1367	07.08.2023 16:17:46,000	15,08	0,26	-2	5	-83	0	175
1368	07.08.2023 16:17:47,000	15,08	0,26	-1	4	-85	0	176
1369	07.08.2023 16:17:48,000	15,08	0,26	4	2	-83	0	178
1370	07.08.2023 16:17:49,000	15,08	0,26	2	6	-82	0	174
1371	07.08.2023 16:17:50,000	15,11	0,26	2	8	-80	0	172
1372	07.08.2023 16:17:51,000	15,11	0,28	2	6	-81	0	174
1373	07.08.2023 16:17:52,000	15,11	0,26	2	5	-84	0	175
1374	07.08.2023 16:17:53,000	15,11	0,26	2	4	-84	0	176
1375	07.08.2023 16:17:54,000	15,11	0,26	2	5	-83	0	175
1376	07.08.2023 16:17:55,000	15,11	0,26	2	7	-81	0	173
1377	07.08.2023 16:17:56,000	15,11	0,26	3	9	-79	0	171
1378	07.08.2023 16:17:57,000	15,11	0,26	7	5	-78	0	175
1379	07.08.2023 16:17:58,000	15,11	0,26	4	7	-80	1	173
1380	07.08.2023 16:17:59,000	15,11	0,26	1	8	-81	0	172
1381	07.08.2023 16:18:00,000	15,14	0,26	0	5	-84	0	175
1382	07.08.2023 16:18:01,000	15,14	0,28	2	1	-87	0	179
1383	07.08.2023 16:18:02,000	15,14	0,26	-1	2	-87	1	178
1384	07.08.2023 16:18:03,000	15,14	0,28	-3	4	-83	0	176
1385	07.08.2023 16:18:04,000	15,14	0,26	0	2	-88	0	178
1386	07.08.2023 16:18:05,000	15,14	0,26	2	3	-85	0	177
1387	07.08.2023 16:18:06,000	15,14	0,26	1	7	-83	0	173
1388	07.08.2023 16:18:07,000	15,14	0,26	3	7	-80	0	173
1389	07.08.2023 16:18:08,000	15,14	0,28	5	6	-79	0	174
1390	07.08.2023 16:18:09,000	15,17	0,26	5	9	-76	0	171
1391	07.08.2023 16:18:10,000	15,17	0,26	5	9	-76	0	170
1392	07.08.2023 16:18:11,000	15,17	0,26	5	8	-76	0	171
1393	07.08.2023 16:18:12,000	15,17	0,23	6	8	-77	0	172
1394	07.08.2023 16:18:13,000	15,17	0,23	4	6	-79	0	173
1395	07.08.2023 16:18:14,000	15,17	0,26	1	7	-82	0	173
1396	07.08.2023 16:18:15,000	15,17	0,26	1	4	-85	0	176
1397	07.08.2023 16:18:16,000	15,17	0,26	-1	3	-86	0	177
1398	07.08.2023 16:18:17,000	15,17	0,26	-1	3	-86	0	177
1399	07.08.2023 16:18:18,000	15,17	0,23	-2	1	-87	0	179
1400	07.08.2023 16:18:19,000	15,17	0,26	-2	2	-86	0	178
1401	07.08.2023 16:18:20,000	15,21	0,26	-2	1	-87	0	179
1402	07.08.2023 16:18:21,000	15,21	0,23	-3	2	-85	0	178
1403	07.08.2023 16:18:22,000	15,21	0,26	-3	1	-86	0	179
1404	07.08.2023 16:18:23,000	15,21	0,26	-3	-2	-85	0	-178
1405	07.08.2023 16:18:24,000	15,21	0,26	-7	1	-82	0	179
1406	07.08.2023 16:18:25,000	15,21	0,26	-5	-2	-82	0	-178
1407	07.08.2023 16:18:26,000	15,21	0,26	-6	-3	-81	0	-177
1408	07.08.2023 16:18:27,000	15,21	0,26	-6	-4	-80	0	-176
1409	07.08.2023 16:18:28,000	15,21	0,23	-7	-4	-79	0	-176
1410	07.08.2023 16:18:29,000	15,24	0,28	-6	-1	-83	0	-179
1411	07.08.2023 16:18:30,000	15,24	0,26	-3	-1	-87	0	-179
1412	07.08.2023 16:18:31,000	15,24	0,26	-2	2	-86	0	178
1413	07.08.2023 16:18:32,000	15,24	0,26	-2	3	-85	0	177
1414	07.08.2023 16:18:33,000	15,24	0,28	-2	4	-84	0	176
1415	07.08.2023 16:18:34,000	15,24	0,28	-4	4	-82	0	176
1416	07.08.2023 16:18:35,000	15,24	0,26	-3	2	-85	0	178
1417	07.08.2023 16:18:36,000	15,24	0,26	-5	0	-85	0	180
1418	07.08.2023 16:18:37,000	15,24	0,28	-5	1	-84	0	179
1419	07.08.2023 16:18:38,000	15,27	0,28	-6	2	-83	0	178
1420	07.08.2023 16:18:39,000	15,24	0,26	-3	0	-87	0	180
1421	07.08.2023 16:18:40,000	15,27	0,26	-2	1	-87	0	179
1422	07.08.2023 16:18:41,000	15,27	0,28	-4	3	-82	0	176
1423	07.08.2023 16:18:42,000	15,27	0,28	-2	1	-87	0	179
1424	07.08.2023 16:18:43,000	15,27	0,26	0	1	-88	0	179
1425	07.08.2023 16:18:44,000	15,27	0,26	-3	4	-84	0	176
1426	07.08.2023 16:18:45,000	15,27	0,28	-2	3	-85	0	177
1427	07.08.2023 16:18:46,000	15,27	0,26	0	1	-88	0	179
1428	07.08.2023 16:18:47,000	15,27	0,26	-1	2	-87	0	178
1429	07.08.2023 16:18:48,000	15,27	0,26	-2	5	-83	0	175
1430	07.08.2023 16:18:49,000	15,30	0,26	-2	3	-86	0	177
1431	07.08.2023 16:18:50,000	15,30	0,26	-1	4	-85	0	176
1432	07.08.2023 16:18:51,000	15,30	0,28	-1	1	-88	0	179
1433	07.08.2023 16:18:52,000	15,30	0,26	0	1	-88	0	179
1434	07.08.2023 16:18:53,000	15,30	0,26	0	5	-85	0	175
1435	07.08.2023 16:18:54,000	15,30	0,26	-2	4	-84	0	176
1436	07.08.2023 16:18:55,000	15,30	0,26	0	2	-87	0	178
1437	07.08.2023 16:18:56,000	15,30	0,26	1	1	-88	0	179
1438	07.08.2023 16:18:57,000	15,30	0,26	-1	3	-86	0	177
1439	07.08.2023 16:18:58,000	15,30	0,26	0	4	-85	0	176
1440	07.08.2023 16:18:59,000	15,30	0,28	-1	3	-86	0	177
1441	07.08.2023 16:19:00,000	15,30	0,26	-1	1	-87	0	179
1442	07.08.2023 16:19:01,000	15,33	0,26	0	1	-89	0	179
1443	07.08.2023 16:19:02,000	15,33	0,28	-1	4	-85	0	176
1444	07.08.2023 16:19:03,000	15,33	0,26	-3	3	-85	0	177
1445	07.08.2023 16:19:04,000	15,33	0,26	1	1	-89	0	179
1446	07.08.2023 16:19:05,000	15,33	0,26	1	3	-86	0	176
1447	07.08.2023 16:19:06,000	15,33	0,26	-1	4	-85	0	176
1448	07.08.2023 16:19:07,000	15,33	0,26	0	2	-87	0	178
1449	07.08.2023 16:19:08,000	15,33	0,26	-2	2	-87	0	178
1450	07.08.2023 16:19:09,000	15,33	0,28	-2	0	-88	0	180
1451	07.08.2023 16:19:10,000	15,33	0,28	0	3	-86	0	177
1452	07.08.2023 16:19:11,000	15,33	0,26	0	4	-86	0	176
1453	07.08.2023 16:19:12,000	15,33	0,26	1	3	-86	0	177
1454	07.08.2023 16:19:13,000	15,33	0,26	1	3	-87	0	177
1455	07.08.2023 16:19:14,000	15,36	0,26	-3	2	-85	0	178
1456	07.08.2023 16:19:15,000	15,36	0,28	-1	2	-87	0	178
1457	07.08.2023 16:19:16,000	15,36	0,26	1	2	-87	0	178
1458	07.08.2023 16:19:17,000	15,36	0,26	-1	3	-87	0	177
1459	07.08.2023 16:19:18,000	15,36	0,26	0	4	-86	0	176
1460	07.08.2023 16:19:19,000	15,36	0,26	1	4	-85	0	176
1461	07.08.2023 16:19:20,000	15,36	0,28	0	3	-86	0	177
1462	07.08.2023 16:19:21,000	15,36	0,26	-2	0	-88	0	180
1463	07.08.2023 16:19:22,000	15,36	0,26	0	2	-87	0	178
1464	07.08.2023 16:19:23,000	15,36	0,26	0	4	-86	0	176
1465	07.08.2023 16:19:24,000	15,36	0,26	1	3	-86	0	177
1466	07.08.2023 16:19:25,000	15,36	0,26	1	3	-86	0	177
1467	07.08.2023 16:19:26,000	15,36	0,26	-2	2	-86	0	178
1468	07.08.2023 16:19:27,000	15,36	0,26	-2	2	-87	0	178
1469	07.08.2023 16:19:28,000	15,36	0,26	1	3	-87	0	177
1470	07.08.2023 16:19:29,000	15,36	0,26	0	4	-86	0	176
1471	07.08.2023 16:19:30,000	15,36	0,26	0	3	-87	0	177
1472	07.08.2023 16:19:31,000	15,36	0,26	0	1	-89	0	179
1473	07.08.2023 16:19:32,000	15,39	0,26	-1	3	-86	0	177
1474	07.08.2023 16:19:33,000	15,39	0,26	-1	4	-86	0	176
1475	07.08.2023 16:19:34,000	15,39	0,23	0	1	-89	0	179
1476	07.08.2023 16:19:35,000	15,39	0,26	0	3	-87	0	177
1477	07.08.2023 16:19:36,000	15,39	0,26	-1	4	-85	0	176
1478	07.08.2023 16:19:37,000	15,39	0,23	-1	2	-87	0	178
1479	07.08.2023 16:19:38,000	15,39	0,26	-1	1	-89	0	179
1480	07.08.2023 16:19:39,000	15,39	0,26	-1	2	-87	0	178
1481	07.08.2023 16:19:40,000	15,39	0,26	0	4	-85	0	176
1482	07.08.2023 16:19:41,000	15,39	0,26	1	3	-85	0	176
1483	07.08.2023 16:19:42,000	15,39	0,26	-1	1	-88	0	179
1484	07.08.2023 16:19:43,000	15,39	0,26	-2	2	-86	0	178
1485	07.08.2023 16:19:44,000	15,39	0,23	-1	3	-86	0	177
1486	07.08.2023 16:19:45,000	15,42	0,26	0	3	-87	0	177
1487	07.08.2023 16:19:46,000	15,42	0,28	0	3	-86	0	177
1488	07.08.2023 16:19:47,000	15,42	0,28	0	2	-87	0	178
1489	07.08.2023 16:19:48,000	15,42	0,28	-2	1	-87	0	179
1490	07.08.2023 16:19:49,000	15,42	0,26	-1	3	-86	0	177
1491	07.08.2023 16:19:50,000	15,42	0,26	0	2	-88	0	178
1492	07.08.2023 16:19:51,000	15,42	0,28	0	3	-86	0	177
1493	07.08.2023 16:19:52,000	15,42	0,28	0	5	-85	0	175
1494	07.08.2023 16:19:53,000	15,42	0,28	2	2	-86	0	178
1495	07.08.2023 16:19:54,000	15,42	0,28	-2	0	-88	0	-180
1496	07.08.2023 16:19:55,000	15,42	0,28	-4	2	-84	0	178
1497	07.08.2023 16:19:56,000	15,42	0,28	-1	4	-85	1	176
1498	07.08.2023 16:19:57,000	15,42	0,28	2	3	-85	0	177
1499	07.08.2023 16:19:58,000	15,42	0,28	1	3	-86	0	177
1500	07.08.2023 16:19:59,000	15,45	0,26	-1	3	-86	0	177
1501	07.08.2023 16:20:00,000	15,45	0,28	-2	3	-86	0	177
1502	07.08.2023 16:20:01,000	15,45	0,28	-1	1	-88	0	179
1503	07.08.2023 16:20:02,000	15,45	0,28	-1	1	-87	0	179
1504	07.08.2023 16:20:03,000	15,45	0,28	0	4	-86	0	176
1505	07.08.2023 16:20:04,000	15,45	0,28	0	4	-86	0	176
1506	07.08.2023 16:20:05,000	15,45	0,28	1	2	-87	0	178
1507	07.08.2023 16:20:06,000	15,45	0,26	0	3	-87	0	177
1508	07.08.2023 16:20:07,000	15,45	0,28	-1	2	-87	0	178
1509	07.08.2023 16:20:08,000	15,45	0,26	-3	1	-86	0	179
1510	07.08.2023 16:20:09,000	15,45	0,28	-1	2	-87	0	178
1511	07.08.2023 16:20:10,000	15,48	0,28	1	3	-86	0	177
1512	07.08.2023 16:20:11,000	15,48	0,28	1	3	-86	0	177
1513	07.08.2023 16:20:12,000	15,48	0,28	-1	3	-86	0	176
1514	07.08.2023 16:20:13,000	15,48	0,26	-1	1	-88	0	179
1515	07.08.2023 16:20:14,000	15,48	0,26	-1	1	-88	0	179
1516	07.08.2023 16:20:15,000	15,48	0,26	-2	2	-86	0	178
1517	07.08.2023 16:20:16,000	15,48	0,28	0	4	-86	0	176
1518	07.08.2023 16:20:17,000	15,48	0,28	3	4	-83	0	176
1519	07.08.2023 16:20:18,000	15,48	0,26	2	3	-85	0	177
1520	07.08.2023 16:20:19,000	15,48	0,26	-1	3	-86	0	177
1521	07.08.2023 16:20:20,000	15,48	0,26	-2	2	-86	0	178
1522	07.08.2023 16:20:21,000	15,48	0,26	-2	1	-87	0	179
1523	07.08.2023 16:20:22,000	15,48	0,28	-1	2	-87	0	178
1524	07.08.2023 16:20:23,000	15,48	0,26	1	5	-84	0	175
1525	07.08.2023 16:20:24,000	15,51	0,28	2	4	-83	0	175
1526	07.08.2023 16:20:25,000	15,51	0,26	0	2	-88	0	178
1527	07.08.2023 16:20:26,000	15,51	0,26	-2	2	-86	0	178
1528	07.08.2023 16:20:27,000	15,51	0,26	-2	2	-86	0	178
1529	07.08.2023 16:20:28,000	15,51	0,28	-1	2	-87	0	178
1530	07.08.2023 16:20:29,000	15,51	0,26	0	2	-87	0	178
1531	07.08.2023 16:20:30,000	15,51	0,26	1	4	-85	0	176
1532	07.08.2023 16:20:31,000	15,51	0,26	0	3	-87	0	177
1533	07.08.2023 16:20:32,000	15,51	0,26	-1	2	-87	0	178
1534	07.08.2023 16:20:33,000	15,51	0,26	-1	3	-86	0	177
1535	07.08.2023 16:20:34,000	15,51	0,23	-1	1	-88	0	179
1536	07.08.2023 16:20:35,000	15,51	0,26	-1	2	-87	0	178
1537	07.08.2023 16:20:36,000	15,51	0,23	1	4	-85	0	176
1538	07.08.2023 16:20:37,000	15,54	0,26	1	3	-86	0	177
1539	07.08.2023 16:20:38,000	15,54	0,26	-1	2	-87	0	178
1540	07.08.2023 16:20:39,000	15,54	0,26	-2	2	-86	0	178
1541	07.08.2023 16:20:40,000	15,54	0,26	1	3	-86	0	177
1542	07.08.2023 16:20:41,000	15,54	0,26	0	3	-87	0	177
1543	07.08.2023 16:20:42,000	15,54	0,26	0	4	-86	0	176
1544	07.08.2023 16:20:43,000	15,54	0,26	-1	2	-87	0	178
1545	07.08.2023 16:20:44,000	15,54	0,26	-2	1	-86	0	179
1546	07.08.2023 16:20:45,000	15,54	0,26	-1	3	-86	0	177
1547	07.08.2023 16:20:46,000	15,54	0,28	1	3	-86	0	177
1548	07.08.2023 16:20:47,000	15,54	0,28	-1	2	-87	0	178
1549	07.08.2023 16:20:48,000	15,54	0,26	0	4	-86	0	176
1550	07.08.2023 16:20:49,000	15,54	0,23	1	4	-85	0	176
1551	07.08.2023 16:20:50,000	15,54	0,26	-1	2	-87	0	178
1552	07.08.2023 16:20:51,000	15,54	0,26	-1	1	-88	0	179
1553	07.08.2023 16:20:52,000	15,54	0,26	-1	2	-87	0	178
1554	07.08.2023 16:20:53,000	15,57	0,26	-1	4	-85	0	176
1555	07.08.2023 16:20:54,000	15,57	0,26	0	3	-87	0	177
1556	07.08.2023 16:20:55,000	15,57	0,23	1	2	-87	0	178
1557	07.08.2023 16:20:56,000	15,57	0,26	-2	2	-86	0	178
1558	07.08.2023 16:20:57,000	15,57	0,26	-2	3	-85	0	177
1559	07.08.2023 16:20:58,000	15,57	0,26	1	2	-87	0	178
1560	07.08.2023 16:20:59,000	15,57	0,23	0	2	-88	0	178
1561	07.08.2023 16:21:00,000	15,57	0,26	-1	4	-85	0	176
1562	07.08.2023 16:21:01,000	15,57	0,26	0	3	-87	0	177
1563	07.08.2023 16:21:02,000	15,57	0,28	0	1	-89	0	179
1564	07.08.2023 16:21:03,000	15,57	0,26	-1	2	-87	0	178
1565	07.08.2023 16:21:04,000	15,57	0,26	-1	4	-85	0	176
1566	07.08.2023 16:21:05,000	15,57	0,26	-1	2	-88	0	178
1567	07.08.2023 16:21:06,000	15,57	0,26	-1	2	-88	0	178
1568	07.08.2023 16:21:07,000	15,57	0,26	0	3	-87	0	177
1569	07.08.2023 16:21:08,000	15,57	0,26	-1	4	-86	0	176
1570	07.08.2023 16:21:09,000	15,57	0,23	-1	2	-88	0	178
1571	07.08.2023 16:21:10,000	15,57	0,26	0	2	-88	0	178
1572	07.08.2023 16:21:11,000	15,60	0,28	-1	4	-85	0	176
1573	07.08.2023 16:21:12,000	15,60	0,23	-1	2	-87	0	178
1574	07.08.2023 16:21:13,000	15,60	0,26	0	1	-88	0	179
1575	07.08.2023 16:21:14,000	15,60	0,26	0	3	-86	0	177
1576	07.08.2023 16:21:15,000	15,60	0,26	-2	4	-85	0	176
1577	07.08.2023 16:21:16,000	15,60	0,28	-1	1	-88	0	179
1578	07.08.2023 16:21:17,000	15,60	0,26	1	2	-87	0	178
1579	07.08.2023 16:21:18,000	15,60	0,26	0	5	-85	0	175
1580	07.08.2023 16:21:19,000	15,60	0,26	-1	3	-85	0	177
1581	07.08.2023 16:21:20,000	15,60	0,26	0	1	-89	0	179
1582	07.08.2023 16:21:21,000	15,60	0,26	0	2	-88	0	178
1583	07.08.2023 16:21:22,000	15,60	0,26	-2	4	-84	0	176
1584	07.08.2023 16:21:23,000	15,60	0,26	-2	2	-86	0	178
1585	07.08.2023 16:21:24,000	15,60	0,26	0	1	-89	0	179
1586	07.08.2023 16:21:25,000	15,60	0,23	0	3	-87	0	177
1587	07.08.2023 16:21:26,000	15,60	0,23	-2	3	-85	0	177
1588	07.08.2023 16:21:27,000	15,60	0,28	-1	2	-87	0	178
1589	07.08.2023 16:21:28,000	15,60	0,26	1	3	-87	0	177
1590	07.08.2023 16:21:29,000	15,63	0,30	-1	3	-86	0	177
1591	07.08.2023 16:21:30,000	15,63	0,28	-1	2	-87	0	178
1592	07.08.2023 16:21:31,000	15,63	0,28	0	2	-88	0	178
1593	07.08.2023 16:21:32,000	15,63	0,28	-1	4	-85	0	176
1594	07.08.2023 16:21:33,000	15,63	0,28	-1	2	-87	0	178
1595	07.08.2023 16:21:34,000	15,63	0,28	0	1	-89	0	179
1596	07.08.2023 16:21:35,000	15,63	0,28	0	4	-86	0	176
1597	07.08.2023 16:21:36,000	15,63	0,26	-2	4	-85	0	176
1598	07.08.2023 16:21:37,000	15,63	0,28	-1	1	-88	0	179
1599	07.08.2023 16:21:38,000	15,63	0,28	0	0	-89	0	180
1600	07.08.2023 16:21:39,000	15,63	0,28	0	4	-86	0	176
1601	07.08.2023 16:21:40,000	15,63	0,28	-1	5	-84	0	175
1602	07.08.2023 16:21:41,000	15,63	0,28	-1	2	-87	0	178
1603	07.08.2023 16:21:42,000	15,63	0,28	-1	0	-89	0	180
1604	07.08.2023 16:21:43,000	15,66	0,28	-1	1	-87	0	179
1605	07.08.2023 16:21:44,000	15,66	0,26	-2	3	-85	0	177
1606	07.08.2023 16:21:45,000	15,66	0,26	0	3	-87	0	177
1607	07.08.2023 16:21:46,000	15,66	0,26	0	3	-87	0	177
1608	07.08.2023 16:21:47,000	15,66	0,28	-1	3	-86	0	177
1609	07.08.2023 16:21:48,000	15,66	0,26	-1	1	-88	0	179
1610	07.08.2023 16:21:49,000	15,66	0,26	-2	0	-88	0	180
1611	07.08.2023 16:21:50,000	15,66	0,28	-1	3	-86	0	177
1612	07.08.2023 16:21:51,000	15,66	0,28	0	4	-86	0	176
1613	07.08.2023 16:21:52,000	15,66	0,26	-1	2	-87	0	178
1614	07.08.2023 16:21:53,000	15,66	0,28	0	1	-89	0	179
1615	07.08.2023 16:21:54,000	15,66	0,26	0	3	-87	0	177
1616	07.08.2023 16:21:55,000	15,66	0,28	-1	4	-85	0	176
1617	07.08.2023 16:21:56,000	15,66	0,28	-1	2	-87	0	178
1618	07.08.2023 16:21:57,000	15,66	0,28	-1	1	-89	0	179
1619	07.08.2023 16:21:58,000	15,66	0,28	0	2	-88	0	178
1620	07.08.2023 16:21:59,000	15,66	0,26	-1	4	-85	0	176
1621	07.08.2023 16:22:00,000	15,70	0,26	-1	4	-85	0	176
1622	07.08.2023 16:22:01,000	15,70	0,26	-1	1	-88	0	179
1623	07.08.2023 16:22:02,000	15,70	0,26	-1	0	-89	0	180
1624	07.08.2023 16:22:03,000	15,70	0,28	-1	2	-87	0	178
1625	07.08.2023 16:22:04,000	15,70	0,28	-1	4	-85	0	176
1626	07.08.2023 16:22:05,000	15,70	0,26	-1	4	-85	0	176
1627	07.08.2023 16:22:06,000	15,70	0,26	0	2	-88	0	178
1628	07.08.2023 16:22:07,000	15,70	0,28	0	0	-89	0	180
1629	07.08.2023 16:22:08,000	15,70	0,26	-1	2	-87	0	178
1630	07.08.2023 16:22:09,000	15,70	0,26	-2	4	-84	0	176
1631	07.08.2023 16:22:10,000	15,70	0,26	0	3	-87	0	177
1632	07.08.2023 16:22:11,000	15,70	0,26	0	2	-88	0	178
1633	07.08.2023 16:22:12,000	15,70	0,26	-1	2	-87	0	178
1634	07.08.2023 16:22:13,000	15,70	0,26	-1	2	-87	0	178
1635	07.08.2023 16:22:14,000	15,70	0,28	3	-4	-83	1	-176
1636	07.08.2023 16:22:15,000	15,70	0,28	-61	0	-29	0	180
1637	07.08.2023 16:22:16,000	15,73	0,28	-61	-1	-28	0	-178
1638	07.08.2023 16:22:17,000	15,70	0,26	-60	-1	-30	0	-179
1639	07.08.2023 16:22:18,000	15,70	0,28	-59	-1	-30	0	-178
1640	07.08.2023 16:22:19,000	15,70	0,26	-55	1	-34	0	179
1641	07.08.2023 16:22:20,000	15,70	0,26	-56	-4	-30	0	-173
1642	07.08.2023 16:22:21,000	15,70	0,28	-59	-1	-30	0	-178
1643	07.08.2023 16:22:22,000	15,70	0,28	-57	-1	-31	1	-177
1644	07.08.2023 16:22:23,000	15,70	0,26	-58	-3	-30	0	-175
1645	07.08.2023 16:22:24,000	15,70	0,26	-18	-48	-25	1	-120
1646	07.08.2023 16:22:25,000	15,70	0,28	-1	-87	2	0	-88
1647	07.08.2023 16:22:26,000	15,70	0,28	0	-89	1	0	-89
1648	07.08.2023 16:22:27,000	15,70	0,26	-1	-87	-2	0	-92
1649	07.08.2023 16:22:28,000	15,70	0,26	0	-89	1	0	-89
1650	07.08.2023 16:22:29,000	15,70	0,28	0	-87	3	0	-87
1651	07.08.2023 16:22:30,000	15,70	0,28	1	-88	-2	0	-92
1652	07.08.2023 16:22:31,000	15,70	0,28	-1	-87	-3	0	-93
1653	07.08.2023 16:22:32,000	15,70	0,28	-1	-86	3	0	-87
1654	07.08.2023 16:22:33,000	15,70	0,28	-1	-87	2	0	-88
1655	07.08.2023 16:22:34,000	15,70	0,28	-1	-86	-3	0	-93
1656	07.08.2023 16:22:35,000	15,70	0,26	-1	-89	0	0	-90
1657	07.08.2023 16:22:36,000	15,70	0,28	0	-86	3	0	-87
1658	07.08.2023 16:22:37,000	15,70	0,28	1	-88	-1	0	-91
1659	07.08.2023 16:22:38,000	15,70	0,28	-1	-87	-3	0	-93
1660	07.08.2023 16:22:39,000	15,70	0,28	-2	-87	2	0	-88
1661	07.08.2023 16:22:40,000	15,70	0,28	-1	-86	3	0	-87
1662	07.08.2023 16:22:41,000	15,70	0,26	1	-88	-1	0	-91
1663	07.08.2023 16:22:42,000	15,70	0,28	1	-86	-3	0	-93
1664	07.08.2023 16:22:43,000	15,70	0,28	-3	-87	1	0	-89
1665	07.08.2023 16:22:44,000	15,70	0,30	-2	-85	3	0	-87
1666	07.08.2023 16:22:45,000	15,70	0,26	0	-89	0	0	-91
1667	07.08.2023 16:22:46,000	15,70	0,28	0	-87	-2	0	-92
1668	07.08.2023 16:22:47,000	15,70	0,28	0	-90	0	0	-90
1669	07.08.2023 16:22:48,000	15,70	0,26	0	-88	2	0	-88
1670	07.08.2023 16:22:49,000	15,70	0,28	-1	-89	0	0	-90
1671	07.08.2023 16:22:50,000	15,70	0,28	-2	-87	-1	0	-91
1672	07.08.2023 16:22:51,000	15,70	0,26	0	-89	0	0	-90
1673	07.08.2023 16:22:52,000	15,70	0,26	0	-89	0	0	-90
1674	07.08.2023 16:22:53,000	15,70	0,28	-1	-89	0	0	-90
1675	07.08.2023 16:22:54,000	15,70	0,26	-1	-88	1	0	-89
1676	07.08.2023 16:22:55,000	15,73	0,28	0	-89	1	0	-89
1677	07.08.2023 16:22:56,000	15,73	0,28	0	-88	-1	0	-91
1678	07.08.2023 16:22:57,000	15,73	0,28	0	-89	-1	0	-91
1679	07.08.2023 16:22:58,000	15,73	0,28	-1	-88	1	0	-89
1680	07.08.2023 16:22:59,000	15,73	0,28	0	-88	1	0	-89
1681	07.08.2023 16:23:00,000	15,73	0,26	-1	-87	-2	0	-92
1682	07.08.2023 16:23:01,000	15,73	0,28	-3	-70	-17	0	-107
1683	07.08.2023 16:23:02,000	15,73	0,28	-60	0	-30	1	-180
1684	07.08.2023 16:23:03,000	15,73	0,28	-58	2	-29	0	175
1685	07.08.2023 16:23:04,000	15,73	0,28	-64	-1	-25	0	175
1686	07.08.2023 16:23:05,000	15,73	0,26	-60	0	-30	0	-179
1687	07.08.2023 16:23:06,000	15,73	0,26	-61	1	-28	0	178
1688	07.08.2023 16:23:07,000	15,73	0,26	-59	1	-30	0	177
1689	07.08.2023 16:23:08,000	15,73	0,26	-55	1	-34	0	178
1690	07.08.2023 16:23:09,000	15,73	0,28	-61	1	-28	0	177
1691	07.08.2023 16:23:10,000	15,73	0,26	-59	1	-30	0	178
1692	07.08.2023 16:23:11,000	15,73	0,26	-53	6	-31	0	169
1693	07.08.2023 16:23:12,000	15,73	0,26	-57	2	-31	0	176
1694	07.08.2023 16:23:13,000	15,73	0,26	-58	-2	-29	1	-176
1695	07.08.2023 16:23:14,000	15,73	0,26	-57	-3	-30	0	-174
1696	07.08.2023 16:23:15,000	15,73	0,26	-57	6	-26	1	166
1697	07.08.2023 16:23:16,000	15,73	0,26	-62	-1	-27	1	-177
1698	07.08.2023 16:23:17,000	15,76	0,26	-57	-4	-29	1	-171
1699	07.08.2023 16:23:18,000	15,76	0,26	-52	3	-35	0	175
1700	07.08.2023 16:23:19,000	15,76	0,26	-56	3	-31	0	173
1701	07.08.2023 16:23:20,000	15,76	0,26	-59	2	-28	0	175
1702	07.08.2023 16:23:21,000	15,76	0,26	-59	1	-30	0	177
1703	07.08.2023 16:23:22,000	15,76	0,23	-59	2	-30	0	177
1704	07.08.2023 16:23:23,000	15,76	0,26	-59	3	-28	0	174
1705	07.08.2023 16:23:24,000	15,76	0,26	-61	1	-27	0	177
1706	07.08.2023 16:23:25,000	15,76	0,26	-60	1	-29	0	177
1707	07.08.2023 16:23:26,000	15,76	0,26	-57	2	-32	0	177
1708	07.08.2023 16:23:27,000	15,76	0,26	-59	2	-29	0	176
1709	07.08.2023 16:23:28,000	15,76	0,28	-57	3	-30	0	174
1710	07.08.2023 16:23:29,000	15,79	0,26	-55	4	-31	0	172
1711	07.08.2023 16:23:30,000	15,79	0,26	-55	3	-32	0	175
1712	07.08.2023 16:23:31,000	15,79	0,26	-57	2	-31	0	176
1713	07.08.2023 16:23:32,000	15,79	0,23	-54	4	-32	0	173
1714	07.08.2023 16:23:33,000	15,79	0,26	-58	1	-30	0	178
1715	07.08.2023 16:23:34,000	15,79	0,26	-61	2	-27	0	176
1716	07.08.2023 16:23:35,000	15,79	0,23	-12	-36	-42	0	-139
1717	07.08.2023 16:23:36,000	15,79	0,26	-11	-25	-55	0	-152
1718	07.08.2023 16:23:37,000	15,79	0,26	-9	-25	-56	0	-152
1719	07.08.2023 16:23:38,000	15,79	0,26	-10	-25	-54	0	-151
1720	07.08.2023 16:23:39,000	15,79	0,26	-11	-27	-53	0	-150
1721	07.08.2023 16:23:40,000	15,79	0,26	-10	-25	-55	0	-152
1722	07.08.2023 16:23:41,000	15,79	0,26	-10	-23	-57	0	-155
1723	07.08.2023 16:23:42,000	15,79	0,28	-11	-24	-55	0	-153
1724	07.08.2023 16:23:43,000	15,79	0,26	-11	-25	-54	0	-152
1725	07.08.2023 16:23:44,000	15,79	0,26	-9	-26	-55	0	-152
1726	07.08.2023 16:23:45,000	15,82	0,28	-10	-26	-54	0	-151
1727	07.08.2023 16:23:46,000	15,82	0,30	-12	-25	-52	0	-151
1728	07.08.2023 16:23:47,000	15,82	0,26	-13	-24	-53	0	-152
1729	07.08.2023 16:23:48,000	15,82	0,28	-11	-24	-56	0	-154
1730	07.08.2023 16:23:49,000	15,82	0,28	-10	-23	-57	0	-155
1731	07.08.2023 16:23:50,000	15,82	0,28	-11	-24	-55	0	-153
1732	07.08.2023 16:23:51,000	15,82	0,28	-11	-26	-54	0	-151
1733	07.08.2023 16:23:52,000	15,82	0,28	-10	-24	-57	0	-154
1734	07.08.2023 16:23:53,000	15,82	0,28	-11	-22	-57	0	-155
1735	07.08.2023 16:23:54,000	15,82	0,26	-11	-24	-55	0	-153
1736	07.08.2023 16:23:55,000	15,82	0,28	-10	-25	-55	0	-152
1737	07.08.2023 16:23:56,000	15,82	0,28	-10	-25	-55	0	-152
1738	07.08.2023 16:23:57,000	15,82	0,28	-10	-26	-54	0	-151
1739	07.08.2023 16:23:58,000	15,82	0,28	-11	-25	-54	0	-152
1740	07.08.2023 16:23:59,000	15,82	0,28	-11	-21	-59	0	-157
1741	07.08.2023 16:24:00,000	15,82	0,28	-10	-24	-56	0	-153
1742	07.08.2023 16:24:01,000	15,82	0,28	-10	-27	-53	0	-150
1743	07.08.2023 16:24:02,000	15,82	0,28	-10	-23	-57	0	-154
1744	07.08.2023 16:24:03,000	15,85	0,28	-11	-22	-56	0	-155
1745	07.08.2023 16:24:04,000	15,85	0,26	-10	-24	-56	0	-154
1746	07.08.2023 16:24:05,000	15,85	0,28	-10	-24	-56	0	-153
1747	07.08.2023 16:24:06,000	15,85	0,28	-11	-24	-54	0	-152
1748	07.08.2023 16:24:07,000	15,85	0,28	-10	-26	-54	0	-151
1749	07.08.2023 16:24:08,000	15,85	0,28	-9	-25	-56	0	-152
1750	07.08.2023 16:24:09,000	15,85	0,28	-11	-22	-57	0	-155
1751	07.08.2023 16:24:10,000	15,85	0,28	-12	-22	-56	0	-155
1752	07.08.2023 16:24:11,000	15,85	0,26	-11	-23	-55	0	-153
1753	07.08.2023 16:24:12,000	15,85	0,28	-10	-25	-55	0	-152
1754	07.08.2023 16:24:13,000	15,85	0,26	-9	-25	-56	0	-153
1755	07.08.2023 16:24:14,000	15,85	0,26	-11	-25	-54	0	-152
1756	07.08.2023 16:24:15,000	15,85	0,26	-11	-24	-55	0	-153
1757	07.08.2023 16:24:16,000	15,85	0,28	-10	-23	-57	0	-154
1758	07.08.2023 16:24:17,000	15,85	0,26	-10	-25	-55	0	-153
1759	07.08.2023 16:24:18,000	15,85	0,26	-12	-24	-54	0	-153
1760	07.08.2023 16:24:19,000	15,85	0,26	-10	-23	-56	0	-154
1761	07.08.2023 16:24:20,000	15,85	0,26	-10	-25	-55	0	-152
1762	07.08.2023 16:24:21,000	15,85	0,28	-11	-25	-54	0	-151
1763	07.08.2023 16:24:22,000	15,85	0,28	-11	-24	-55	0	-153
1764	07.08.2023 16:24:23,000	15,85	0,26	-11	-23	-56	0	-154
1765	07.08.2023 16:24:24,000	15,85	0,26	-10	-23	-57	0	-155
1766	07.08.2023 16:24:25,000	15,85	0,28	-11	-23	-56	0	-154
1767	07.08.2023 16:24:26,000	15,85	0,26	-11	-25	-54	0	-151
1768	07.08.2023 16:24:27,000	15,85	0,28	-10	-27	-53	0	-150
1769	07.08.2023 16:24:28,000	15,85	0,26	-9	-26	-56	0	-152
1770	07.08.2023 16:24:29,000	15,85	0,26	-11	-23	-56	0	-154
1771	07.08.2023 16:24:30,000	15,85	0,26	-12	-22	-56	0	-155
1772	07.08.2023 16:24:31,000	15,88	0,28	-9	-10	-71	1	-169
1773	07.08.2023 16:24:32,000	15,88	0,26	16	-39	35	1	-48
1774	07.08.2023 16:24:33,000	15,88	0,26	-67	-14	-9	1	-48
1775	07.08.2023 16:24:34,000	15,88	0,23	-72	-12	5	0	-48
1776	07.08.2023 16:24:35,000	15,91	0,21	-63	-6	21	0	-48
1777	07.08.2023 16:24:36,000	15,94	0,18	9	50	31	0	55
1778	07.08.2023 16:24:37,000	16,00	0,37	-7	75	8	1	82
1779	07.08.2023 16:24:38,000	16,09	0,40	-23	52	15	1	71
1780	07.08.2023 16:24:39,000	16,15	0,35	5	53	32	0	56
1781	07.08.2023 16:24:40,000	16,21	0,37	-28	56	6	1	83
1782	07.08.2023 16:24:41,000	16,24	0,40	-41	29	20	0	55
1783	07.08.2023 16:24:42,000	16,24	0,40	5	-8	77	0	-8
1784	07.08.2023 16:24:43,000	16,24	0,42	63	-9	18	0	-8
1785	07.08.2023 16:24:44,000	16,24	0,40	28	-40	23	1	-58
1786	07.08.2023 16:24:45,000	16,27	0,40	40	5	45	0	7
1787	07.08.2023 16:24:46,000	16,34	0,28	-32	14	44	0	19
1788	07.08.2023 16:24:47,000	16,55	0,16	-39	14	36	0	23
1789	07.08.2023 16:24:48,000	16,76	0,11	-33	17	40	0	25
1790	07.08.2023 16:24:49,000	16,94	0,07	-5	9	76	1	10
1791	07.08.2023 16:24:50,000	17,12	0,07	10	-75	-5	1	-96
1792	07.08.2023 16:24:51,000	17,24	0,14	-6	-62	-22	0	-113
1793	07.08.2023 16:24:52,000	17,27	0,16	0	-85	-5	0	-95
1794	07.08.2023 16:24:53,000	17,27	0,21	-2	-54	-34	0	-125
1795	07.08.2023 16:24:54,000	17,27	0,21	-70	-5	-15	0	-125
1796	07.08.2023 16:24:55,000	17,30	0,18	-76	-12	1	1	-125
