#B	Created:	31.07.2023 16:07:12
##	Version	SeaStar	9.05
#5	Field separation:	0
#2	Date & Time:	1
#6	Decimal point:	,
#7	Date def.:	dd.mm.yyyy	.
#8	Time def.:	:
##	Axis	0	Temperature(°C)	clRed	FALSE
##	Axis	1	Pressure(Bar)	clBlue	FALSE
##	Axis	2	Angle(°)	clGreen	FALSE
##	Axis	3	EAL	clSkyBlue	FALSE
##	Axis	4	Roll(°)	$00404080	FALSE
##	Series	0	Temp(°C)	clRed	0	Temp(°C)	2
##	Series	1	Press(Bar)	clBlue	1	Press(Bar)	2
##	Series	2	Tilt-X(°)	clGreen	2	Tilt-X(°)	0
##	Series	3	Tilt-Y(°)	$00404080	2	Tilt-Y(°)	0
##	Series	4	Tilt-Z(°)	$00FF0080	2	Tilt-Z(°)	0
##	Series	5	EAL	clSkyBlue	3	EAL	0
##	Series	6	Roll(°)	$00404080	4	Roll(°)	0
##	Recorder	175	DST tilt	1242
##	Chart	175H1242DAT	
#D	Data:	1412	31.07.2023 15:43:00	31.07.2023 16:06:31
1	31.07.2023 15:43:00,000	20,93	0,40	23	-2	64	0	-3
2	31.07.2023 15:43:01,000	20,93	0,40	25	-6	59	0	-8
3	31.07.2023 15:43:02,000	20,90	0,42	18	-9	63	0	-10
4	31.07.2023 15:43:03,000	20,90	0,44	29	-4	58	0	-4
5	31.07.2023 15:43:04,000	20,87	0,47	30	3	58	0	3
6	31.07.2023 15:43:05,000	20,87	0,53	51	11	28	0	22
7	31.07.2023 15:43:06,000	20,84	0,55	72	10	9	0	22
8	31.07.2023 15:43:07,000	20,81	0,57	73	14	-3	0	22
9	31.07.2023 15:43:08,000	20,81	0,57	52	7	31	0	13
10	31.07.2023 15:43:09,000	20,81	0,60	63	12	15	0	13
11	31.07.2023 15:43:10,000	20,78	0,62	81	7	2	0	13
12	31.07.2023 15:43:11,000	20,78	0,64	59	3	28	0	7
13	31.07.2023 15:43:12,000	20,78	0,64	68	6	17	0	7
14	31.07.2023 15:43:13,000	20,76	0,66	88	0	-2	0	7
15	31.07.2023 15:43:14,000	20,73	0,70	87	0	-2	0	7
16	31.07.2023 15:43:15,000	20,70	0,72	55	-7	28	0	-14
17	31.07.2023 15:43:16,000	20,67	0,74	58	-6	26	0	-13
18	31.07.2023 15:43:17,000	20,64	0,76	57	-9	24	0	-20
19	31.07.2023 15:43:18,000	20,61	0,78	60	-9	21	0	-22
20	31.07.2023 15:43:19,000	20,58	0,80	59	-10	21	0	-27
21	31.07.2023 15:43:20,000	20,55	0,82	61	-8	21	0	-27
22	31.07.2023 15:43:21,000	20,52	0,82	57	-10	23	0	-25
23	31.07.2023 15:43:22,000	20,49	0,86	56	-11	23	0	-27
24	31.07.2023 15:43:23,000	20,46	0,88	56	-13	21	0	-33
25	31.07.2023 15:43:24,000	20,46	0,86	56	-13	21	0	-31
26	31.07.2023 15:43:25,000	20,43	0,90	57	-13	20	0	-33
27	31.07.2023 15:43:26,000	20,40	0,90	55	-14	21	0	-34
28	31.07.2023 15:43:27,000	20,37	0,92	54	-13	23	0	-31
29	31.07.2023 15:43:28,000	20,37	0,94	53	-17	20	0	-41
30	31.07.2023 15:43:29,000	20,34	0,97	54	-14	22	0	-32
31	31.07.2023 15:43:30,000	20,31	0,99	58	-10	22	0	-25
32	31.07.2023 15:43:31,000	20,31	0,99	62	-6	22	0	-25
33	31.07.2023 15:43:32,000	20,31	0,99	64	-1	25	0	-2
34	31.07.2023 15:43:33,000	20,31	1,01	64	3	23	0	-2
35	31.07.2023 15:43:34,000	20,31	1,06	63	5	22	0	-2
36	31.07.2023 15:43:35,000	20,28	1,03	60	5	24	0	13
37	31.07.2023 15:43:36,000	20,28	1,03	58	7	25	0	15
38	31.07.2023 15:43:37,000	20,28	1,08	60	7	22	0	18
39	31.07.2023 15:43:38,000	20,28	1,08	61	8	22	0	18
40	31.07.2023 15:43:39,000	20,28	1,10	59	11	20	0	28
41	31.07.2023 15:43:40,000	20,28	1,10	59	12	19	0	32
42	31.07.2023 15:43:41,000	20,28	1,12	57	11	22	0	28
43	31.07.2023 15:43:42,000	20,28	1,15	60	10	20	0	28
44	31.07.2023 15:43:43,000	20,25	1,19	60	9	21	0	28
45	31.07.2023 15:43:44,000	20,25	1,17	62	9	19	0	28
46	31.07.2023 15:43:45,000	20,22	1,21	63	9	18	0	28
47	31.07.2023 15:43:46,000	20,22	1,21	61	10	20	0	28
48	31.07.2023 15:43:47,000	20,19	1,23	57	11	22	0	28
49	31.07.2023 15:43:48,000	20,19	1,28	57	14	19	0	36
50	31.07.2023 15:43:49,000	20,08	1,34	56	16	17	0	43
51	31.07.2023 15:43:50,000	19,90	1,43	55	17	18	0	43
52	31.07.2023 15:43:51,000	19,72	1,46	54	17	19	0	42
53	31.07.2023 15:43:52,000	19,57	1,58	54	19	17	0	49
54	31.07.2023 15:43:53,000	19,37	1,58	55	18	17	0	47
55	31.07.2023 15:43:54,000	19,25	1,66	56	14	20	0	35
56	31.07.2023 15:43:55,000	19,07	1,69	54	16	20	0	39
57	31.07.2023 15:43:56,000	18,89	1,76	53	20	17	0	50
58	31.07.2023 15:43:57,000	18,74	1,82	54	20	17	0	49
59	31.07.2023 15:43:58,000	18,53	1,91	54	17	19	0	42
60	31.07.2023 15:43:59,000	18,32	1,96	56	15	20	0	37
61	31.07.2023 15:44:00,000	18,11	2,00	55	15	20	0	38
62	31.07.2023 15:44:01,000	17,93	2,05	55	16	19	0	39
63	31.07.2023 15:44:02,000	17,72	2,12	54	17	19	0	43
64	31.07.2023 15:44:03,000	17,51	2,17	55	18	18	0	45
65	31.07.2023 15:44:04,000	17,33	2,17	56	15	19	0	39
66	31.07.2023 15:44:05,000	17,21	2,16	56	14	20	0	36
67	31.07.2023 15:44:06,000	17,09	2,24	55	16	19	0	40
68	31.07.2023 15:44:07,000	16,91	2,26	56	15	18	0	40
69	31.07.2023 15:44:08,000	16,79	2,32	57	15	18	0	41
70	31.07.2023 15:44:09,000	16,64	2,32	57	16	18	0	41
71	31.07.2023 15:44:10,000	16,49	2,28	55	18	17	0	46
72	31.07.2023 15:44:11,000	16,40	2,39	54	18	18	0	46
73	31.07.2023 15:44:12,000	16,27	2,42	54	20	17	0	50
74	31.07.2023 15:44:13,000	16,09	2,45	54	18	19	0	44
75	31.07.2023 15:44:14,000	15,97	2,50	52	19	19	0	46
76	31.07.2023 15:44:15,000	15,85	2,54	52	20	18	0	48
77	31.07.2023 15:44:16,000	15,70	2,54	52	19	19	0	44
78	31.07.2023 15:44:17,000	15,57	2,57	51	20	19	0	47
79	31.07.2023 15:44:18,000	15,45	2,61	52	20	19	0	47
80	31.07.2023 15:44:19,000	15,36	2,64	51	19	19	0	45
81	31.07.2023 15:44:20,000	15,24	2,68	51	20	19	0	47
82	31.07.2023 15:44:21,000	15,11	2,69	51	22	17	0	51
83	31.07.2023 15:44:22,000	15,02	2,67	52	21	18	0	49
84	31.07.2023 15:44:23,000	14,93	2,73	51	20	19	0	46
85	31.07.2023 15:44:24,000	14,84	2,75	51	19	20	0	44
86	31.07.2023 15:44:25,000	14,74	2,78	52	18	20	0	41
87	31.07.2023 15:44:26,000	14,59	2,84	52	17	21	0	39
88	31.07.2023 15:44:27,000	14,46	2,84	54	10	26	0	22
89	31.07.2023 15:44:28,000	14,37	2,81	48	9	33	0	17
90	31.07.2023 15:44:29,000	14,28	2,82	46	10	34	0	18
91	31.07.2023 15:44:30,000	14,19	2,79	46	10	33	0	18
92	31.07.2023 15:44:31,000	14,09	2,82	45	10	34	0	18
93	31.07.2023 15:44:32,000	13,97	2,83	43	11	37	0	18
94	31.07.2023 15:44:33,000	13,87	2,82	44	10	37	0	16
95	31.07.2023 15:44:34,000	13,81	2,81	44	9	37	0	15
96	31.07.2023 15:44:35,000	13,72	2,85	46	9	35	0	16
97	31.07.2023 15:44:36,000	13,62	2,84	48	8	34	0	14
98	31.07.2023 15:44:37,000	13,56	2,83	40	8	42	0	12
99	31.07.2023 15:44:38,000	13,50	2,80	30	13	47	0	17
100	31.07.2023 15:44:39,000	13,44	2,77	30	13	47	0	18
101	31.07.2023 15:44:40,000	13,37	2,67	30	12	48	0	16
102	31.07.2023 15:44:41,000	13,37	2,62	28	12	50	0	16
103	31.07.2023 15:44:42,000	13,37	2,57	30	14	47	0	19
104	31.07.2023 15:44:43,000	13,34	2,57	34	10	46	0	14
105	31.07.2023 15:44:44,000	13,34	2,54	30	13	46	0	18
106	31.07.2023 15:44:45,000	13,31	2,54	32	13	45	0	18
107	31.07.2023 15:44:46,000	13,28	2,54	33	11	47	0	14
108	31.07.2023 15:44:47,000	13,25	2,51	34	8	48	0	11
109	31.07.2023 15:44:48,000	13,22	2,48	34	6	49	0	9
110	31.07.2023 15:44:49,000	13,19	2,45	34	5	51	0	6
111	31.07.2023 15:44:50,000	13,15	2,43	36	4	50	0	5
112	31.07.2023 15:44:51,000	13,12	2,40	36	1	53	0	2
113	31.07.2023 15:44:52,000	13,12	2,38	38	-3	49	0	-3
114	31.07.2023 15:44:53,000	13,09	2,33	38	-4	48	0	-5
115	31.07.2023 15:44:54,000	13,06	2,30	37	-5	47	0	-7
116	31.07.2023 15:44:55,000	13,03	2,29	36	-7	47	0	-10
117	31.07.2023 15:44:56,000	13,03	2,27	36	-8	45	0	-12
118	31.07.2023 15:44:57,000	13,03	2,22	35	-10	45	0	-14
119	31.07.2023 15:44:58,000	13,00	2,20	35	-10	45	0	-14
120	31.07.2023 15:44:59,000	12,96	2,22	37	-9	44	0	-14
121	31.07.2023 15:45:00,000	12,96	2,19	37	-9	45	0	-12
122	31.07.2023 15:45:01,000	12,93	2,19	35	-11	44	0	-15
123	31.07.2023 15:45:02,000	12,90	2,16	35	-11	44	0	-16
124	31.07.2023 15:45:03,000	12,90	2,14	35	-11	44	0	-16
125	31.07.2023 15:45:04,000	12,90	2,14	36	-9	44	0	-13
126	31.07.2023 15:45:05,000	12,87	2,11	38	-7	45	0	-11
127	31.07.2023 15:45:06,000	12,87	2,11	37	-8	45	0	-11
128	31.07.2023 15:45:07,000	12,87	2,13	37	-5	47	0	-7
129	31.07.2023 15:45:08,000	12,84	2,13	35	-9	46	0	-12
130	31.07.2023 15:45:09,000	12,81	2,13	38	-7	46	0	-9
131	31.07.2023 15:45:10,000	12,78	2,12	36	-7	46	0	-10
132	31.07.2023 15:45:11,000	12,74	2,09	34	-11	45	0	-15
133	31.07.2023 15:45:12,000	12,71	2,09	35	-9	46	0	-12
134	31.07.2023 15:45:13,000	12,71	2,09	36	-9	45	0	-12
135	31.07.2023 15:45:14,000	12,71	2,07	35	-9	46	0	-12
136	31.07.2023 15:45:15,000	12,68	2,09	36	-8	46	0	-12
137	31.07.2023 15:45:16,000	12,68	2,09	36	-8	47	0	-11
138	31.07.2023 15:45:17,000	12,68	2,11	34	-12	43	0	-18
139	31.07.2023 15:45:18,000	12,62	2,13	34	-10	46	0	-13
140	31.07.2023 15:45:19,000	12,62	2,13	35	-10	46	0	-13
141	31.07.2023 15:45:20,000	12,59	2,12	33	-11	46	0	-15
142	31.07.2023 15:45:21,000	12,55	2,12	31	-12	46	0	-17
143	31.07.2023 15:45:22,000	12,52	2,14	34	-10	46	0	-13
144	31.07.2023 15:45:23,000	12,49	2,13	34	-10	46	0	-13
145	31.07.2023 15:45:24,000	12,46	2,15	30	-14	46	0	-19
146	31.07.2023 15:45:25,000	12,46	2,18	33	-11	46	0	-15
147	31.07.2023 15:45:26,000	12,43	2,17	35	-8	47	0	-11
148	31.07.2023 15:45:27,000	12,39	2,17	30	-14	46	0	-19
149	31.07.2023 15:45:28,000	12,36	2,19	31	-12	47	0	-17
150	31.07.2023 15:45:29,000	12,33	2,21	33	-10	47	0	-13
151	31.07.2023 15:45:30,000	12,33	2,21	32	-11	47	0	-15
152	31.07.2023 15:45:31,000	12,33	2,23	29	-14	47	0	-19
153	31.07.2023 15:45:32,000	12,30	2,23	31	-10	48	0	-14
154	31.07.2023 15:45:33,000	12,27	2,25	35	-7	48	0	-9
155	31.07.2023 15:45:34,000	12,24	2,27	30	-11	48	0	-15
156	31.07.2023 15:45:35,000	12,24	2,29	27	-15	48	0	-20
157	31.07.2023 15:45:36,000	12,24	2,29	32	-9	49	0	-11
158	31.07.2023 15:45:37,000	12,20	2,31	33	-9	49	0	-11
159	31.07.2023 15:45:38,000	12,17	2,33	27	-14	49	0	-19
160	31.07.2023 15:45:39,000	12,14	2,35	31	-11	48	0	-15
161	31.07.2023 15:45:40,000	12,11	2,40	33	-9	48	0	-12
162	31.07.2023 15:45:41,000	12,04	2,41	28	-15	47	0	-20
163	31.07.2023 15:45:42,000	11,98	2,45	32	-11	47	0	-15
164	31.07.2023 15:45:43,000	11,92	2,47	32	-10	48	0	-14
165	31.07.2023 15:45:44,000	11,88	2,51	27	-14	48	0	-19
166	31.07.2023 15:45:45,000	11,85	2,48	29	-13	48	0	-18
167	31.07.2023 15:45:46,000	11,82	2,55	35	-10	46	0	-13
168	31.07.2023 15:45:47,000	11,76	2,56	29	-15	46	0	-20
169	31.07.2023 15:45:48,000	11,69	2,58	29	-14	47	0	-19
170	31.07.2023 15:45:49,000	11,63	2,60	33	-9	47	0	-13
171	31.07.2023 15:45:50,000	11,60	2,64	31	-13	46	0	-18
172	31.07.2023 15:45:51,000	11,53	2,66	31	-13	45	0	-18
173	31.07.2023 15:45:52,000	11,50	2,70	29	-15	46	0	-20
174	31.07.2023 15:45:53,000	11,43	2,71	32	-12	46	0	-17
175	31.07.2023 15:45:54,000	11,43	2,74	30	-16	44	0	-22
176	31.07.2023 15:45:55,000	11,37	2,75	30	-15	45	0	-21
177	31.07.2023 15:45:56,000	11,30	2,79	28	-16	46	0	-22
178	31.07.2023 15:45:57,000	11,27	2,84	30	-14	46	0	-19
179	31.07.2023 15:45:58,000	11,21	2,85	33	-11	46	0	-16
180	31.07.2023 15:45:59,000	11,14	2,87	27	-17	46	0	-22
181	31.07.2023 15:46:00,000	11,08	2,93	31	-13	46	0	-18
182	31.07.2023 15:46:01,000	10,98	2,94	32	-12	46	0	-16
183	31.07.2023 15:46:02,000	10,95	2,99	28	-17	45	0	-22
184	31.07.2023 15:46:03,000	10,85	3,02	29	-16	46	0	-21
185	31.07.2023 15:46:04,000	10,82	3,04	30	-13	47	0	-18
186	31.07.2023 15:46:05,000	10,72	3,08	29	-14	46	0	-20
187	31.07.2023 15:46:06,000	10,66	3,09	32	-12	46	0	-17
188	31.07.2023 15:46:07,000	10,59	3,13	31	-13	46	0	-18
189	31.07.2023 15:46:08,000	10,52	3,17	30	-14	46	0	-19
190	31.07.2023 15:46:09,000	10,46	3,21	30	-15	45	0	-21
191	31.07.2023 15:46:10,000	10,39	3,22	32	-13	45	0	-18
192	31.07.2023 15:46:11,000	10,33	3,31	33	-11	46	0	-15
193	31.07.2023 15:46:12,000	10,23	3,35	30	-13	46	0	-18
194	31.07.2023 15:46:13,000	10,13	3,38	30	-13	46	0	-18
195	31.07.2023 15:46:14,000	10,03	3,39	33	-11	47	0	-14
196	31.07.2023 15:46:15,000	9,97	3,43	32	-13	45	0	-18
197	31.07.2023 15:46:16,000	9,93	3,43	29	-14	47	0	-19
198	31.07.2023 15:46:17,000	9,90	3,42	28	-14	47	0	-19
199	31.07.2023 15:46:18,000	9,87	3,47	31	-11	48	0	-15
200	31.07.2023 15:46:19,000	9,80	3,46	31	-10	49	0	-13
201	31.07.2023 15:46:20,000	9,77	3,50	27	-15	48	0	-20
202	31.07.2023 15:46:21,000	9,70	3,52	30	-12	48	0	-17
203	31.07.2023 15:46:22,000	9,67	3,54	32	-9	48	0	-13
204	31.07.2023 15:46:23,000	9,64	3,58	22	-19	49	0	-24
205	31.07.2023 15:46:24,000	9,57	3,62	24	-16	49	0	-21
206	31.07.2023 15:46:25,000	9,54	3,59	20	-17	53	0	-21
207	31.07.2023 15:46:26,000	9,50	3,61	24	-15	52	0	-18
208	31.07.2023 15:46:27,000	9,50	3,61	20	-16	54	0	-20
209	31.07.2023 15:46:28,000	9,47	3,63	19	-15	56	0	-18
210	31.07.2023 15:46:29,000	9,47	3,61	19	-12	59	0	-14
211	31.07.2023 15:46:30,000	9,47	3,63	20	-11	58	0	-13
212	31.07.2023 15:46:31,000	9,50	3,63	20	-10	60	0	-12
213	31.07.2023 15:46:32,000	9,50	3,63	21	-9	60	0	-11
214	31.07.2023 15:46:33,000	9,50	3,63	21	-8	62	0	-9
215	31.07.2023 15:46:34,000	9,50	3,66	23	-8	60	0	-9
216	31.07.2023 15:46:35,000	9,50	3,63	25	-5	60	0	-6
217	31.07.2023 15:46:36,000	9,50	3,63	27	-6	57	0	-7
218	31.07.2023 15:46:37,000	9,50	3,63	28	-6	56	0	-7
219	31.07.2023 15:46:38,000	9,50	3,66	28	-6	56	0	-8
220	31.07.2023 15:46:39,000	9,50	3,66	30	-7	53	0	-8
221	31.07.2023 15:46:40,000	9,50	3,68	30	-5	55	0	-6
222	31.07.2023 15:46:41,000	9,50	3,71	31	-4	55	0	-5
223	31.07.2023 15:46:42,000	9,50	3,71	32	-4	54	0	-5
224	31.07.2023 15:46:43,000	9,47	3,70	33	-4	54	0	-5
225	31.07.2023 15:46:44,000	9,44	3,74	36	-4	50	0	-5
226	31.07.2023 15:46:45,000	9,40	3,76	37	-5	48	0	-7
227	31.07.2023 15:46:46,000	9,37	3,81	33	-4	53	0	-5
228	31.07.2023 15:46:47,000	9,37	3,78	37	-3	50	0	-4
229	31.07.2023 15:46:48,000	9,37	3,83	38	-3	49	0	-5
230	31.07.2023 15:46:49,000	9,37	3,85	39	-3	48	0	-4
231	31.07.2023 15:46:50,000	9,34	3,87	41	-4	44	0	-6
232	31.07.2023 15:46:51,000	9,27	3,89	42	-3	45	0	-5
233	31.07.2023 15:46:52,000	9,24	3,91	40	-4	46	0	-6
234	31.07.2023 15:46:53,000	9,20	3,97	41	-2	47	0	-3
235	31.07.2023 15:46:54,000	9,10	4,01	45	-2	43	0	-2
236	31.07.2023 15:46:55,000	9,03	4,05	47	-1	42	0	-2
237	31.07.2023 15:46:56,000	8,97	4,09	44	-2	43	0	-3
238	31.07.2023 15:46:57,000	8,90	4,10	41	-3	46	0	-4
239	31.07.2023 15:46:58,000	8,80	4,18	39	-4	47	0	-5
240	31.07.2023 15:46:59,000	8,70	4,20	42	-2	46	0	-3
241	31.07.2023 15:47:00,000	8,63	4,28	40	-3	46	0	-5
242	31.07.2023 15:47:01,000	8,50	4,34	40	-2	48	0	-2
243	31.07.2023 15:47:02,000	8,36	4,39	41	-3	46	0	-4
244	31.07.2023 15:47:03,000	8,22	4,40	40	-2	48	0	-3
245	31.07.2023 15:47:04,000	8,16	4,44	44	-1	45	0	-2
246	31.07.2023 15:47:05,000	8,05	4,45	46	-1	43	0	-2
247	31.07.2023 15:47:06,000	8,02	4,44	46	-1	43	0	-2
248	31.07.2023 15:47:07,000	7,98	4,46	47	-1	43	0	-1
249	31.07.2023 15:47:08,000	7,98	4,46	46	-1	43	0	-2
250	31.07.2023 15:47:09,000	7,98	4,49	48	-1	41	0	-2
251	31.07.2023 15:47:10,000	7,95	4,48	49	-1	40	0	-2
252	31.07.2023 15:47:11,000	7,92	4,52	49	-1	40	0	-2
253	31.07.2023 15:47:12,000	7,88	4,54	48	-1	41	0	-1
254	31.07.2023 15:47:13,000	7,81	4,61	50	-1	39	0	-1
255	31.07.2023 15:47:14,000	7,71	4,64	50	-1	39	0	-1
256	31.07.2023 15:47:15,000	7,64	4,68	53	1	36	0	1
257	31.07.2023 15:47:16,000	7,61	4,67	51	-1	39	0	-1
258	31.07.2023 15:47:17,000	7,57	4,69	50	0	39	0	0
259	31.07.2023 15:47:18,000	7,54	4,69	38	8	43	1	12
260	31.07.2023 15:47:19,000	7,50	4,71	8	6	76	1	7
261	31.07.2023 15:47:20,000	7,47	4,73	7	6	77	1	6
262	31.07.2023 15:47:21,000	7,47	4,73	7	-1	82	1	-1
263	31.07.2023 15:47:22,000	7,40	4,72	-9	2	78	0	2
264	31.07.2023 15:47:23,000	7,37	4,72	6	-11	73	1	-11
265	31.07.2023 15:47:24,000	7,33	4,71	-6	-4	80	0	-4
266	31.07.2023 15:47:25,000	7,30	4,73	28	-9	53	1	-12
267	31.07.2023 15:47:26,000	7,26	4,70	-10	-4	75	0	-5
268	31.07.2023 15:47:27,000	7,19	4,76	-15	-4	71	1	-4
269	31.07.2023 15:47:28,000	7,12	4,73	11	-4	75	1	-4
270	31.07.2023 15:47:29,000	7,05	4,79	-12	-6	72	0	-6
271	31.07.2023 15:47:30,000	7,02	4,72	-10	-2	78	0	-2
272	31.07.2023 15:47:31,000	6,98	4,67	-11	-10	69	1	-10
273	31.07.2023 15:47:32,000	6,95	4,64	-5	0	85	0	0
274	31.07.2023 15:47:33,000	6,95	4,69	-12	-8	70	0	-9
275	31.07.2023 15:47:34,000	6,91	4,68	1	-6	83	0	-6
276	31.07.2023 15:47:35,000	6,88	4,65	8	-15	68	1	-16
277	31.07.2023 15:47:36,000	6,84	4,67	-3	-9	78	0	-9
278	31.07.2023 15:47:37,000	6,84	4,65	11	-13	67	1	-14
279	31.07.2023 15:47:38,000	6,81	4,65	10	-4	76	1	-4
280	31.07.2023 15:47:39,000	6,77	4,64	4	-19	67	1	-20
281	31.07.2023 15:47:40,000	6,74	4,68	6	-7	77	0	-7
282	31.07.2023 15:47:41,000	6,70	4,68	-16	-1	73	1	-1
283	31.07.2023 15:47:42,000	6,63	4,70	14	8	68	1	9
284	31.07.2023 15:47:43,000	6,60	4,69	-7	-6	77	0	-7
285	31.07.2023 15:47:44,000	6,53	4,68	-17	-9	64	0	-11
286	31.07.2023 15:47:45,000	6,49	4,68	5	-1	84	1	-1
287	31.07.2023 15:47:46,000	6,46	4,70	-6	-5	79	1	-5
288	31.07.2023 15:47:47,000	6,42	4,67	11	-4	75	1	-4
289	31.07.2023 15:47:48,000	6,39	4,64	-2	-5	82	0	-5
290	31.07.2023 15:47:49,000	6,39	4,64	5	-15	69	1	-16
291	31.07.2023 15:47:50,000	6,35	4,64	7	-13	71	1	-14
292	31.07.2023 15:47:51,000	6,35	4,61	-21	-14	55	1	-17
293	31.07.2023 15:47:52,000	6,35	4,61	3	3	84	0	3
294	31.07.2023 15:47:53,000	6,32	4,63	1	-1	88	1	-1
295	31.07.2023 15:47:54,000	6,32	4,63	5	-6	79	1	-6
296	31.07.2023 15:47:55,000	6,28	4,60	12	-4	74	1	-4
297	31.07.2023 15:47:56,000	6,25	4,62	5	-4	82	1	-4
298	31.07.2023 15:47:57,000	6,21	4,60	-8	-2	80	0	-2
299	31.07.2023 15:47:58,000	6,21	4,55	-25	-4	61	1	-5
300	31.07.2023 15:47:59,000	6,17	4,59	19	-2	68	1	-3
301	31.07.2023 15:48:00,000	6,17	4,59	-8	-8	74	1	-9
302	31.07.2023 15:48:01,000	6,14	4,59	7	4	79	1	5
303	31.07.2023 15:48:02,000	6,10	4,58	-9	-2	79	0	-2
304	31.07.2023 15:48:03,000	6,07	4,62	8	-12	70	0	-13
305	31.07.2023 15:48:04,000	6,03	4,57	6	1	83	0	1
306	31.07.2023 15:48:05,000	6,00	4,59	18	-4	68	1	-4
307	31.07.2023 15:48:06,000	5,96	4,56	1	1	88	1	1
308	31.07.2023 15:48:07,000	5,93	4,58	1	-2	87	0	-2
309	31.07.2023 15:48:08,000	5,93	4,56	-13	-8	69	1	-9
310	31.07.2023 15:48:09,000	5,89	4,58	9	1	80	0	1
311	31.07.2023 15:48:10,000	5,89	4,58	4	-2	83	1	-2
312	31.07.2023 15:48:11,000	5,85	4,55	11	-3	76	0	-3
313	31.07.2023 15:48:12,000	5,82	4,52	-7	-8	75	1	-9
314	31.07.2023 15:48:13,000	5,78	4,59	-17	-28	45	1	-34
315	31.07.2023 15:48:14,000	5,71	4,56	10	8	71	1	9
316	31.07.2023 15:48:15,000	5,68	4,55	5	13	72	0	14
317	31.07.2023 15:48:16,000	5,64	4,64	3	-4	83	1	-4
318	31.07.2023 15:48:17,000	5,60	4,61	-4	10	76	0	10
319	31.07.2023 15:48:18,000	5,57	4,56	-4	2	83	1	3
320	31.07.2023 15:48:19,000	5,53	4,56	11	8	71	1	9
321	31.07.2023 15:48:20,000	5,53	4,63	-15	-5	70	0	-5
322	31.07.2023 15:48:21,000	5,50	4,55	17	-7	66	0	-8
323	31.07.2023 15:48:22,000	5,46	4,55	4	0	86	0	0
324	31.07.2023 15:48:23,000	5,42	4,57	2	1	87	1	1
325	31.07.2023 15:48:24,000	5,39	4,54	4	-8	78	0	-9
326	31.07.2023 15:48:25,000	5,39	4,45	-17	3	69	1	3
327	31.07.2023 15:48:26,000	5,35	4,54	6	-8	76	1	-8
328	31.07.2023 15:48:27,000	5,35	4,54	-10	-6	74	0	-6
329	31.07.2023 15:48:28,000	5,32	4,46	17	11	61	1	13
330	31.07.2023 15:48:29,000	5,28	4,55	8	10	73	0	10
331	31.07.2023 15:48:30,000	5,21	4,61	-6	2	82	1	2
332	31.07.2023 15:48:31,000	5,17	4,56	26	-4	59	1	-5
333	31.07.2023 15:48:32,000	5,06	4,62	1	-4	85	1	-4
334	31.07.2023 15:48:33,000	5,03	4,57	-9	-2	80	1	-2
335	31.07.2023 15:48:34,000	4,99	4,56	-5	2	82	0	2
336	31.07.2023 15:48:35,000	4,99	4,56	11	18	60	1	21
337	31.07.2023 15:48:36,000	4,95	4,58	2	-5	83	1	-5
338	31.07.2023 15:48:37,000	4,95	4,56	-3	-2	84	0	-2
339	31.07.2023 15:48:38,000	4,92	4,50	9	-11	69	1	-12
340	31.07.2023 15:48:39,000	4,92	4,55	4	-14	72	0	-15
341	31.07.2023 15:48:40,000	4,88	4,50	7	-1	82	1	-1
342	31.07.2023 15:48:41,000	4,84	4,47	-3	-2	85	1	-2
343	31.07.2023 15:48:42,000	4,81	4,54	-1	-9	80	1	-9
344	31.07.2023 15:48:43,000	4,81	4,51	-5	4	81	1	4
345	31.07.2023 15:48:44,000	4,77	4,56	9	-3	77	1	-3
346	31.07.2023 15:48:45,000	4,77	4,51	-1	5	84	0	5
347	31.07.2023 15:48:46,000	4,73	4,53	3	-19	68	1	-20
348	31.07.2023 15:48:47,000	4,66	4,61	12	-5	73	0	-5
349	31.07.2023 15:48:48,000	4,62	4,56	12	8	70	1	9
350	31.07.2023 15:48:49,000	4,59	4,58	-7	-2	81	1	-3
351	31.07.2023 15:48:50,000	4,55	4,55	3	1	85	0	1
352	31.07.2023 15:48:51,000	4,55	4,51	-18	13	59	1	15
353	31.07.2023 15:48:52,000	4,51	4,48	-32	-6	52	1	-8
354	31.07.2023 15:48:53,000	4,51	4,52	7	-14	68	0	-16
355	31.07.2023 15:48:54,000	4,48	4,50	2	6	82	1	6
356	31.07.2023 15:48:55,000	4,48	4,50	-7	-1	82	1	-1
357	31.07.2023 15:48:56,000	4,44	4,49	-16	-6	68	1	-6
358	31.07.2023 15:48:57,000	4,44	4,49	8	-2	81	1	-2
359	31.07.2023 15:48:58,000	4,40	4,35	-10	-4	76	1	-4
360	31.07.2023 15:48:59,000	4,37	4,53	3	2	86	1	2
361	31.07.2023 15:49:00,000	4,33	4,48	10	-4	77	0	-4
362	31.07.2023 15:49:01,000	4,29	4,50	4	-5	81	0	-5
363	31.07.2023 15:49:02,000	4,26	4,52	0	-1	88	0	-1
364	31.07.2023 15:49:03,000	4,26	4,52	6	2	82	1	2
365	31.07.2023 15:49:04,000	4,22	4,51	-5	-6	80	0	-6
366	31.07.2023 15:49:05,000	4,18	4,48	8	16	66	0	17
367	31.07.2023 15:49:06,000	4,18	4,53	-9	3	78	0	3
368	31.07.2023 15:49:07,000	4,15	4,50	3	12	74	1	13
369	31.07.2023 15:49:08,000	4,11	4,50	-11	-4	75	0	-4
370	31.07.2023 15:49:09,000	4,11	4,52	1	1	88	1	1
371	31.07.2023 15:49:10,000	4,07	4,52	-4	0	85	1	0
372	31.07.2023 15:49:11,000	4,03	4,49	-9	2	80	0	2
373	31.07.2023 15:49:12,000	4,00	4,51	16	-4	70	1	-4
374	31.07.2023 15:49:13,000	4,00	4,46	-4	8	78	0	8
375	31.07.2023 15:49:14,000	4,00	4,51	15	-4	71	0	-5
376	31.07.2023 15:49:15,000	3,96	4,48	-15	6	69	1	6
377	31.07.2023 15:49:16,000	3,96	4,50	12	-2	76	0	-2
378	31.07.2023 15:49:17,000	3,92	4,47	3	0	87	1	0
379	31.07.2023 15:49:18,000	3,92	4,47	3	-2	85	1	-2
380	31.07.2023 15:49:19,000	3,92	4,47	-1	-12	76	0	-13
381	31.07.2023 15:49:20,000	3,89	4,47	-12	-4	73	0	-5
382	31.07.2023 15:49:21,000	3,89	4,47	-18	-1	71	0	-1
383	31.07.2023 15:49:22,000	3,89	4,47	2	3	85	1	4
384	31.07.2023 15:49:23,000	3,85	4,46	9	-3	78	1	-3
385	31.07.2023 15:49:24,000	3,85	4,46	9	3	78	1	3
386	31.07.2023 15:49:25,000	3,85	4,46	15	1	74	1	1
387	31.07.2023 15:49:26,000	3,81	4,46	18	-14	58	0	-16
388	31.07.2023 15:49:27,000	3,81	4,46	-2	-1	87	1	-1
389	31.07.2023 15:49:28,000	3,81	4,46	5	3	82	0	3
390	31.07.2023 15:49:29,000	3,81	4,46	14	3	73	1	3
391	31.07.2023 15:49:30,000	3,77	4,46	19	-2	69	0	-2
392	31.07.2023 15:49:31,000	3,77	4,46	-1	-5	84	1	-5
393	31.07.2023 15:49:32,000	3,74	4,43	1	-10	79	1	-10
394	31.07.2023 15:49:33,000	3,74	4,50	-32	-3	54	0	-4
395	31.07.2023 15:49:34,000	3,70	4,45	-6	11	73	0	11
396	31.07.2023 15:49:35,000	3,66	4,44	11	-7	72	0	-7
397	31.07.2023 15:49:36,000	3,66	4,46	5	9	77	1	9
398	31.07.2023 15:49:37,000	3,62	4,48	-8	-5	77	1	-5
399	31.07.2023 15:49:38,000	3,59	4,46	-8	-2	80	0	-2
400	31.07.2023 15:49:39,000	3,59	4,46	8	-9	73	1	-10
401	31.07.2023 15:49:40,000	3,59	4,46	-12	6	72	1	7
402	31.07.2023 15:49:41,000	3,59	4,48	2	11	77	0	11
403	31.07.2023 15:49:42,000	3,55	4,45	35	-1	54	1	-2
404	31.07.2023 15:49:43,000	3,55	4,47	49	-3	39	0	-4
405	31.07.2023 15:49:44,000	3,51	4,42	8	5	77	1	5
406	31.07.2023 15:49:45,000	3,47	4,42	10	-64	16	1	-72
407	31.07.2023 15:49:46,000	3,44	4,48	14	13	64	0	14
408	31.07.2023 15:49:47,000	3,36	4,50	6	-6	78	1	-7
409	31.07.2023 15:49:48,000	3,36	4,47	24	20	46	0	26
410	31.07.2023 15:49:49,000	3,36	4,50	34	20	36	0	30
411	31.07.2023 15:49:50,000	3,32	4,45	11	41	39	1	46
412	31.07.2023 15:49:51,000	3,28	4,49	2	-2	86	1	-2
413	31.07.2023 15:49:52,000	3,28	4,44	4	-5	81	0	-5
414	31.07.2023 15:49:53,000	3,25	4,48	18	16	56	1	19
415	31.07.2023 15:49:54,000	3,25	4,48	10	1	80	1	1
416	31.07.2023 15:49:55,000	3,21	4,43	-1	11	78	1	12
417	31.07.2023 15:49:56,000	3,21	4,45	29	-8	52	1	-11
418	31.07.2023 15:49:57,000	3,17	4,45	31	1	58	0	1
419	31.07.2023 15:49:58,000	3,13	4,42	10	15	64	0	17
420	31.07.2023 15:49:59,000	3,13	4,47	10	0	80	0	0
421	31.07.2023 15:50:00,000	3,10	4,46	7	6	77	1	6
422	31.07.2023 15:50:01,000	3,10	4,46	13	-1	76	1	-1
423	31.07.2023 15:50:02,000	3,06	4,44	14	-5	71	1	-6
424	31.07.2023 15:50:03,000	3,06	4,41	10	-4	76	1	-5
425	31.07.2023 15:50:04,000	3,06	4,44	-12	-2	75	1	-3
426	31.07.2023 15:50:05,000	3,02	4,43	-9	-11	70	1	-12
427	31.07.2023 15:50:06,000	3,02	4,43	2	3	85	1	3
428	31.07.2023 15:50:07,000	3,02	4,43	15	3	72	1	4
429	31.07.2023 15:50:08,000	2,98	4,45	-5	-5	80	0	-5
430	31.07.2023 15:50:09,000	2,98	4,43	-5	-5	79	1	-6
431	31.07.2023 15:50:10,000	2,98	4,43	12	5	73	1	6
432	31.07.2023 15:50:11,000	2,98	4,43	3	-3	84	1	-3
433	31.07.2023 15:50:12,000	2,98	4,43	2	-3	85	1	-3
434	31.07.2023 15:50:13,000	2,94	4,44	11	-8	71	1	-9
435	31.07.2023 15:50:14,000	2,94	4,40	8	7	75	1	8
436	31.07.2023 15:50:15,000	2,94	4,42	-8	-6	76	1	-6
437	31.07.2023 15:50:16,000	2,94	4,40	6	-6	77	1	-7
438	31.07.2023 15:50:17,000	2,94	4,40	4	-1	85	1	-1
439	31.07.2023 15:50:18,000	2,91	4,42	6	-4	80	1	-4
440	31.07.2023 15:50:19,000	2,91	4,42	1	-13	76	1	-13
441	31.07.2023 15:50:20,000	2,91	4,42	7	1	82	1	1
442	31.07.2023 15:50:21,000	2,87	4,39	5	8	77	0	9
443	31.07.2023 15:50:22,000	2,87	4,39	-2	-9	80	0	-9
444	31.07.2023 15:50:23,000	2,87	4,39	4	-8	78	0	-8
445	31.07.2023 15:50:24,000	2,87	4,39	-10	5	75	1	6
446	31.07.2023 15:50:25,000	2,83	4,38	2	-2	86	0	-2
447	31.07.2023 15:50:26,000	2,83	4,41	-12	-5	73	0	-6
448	31.07.2023 15:50:27,000	2,83	4,38	5	5	80	1	5
449	31.07.2023 15:50:28,000	2,83	4,38	10	-8	73	0	-8
450	31.07.2023 15:50:29,000	2,83	4,38	10	2	79	1	2
451	31.07.2023 15:50:30,000	2,83	4,38	-12	-4	74	1	-4
452	31.07.2023 15:50:31,000	2,79	4,40	-4	1	85	0	1
453	31.07.2023 15:50:32,000	2,79	4,38	23	-2	65	1	-2
454	31.07.2023 15:50:33,000	2,79	4,38	4	-3	83	1	-3
455	31.07.2023 15:50:34,000	2,75	4,37	-6	-3	80	1	-4
456	31.07.2023 15:50:35,000	2,75	4,37	7	20	64	0	21
457	31.07.2023 15:50:36,000	2,75	4,37	-5	-2	84	0	-2
458	31.07.2023 15:50:37,000	2,71	4,39	9	-5	76	0	-5
459	31.07.2023 15:50:38,000	2,71	4,37	-3	-13	74	1	-14
460	31.07.2023 15:50:39,000	2,71	4,39	11	-2	77	1	-2
461	31.07.2023 15:50:40,000	2,68	4,36	-1	2	88	1	2
462	31.07.2023 15:50:41,000	2,68	4,41	9	-4	77	0	-4
463	31.07.2023 15:50:42,000	2,68	4,39	-14	1	75	1	1
464	31.07.2023 15:50:43,000	2,68	4,39	14	-8	67	0	-9
465	31.07.2023 15:50:44,000	2,68	4,32	29	-6	55	1	-7
466	31.07.2023 15:50:45,000	2,64	4,36	27	-16	46	1	-22
467	31.07.2023 15:50:46,000	2,64	4,38	35	8	46	1	12
468	31.07.2023 15:50:47,000	2,60	4,35	-7	-6	77	0	-6
469	31.07.2023 15:50:48,000	2,60	4,43	1	4	85	1	4
470	31.07.2023 15:50:49,000	2,56	4,40	-39	-1	50	1	-1
471	31.07.2023 15:50:50,000	2,56	4,37	15	2	73	1	2
472	31.07.2023 15:50:51,000	2,56	4,37	-11	-2	77	0	-2
473	31.07.2023 15:50:52,000	2,52	4,34	26	-18	47	1	-23
474	31.07.2023 15:50:53,000	2,52	4,37	5	-9	76	1	-10
475	31.07.2023 15:50:54,000	2,52	4,39	17	18	56	0	21
476	31.07.2023 15:50:55,000	2,52	4,37	11	4	75	1	4
477	31.07.2023 15:50:56,000	2,52	4,37	13	-7	70	1	-8
478	31.07.2023 15:50:57,000	2,48	4,39	5	-5	80	0	-6
479	31.07.2023 15:50:58,000	2,48	4,36	8	4	78	1	4
480	31.07.2023 15:50:59,000	2,48	4,36	-10	4	75	0	4
481	31.07.2023 15:51:00,000	2,48	4,36	9	-3	78	1	-3
482	31.07.2023 15:51:01,000	2,45	4,36	1	-6	83	1	-6
483	31.07.2023 15:51:02,000	2,45	4,33	13	-7	70	1	-8
484	31.07.2023 15:51:03,000	2,45	4,33	0	-1	88	1	-1
485	31.07.2023 15:51:04,000	2,45	4,38	22	4	64	0	5
486	31.07.2023 15:51:05,000	2,45	4,36	6	-1	83	1	-1
487	31.07.2023 15:51:06,000	2,45	4,33	8	-10	71	1	-11
488	31.07.2023 15:51:07,000	2,41	4,35	5	-7	78	0	-7
489	31.07.2023 15:51:08,000	2,41	4,35	-4	2	84	1	2
490	31.07.2023 15:51:09,000	2,41	4,38	3	4	83	1	4
491	31.07.2023 15:51:10,000	2,41	4,33	-4	7	79	1	7
492	31.07.2023 15:51:11,000	2,41	4,33	8	1	82	1	1
493	31.07.2023 15:51:12,000	2,37	4,33	-3	7	80	0	7
494	31.07.2023 15:51:13,000	2,37	4,37	1	8	82	1	8
495	31.07.2023 15:51:14,000	2,37	4,35	10	0	79	0	0
496	31.07.2023 15:51:15,000	2,37	4,33	9	7	74	0	7
497	31.07.2023 15:51:16,000	2,37	4,33	16	-6	69	1	-6
498	31.07.2023 15:51:17,000	2,37	4,37	12	7	71	0	8
499	31.07.2023 15:51:18,000	2,37	4,35	13	2	75	0	3
500	31.07.2023 15:51:19,000	2,33	4,32	0	-6	84	0	-6
501	31.07.2023 15:51:20,000	2,33	4,34	13	-6	70	0	-7
502	31.07.2023 15:51:21,000	2,33	4,32	9	-7	74	0	-8
503	31.07.2023 15:51:22,000	2,33	4,34	8	3	79	1	3
504	31.07.2023 15:51:23,000	2,33	4,32	8	-2	80	1	-2
505	31.07.2023 15:51:24,000	2,33	4,34	-9	-3	78	0	-3
506	31.07.2023 15:51:25,000	2,29	4,36	2	-3	85	1	-3
507	31.07.2023 15:51:26,000	2,29	4,34	3	-1	86	0	-1
508	31.07.2023 15:51:27,000	2,29	4,32	-6	4	80	1	4
509	31.07.2023 15:51:28,000	2,29	4,46	6	4	79	1	5
510	31.07.2023 15:51:29,000	2,29	4,36	4	-3	83	0	-3
511	31.07.2023 15:51:30,000	2,25	4,29	27	4	59	0	5
512	31.07.2023 15:51:31,000	2,25	4,33	50	9	31	1	17
513	31.07.2023 15:51:32,000	2,25	4,52	39	9	42	0	14
514	31.07.2023 15:51:33,000	2,25	4,33	-1	15	74	1	15
515	31.07.2023 15:51:34,000	2,21	4,38	13	-2	75	1	-2
516	31.07.2023 15:51:35,000	2,21	4,35	-4	2	84	1	2
517	31.07.2023 15:51:36,000	2,21	4,33	-1	2	87	1	2
518	31.07.2023 15:51:37,000	2,21	4,33	1	-3	87	0	-3
519	31.07.2023 15:51:38,000	2,17	4,32	12	3	75	1	3
520	31.07.2023 15:51:39,000	2,17	4,30	-12	-7	71	0	-7
521	31.07.2023 15:51:40,000	2,17	4,32	2	-3	86	1	-3
522	31.07.2023 15:51:41,000	2,17	4,30	3	-1	86	0	-1
523	31.07.2023 15:51:42,000	2,17	4,30	7	0	83	0	0
524	31.07.2023 15:51:43,000	2,17	4,30	-4	-6	79	0	-7
525	31.07.2023 15:51:44,000	2,17	4,35	5	2	82	1	3
526	31.07.2023 15:51:45,000	2,17	4,32	3	-3	84	1	-3
527	31.07.2023 15:51:46,000	2,17	4,30	-5	3	82	1	3
528	31.07.2023 15:51:47,000	2,17	4,37	-7	7	76	0	8
529	31.07.2023 15:51:48,000	2,14	4,32	12	6	71	1	7
530	31.07.2023 15:51:49,000	2,17	4,30	15	-3	72	0	-3
531	31.07.2023 15:51:50,000	2,14	4,32	3	3	84	0	3
532	31.07.2023 15:51:51,000	2,14	4,34	7	-6	77	1	-6
533	31.07.2023 15:51:52,000	2,14	4,30	14	-13	63	1	-15
534	31.07.2023 15:51:53,000	2,14	4,32	-16	1	74	1	1
535	31.07.2023 15:51:54,000	2,14	4,32	10	-9	71	1	-10
536	31.07.2023 15:51:55,000	2,14	4,32	18	0	72	1	0
537	31.07.2023 15:51:56,000	2,14	4,30	-17	-7	66	1	-8
538	31.07.2023 15:51:57,000	2,10	4,29	-3	6	81	0	6
539	31.07.2023 15:51:58,000	2,10	4,31	-9	5	76	0	5
540	31.07.2023 15:51:59,000	2,10	4,29	8	-2	80	1	-2
541	31.07.2023 15:52:00,000	2,10	4,36	11	-2	76	1	-2
542	31.07.2023 15:52:01,000	2,10	4,31	0	11	79	1	11
543	31.07.2023 15:52:02,000	2,10	4,29	0	0	90	1	0
544	31.07.2023 15:52:03,000	2,10	4,31	-18	-3	69	0	-4
545	31.07.2023 15:52:04,000	2,06	4,31	1	1	88	0	1
546	31.07.2023 15:52:05,000	2,06	4,29	8	-1	80	0	-1
547	31.07.2023 15:52:06,000	2,06	4,33	9	-5	77	0	-5
548	31.07.2023 15:52:07,000	2,06	4,31	0	-6	84	0	-6
549	31.07.2023 15:52:08,000	2,06	4,31	0	7	82	0	7
550	31.07.2023 15:52:09,000	2,06	4,31	13	-7	70	0	-8
551	31.07.2023 15:52:10,000	2,06	4,31	5	-4	82	0	-4
552	31.07.2023 15:52:11,000	2,06	4,31	10	2	78	1	2
553	31.07.2023 15:52:12,000	2,06	4,29	-7	-5	78	0	-5
554	31.07.2023 15:52:13,000	2,06	4,31	9	2	79	1	2
555	31.07.2023 15:52:14,000	2,02	4,28	-1	3	86	1	3
556	31.07.2023 15:52:15,000	2,02	4,33	3	-6	81	0	-6
557	31.07.2023 15:52:16,000	2,02	4,28	-2	-1	87	0	-1
558	31.07.2023 15:52:17,000	2,02	4,30	-6	0	84	0	0
559	31.07.2023 15:52:18,000	2,02	4,30	7	-1	82	0	-1
560	31.07.2023 15:52:19,000	2,02	4,30	-8	-4	77	1	-4
561	31.07.2023 15:52:20,000	2,02	4,30	-19	1	71	1	1
562	31.07.2023 15:52:21,000	2,02	4,28	1	-14	75	0	-14
563	31.07.2023 15:52:22,000	1,98	4,30	-6	-3	81	1	-3
564	31.07.2023 15:52:23,000	1,98	4,30	10	3	77	1	3
565	31.07.2023 15:52:24,000	1,98	4,30	4	-14	73	1	-14
566	31.07.2023 15:52:25,000	1,98	4,30	9	1	81	1	1
567	31.07.2023 15:52:26,000	1,98	4,32	-1	1	88	1	1
568	31.07.2023 15:52:27,000	1,98	4,30	11	0	78	1	0
569	31.07.2023 15:52:28,000	1,98	4,28	4	-1	85	1	-1
570	31.07.2023 15:52:29,000	1,98	4,30	7	-6	78	1	-6
571	31.07.2023 15:52:30,000	1,98	4,28	-3	-6	81	0	-6
572	31.07.2023 15:52:31,000	1,94	4,29	12	-6	72	1	-7
573	31.07.2023 15:52:32,000	1,94	4,29	14	-4	72	0	-5
574	31.07.2023 15:52:33,000	1,94	4,32	6	-9	75	1	-9
575	31.07.2023 15:52:34,000	1,94	4,29	29	-4	57	1	-5
576	31.07.2023 15:52:35,000	1,94	4,29	2	10	78	1	10
577	31.07.2023 15:52:36,000	1,94	4,29	5	12	73	0	13
578	31.07.2023 15:52:37,000	1,94	4,29	15	0	75	0	0
579	31.07.2023 15:52:38,000	1,90	4,29	18	-5	67	0	-6
580	31.07.2023 15:52:39,000	1,90	4,27	21	-6	63	0	-7
581	31.07.2023 15:52:40,000	1,90	4,24	22	-5	63	0	-6
582	31.07.2023 15:52:41,000	1,90	4,22	22	-5	63	0	-5
583	31.07.2023 15:52:42,000	1,90	4,20	23	-5	62	0	-6
584	31.07.2023 15:52:43,000	1,90	4,15	23	-1	66	0	-1
585	31.07.2023 15:52:44,000	1,90	4,12	25	-1	64	0	-1
586	31.07.2023 15:52:45,000	1,90	4,12	28	-4	58	0	-5
587	31.07.2023 15:52:46,000	1,90	4,05	30	-4	56	0	-5
588	31.07.2023 15:52:47,000	1,90	4,05	29	-1	59	0	-1
589	31.07.2023 15:52:48,000	1,86	4,00	29	-2	59	0	-2
590	31.07.2023 15:52:49,000	1,86	3,98	29	-2	59	0	-2
591	31.07.2023 15:52:50,000	1,86	3,95	30	-3	57	0	-3
592	31.07.2023 15:52:51,000	1,86	3,91	33	-4	53	0	-5
593	31.07.2023 15:52:52,000	1,86	3,88	32	-4	54	0	-6
594	31.07.2023 15:52:53,000	1,86	3,84	32	-7	51	1	-10
595	31.07.2023 15:52:54,000	1,86	3,84	31	-4	55	0	-5
596	31.07.2023 15:52:55,000	1,86	3,79	30	0	60	0	0
597	31.07.2023 15:52:56,000	1,86	3,77	32	-9	49	0	-12
598	31.07.2023 15:52:57,000	1,86	3,72	30	-4	56	0	-5
599	31.07.2023 15:52:58,000	1,86	3,72	27	2	61	0	2
600	31.07.2023 15:52:59,000	1,86	3,70	30	-9	51	0	-12
601	31.07.2023 15:53:00,000	1,86	3,67	33	-7	50	0	-9
602	31.07.2023 15:53:01,000	1,86	3,60	26	3	61	0	4
603	31.07.2023 15:53:02,000	1,90	3,61	30	-7	53	0	-9
604	31.07.2023 15:53:03,000	1,90	3,56	31	-6	53	0	-7
605	31.07.2023 15:53:04,000	1,90	3,56	26	2	62	0	2
606	31.07.2023 15:53:05,000	1,94	3,54	30	-5	55	0	-6
607	31.07.2023 15:53:06,000	1,98	3,50	32	-7	51	0	-8
608	31.07.2023 15:53:07,000	2,02	3,46	24	3	62	0	4
609	31.07.2023 15:53:08,000	2,06	3,44	28	0	61	0	1
610	31.07.2023 15:53:09,000	2,10	3,39	31	-7	53	1	-9
611	31.07.2023 15:53:10,000	2,17	3,36	30	-3	57	1	-3
612	31.07.2023 15:53:11,000	2,21	3,32	29	0	61	0	0
613	31.07.2023 15:53:12,000	2,29	3,28	24	6	60	0	7
614	31.07.2023 15:53:13,000	2,37	3,24	28	4	58	0	5
615	31.07.2023 15:53:14,000	2,41	3,20	30	-5	56	1	-6
616	31.07.2023 15:53:15,000	2,48	3,16	30	-5	55	1	-6
617	31.07.2023 15:53:16,000	2,60	3,15	22	9	59	0	10
618	31.07.2023 15:53:17,000	2,68	3,11	23	6	61	0	7
619	31.07.2023 15:53:18,000	2,75	3,08	33	0	57	1	0
620	31.07.2023 15:53:19,000	2,83	3,06	28	3	59	0	4
621	31.07.2023 15:53:20,000	2,87	3,02	23	7	60	0	9
622	31.07.2023 15:53:21,000	2,91	3,00	31	1	58	0	2
623	31.07.2023 15:53:22,000	2,98	2,99	25	6	59	0	7
624	31.07.2023 15:53:23,000	3,02	2,97	21	11	58	0	13
625	31.07.2023 15:53:24,000	3,06	2,95	27	6	57	0	8
626	31.07.2023 15:53:25,000	3,10	2,93	25	6	59	1	7
627	31.07.2023 15:53:26,000	3,13	2,94	31	3	55	1	4
628	31.07.2023 15:53:27,000	3,13	2,89	30	4	57	0	4
629	31.07.2023 15:53:28,000	3,17	2,89	28	6	57	0	7
630	31.07.2023 15:53:29,000	3,21	2,87	27	7	57	0	8
631	31.07.2023 15:53:30,000	3,21	2,87	30	5	55	0	6
632	31.07.2023 15:53:31,000	3,25	2,86	31	5	55	0	6
633	31.07.2023 15:53:32,000	3,25	2,86	29	5	55	0	7
634	31.07.2023 15:53:33,000	3,25	2,83	28	6	55	0	8
635	31.07.2023 15:53:34,000	3,25	2,83	27	9	55	0	11
636	31.07.2023 15:53:35,000	3,25	2,83	27	8	55	0	10
637	31.07.2023 15:53:36,000	3,21	2,80	32	5	53	0	7
638	31.07.2023 15:53:37,000	3,21	2,80	27	9	55	0	11
639	31.07.2023 15:53:38,000	3,21	2,80	27	9	54	0	11
640	31.07.2023 15:53:39,000	3,17	2,78	27	11	52	0	14
641	31.07.2023 15:53:40,000	3,13	2,77	26	11	53	0	14
642	31.07.2023 15:53:41,000	3,13	2,75	32	6	52	0	7
643	31.07.2023 15:53:42,000	3,13	2,72	28	9	53	0	12
644	31.07.2023 15:53:43,000	3,13	2,70	27	11	51	0	15
645	31.07.2023 15:53:44,000	3,13	2,68	30	8	52	0	10
646	31.07.2023 15:53:45,000	3,13	2,65	27	9	54	0	11
647	31.07.2023 15:53:46,000	3,13	2,63	31	7	52	0	10
648	31.07.2023 15:53:47,000	3,13	2,58	26	11	53	0	14
649	31.07.2023 15:53:48,000	3,17	2,56	24	14	52	0	18
650	31.07.2023 15:53:49,000	3,17	2,52	26	13	51	0	16
651	31.07.2023 15:53:50,000	3,17	2,52	30	8	53	0	10
652	31.07.2023 15:53:51,000	3,21	2,47	27	10	54	0	12
653	31.07.2023 15:53:52,000	3,21	2,45	28	11	51	0	14
654	31.07.2023 15:53:53,000	3,25	2,43	27	10	53	0	13
655	31.07.2023 15:53:54,000	3,25	2,36	27	10	52	1	13
656	31.07.2023 15:53:55,000	3,28	2,37	23	13	54	0	17
657	31.07.2023 15:53:56,000	3,28	2,34	28	13	49	0	18
658	31.07.2023 15:53:57,000	3,28	2,29	26	14	50	0	18
659	31.07.2023 15:53:58,000	3,32	2,28	27	14	49	0	18
660	31.07.2023 15:53:59,000	3,32	2,20	22	17	51	0	21
661	31.07.2023 15:54:00,000	3,36	2,21	26	14	50	0	18
662	31.07.2023 15:54:01,000	3,36	2,16	23	16	52	0	20
663	31.07.2023 15:54:02,000	3,40	2,14	23	17	50	0	21
664	31.07.2023 15:54:03,000	3,44	2,08	24	16	50	0	20
665	31.07.2023 15:54:04,000	3,44	2,08	25	16	49	0	21
666	31.07.2023 15:54:05,000	3,47	2,06	26	15	49	0	19
667	31.07.2023 15:54:06,000	3,51	2,04	27	17	46	0	22
668	31.07.2023 15:54:07,000	3,55	2,04	33	14	42	0	20
669	31.07.2023 15:54:08,000	3,59	2,05	33	15	43	0	21
670	31.07.2023 15:54:09,000	3,66	2,06	36	18	36	1	28
671	31.07.2023 15:54:10,000	3,70	2,06	37	15	38	0	23
672	31.07.2023 15:54:11,000	3,74	2,09	52	7	31	0	14
673	31.07.2023 15:54:12,000	3,77	2,10	52	10	28	0	21
674	31.07.2023 15:54:13,000	3,81	2,10	51	10	29	0	19
675	31.07.2023 15:54:14,000	3,85	2,11	52	9	29	0	19
676	31.07.2023 15:54:15,000	3,89	2,11	52	10	28	0	19
677	31.07.2023 15:54:16,000	3,89	2,13	52	10	28	0	20
678	31.07.2023 15:54:17,000	3,89	2,13	53	9	27	0	19
679	31.07.2023 15:54:18,000	3,89	2,16	53	8	29	0	16
680	31.07.2023 15:54:19,000	3,89	2,16	53	7	29	0	14
681	31.07.2023 15:54:20,000	3,89	2,16	53	8	30	0	15
682	31.07.2023 15:54:21,000	3,89	2,18	53	7	30	0	13
683	31.07.2023 15:54:22,000	3,92	2,16	53	6	32	0	11
684	31.07.2023 15:54:23,000	3,92	2,19	53	7	30	0	14
685	31.07.2023 15:54:24,000	3,92	2,21	54	8	28	0	16
686	31.07.2023 15:54:25,000	3,92	2,21	47	6	36	0	11
687	31.07.2023 15:54:26,000	3,92	2,19	44	6	39	0	10
688	31.07.2023 15:54:27,000	3,92	2,14	43	4	43	0	6
689	31.07.2023 15:54:28,000	3,92	2,12	41	2	47	0	3
690	31.07.2023 15:54:29,000	3,92	2,09	38	3	49	0	4
691	31.07.2023 15:54:30,000	3,92	2,04	34	4	52	1	6
692	31.07.2023 15:54:31,000	3,96	2,03	32	6	52	0	8
693	31.07.2023 15:54:32,000	4,00	1,98	29	9	53	0	11
694	31.07.2023 15:54:33,000	4,03	1,96	27	9	54	0	11
695	31.07.2023 15:54:34,000	4,03	1,89	29	6	54	0	8
696	31.07.2023 15:54:35,000	4,11	1,83	30	5	55	0	7
697	31.07.2023 15:54:36,000	4,18	1,77	27	10	53	0	12
698	31.07.2023 15:54:37,000	4,22	1,70	35	1	54	0	1
699	31.07.2023 15:54:38,000	4,29	1,67	35	3	52	1	3
700	31.07.2023 15:54:39,000	4,37	1,65	27	10	53	0	13
701	31.07.2023 15:54:40,000	4,40	1,59	27	11	52	0	14
702	31.07.2023 15:54:41,000	4,48	1,57	26	14	50	0	18
703	31.07.2023 15:54:42,000	4,51	1,55	30	10	50	0	13
704	31.07.2023 15:54:43,000	4,55	1,56	36	11	43	1	16
705	31.07.2023 15:54:44,000	4,59	1,49	34	9	47	0	13
706	31.07.2023 15:54:45,000	4,62	1,47	35	9	46	0	13
707	31.07.2023 15:54:46,000	4,66	1,43	29	14	47	0	19
708	31.07.2023 15:54:47,000	4,73	1,39	33	14	43	0	21
709	31.07.2023 15:54:48,000	4,77	1,37	31	19	40	0	28
710	31.07.2023 15:54:49,000	4,88	1,24	29	19	42	0	26
711	31.07.2023 15:54:50,000	5,03	1,19	27	20	43	0	27
712	31.07.2023 15:54:51,000	5,13	1,14	29	20	41	0	28
713	31.07.2023 15:54:52,000	5,24	1,05	29	21	40	0	29
714	31.07.2023 15:54:53,000	5,35	1,02	28	19	43	0	26
715	31.07.2023 15:54:54,000	5,42	0,98	24	25	41	0	34
716	31.07.2023 15:54:55,000	5,50	0,97	28	17	44	0	24
717	31.07.2023 15:54:56,000	5,53	0,95	28	19	44	0	25
718	31.07.2023 15:54:57,000	5,68	0,99	28	18	44	0	25
719	31.07.2023 15:54:58,000	5,96	0,74	28	19	43	0	26
720	31.07.2023 15:54:59,000	6,35	0,58	27	18	45	0	24
721	31.07.2023 15:55:00,000	6,67	0,47	31	21	38	0	30
722	31.07.2023 15:55:01,000	7,02	0,40	24	21	44	0	28
723	31.07.2023 15:55:02,000	7,37	0,33	26	25	39	0	35
724	31.07.2023 15:55:03,000	7,68	0,23	28	24	39	0	33
725	31.07.2023 15:55:04,000	7,92	0,30	27	24	39	0	33
726	31.07.2023 15:55:05,000	8,16	0,14	26	28	37	0	38
727	31.07.2023 15:55:06,000	8,36	0,16	26	28	36	0	38
728	31.07.2023 15:55:07,000	8,53	0,11	26	28	36	0	39
729	31.07.2023 15:55:08,000	8,70	0,07	24	32	34	0	43
730	31.07.2023 15:55:09,000	8,83	0,04	18	32	40	1	39
731	31.07.2023 15:55:10,000	8,97	0,02	21	41	29	0	53
732	31.07.2023 15:55:11,000	9,20	0,00	28	34	28	0	50
733	31.07.2023 15:55:12,000	9,37	0,00	28	33	29	0	48
734	31.07.2023 15:55:13,000	9,50	-0,03	29	31	30	0	46
735	31.07.2023 15:55:14,000	9,64	0,00	28	33	29	0	48
736	31.07.2023 15:55:15,000	9,80	-0,03	29	32	30	0	46
737	31.07.2023 15:55:16,000	9,97	-0,10	28	33	29	0	48
738	31.07.2023 15:55:17,000	10,13	-0,10	28	31	32	0	44
739	31.07.2023 15:55:18,000	10,26	-0,15	29	26	35	0	38
740	31.07.2023 15:55:19,000	10,39	-0,19	30	20	40	0	28
741	31.07.2023 15:55:20,000	10,52	-0,22	33	18	39	0	27
742	31.07.2023 15:55:21,000	10,69	-0,19	28	13	48	0	18
743	31.07.2023 15:55:22,000	10,82	-0,24	28	12	50	0	15
744	31.07.2023 15:55:23,000	10,95	-0,29	28	5	56	0	7
745	31.07.2023 15:55:24,000	11,08	-0,33	21	10	59	0	12
746	31.07.2023 15:55:25,000	11,21	-0,29	29	9	51	0	12
747	31.07.2023 15:55:26,000	11,34	-0,24	32	5	53	0	6
748	31.07.2023 15:55:27,000	11,40	-0,26	21	10	59	0	12
749	31.07.2023 15:55:28,000	11,47	-0,26	29	4	57	0	5
750	31.07.2023 15:55:29,000	11,53	-0,26	34	2	54	0	3
751	31.07.2023 15:55:30,000	11,60	-0,29	21	4	64	0	5
752	31.07.2023 15:55:31,000	11,66	-0,31	27	-2	60	0	-3
753	31.07.2023 15:55:32,000	11,72	-0,31	27	-7	56	0	-9
754	31.07.2023 15:55:33,000	11,79	-0,31	26	-8	56	0	-10
755	31.07.2023 15:55:34,000	11,85	-0,31	27	-13	50	0	-16
756	31.07.2023 15:55:35,000	11,92	-0,29	27	-14	49	0	-18
757	31.07.2023 15:55:36,000	11,95	-0,26	27	-12	51	0	-15
758	31.07.2023 15:55:37,000	12,01	-0,29	32	3	55	0	4
759	31.07.2023 15:55:38,000	12,08	-0,29	28	6	56	0	7
760	31.07.2023 15:55:39,000	12,11	-0,26	25	3	61	0	4
761	31.07.2023 15:55:40,000	12,14	-0,26	20	10	60	0	12
762	31.07.2023 15:55:41,000	12,27	-0,31	23	9	58	0	11
763	31.07.2023 15:55:42,000	12,43	-0,41	14	2	74	1	2
764	31.07.2023 15:55:43,000	12,62	-0,43	21	2	66	0	2
765	31.07.2023 15:55:44,000	12,74	-0,41	27	3	60	0	3
766	31.07.2023 15:55:45,000	12,81	-0,36	26	-5	59	0	-6
767	31.07.2023 15:55:46,000	12,87	-0,36	21	-10	59	0	-11
768	31.07.2023 15:55:47,000	12,93	-0,31	23	-9	58	0	-10
769	31.07.2023 15:55:48,000	13,00	-0,33	15	-7	67	0	-8
770	31.07.2023 15:55:49,000	13,06	-0,31	22	-6	61	0	-7
771	31.07.2023 15:55:50,000	13,09	-0,29	29	-3	58	0	-3
772	31.07.2023 15:55:51,000	13,15	-0,24	30	4	56	0	5
773	31.07.2023 15:55:52,000	13,22	-0,29	22	0	67	0	0
774	31.07.2023 15:55:53,000	13,28	-0,29	24	2	64	0	2
775	31.07.2023 15:55:54,000	13,37	-0,31	21	7	62	0	8
776	31.07.2023 15:55:55,000	13,47	-0,31	23	6	61	0	7
777	31.07.2023 15:55:56,000	13,56	-0,31	21	5	64	0	6
778	31.07.2023 15:55:57,000	13,62	-0,33	20	-1	69	0	-1
779	31.07.2023 15:55:58,000	13,69	-0,29	21	-8	61	0	-9
780	31.07.2023 15:55:59,000	13,75	-0,31	26	-10	55	0	-12
781	31.07.2023 15:56:00,000	13,81	-0,26	29	-14	47	0	-18
782	31.07.2023 15:56:01,000	13,84	-0,22	33	-11	46	0	-15
783	31.07.2023 15:56:02,000	13,91	-0,24	28	-11	51	0	-15
784	31.07.2023 15:56:03,000	13,94	-0,22	28	-13	49	0	-17
785	31.07.2023 15:56:04,000	13,97	-0,19	42	-7	41	1	-10
786	31.07.2023 15:56:05,000	14,00	-0,17	30	-13	47	0	-18
787	31.07.2023 15:56:06,000	14,03	-0,15	37	-6	47	0	-8
788	31.07.2023 15:56:07,000	14,09	-0,12	35	-13	42	0	-19
789	31.07.2023 15:56:08,000	14,15	-0,17	24	-16	50	0	-21
790	31.07.2023 15:56:09,000	14,19	-0,12	33	-11	46	0	-15
791	31.07.2023 15:56:10,000	14,22	-0,15	26	-2	61	0	-3
792	31.07.2023 15:56:11,000	14,25	-0,08	35	15	40	1	22
793	31.07.2023 15:56:12,000	14,28	-0,12	25	-7	58	0	-8
794	31.07.2023 15:56:13,000	14,34	-0,17	31	-4	54	0	-6
795	31.07.2023 15:56:14,000	14,40	-0,17	35	-2	53	0	-3
796	31.07.2023 15:56:15,000	14,46	-0,15	36	-7	48	0	-9
797	31.07.2023 15:56:16,000	14,50	-0,17	30	0	60	0	0
798	31.07.2023 15:56:17,000	14,53	-0,15	36	3	51	0	3
799	31.07.2023 15:56:18,000	14,59	-0,17	31	2	57	1	3
800	31.07.2023 15:56:19,000	14,62	-0,19	27	-6	58	0	-7
801	31.07.2023 15:56:20,000	14,65	-0,17	33	-7	50	0	-9
802	31.07.2023 15:56:21,000	14,71	-0,19	39	-2	49	0	-3
803	31.07.2023 15:56:22,000	14,74	-0,19	35	-7	48	0	-9
804	31.07.2023 15:56:23,000	14,74	-0,22	33	-7	50	0	-9
805	31.07.2023 15:56:24,000	14,81	-0,22	31	2	57	0	3
806	31.07.2023 15:56:25,000	14,84	-0,19	27	-9	54	0	-12
807	31.07.2023 15:56:26,000	14,87	-0,17	34	-7	49	0	-10
808	31.07.2023 15:56:27,000	14,87	-0,19	30	-8	52	0	-11
809	31.07.2023 15:56:28,000	14,93	-0,22	22	-4	64	0	-4
810	31.07.2023 15:56:29,000	14,96	-0,24	33	-1	56	1	-2
811	31.07.2023 15:56:30,000	15,02	-0,24	25	-4	60	0	-5
812	31.07.2023 15:56:31,000	15,08	-0,29	43	10	37	0	15
813	31.07.2023 15:56:32,000	15,17	-0,33	23	-3	64	0	-3
814	31.07.2023 15:56:33,000	15,24	-0,31	43	2	45	0	3
815	31.07.2023 15:56:34,000	15,30	-0,33	29	-3	58	0	-3
816	31.07.2023 15:56:35,000	15,36	-0,31	23	-3	64	0	-3
817	31.07.2023 15:56:36,000	15,39	-0,33	32	-4	54	0	-5
818	31.07.2023 15:56:37,000	15,42	-0,29	40	-6	44	0	-8
819	31.07.2023 15:56:38,000	15,48	-0,29	35	-5	50	0	-7
820	31.07.2023 15:56:39,000	15,51	-0,26	48	8	35	1	14
821	31.07.2023 15:56:40,000	15,54	-0,26	31	25	33	0	38
822	31.07.2023 15:56:41,000	15,57	-0,31	61	15	14	0	38
823	31.07.2023 15:56:42,000	15,60	-0,29	68	13	9	0	38
824	31.07.2023 15:56:43,000	15,63	-0,24	75	10	4	0	38
825	31.07.2023 15:56:44,000	15,66	-0,29	58	24	8	0	71
826	31.07.2023 15:56:45,000	15,66	-0,22	57	1	32	0	1
827	31.07.2023 15:56:46,000	15,63	-0,19	-5	22	63	1	23
828	31.07.2023 15:56:47,000	15,54	-0,15	68	18	4	0	23
829	31.07.2023 15:56:48,000	15,45	-0,08	59	29	-3	0	95
830	31.07.2023 15:56:49,000	15,36	-0,05	76	8	-6	0	95
831	31.07.2023 15:56:50,000	15,27	0,02	81	-5	4	0	95
832	31.07.2023 15:56:51,000	15,14	0,07	80	-9	-2	0	95
833	31.07.2023 15:56:52,000	14,96	0,11	31	54	-4	1	95
834	31.07.2023 15:56:53,000	14,81	0,11	46	40	-5	1	97
835	31.07.2023 15:56:54,000	14,68	0,16	81	2	7	1	97
836	31.07.2023 15:56:55,000	14,56	0,16	81	2	6	0	97
837	31.07.2023 15:56:56,000	14,46	0,21	16	40	34	0	49
838	31.07.2023 15:56:57,000	14,37	0,18	-2	8	80	0	9
839	31.07.2023 15:56:58,000	14,31	0,21	-4	3	83	0	4
840	31.07.2023 15:56:59,000	14,22	0,18	-7	2	81	0	2
841	31.07.2023 15:57:00,000	14,15	0,18	-3	2	85	1	2
842	31.07.2023 15:57:01,000	14,09	0,21	-11	0	78	0	0
843	31.07.2023 15:57:02,000	14,06	0,18	-10	-1	80	0	-1
844	31.07.2023 15:57:03,000	14,00	0,18	-7	-1	81	0	-1
845	31.07.2023 15:57:04,000	13,97	0,21	-6	1	83	0	1
846	31.07.2023 15:57:05,000	13,94	0,21	-6	0	83	0	0
847	31.07.2023 15:57:06,000	13,87	0,21	-8	0	81	0	0
848	31.07.2023 15:57:07,000	13,87	0,21	-9	3	78	0	3
849	31.07.2023 15:57:08,000	13,81	0,21	-53	-10	-27	1	-160
850	31.07.2023 15:57:09,000	13,81	0,21	-5	-4	-81	1	-176
851	31.07.2023 15:57:10,000	13,78	0,21	2	-5	-83	0	-175
852	31.07.2023 15:57:11,000	13,75	0,21	2	-5	-83	0	-175
853	31.07.2023 15:57:12,000	13,72	0,21	1	-4	-85	0	-175
854	31.07.2023 15:57:13,000	13,69	0,21	0	-5	-84	0	-175
855	31.07.2023 15:57:14,000	13,66	0,23	0	-5	-84	0	-175
856	31.07.2023 15:57:15,000	13,62	0,21	1	-6	-83	0	-174
857	31.07.2023 15:57:16,000	13,62	0,21	3	-5	-83	0	-175
858	31.07.2023 15:57:17,000	13,59	0,18	2	-5	-83	0	-175
859	31.07.2023 15:57:18,000	13,56	0,21	2	-5	-83	0	-175
860	31.07.2023 15:57:19,000	13,53	0,21	0	-6	-84	0	-174
861	31.07.2023 15:57:20,000	13,53	0,21	1	-6	-84	0	-174
862	31.07.2023 15:57:21,000	13,50	0,23	0	-5	-85	0	-175
863	31.07.2023 15:57:22,000	13,47	0,23	1	-5	-84	0	-175
864	31.07.2023 15:57:23,000	13,47	0,23	0	-6	-84	0	-174
865	31.07.2023 15:57:24,000	13,44	0,23	1	-5	-85	0	-175
866	31.07.2023 15:57:25,000	13,44	0,23	2	-5	-83	0	-175
867	31.07.2023 15:57:26,000	13,41	0,21	1	-5	-84	1	-175
868	31.07.2023 15:57:27,000	13,41	0,21	2	-4	-84	0	-175
869	31.07.2023 15:57:28,000	13,37	0,21	0	-5	-85	0	-175
870	31.07.2023 15:57:29,000	13,37	0,21	0	-5	-85	0	-175
871	31.07.2023 15:57:30,000	13,37	0,21	1	-5	-84	0	-175
872	31.07.2023 15:57:31,000	13,34	0,21	2	-5	-83	0	-175
873	31.07.2023 15:57:32,000	13,34	0,21	2	-4	-85	0	-176
874	31.07.2023 15:57:33,000	13,34	0,23	1	-4	-84	0	-176
875	31.07.2023 15:57:34,000	13,31	0,23	1	-5	-84	0	-175
876	31.07.2023 15:57:35,000	13,31	0,23	1	-5	-85	0	-175
877	31.07.2023 15:57:36,000	13,31	0,23	1	-6	-83	0	-174
878	31.07.2023 15:57:37,000	13,28	0,23	3	-6	-81	0	-174
879	31.07.2023 15:57:38,000	13,28	0,21	2	-6	-82	0	-174
880	31.07.2023 15:57:39,000	13,28	0,23	2	-4	-84	0	-176
881	31.07.2023 15:57:40,000	13,28	0,26	0	-4	-86	0	-176
882	31.07.2023 15:57:41,000	13,25	0,26	-1	-5	-84	0	-175
883	31.07.2023 15:57:42,000	13,25	0,23	1	-5	-84	0	-175
884	31.07.2023 15:57:43,000	13,25	0,23	1	-4	-84	0	-176
885	31.07.2023 15:57:44,000	13,25	0,23	2	-4	-84	0	-176
886	31.07.2023 15:57:45,000	13,25	0,23	2	-4	-84	0	-176
887	31.07.2023 15:57:46,000	13,22	0,21	1	-4	-84	0	-176
888	31.07.2023 15:57:47,000	13,22	0,21	0	-5	-85	0	-175
889	31.07.2023 15:57:48,000	13,22	0,21	1	-5	-85	0	-175
890	31.07.2023 15:57:49,000	13,22	0,21	-1	-5	-84	0	-175
891	31.07.2023 15:57:50,000	13,22	0,21	1	-4	-84	0	-176
892	31.07.2023 15:57:51,000	13,22	0,21	2	-5	-83	0	-175
893	31.07.2023 15:57:52,000	13,22	0,21	1	-4	-85	0	-176
894	31.07.2023 15:57:53,000	13,22	0,21	1	-4	-85	0	-176
895	31.07.2023 15:57:54,000	13,22	0,21	1	-6	-84	0	-174
896	31.07.2023 15:57:55,000	13,19	0,21	1	-4	-85	0	-176
897	31.07.2023 15:57:56,000	13,19	0,23	2	-4	-84	0	-176
898	31.07.2023 15:57:57,000	13,19	0,21	1	-5	-84	0	-175
899	31.07.2023 15:57:58,000	13,19	0,21	2	-4	-84	0	-176
900	31.07.2023 15:57:59,000	13,19	0,23	0	-4	-85	0	-176
901	31.07.2023 15:58:00,000	13,19	0,21	0	-5	-85	0	-175
902	31.07.2023 15:58:01,000	13,19	0,21	1	-5	-84	0	-175
903	31.07.2023 15:58:02,000	13,19	0,21	1	-4	-85	0	-176
904	31.07.2023 15:58:03,000	13,19	0,21	2	-4	-84	0	-176
905	31.07.2023 15:58:04,000	13,19	0,21	1	-5	-84	0	-175
906	31.07.2023 15:58:05,000	13,19	0,23	1	-4	-85	0	-176
907	31.07.2023 15:58:06,000	13,19	0,21	1	-5	-84	0	-175
908	31.07.2023 15:58:07,000	13,19	0,21	0	-5	-85	0	-175
909	31.07.2023 15:58:08,000	13,19	0,21	2	-4	-84	0	-176
910	31.07.2023 15:58:09,000	13,22	0,21	2	-5	-83	0	-175
911	31.07.2023 15:58:10,000	13,22	0,21	0	-4	-86	0	-176
912	31.07.2023 15:58:11,000	13,22	0,21	1	-4	-84	0	-176
913	31.07.2023 15:58:12,000	13,22	0,21	1	-4	-84	0	-176
914	31.07.2023 15:58:13,000	13,22	0,21	2	-4	-84	0	-176
915	31.07.2023 15:58:14,000	13,22	0,21	1	-5	-84	0	-175
916	31.07.2023 15:58:15,000	13,22	0,21	1	-4	-85	0	-176
917	31.07.2023 15:58:16,000	13,22	0,21	0	-4	-85	0	-176
918	31.07.2023 15:58:17,000	13,22	0,21	2	-5	-84	0	-175
919	31.07.2023 15:58:18,000	13,22	0,21	1	-5	-84	0	-175
920	31.07.2023 15:58:19,000	13,25	0,23	1	-5	-85	0	-175
921	31.07.2023 15:58:20,000	13,25	0,23	2	-4	-85	0	-176
922	31.07.2023 15:58:21,000	13,25	0,23	1	-4	-84	0	-175
923	31.07.2023 15:58:22,000	13,25	0,23	1	-5	-84	0	-175
924	31.07.2023 15:58:23,000	13,25	0,23	2	-4	-84	0	-176
925	31.07.2023 15:58:24,000	13,25	0,23	1	-4	-85	0	-176
926	31.07.2023 15:58:25,000	13,25	0,23	1	-4	-84	0	-175
927	31.07.2023 15:58:26,000	13,25	0,23	1	-5	-85	0	-175
928	31.07.2023 15:58:27,000	13,25	0,23	0	-5	-85	0	-175
929	31.07.2023 15:58:28,000	13,25	0,21	1	-4	-85	0	-176
930	31.07.2023 15:58:29,000	13,28	0,23	1	-4	-85	0	-176
931	31.07.2023 15:58:30,000	13,28	0,23	2	-4	-83	0	-176
932	31.07.2023 15:58:31,000	13,28	0,23	2	-5	-84	0	-175
933	31.07.2023 15:58:32,000	13,28	0,23	1	-4	-85	0	-176
934	31.07.2023 15:58:33,000	13,28	0,23	1	-4	-85	0	-176
935	31.07.2023 15:58:34,000	13,28	0,21	0	-5	-84	0	-175
936	31.07.2023 15:58:35,000	13,31	0,21	0	-5	-85	0	-175
937	31.07.2023 15:58:36,000	13,31	0,21	1	-4	-85	0	-176
938	31.07.2023 15:58:37,000	13,31	0,21	2	-4	-84	0	-176
939	31.07.2023 15:58:38,000	13,31	0,21	2	-4	-84	0	-176
940	31.07.2023 15:58:39,000	13,31	0,21	1	-5	-85	0	-175
941	31.07.2023 15:58:40,000	13,34	0,21	1	-5	-85	0	-175
942	31.07.2023 15:58:41,000	13,34	0,21	1	-4	-85	0	-176
943	31.07.2023 15:58:42,000	13,34	0,21	2	-4	-84	0	-176
944	31.07.2023 15:58:43,000	13,34	0,21	1	-4	-85	0	-176
945	31.07.2023 15:58:44,000	13,34	0,21	0	-5	-85	0	-175
946	31.07.2023 15:58:45,000	13,34	0,21	0	-5	-85	0	-175
947	31.07.2023 15:58:46,000	13,37	0,21	0	-4	-85	0	-176
948	31.07.2023 15:58:47,000	13,37	0,21	1	-4	-84	0	-176
949	31.07.2023 15:58:48,000	13,37	0,21	2	-4	-84	0	-176
950	31.07.2023 15:58:49,000	13,37	0,21	3	-4	-83	0	-176
951	31.07.2023 15:58:50,000	13,37	0,18	1	-4	-85	0	-175
952	31.07.2023 15:58:51,000	13,37	0,21	0	-5	-85	0	-175
953	31.07.2023 15:58:52,000	13,41	0,21	-1	-5	-84	0	-175
954	31.07.2023 15:58:53,000	13,41	0,21	0	-5	-85	0	-175
955	31.07.2023 15:58:54,000	13,41	0,21	2	-4	-84	0	-176
956	31.07.2023 15:58:55,000	13,41	0,21	1	-5	-84	0	-175
957	31.07.2023 15:58:56,000	13,41	0,18	2	-4	-84	0	-176
958	31.07.2023 15:58:57,000	13,41	0,18	1	-4	-84	0	-176
959	31.07.2023 15:58:58,000	13,44	0,21	1	-5	-84	0	-175
960	31.07.2023 15:58:59,000	13,44	0,21	2	-4	-84	0	-176
961	31.07.2023 15:59:00,000	13,44	0,23	0	-4	-85	0	-176
962	31.07.2023 15:59:01,000	13,44	0,21	0	-5	-85	0	-175
963	31.07.2023 15:59:02,000	13,47	0,21	1	-5	-84	0	-175
964	31.07.2023 15:59:03,000	13,47	0,21	0	-5	-85	0	-175
965	31.07.2023 15:59:04,000	13,47	0,21	1	-4	-84	0	-176
966	31.07.2023 15:59:05,000	13,47	0,21	1	-4	-85	0	-176
967	31.07.2023 15:59:06,000	13,50	0,21	2	-4	-84	0	-176
968	31.07.2023 15:59:07,000	13,50	0,21	0	-5	-84	0	-175
969	31.07.2023 15:59:08,000	13,50	0,23	0	-5	-85	0	-175
970	31.07.2023 15:59:09,000	13,50	0,21	1	-4	-85	0	-176
971	31.07.2023 15:59:10,000	13,50	0,23	2	-4	-84	0	-175
972	31.07.2023 15:59:11,000	13,53	0,21	2	-4	-84	0	-176
973	31.07.2023 15:59:12,000	13,53	0,21	2	-4	-84	0	-176
974	31.07.2023 15:59:13,000	13,53	0,18	0	-5	-85	0	-175
975	31.07.2023 15:59:14,000	13,53	0,21	-1	-5	-84	0	-175
976	31.07.2023 15:59:15,000	13,56	0,18	0	-5	-85	0	-175
977	31.07.2023 15:59:16,000	13,56	0,18	1	-4	-85	0	-176
978	31.07.2023 15:59:17,000	13,56	0,18	3	-3	-83	0	-177
979	31.07.2023 15:59:18,000	13,56	0,21	3	-4	-83	0	-176
980	31.07.2023 15:59:19,000	13,59	0,18	0	-5	-85	0	-175
981	31.07.2023 15:59:20,000	13,59	0,21	-1	-5	-84	0	-175
982	31.07.2023 15:59:21,000	13,59	0,18	0	-5	-85	0	-175
983	31.07.2023 15:59:22,000	13,62	0,21	2	-4	-84	0	-176
984	31.07.2023 15:59:23,000	13,62	0,18	3	-4	-83	0	-176
985	31.07.2023 15:59:24,000	13,62	0,18	2	-4	-84	0	-176
986	31.07.2023 15:59:25,000	13,62	0,21	0	-4	-85	0	-176
987	31.07.2023 15:59:26,000	13,62	0,21	0	-5	-84	0	-175
988	31.07.2023 15:59:27,000	13,66	0,23	1	-5	-84	0	-175
989	31.07.2023 15:59:28,000	13,66	0,21	2	-3	-85	0	-177
990	31.07.2023 15:59:29,000	13,66	0,21	2	-4	-83	0	-176
991	31.07.2023 15:59:30,000	13,66	0,21	2	-5	-84	0	-175
992	31.07.2023 15:59:31,000	13,69	0,21	0	-4	-85	0	-176
993	31.07.2023 15:59:32,000	13,69	0,21	0	-4	-85	0	-176
994	31.07.2023 15:59:33,000	13,69	0,21	0	-5	-85	0	-175
995	31.07.2023 15:59:34,000	13,69	0,21	0	-5	-84	0	-175
996	31.07.2023 15:59:35,000	13,69	0,21	2	-4	-84	0	-176
997	31.07.2023 15:59:36,000	13,72	0,21	2	-4	-84	0	-176
998	31.07.2023 15:59:37,000	13,72	0,21	2	-5	-84	0	-175
999	31.07.2023 15:59:38,000	13,72	0,21	0	-5	-85	0	-175
1000	31.07.2023 15:59:39,000	13,75	0,21	-1	-5	-84	0	-175
1001	31.07.2023 15:59:40,000	13,75	0,21	1	-5	-85	0	-175
1002	31.07.2023 15:59:41,000	13,75	0,21	2	-4	-84	0	-176
1003	31.07.2023 15:59:42,000	13,75	0,21	1	-5	-84	0	-175
1004	31.07.2023 15:59:43,000	13,75	0,23	2	-4	-84	0	-176
1005	31.07.2023 15:59:44,000	13,78	0,21	1	-4	-85	0	-176
1006	31.07.2023 15:59:45,000	13,78	0,21	1	-5	-84	0	-175
1007	31.07.2023 15:59:46,000	13,78	0,21	0	-4	-85	0	-176
1008	31.07.2023 15:59:47,000	13,78	0,21	1	-5	-84	0	-175
1009	31.07.2023 15:59:48,000	13,81	0,21	2	-4	-84	0	-176
1010	31.07.2023 15:59:49,000	13,81	0,21	2	-4	-84	0	-176
1011	31.07.2023 15:59:50,000	13,81	0,18	1	-4	-84	0	-176
1012	31.07.2023 15:59:51,000	13,81	0,18	1	-5	-85	0	-175
1013	31.07.2023 15:59:52,000	13,81	0,18	1	-5	-85	0	-175
1014	31.07.2023 15:59:53,000	13,84	0,21	-1	-5	-84	0	-175
1015	31.07.2023 15:59:54,000	13,84	0,21	1	-5	-85	0	-175
1016	31.07.2023 15:59:55,000	13,84	0,21	2	-4	-84	0	-176
1017	31.07.2023 15:59:56,000	13,84	0,23	3	-4	-84	0	-176
1018	31.07.2023 15:59:57,000	13,87	0,21	1	-5	-85	0	-175
1019	31.07.2023 15:59:58,000	13,87	0,21	1	-5	-85	0	-175
1020	31.07.2023 15:59:59,000	13,87	0,21	0	-5	-85	0	-175
1021	31.07.2023 16:00:00,000	13,87	0,18	1	-4	-85	0	-175
1022	31.07.2023 16:00:01,000	13,87	0,23	2	-4	-84	0	-176
1023	31.07.2023 16:00:02,000	13,87	0,21	2	-4	-84	0	-176
1024	31.07.2023 16:00:03,000	13,91	0,21	1	-5	-84	0	-175
1025	31.07.2023 16:00:04,000	13,91	0,21	0	-4	-85	0	-176
1026	31.07.2023 16:00:05,000	13,91	0,21	1	-4	-85	0	-176
1027	31.07.2023 16:00:06,000	13,91	0,23	2	-4	-83	0	-176
1028	31.07.2023 16:00:07,000	13,91	0,21	2	-4	-84	0	-176
1029	31.07.2023 16:00:08,000	13,94	0,21	0	-4	-85	0	-176
1030	31.07.2023 16:00:09,000	13,94	0,21	1	-5	-84	0	-175
1031	31.07.2023 16:00:10,000	13,94	0,21	1	-4	-85	0	-176
1032	31.07.2023 16:00:11,000	13,94	0,21	2	-4	-85	0	-176
1033	31.07.2023 16:00:12,000	13,94	0,18	2	-4	-83	0	-176
1034	31.07.2023 16:00:13,000	13,97	0,21	1	-5	-85	0	-175
1035	31.07.2023 16:00:14,000	13,97	0,21	1	-4	-85	0	-176
1036	31.07.2023 16:00:15,000	13,97	0,18	1	-4	-84	0	-176
1037	31.07.2023 16:00:16,000	13,97	0,21	1	-5	-84	0	-175
1038	31.07.2023 16:00:17,000	13,97	0,18	2	-4	-83	0	-176
1039	31.07.2023 16:00:18,000	14,00	0,18	2	-4	-84	0	-176
1040	31.07.2023 16:00:19,000	14,00	0,18	1	-4	-85	0	-176
1041	31.07.2023 16:00:20,000	14,00	0,18	1	-5	-84	0	-175
1042	31.07.2023 16:00:21,000	14,00	0,18	1	-5	-85	0	-175
1043	31.07.2023 16:00:22,000	14,03	0,21	1	-4	-84	0	-176
1044	31.07.2023 16:00:23,000	14,03	0,21	2	-4	-84	0	-176
1045	31.07.2023 16:00:24,000	14,03	0,21	1	-5	-85	0	-175
1046	31.07.2023 16:00:25,000	14,03	0,21	1	-5	-85	0	-175
1047	31.07.2023 16:00:26,000	14,06	0,21	3	-4	-83	0	-176
1048	31.07.2023 16:00:27,000	14,06	0,21	3	-4	-83	0	-176
1049	31.07.2023 16:00:28,000	14,06	0,18	0	-4	-86	0	-176
1050	31.07.2023 16:00:29,000	14,09	0,21	0	-6	-84	0	-174
1051	31.07.2023 16:00:30,000	14,09	0,18	1	-5	-84	0	-175
1052	31.07.2023 16:00:31,000	14,09	0,21	1	-4	-86	0	-176
1053	31.07.2023 16:00:32,000	14,09	0,21	2	-4	-84	0	-176
1054	31.07.2023 16:00:33,000	14,12	0,18	1	-5	-84	0	-175
1055	31.07.2023 16:00:34,000	14,12	0,21	2	-4	-84	0	-176
1056	31.07.2023 16:00:35,000	14,12	0,18	2	-4	-85	0	-176
1057	31.07.2023 16:00:36,000	14,12	0,21	1	-5	-84	0	-175
1058	31.07.2023 16:00:37,000	14,12	0,18	1	-5	-84	0	-175
1059	31.07.2023 16:00:38,000	14,15	0,18	1	-4	-85	0	-176
1060	31.07.2023 16:00:39,000	14,15	0,18	1	-5	-84	0	-175
1061	31.07.2023 16:00:40,000	14,15	0,18	1	-5	-84	0	-175
1062	31.07.2023 16:00:41,000	14,15	0,18	2	-4	-84	0	-176
1063	31.07.2023 16:00:42,000	14,19	0,18	2	-4	-84	0	-176
1064	31.07.2023 16:00:43,000	14,19	0,18	2	-4	-84	0	-176
1065	31.07.2023 16:00:44,000	14,19	0,21	0	-5	-85	0	-175
1066	31.07.2023 16:00:45,000	14,19	0,18	0	-5	-85	0	-175
1067	31.07.2023 16:00:46,000	14,19	0,18	2	-5	-84	0	-175
1068	31.07.2023 16:00:47,000	14,22	0,18	3	-3	-84	0	-177
1069	31.07.2023 16:00:48,000	14,22	0,18	2	-4	-84	0	-176
1070	31.07.2023 16:00:49,000	14,22	0,18	1	-5	-84	0	-175
1071	31.07.2023 16:00:50,000	14,22	0,18	-1	-5	-84	0	-174
1072	31.07.2023 16:00:51,000	14,22	0,18	1	-5	-84	0	-175
1073	31.07.2023 16:00:52,000	14,25	0,21	2	-3	-84	0	-177
1074	31.07.2023 16:00:53,000	14,25	0,21	3	-4	-84	0	-176
1075	31.07.2023 16:00:54,000	14,25	0,18	2	-4	-84	0	-176
1076	31.07.2023 16:00:55,000	14,25	0,21	0	-5	-85	0	-175
1077	31.07.2023 16:00:56,000	14,28	0,21	0	-5	-84	0	-175
1078	31.07.2023 16:00:57,000	14,28	0,18	1	-4	-85	0	-176
1079	31.07.2023 16:00:58,000	14,28	0,21	3	-4	-84	0	-176
1080	31.07.2023 16:00:59,000	14,28	0,21	2	-4	-83	0	-176
1081	31.07.2023 16:01:00,000	14,31	0,18	1	-4	-85	0	-176
1082	31.07.2023 16:01:01,000	14,31	0,21	0	-5	-85	0	-175
1083	31.07.2023 16:01:02,000	14,31	0,18	0	-5	-84	0	-175
1084	31.07.2023 16:01:03,000	14,31	0,18	2	-4	-84	0	-176
1085	31.07.2023 16:01:04,000	14,31	0,18	2	-4	-84	0	-176
1086	31.07.2023 16:01:05,000	14,34	0,18	2	-4	-84	0	-176
1087	31.07.2023 16:01:06,000	14,34	0,21	1	-5	-84	0	-175
1088	31.07.2023 16:01:07,000	14,34	0,21	0	-5	-85	0	-175
1089	31.07.2023 16:01:08,000	14,34	0,21	1	-4	-85	0	-176
1090	31.07.2023 16:01:09,000	14,37	0,21	2	-4	-84	0	-176
1091	31.07.2023 16:01:10,000	14,37	0,18	1	-4	-85	0	-176
1092	31.07.2023 16:01:11,000	14,37	0,18	1	-5	-84	0	-175
1093	31.07.2023 16:01:12,000	14,37	0,18	1	-5	-84	0	-175
1094	31.07.2023 16:01:13,000	14,37	0,18	1	-4	-85	0	-176
1095	31.07.2023 16:01:14,000	14,37	0,18	2	-4	-84	0	-176
1096	31.07.2023 16:01:15,000	14,37	0,18	0	-5	-85	0	-175
1097	31.07.2023 16:01:16,000	14,40	0,18	1	-5	-84	0	-175
1098	31.07.2023 16:01:17,000	14,40	0,16	2	-4	-84	0	-176
1099	31.07.2023 16:01:18,000	14,40	0,18	2	-4	-84	0	-176
1100	31.07.2023 16:01:19,000	14,40	0,18	2	-4	-83	0	-176
1101	31.07.2023 16:01:20,000	14,40	0,16	0	-5	-85	0	-175
1102	31.07.2023 16:01:21,000	14,43	0,21	0	-5	-85	0	-175
1103	31.07.2023 16:01:22,000	14,43	0,21	1	-5	-84	0	-175
1104	31.07.2023 16:01:23,000	14,43	0,21	1	-4	-85	0	-176
1105	31.07.2023 16:01:24,000	14,43	0,21	3	-4	-83	0	-176
1106	31.07.2023 16:01:25,000	14,43	0,21	2	-4	-83	0	-176
1107	31.07.2023 16:01:26,000	14,43	0,18	1	-4	-85	0	-176
1108	31.07.2023 16:01:27,000	14,46	0,23	0	-5	-85	0	-175
1109	31.07.2023 16:01:28,000	14,46	0,21	0	-6	-84	0	-174
1110	31.07.2023 16:01:29,000	14,46	0,21	2	-5	-84	0	-175
1111	31.07.2023 16:01:30,000	14,46	0,21	2	-3	-85	0	-177
1112	31.07.2023 16:01:31,000	14,50	0,18	1	-4	-85	0	-176
1113	31.07.2023 16:01:32,000	14,50	0,21	2	-6	-82	0	-174
1114	31.07.2023 16:01:33,000	14,50	0,18	1	-4	-85	0	-176
1115	31.07.2023 16:01:34,000	14,50	0,21	1	-4	-85	0	-176
1116	31.07.2023 16:01:35,000	14,50	0,18	2	-4	-84	0	-176
1117	31.07.2023 16:01:36,000	14,53	0,18	1	-5	-84	0	-175
1118	31.07.2023 16:01:37,000	14,53	0,21	1	-4	-85	0	-176
1119	31.07.2023 16:01:38,000	14,53	0,18	1	-4	-85	0	-176
1120	31.07.2023 16:01:39,000	14,53	0,18	2	-4	-84	0	-176
1121	31.07.2023 16:01:40,000	14,53	0,18	2	-4	-84	0	-176
1122	31.07.2023 16:01:41,000	14,56	0,18	1	-5	-85	0	-175
1123	31.07.2023 16:01:42,000	14,56	0,18	1	-4	-84	0	-176
1124	31.07.2023 16:01:43,000	14,56	0,18	1	-5	-84	0	-175
1125	31.07.2023 16:01:44,000	14,56	0,18	1	-4	-84	0	-176
1126	31.07.2023 16:01:45,000	14,56	0,18	1	-4	-85	0	-176
1127	31.07.2023 16:01:46,000	14,59	0,18	2	-4	-84	0	-176
1128	31.07.2023 16:01:47,000	14,59	0,18	2	-5	-84	0	-175
1129	31.07.2023 16:01:48,000	14,59	0,18	1	-4	-85	0	-176
1130	31.07.2023 16:01:49,000	14,59	0,18	0	-5	-85	0	-175
1131	31.07.2023 16:01:50,000	14,59	0,18	2	-4	-84	0	-176
1132	31.07.2023 16:01:51,000	14,62	0,21	2	-4	-84	0	-176
1133	31.07.2023 16:01:52,000	14,62	0,21	2	-5	-84	0	-175
1134	31.07.2023 16:01:53,000	14,62	0,18	1	-4	-85	0	-176
1135	31.07.2023 16:01:54,000	14,62	0,21	1	-4	-85	0	-176
1136	31.07.2023 16:01:55,000	14,62	0,21	0	-5	-85	0	-175
1137	31.07.2023 16:01:56,000	14,62	0,21	1	-5	-84	0	-175
1138	31.07.2023 16:01:57,000	14,65	0,21	2	-5	-83	0	-175
1139	31.07.2023 16:01:58,000	14,65	0,18	3	-3	-84	0	-177
1140	31.07.2023 16:01:59,000	14,65	0,21	2	-3	-85	0	-177
1141	31.07.2023 16:02:00,000	14,65	0,21	0	-5	-84	0	-175
1142	31.07.2023 16:02:01,000	14,68	0,21	0	-5	-85	0	-175
1143	31.07.2023 16:02:02,000	14,68	0,18	0	-5	-85	0	-175
1144	31.07.2023 16:02:03,000	14,68	0,18	2	-4	-84	0	-176
1145	31.07.2023 16:02:04,000	14,68	0,18	2	-3	-84	0	-177
1146	31.07.2023 16:02:05,000	14,68	0,18	2	-4	-84	0	-175
1147	31.07.2023 16:02:06,000	14,71	0,18	0	-5	-85	0	-175
1148	31.07.2023 16:02:07,000	14,71	0,18	-1	-4	-85	0	-176
1149	31.07.2023 16:02:08,000	14,71	0,21	1	-5	-84	0	-175
1150	31.07.2023 16:02:09,000	14,71	0,21	3	-5	-83	0	-175
1151	31.07.2023 16:02:10,000	14,71	0,21	3	-3	-84	0	-177
1152	31.07.2023 16:02:11,000	14,74	0,18	1	-4	-85	0	-176
1153	31.07.2023 16:02:12,000	14,74	0,18	0	-5	-85	0	-175
1154	31.07.2023 16:02:13,000	14,74	0,16	0	-5	-85	0	-175
1155	31.07.2023 16:02:14,000	14,74	0,18	1	-4	-84	0	-176
1156	31.07.2023 16:02:15,000	14,77	0,18	2	-4	-84	0	-176
1157	31.07.2023 16:02:16,000	14,77	0,18	2	-4	-84	0	-176
1158	31.07.2023 16:02:17,000	14,77	0,18	1	-4	-85	0	-176
1159	31.07.2023 16:02:18,000	14,77	0,18	2	-4	-84	0	-176
1160	31.07.2023 16:02:19,000	14,77	0,18	1	-5	-84	0	-175
1161	31.07.2023 16:02:20,000	14,81	0,18	1	-4	-85	0	-176
1162	31.07.2023 16:02:21,000	14,81	0,18	1	-4	-85	0	-176
1163	31.07.2023 16:02:22,000	14,81	0,18	2	-4	-84	0	-176
1164	31.07.2023 16:02:23,000	14,81	0,18	2	-4	-84	0	-175
1165	31.07.2023 16:02:24,000	14,81	0,16	2	-4	-84	0	-176
1166	31.07.2023 16:02:25,000	14,81	0,18	1	-4	-85	0	-176
1167	31.07.2023 16:02:26,000	14,84	0,21	0	-5	-85	0	-175
1168	31.07.2023 16:02:27,000	14,84	0,21	1	-5	-84	0	-175
1169	31.07.2023 16:02:28,000	14,84	0,21	1	-4	-84	0	-176
1170	31.07.2023 16:02:29,000	14,84	0,18	2	-4	-84	0	-176
1171	31.07.2023 16:02:30,000	14,87	0,21	1	-4	-85	0	-176
1172	31.07.2023 16:02:31,000	14,87	0,21	1	-4	-85	0	-176
1173	31.07.2023 16:02:32,000	14,87	0,18	2	-5	-84	0	-175
1174	31.07.2023 16:02:33,000	14,87	0,18	2	-4	-84	0	-176
1175	31.07.2023 16:02:34,000	14,87	0,21	2	-4	-84	0	-176
1176	31.07.2023 16:02:35,000	14,87	0,18	2	-4	-85	0	-176
1177	31.07.2023 16:02:36,000	14,87	0,21	0	-5	-85	0	-175
1178	31.07.2023 16:02:37,000	14,87	0,21	0	-5	-85	0	-175
1179	31.07.2023 16:02:38,000	14,87	0,21	0	-5	-85	0	-175
1180	31.07.2023 16:02:39,000	14,90	0,21	2	-4	-84	0	-176
1181	31.07.2023 16:02:40,000	14,90	0,21	2	-4	-84	0	-176
1182	31.07.2023 16:02:41,000	14,90	0,18	2	-4	-84	0	-176
1183	31.07.2023 16:02:42,000	14,90	0,21	1	-5	-84	0	-175
1184	31.07.2023 16:02:43,000	14,93	0,18	0	-5	-85	0	-175
1185	31.07.2023 16:02:44,000	14,93	0,18	1	-4	-85	0	-176
1186	31.07.2023 16:02:45,000	14,93	0,18	2	-5	-83	0	-175
1187	31.07.2023 16:02:46,000	14,93	0,21	0	-4	-86	0	-176
1188	31.07.2023 16:02:47,000	14,93	0,18	1	-4	-85	0	-176
1189	31.07.2023 16:02:48,000	14,96	0,18	1	-6	-83	0	-174
1190	31.07.2023 16:02:49,000	14,96	0,18	2	-4	-85	0	-176
1191	31.07.2023 16:02:50,000	14,96	0,18	3	-4	-84	0	-176
1192	31.07.2023 16:02:51,000	14,96	0,18	1	-4	-85	0	-176
1193	31.07.2023 16:02:52,000	14,96	0,21	0	-5	-85	0	-175
1194	31.07.2023 16:02:53,000	14,96	0,18	1	-6	-84	0	-174
1195	31.07.2023 16:02:54,000	14,99	0,18	1	-4	-85	0	-176
1196	31.07.2023 16:02:55,000	14,99	0,18	1	-4	-85	0	-176
1197	31.07.2023 16:02:56,000	14,99	0,18	2	-5	-84	0	-175
1198	31.07.2023 16:02:57,000	14,99	0,16	1	-5	-84	0	-175
1199	31.07.2023 16:02:58,000	14,99	0,18	1	-4	-85	0	-176
1200	31.07.2023 16:02:59,000	14,99	0,18	1	-4	-85	0	-176
1201	31.07.2023 16:03:00,000	15,02	0,21	2	-5	-83	0	-175
1202	31.07.2023 16:03:01,000	15,02	0,21	2	-4	-84	0	-176
1203	31.07.2023 16:03:02,000	15,02	0,21	1	-3	-86	0	-177
1204	31.07.2023 16:03:03,000	15,02	0,21	1	-5	-84	0	-175
1205	31.07.2023 16:03:04,000	15,02	0,21	1	-5	-84	0	-175
1206	31.07.2023 16:03:05,000	15,05	0,21	0	-4	-85	0	-176
1207	31.07.2023 16:03:06,000	15,05	0,21	2	-5	-84	0	-175
1208	31.07.2023 16:03:07,000	15,05	0,18	2	-4	-85	0	-176
1209	31.07.2023 16:03:08,000	15,05	0,21	1	-4	-84	0	-176
1210	31.07.2023 16:03:09,000	15,05	0,21	2	-5	-83	0	-175
1211	31.07.2023 16:03:10,000	15,05	0,21	2	-4	-85	0	-176
1212	31.07.2023 16:03:11,000	15,08	0,18	1	-4	-85	0	-176
1213	31.07.2023 16:03:12,000	15,08	0,18	1	-5	-85	0	-175
1214	31.07.2023 16:03:13,000	15,08	0,18	0	-5	-85	0	-175
1215	31.07.2023 16:03:14,000	15,08	0,18	1	-5	-85	0	-175
1216	31.07.2023 16:03:15,000	15,08	0,18	2	-4	-85	0	-176
1217	31.07.2023 16:03:16,000	15,11	0,18	2	-4	-84	0	-176
1218	31.07.2023 16:03:17,000	15,11	0,18	2	-5	-84	0	-175
1219	31.07.2023 16:03:18,000	15,11	0,18	2	-4	-84	0	-176
1220	31.07.2023 16:03:19,000	15,11	0,21	0	-5	-85	0	-175
1221	31.07.2023 16:03:20,000	15,11	0,18	1	-5	-84	0	-175
1222	31.07.2023 16:03:21,000	15,11	0,18	1	-5	-85	0	-175
1223	31.07.2023 16:03:22,000	15,14	0,18	1	-4	-85	0	-176
1224	31.07.2023 16:03:23,000	15,14	0,18	1	-4	-84	0	-176
1225	31.07.2023 16:03:24,000	15,14	0,16	2	-4	-84	0	-176
1226	31.07.2023 16:03:25,000	15,14	0,21	1	-4	-85	0	-176
1227	31.07.2023 16:03:26,000	15,14	0,18	2	-5	-84	0	-175
1228	31.07.2023 16:03:27,000	15,17	0,18	2	-4	-84	0	-176
1229	31.07.2023 16:03:28,000	15,17	0,21	2	-4	-85	0	-176
1230	31.07.2023 16:03:29,000	15,17	0,16	1	-4	-85	0	-175
1231	31.07.2023 16:03:30,000	15,17	0,18	0	-5	-85	0	-175
1232	31.07.2023 16:03:31,000	15,17	0,18	0	-5	-85	0	-175
1233	31.07.2023 16:03:32,000	15,17	0,18	2	-4	-84	0	-176
1234	31.07.2023 16:03:33,000	15,21	0,18	2	-4	-84	0	-176
1235	31.07.2023 16:03:34,000	15,21	0,16	3	-4	-83	0	-176
1236	31.07.2023 16:03:35,000	15,21	0,18	2	-4	-84	0	-175
1237	31.07.2023 16:03:36,000	15,21	0,18	0	-4	-85	0	-176
1238	31.07.2023 16:03:37,000	15,21	0,18	-1	-5	-85	0	-175
1239	31.07.2023 16:03:38,000	15,21	0,18	1	-5	-84	0	-175
1240	31.07.2023 16:03:39,000	15,24	0,21	2	-4	-84	0	-176
1241	31.07.2023 16:03:40,000	15,24	0,21	3	-4	-84	0	-176
1242	31.07.2023 16:03:41,000	15,24	0,21	2	-4	-84	0	-176
1243	31.07.2023 16:03:42,000	15,24	0,18	0	-5	-85	0	-175
1244	31.07.2023 16:03:43,000	15,24	0,21	0	-6	-84	0	-174
1245	31.07.2023 16:03:44,000	15,27	0,18	2	-4	-84	0	-176
1246	31.07.2023 16:03:45,000	15,27	0,18	2	-3	-85	0	-177
1247	31.07.2023 16:03:46,000	15,27	0,18	2	-4	-84	0	-176
1248	31.07.2023 16:03:47,000	15,27	0,21	1	-5	-84	0	-175
1249	31.07.2023 16:03:48,000	15,27	0,21	0	-5	-85	0	-175
1250	31.07.2023 16:03:49,000	15,27	0,21	0	-5	-85	0	-175
1251	31.07.2023 16:03:50,000	15,30	0,18	1	-4	-85	0	-176
1252	31.07.2023 16:03:51,000	15,30	0,21	2	-4	-84	0	-176
1253	31.07.2023 16:03:52,000	15,30	0,18	3	-5	-82	0	-175
1254	31.07.2023 16:03:53,000	15,30	0,18	2	-4	-84	0	-176
1255	31.07.2023 16:03:54,000	15,30	0,18	1	-4	-86	0	-176
1256	31.07.2023 16:03:55,000	15,30	0,21	1	-5	-84	0	-175
1257	31.07.2023 16:03:56,000	15,30	0,18	1	-5	-84	0	-175
1258	31.07.2023 16:03:57,000	15,33	0,21	1	-4	-85	0	-176
1259	31.07.2023 16:03:58,000	15,33	0,18	3	-4	-83	0	-176
1260	31.07.2023 16:03:59,000	15,33	0,18	1	-4	-85	0	-176
1261	31.07.2023 16:04:00,000	15,33	0,18	1	-4	-84	0	-176
1262	31.07.2023 16:04:01,000	15,33	0,18	1	-5	-84	0	-175
1263	31.07.2023 16:04:02,000	15,36	0,18	1	-4	-85	0	-176
1264	31.07.2023 16:04:03,000	15,36	0,18	2	-4	-84	0	-176
1265	31.07.2023 16:04:04,000	15,36	0,18	2	-4	-84	0	-176
1266	31.07.2023 16:04:05,000	15,36	0,18	2	-4	-83	0	-175
1267	31.07.2023 16:04:06,000	15,36	0,18	1	-4	-85	0	-175
1268	31.07.2023 16:04:07,000	15,36	0,18	0	-5	-85	0	-175
1269	31.07.2023 16:04:08,000	15,36	0,18	1	-4	-85	0	-176
1270	31.07.2023 16:04:09,000	15,36	0,18	2	-5	-83	0	-175
1271	31.07.2023 16:04:10,000	15,39	0,18	2	-4	-83	0	-176
1272	31.07.2023 16:04:11,000	15,39	0,18	2	-4	-85	0	-176
1273	31.07.2023 16:04:12,000	15,39	0,16	1	-4	-85	0	-176
1274	31.07.2023 16:04:13,000	15,39	0,18	0	-5	-84	0	-175
1275	31.07.2023 16:04:14,000	15,39	0,18	2	-4	-84	0	-176
1276	31.07.2023 16:04:15,000	15,39	0,18	1	-4	-85	0	-176
1277	31.07.2023 16:04:16,000	15,39	0,16	1	-4	-84	0	-176
1278	31.07.2023 16:04:17,000	15,39	0,16	2	-5	-83	0	-175
1279	31.07.2023 16:04:18,000	15,42	0,21	2	-4	-84	0	-176
1280	31.07.2023 16:04:19,000	15,42	0,21	1	-4	-85	0	-176
1281	31.07.2023 16:04:20,000	15,42	0,21	0	-5	-85	0	-175
1282	31.07.2023 16:04:21,000	15,42	0,18	1	-5	-84	0	-175
1283	31.07.2023 16:04:22,000	15,42	0,18	2	-4	-84	0	-176
1284	31.07.2023 16:04:23,000	15,42	0,21	2	-4	-84	0	-176
1285	31.07.2023 16:04:24,000	15,45	0,21	2	-4	-83	0	-176
1286	31.07.2023 16:04:25,000	15,45	0,18	-1	-5	-85	0	-175
1287	31.07.2023 16:04:26,000	15,45	0,21	-1	-5	-84	0	-175
1288	31.07.2023 16:04:27,000	15,45	0,21	1	-4	-85	0	-176
1289	31.07.2023 16:04:28,000	15,45	0,18	1	-4	-85	0	-176
1290	31.07.2023 16:04:29,000	15,45	0,18	2	-4	-84	0	-176
1291	31.07.2023 16:04:30,000	15,48	0,21	2	-4	-84	0	-176
1292	31.07.2023 16:04:31,000	15,48	0,18	1	-4	-86	0	-176
1293	31.07.2023 16:04:32,000	15,48	0,18	1	-4	-85	0	-176
1294	31.07.2023 16:04:33,000	15,48	0,21	1	-4	-85	0	-175
1295	31.07.2023 16:04:34,000	15,48	0,18	1	-4	-85	0	-176
1296	31.07.2023 16:04:35,000	15,48	0,18	3	-3	-84	0	-176
1297	31.07.2023 16:04:36,000	15,48	0,18	2	-4	-84	0	-176
1298	31.07.2023 16:04:37,000	15,51	0,18	1	-4	-85	0	-176
1299	31.07.2023 16:04:38,000	15,51	0,18	0	-4	-85	0	-176
1300	31.07.2023 16:04:39,000	15,51	0,21	1	-5	-85	0	-175
1301	31.07.2023 16:04:40,000	15,51	0,18	1	-4	-85	0	-176
1302	31.07.2023 16:04:41,000	15,51	0,18	4	-4	-83	0	-176
1303	31.07.2023 16:04:42,000	15,54	0,18	2	-4	-84	0	-176
1304	31.07.2023 16:04:43,000	15,54	0,18	1	-4	-84	0	-176
1305	31.07.2023 16:04:44,000	15,54	0,18	0	-5	-85	0	-175
1306	31.07.2023 16:04:45,000	15,54	0,18	0	-4	-86	0	-176
1307	31.07.2023 16:04:46,000	15,54	0,18	2	-4	-84	0	-176
1308	31.07.2023 16:04:47,000	15,54	0,18	2	-4	-84	0	-176
1309	31.07.2023 16:04:48,000	15,54	0,18	2	-4	-85	0	-176
1310	31.07.2023 16:04:49,000	15,57	0,18	1	-4	-84	0	-176
1311	31.07.2023 16:04:50,000	15,57	0,18	1	-5	-84	0	-175
1312	31.07.2023 16:04:51,000	15,57	0,18	2	-4	-85	0	-176
1313	31.07.2023 16:04:52,000	15,57	0,16	2	-4	-84	0	-176
1314	31.07.2023 16:04:53,000	15,57	0,18	1	-5	-84	0	-175
1315	31.07.2023 16:04:54,000	15,57	0,16	0	-5	-85	0	-175
1316	31.07.2023 16:04:55,000	15,57	0,16	1	-5	-84	0	-175
1317	31.07.2023 16:04:56,000	15,60	0,16	1	-3	-85	0	-177
1318	31.07.2023 16:04:57,000	15,60	0,18	2	-4	-84	0	-176
1319	31.07.2023 16:04:58,000	15,60	0,16	1	-5	-85	0	-175
1320	31.07.2023 16:04:59,000	15,60	0,18	1	-4	-84	0	-176
1321	31.07.2023 16:05:00,000	15,60	0,18	2	-4	-84	0	-176
1322	31.07.2023 16:05:01,000	15,60	0,18	1	-4	-85	0	-176
1323	31.07.2023 16:05:02,000	15,63	0,21	2	-4	-84	0	-176
1324	31.07.2023 16:05:03,000	15,63	0,21	1	-5	-84	0	-175
1325	31.07.2023 16:05:04,000	15,63	0,21	1	-5	-85	0	-175
1326	31.07.2023 16:05:05,000	15,63	0,21	1	-4	-85	0	-176
1327	31.07.2023 16:05:06,000	15,63	0,18	2	-4	-85	0	-176
1328	31.07.2023 16:05:07,000	15,63	0,21	2	-4	-84	0	-176
1329	31.07.2023 16:05:08,000	15,63	0,18	2	-5	-83	0	-175
1330	31.07.2023 16:05:09,000	15,66	0,18	2	-5	-84	0	-175
1331	31.07.2023 16:05:10,000	15,66	0,18	1	-3	-86	0	-177
1332	31.07.2023 16:05:11,000	15,66	0,18	1	-4	-84	0	-176
1333	31.07.2023 16:05:12,000	15,66	0,18	2	-5	-84	0	-175
1334	31.07.2023 16:05:13,000	15,66	0,21	3	-3	-84	0	-177
1335	31.07.2023 16:05:14,000	15,66	0,18	3	-5	-83	0	-175
1336	31.07.2023 16:05:15,000	15,66	0,21	1	-4	-85	0	-176
1337	31.07.2023 16:05:16,000	15,70	0,18	1	-3	-86	0	-177
1338	31.07.2023 16:05:17,000	15,70	0,18	2	-5	-83	0	-175
1339	31.07.2023 16:05:18,000	15,70	0,18	2	-5	-83	0	-175
1340	31.07.2023 16:05:19,000	15,70	0,18	2	-4	-85	0	-176
1341	31.07.2023 16:05:20,000	15,70	0,18	2	-4	-84	0	-176
1342	31.07.2023 16:05:21,000	15,70	0,18	2	-4	-83	0	-175
1343	31.07.2023 16:05:22,000	15,73	0,18	2	-5	-84	0	-175
1344	31.07.2023 16:05:23,000	15,73	0,18	1	-4	-85	0	-176
1345	31.07.2023 16:05:24,000	15,73	0,18	2	-3	-85	0	-177
1346	31.07.2023 16:05:25,000	15,73	0,18	3	-4	-82	0	-176
1347	31.07.2023 16:05:26,000	15,73	0,18	4	-4	-82	0	-175
1348	31.07.2023 16:05:27,000	15,73	0,18	-37	-10	-42	1	-165
1349	31.07.2023 16:05:28,000	15,76	0,18	-58	-13	-18	0	-144
1350	31.07.2023 16:05:29,000	15,76	0,16	-57	-18	-15	0	-131
1351	31.07.2023 16:05:30,000	15,76	0,16	-57	-12	-21	0	-149
1352	31.07.2023 16:05:31,000	15,79	0,18	-50	-15	-25	0	-149
1353	31.07.2023 16:05:32,000	15,79	0,18	-56	-13	-21	0	-147
1354	31.07.2023 16:05:33,000	15,79	0,18	-51	-12	-27	0	-155
1355	31.07.2023 16:05:34,000	15,79	0,18	-48	20	-22	0	136
1356	31.07.2023 16:05:35,000	15,79	0,16	-54	-7	-29	1	-167
1357	31.07.2023 16:05:36,000	15,82	0,18	-76	1	-13	0	-167
1358	31.07.2023 16:05:37,000	15,82	0,18	-62	-15	-13	0	-167
1359	31.07.2023 16:05:38,000	15,82	0,18	-56	-14	-21	0	-146
1360	31.07.2023 16:05:39,000	15,82	0,18	-52	-14	-23	0	-148
1361	31.07.2023 16:05:40,000	15,82	0,18	-59	-13	-18	0	-148
1362	31.07.2023 16:05:41,000	15,85	0,18	-72	-13	-5	0	-148
1363	31.07.2023 16:05:42,000	15,85	0,18	-62	-20	-8	0	-148
1364	31.07.2023 16:05:43,000	15,85	0,18	-57	-20	-13	0	-123
1365	31.07.2023 16:05:44,000	15,85	0,18	-70	-14	-6	1	-123
1366	31.07.2023 16:05:45,000	15,85	0,18	-57	-25	-8	1	-109
1367	31.07.2023 16:05:46,000	15,85	0,16	-65	-10	-15	0	-109
1368	31.07.2023 16:05:47,000	15,85	0,18	-57	-15	-18	0	-139
1369	31.07.2023 16:05:48,000	15,88	0,18	-58	-13	-19	0	-144
1370	31.07.2023 16:05:49,000	15,88	0,18	-54	-13	-22	0	-148
1371	31.07.2023 16:05:50,000	15,88	0,18	-51	-14	-25	0	-151
1372	31.07.2023 16:05:51,000	15,88	0,18	-50	-13	-26	0	-152
1373	31.07.2023 16:05:52,000	15,91	0,16	-50	-15	-25	0	-149
1374	31.07.2023 16:05:53,000	15,91	0,16	-52	-13	-25	0	-152
1375	31.07.2023 16:05:54,000	15,91	0,18	-55	-6	-30	1	-168
1376	31.07.2023 16:05:55,000	15,91	0,16	-61	-19	-10	0	-168
1377	31.07.2023 16:05:56,000	15,91	0,18	-47	-13	-30	1	-156
1378	31.07.2023 16:05:57,000	15,91	0,16	-17	-6	-67	0	-174
1379	31.07.2023 16:05:58,000	15,91	0,18	-2	-26	-62	1	-154
1380	31.07.2023 16:05:59,000	15,94	0,18	3	-34	-53	0	-144
1381	31.07.2023 16:06:00,000	15,94	0,16	0	-34	-56	0	-146
1382	31.07.2023 16:06:01,000	15,94	0,16	-7	-38	-45	0	-139
1383	31.07.2023 16:06:02,000	15,94	0,18	-26	2	-62	0	178
1384	31.07.2023 16:06:03,000	15,94	0,18	-12	-15	-63	0	-163
1385	31.07.2023 16:06:04,000	15,94	0,16	-13	-36	-41	0	-138
1386	31.07.2023 16:06:05,000	15,97	0,18	-33	-6	-51	0	-173
1387	31.07.2023 16:06:06,000	15,97	0,18	-28	-21	41	0	-29
1388	31.07.2023 16:06:07,000	15,97	0,18	-21	-33	36	0	-43
1389	31.07.2023 16:06:08,000	15,97	0,18	-18	-37	35	0	-46
1390	31.07.2023 16:06:09,000	15,97	0,42	-3	-40	47	0	-42
1391	31.07.2023 16:06:10,000	15,97	0,47	2	-30	57	0	-31
1392	31.07.2023 16:06:11,000	16,00	0,47	6	-29	55	0	-31
1393	31.07.2023 16:06:12,000	16,00	0,44	-18	-43	29	0	-54
1394	31.07.2023 16:06:13,000	16,00	0,44	-11	-37	42	0	-42
1395	31.07.2023 16:06:14,000	16,00	0,47	1	-30	59	0	-30
1396	31.07.2023 16:06:15,000	16,00	0,47	-27	-8	55	0	-10
1397	31.07.2023 16:06:16,000	16,00	0,47	4	16	70	0	16
1398	31.07.2023 16:06:17,000	16,03	0,48	-42	-17	32	0	-29
1399	31.07.2023 16:06:18,000	16,03	0,47	-11	-56	22	0	-65
1400	31.07.2023 16:06:19,000	16,03	0,47	53	-11	26	0	-23
1401	31.07.2023 16:06:20,000	16,03	0,42	54	-14	22	0	-33
1402	31.07.2023 16:06:21,000	16,06	0,37	34	-32	25	0	-51
1403	31.07.2023 16:06:22,000	16,12	0,37	-38	-3	-50	1	-177
1404	31.07.2023 16:06:23,000	16,18	0,37	-41	19	-30	0	147
1405	31.07.2023 16:06:24,000	16,27	0,37	-40	20	-30	0	145
1406	31.07.2023 16:06:25,000	16,34	0,33	-38	-34	18	1	-61
1407	31.07.2023 16:06:26,000	16,46	0,33	-57	-26	7	0	-75
1408	31.07.2023 16:06:27,000	16,55	0,30	-51	-8	31	0	-15
1409	31.07.2023 16:06:28,000	16,64	0,30	-56	-4	-30	0	-172
1410	31.07.2023 16:06:29,000	16,73	0,28	-17	49	24	1	61
1411	31.07.2023 16:06:30,000	16,82	0,26	-63	13	-13	0	61
1412	31.07.2023 16:06:31,000	16,91	0,21	-82	-7	0	0	61
