#B	Created:	13.07.2023 20:31:08
##	Version	SeaStar	9.05
#5	Field separation:	0
#2	Date & Time:	1
#6	Decimal point:	,
#7	Date def.:	dd.mm.yyyy	.
#8	Time def.:	:
##	Axis	0	Temperature(°C)	clRed	FALSE
##	Axis	1	Pressure(Bar)	clBlue	FALSE
##	Axis	2	Angle(°)	clGreen	FALSE
##	Axis	3	EAL	clSkyBlue	FALSE
##	Axis	4	Roll(°)	$00404080	FALSE
##	Series	0	Temp(°C)	clRed	0	Temp(°C)	2
##	Series	1	Press(Bar)	clBlue	1	Press(Bar)	2
##	Series	2	Tilt-X(°)	clGreen	2	Tilt-X(°)	0
##	Series	3	Tilt-Y(°)	$00404080	2	Tilt-Y(°)	0
##	Series	4	Tilt-Z(°)	$00FF0080	2	Tilt-Z(°)	0
##	Series	5	EAL	clSkyBlue	3	EAL	0
##	Series	6	Roll(°)	$00404080	4	Roll(°)	0
##	Recorder	28	DST tilt	1242
##	Chart	28H1242DAT	
#D	Data:	1646	13.07.2023 20:03:00	13.07.2023 20:30:25
1	13.07.2023 20:03:00,000	21,05	0,07	61	-26	-3	1	-98
2	13.07.2023 20:03:01,000	21,05	0,07	53	-3	34	0	-6
3	13.07.2023 20:03:02,000	21,05	0,07	57	-29	-4	1	-97
4	13.07.2023 20:03:03,000	21,05	0,07	63	-24	3	0	-83
5	13.07.2023 20:03:04,000	21,05	0,07	63	-21	6	0	-83
6	13.07.2023 20:03:05,000	21,05	0,04	63	-25	2	0	-86
7	13.07.2023 20:03:06,000	21,05	0,07	64	-25	1	0	-86
8	13.07.2023 20:03:07,000	21,05	0,07	69	-17	4	0	-86
9	13.07.2023 20:03:08,000	21,05	0,07	64	-22	4	1	-86
10	13.07.2023 20:03:09,000	21,05	0,07	60	-25	-5	0	-101
11	13.07.2023 20:03:10,000	21,02	0,04	69	-19	2	1	-101
12	13.07.2023 20:03:11,000	21,05	0,07	63	-17	10	1	-101
13	13.07.2023 20:03:12,000	21,02	0,04	54	-28	-7	1	-105
14	13.07.2023 20:03:13,000	21,02	0,04	64	-23	3	0	-105
15	13.07.2023 20:03:14,000	21,02	0,04	63	-24	-2	1	-96
16	13.07.2023 20:03:15,000	21,02	0,04	68	-10	12	0	-96
17	13.07.2023 20:03:16,000	21,02	0,02	55	-27	-8	1	-106
18	13.07.2023 20:03:17,000	21,02	0,04	63	-21	6	0	-106
19	13.07.2023 20:03:18,000	21,02	0,04	64	-25	1	0	-88
20	13.07.2023 20:03:19,000	21,02	0,04	64	-17	9	0	-88
21	13.07.2023 20:03:20,000	21,02	0,07	60	-26	5	1	-80
22	13.07.2023 20:03:21,000	21,02	0,04	63	-25	2	0	-86
23	13.07.2023 20:03:22,000	21,02	0,04	67	-9	13	0	-86
24	13.07.2023 20:03:23,000	20,99	0,04	64	-24	2	0	-86
25	13.07.2023 20:03:24,000	20,99	0,04	64	-25	-1	0	-86
26	13.07.2023 20:03:25,000	20,99	0,07	62	-24	4	0	-81
27	13.07.2023 20:03:26,000	20,99	0,07	66	-18	6	0	-81
28	13.07.2023 20:03:27,000	20,99	0,07	56	-27	-6	1	-103
29	13.07.2023 20:03:28,000	20,99	0,07	60	-22	8	0	-69
30	13.07.2023 20:03:29,000	20,99	0,07	65	-23	1	0	-69
31	13.07.2023 20:03:30,000	20,99	0,07	59	-21	10	0	-63
32	13.07.2023 20:03:31,000	20,99	0,07	62	-25	3	1	-84
33	13.07.2023 20:03:32,000	20,99	0,07	60	-29	0	1	-89
34	13.07.2023 20:03:33,000	20,96	0,07	59	-9	22	0	-22
35	13.07.2023 20:03:34,000	20,96	0,07	62	-28	0	1	-90
36	13.07.2023 20:03:35,000	20,96	0,07	63	-25	-1	0	-93
37	13.07.2023 20:03:36,000	20,96	0,07	65	-13	12	0	-93
38	13.07.2023 20:03:37,000	20,96	0,07	64	-25	-1	0	-92
39	13.07.2023 20:03:38,000	20,96	0,04	64	-24	2	0	-92
40	13.07.2023 20:03:39,000	20,96	0,07	62	-24	4	0	-80
41	13.07.2023 20:03:40,000	20,96	0,04	61	-25	-4	0	-99
42	13.07.2023 20:03:41,000	20,96	0,07	58	-18	15	0	-50
43	13.07.2023 20:03:42,000	20,96	0,07	59	-25	-7	1	-106
44	13.07.2023 20:03:43,000	20,93	0,07	63	-25	1	0	-87
45	13.07.2023 20:03:44,000	20,93	0,07	67	-11	12	0	-87
46	13.07.2023 20:03:45,000	20,93	0,07	64	-23	3	1	-87
47	13.07.2023 20:03:46,000	20,93	0,07	64	-26	0	0	-90
48	13.07.2023 20:03:47,000	20,93	0,07	69	-12	9	0	-90
49	13.07.2023 20:03:48,000	20,93	0,07	64	-26	0	0	-90
50	13.07.2023 20:03:49,000	20,93	0,07	66	-21	4	0	-90
51	13.07.2023 20:03:50,000	20,93	0,07	61	-24	5	0	-77
52	13.07.2023 20:03:51,000	20,93	0,09	58	-24	-8	0	-110
53	13.07.2023 20:03:52,000	20,93	0,07	59	-21	10	0	-63
54	13.07.2023 20:03:53,000	20,90	0,07	62	-25	-3	0	-97
55	13.07.2023 20:03:54,000	20,90	0,07	62	-21	7	0	-97
56	13.07.2023 20:03:55,000	20,90	0,07	53	-23	-14	0	-121
57	13.07.2023 20:03:56,000	20,90	0,07	57	-14	19	0	-37
58	13.07.2023 20:03:57,000	20,90	0,07	63	-24	3	1	-37
59	13.07.2023 20:03:58,000	20,90	0,09	61	-29	-1	1	-91
60	13.07.2023 20:03:59,000	20,90	0,07	56	-10	24	0	-23
61	13.07.2023 20:04:00,000	20,90	0,07	55	-22	-13	1	-121
62	13.07.2023 20:04:01,000	20,90	0,09	59	-30	1	0	-88
63	13.07.2023 20:04:02,000	20,87	0,07	70	-16	5	0	-88
64	13.07.2023 20:04:03,000	20,87	0,04	64	-23	3	0	-88
65	13.07.2023 20:04:04,000	20,87	0,07	62	-27	-1	0	-93
66	13.07.2023 20:04:05,000	20,87	0,07	63	-20	6	0	-93
67	13.07.2023 20:04:06,000	20,87	0,09	50	-28	-12	0	-114
68	13.07.2023 20:04:07,000	20,87	0,09	63	-7	20	0	-114
69	13.07.2023 20:04:08,000	20,87	0,07	42	-31	-17	1	-119
70	13.07.2023 20:04:09,000	20,87	0,09	58	-15	17	1	-40
71	13.07.2023 20:04:10,000	20,87	0,07	63	-26	-1	0	-92
72	13.07.2023 20:04:11,000	20,84	0,07	62	-24	4	0	-80
73	13.07.2023 20:04:12,000	20,84	0,07	60	-25	4	0	-81
74	13.07.2023 20:04:13,000	20,84	0,07	62	-28	-1	0	-91
75	13.07.2023 20:04:14,000	20,84	0,07	61	-21	8	0	-91
76	13.07.2023 20:04:15,000	20,84	0,09	50	-27	-13	1	-116
77	13.07.2023 20:04:16,000	20,84	0,09	63	-24	3	0	-82
78	13.07.2023 20:04:17,000	20,84	0,09	63	-25	2	0	-86
79	13.07.2023 20:04:18,000	20,84	0,09	60	-26	3	0	-82
80	13.07.2023 20:04:19,000	20,84	0,07	58	-24	-8	0	-110
81	13.07.2023 20:04:20,000	20,81	0,07	61	-24	5	0	-79
82	13.07.2023 20:04:21,000	20,81	0,07	64	-22	4	0	-79
83	13.07.2023 20:04:22,000	20,81	0,07	62	-21	-7	0	-79
84	13.07.2023 20:04:23,000	20,81	0,07	60	-27	4	0	-82
85	13.07.2023 20:04:24,000	20,81	0,04	63	-24	3	0	-82
86	13.07.2023 20:04:25,000	20,81	0,04	61	-26	3	0	-84
87	13.07.2023 20:04:26,000	20,81	0,07	59	-25	-7	0	-105
88	13.07.2023 20:04:27,000	20,81	0,07	62	-26	2	1	-85
89	13.07.2023 20:04:28,000	20,81	0,07	60	-17	13	0	-85
90	13.07.2023 20:04:29,000	20,78	0,07	55	-25	-10	1	-113
91	13.07.2023 20:04:30,000	20,78	0,07	62	-27	1	0	-88
92	13.07.2023 20:04:31,000	20,78	0,07	65	-20	4	0	-88
93	13.07.2023 20:04:32,000	20,78	0,07	62	-27	-1	0	-92
94	13.07.2023 20:04:33,000	20,78	0,07	63	-24	3	0	-92
95	13.07.2023 20:04:34,000	20,78	0,07	61	-26	3	0	-83
96	13.07.2023 20:04:35,000	20,78	0,07	61	-26	-3	1	-97
97	13.07.2023 20:04:36,000	20,78	0,07	57	-12	21	0	-31
98	13.07.2023 20:04:37,000	20,78	0,07	61	-27	1	1	-87
99	13.07.2023 20:04:38,000	20,76	0,07	63	-27	0	0	-90
100	13.07.2023 20:04:39,000	20,76	0,09	66	-16	8	0	-90
101	13.07.2023 20:04:40,000	20,76	0,07	62	-26	1	0	-87
102	13.07.2023 20:04:41,000	20,76	0,07	63	-24	3	0	-87
103	13.07.2023 20:04:42,000	20,76	0,07	61	-24	-5	1	-103
104	13.07.2023 20:04:43,000	20,76	0,07	52	-15	23	1	-35
105	13.07.2023 20:04:44,000	20,76	0,07	52	-25	-14	1	-119
106	13.07.2023 20:04:45,000	20,76	0,04	62	-26	3	0	-84
107	13.07.2023 20:04:46,000	20,73	0,07	65	-22	3	0	-84
108	13.07.2023 20:04:47,000	20,73	0,09	62	-25	3	0	-83
109	13.07.2023 20:04:48,000	20,73	0,07	56	-22	-12	0	-120
110	13.07.2023 20:04:49,000	20,73	0,07	64	-18	9	0	-120
111	13.07.2023 20:04:50,000	20,73	0,09	63	-25	3	0	-83
112	13.07.2023 20:04:51,000	20,73	0,07	65	-22	4	0	-83
113	13.07.2023 20:04:52,000	20,73	0,09	62	-26	2	0	-85
114	13.07.2023 20:04:53,000	20,73	0,09	66	-24	1	0	-85
115	13.07.2023 20:04:54,000	20,70	0,09	61	-23	6	0	-76
116	13.07.2023 20:04:55,000	20,70	0,07	64	-22	-4	0	-76
117	13.07.2023 20:04:56,000	20,70	0,07	65	-21	5	0	-76
118	13.07.2023 20:04:57,000	20,70	0,09	65	-25	0	0	-76
119	13.07.2023 20:04:58,000	20,70	0,07	65	-25	1	0	-76
120	13.07.2023 20:04:59,000	20,70	0,07	64	-21	5	0	-76
121	13.07.2023 20:05:00,000	20,70	0,07	65	-25	0	0	-91
122	13.07.2023 20:05:01,000	20,70	0,07	62	-24	3	0	-82
123	13.07.2023 20:05:02,000	20,67	0,09	63	-24	3	0	-83
124	13.07.2023 20:05:03,000	20,67	0,09	60	-28	-2	1	-94
125	13.07.2023 20:05:04,000	20,67	0,09	60	-12	18	0	-94
126	13.07.2023 20:05:05,000	20,67	0,09	60	-25	-4	1	-100
127	13.07.2023 20:05:06,000	20,67	0,09	63	-26	1	0	-87
128	13.07.2023 20:05:07,000	20,67	0,09	63	-20	7	0	-87
129	13.07.2023 20:05:08,000	20,67	0,07	60	-28	2	0	-86
130	13.07.2023 20:05:09,000	20,67	0,09	64	-15	11	0	-86
131	13.07.2023 20:05:10,000	20,67	0,09	64	-25	1	0	-87
132	13.07.2023 20:05:11,000	20,64	0,07	61	-25	4	1	-80
133	13.07.2023 20:05:12,000	20,64	0,09	59	-26	5	0	-79
134	13.07.2023 20:05:13,000	20,64	0,07	63	-25	1	1	-87
135	13.07.2023 20:05:14,000	20,64	0,09	63	-25	2	0	-84
136	13.07.2023 20:05:15,000	20,64	0,09	61	-26	3	1	-83
137	13.07.2023 20:05:16,000	20,64	0,09	63	-23	4	0	-83
138	13.07.2023 20:05:17,000	20,64	0,09	62	-24	3	0	-82
139	13.07.2023 20:05:18,000	20,64	0,09	61	-28	0	1	-91
140	13.07.2023 20:05:19,000	20,64	0,09	59	-17	15	0	-48
141	13.07.2023 20:05:20,000	20,64	0,09	60	-30	1	1	-88
142	13.07.2023 20:05:21,000	20,64	0,09	62	-26	3	0	-84
143	13.07.2023 20:05:22,000	20,64	0,09	61	-27	2	1	-85
144	13.07.2023 20:05:23,000	20,61	0,07	68	-13	9	0	-85
145	13.07.2023 20:05:24,000	20,61	0,04	62	-27	1	1	-88
146	13.07.2023 20:05:25,000	20,61	0,07	63	-25	1	1	-87
147	13.07.2023 20:05:26,000	20,61	0,07	63	-25	2	0	-84
148	13.07.2023 20:05:27,000	20,61	0,07	58	-30	1	0	-88
149	13.07.2023 20:05:28,000	20,61	0,07	61	-27	2	1	-86
150	13.07.2023 20:05:29,000	20,61	0,07	63	-27	-1	0	-92
151	13.07.2023 20:05:30,000	20,58	0,07	63	-25	2	1	-85
152	13.07.2023 20:05:31,000	20,58	0,07	59	-29	2	0	-86
153	13.07.2023 20:05:32,000	20,58	0,07	61	-28	1	1	-87
154	13.07.2023 20:05:33,000	20,58	0,07	61	-27	1	0	-87
155	13.07.2023 20:05:34,000	20,58	0,07	57	-31	2	1	-86
156	13.07.2023 20:05:35,000	20,58	0,07	60	-28	2	0	-85
157	13.07.2023 20:05:36,000	20,58	0,07	61	-28	1	1	-88
158	13.07.2023 20:05:37,000	20,58	0,07	62	-26	2	0	-86
159	13.07.2023 20:05:38,000	20,58	0,07	59	-29	2	1	-86
160	13.07.2023 20:05:39,000	20,55	0,07	63	-25	2	0	-86
161	13.07.2023 20:05:40,000	20,55	0,09	62	-26	-1	1	-93
162	13.07.2023 20:05:41,000	20,55	0,07	63	-25	2	0	-86
163	13.07.2023 20:05:42,000	20,55	0,07	63	-25	2	0	-85
164	13.07.2023 20:05:43,000	20,55	0,07	61	-27	2	1	-86
165	13.07.2023 20:05:44,000	20,55	0,09	61	-28	2	0	-87
166	13.07.2023 20:05:45,000	20,55	0,07	62	-27	1	0	-87
167	13.07.2023 20:05:46,000	20,52	0,07	64	-25	2	0	-86
168	13.07.2023 20:05:47,000	20,52	0,09	62	-28	0	1	-89
169	13.07.2023 20:05:48,000	20,52	0,09	63	-26	1	1	-87
170	13.07.2023 20:05:49,000	20,52	0,07	64	-24	3	1	-87
171	13.07.2023 20:05:50,000	20,52	0,07	61	-28	1	1	-87
172	13.07.2023 20:05:51,000	20,52	0,09	63	-26	1	0	-87
173	13.07.2023 20:05:52,000	20,52	0,09	61	-27	2	1	-87
174	13.07.2023 20:05:53,000	20,52	0,09	63	-25	1	0	-86
175	13.07.2023 20:05:54,000	20,49	0,09	64	-25	0	1	-90
176	13.07.2023 20:05:55,000	20,49	0,09	50	-37	-3	0	-95
177	13.07.2023 20:05:56,000	20,49	0,07	53	-37	1	0	-89
178	13.07.2023 20:05:57,000	20,49	0,09	53	-37	1	0	-89
179	13.07.2023 20:05:58,000	20,49	0,09	51	-33	-6	0	-101
180	13.07.2023 20:05:59,000	20,49	0,09	54	-34	1	0	-88
181	13.07.2023 20:06:00,000	20,49	0,09	55	-33	-2	0	-93
182	13.07.2023 20:06:01,000	20,46	0,09	52	-36	-2	0	-93
183	13.07.2023 20:06:02,000	20,46	0,09	52	-37	1	0	-88
184	13.07.2023 20:06:03,000	20,46	0,09	55	-35	0	0	-91
185	13.07.2023 20:06:04,000	20,46	0,11	51	-37	-2	0	-94
186	13.07.2023 20:06:05,000	20,46	0,09	53	-36	1	0	-89
187	13.07.2023 20:06:06,000	20,46	0,09	55	-35	0	0	-90
188	13.07.2023 20:06:07,000	20,46	0,09	52	-38	0	0	-90
189	13.07.2023 20:06:08,000	20,46	0,09	53	-36	1	0	-88
190	13.07.2023 20:06:09,000	20,46	0,09	52	-35	-2	0	-94
191	13.07.2023 20:06:10,000	20,43	0,09	51	-39	0	0	-89
192	13.07.2023 20:06:11,000	20,43	0,09	53	-36	1	0	-88
193	13.07.2023 20:06:12,000	20,43	0,11	53	-35	-2	0	-94
194	13.07.2023 20:06:13,000	20,43	0,09	52	-38	0	1	-90
195	13.07.2023 20:06:14,000	20,43	0,09	54	-35	2	0	-87
196	13.07.2023 20:06:15,000	20,43	0,09	51	-31	-8	1	-105
197	13.07.2023 20:06:16,000	20,43	0,11	55	-34	1	0	-89
198	13.07.2023 20:06:17,000	20,40	0,09	51	-37	2	0	-88
199	13.07.2023 20:06:18,000	20,40	0,09	58	-31	0	0	-91
200	13.07.2023 20:06:19,000	20,40	0,07	52	-37	1	0	-88
201	13.07.2023 20:06:20,000	20,40	0,09	58	-30	-2	0	-94
202	13.07.2023 20:06:21,000	20,40	0,09	52	-35	3	1	-85
203	13.07.2023 20:06:22,000	20,40	0,07	52	-37	1	0	-88
204	13.07.2023 20:06:23,000	20,40	0,09	53	-36	1	1	-88
205	13.07.2023 20:06:24,000	20,40	0,07	54	-35	-1	1	-92
206	13.07.2023 20:06:25,000	20,37	0,07	49	-31	10	0	-72
207	13.07.2023 20:06:26,000	20,37	0,07	59	-31	0	1	-91
208	13.07.2023 20:06:27,000	20,37	0,09	54	-35	0	0	-91
209	13.07.2023 20:06:28,000	20,37	0,07	53	-32	4	0	-82
210	13.07.2023 20:06:29,000	20,37	0,09	53	-36	1	0	-89
211	13.07.2023 20:06:30,000	20,37	0,09	57	-30	3	0	-85
212	13.07.2023 20:06:31,000	20,37	0,07	53	-36	0	1	-89
213	13.07.2023 20:06:32,000	20,34	0,09	52	-34	4	0	-83
214	13.07.2023 20:06:33,000	20,34	0,09	55	-35	0	0	-90
215	13.07.2023 20:06:34,000	20,34	0,09	57	-32	0	0	-89
216	13.07.2023 20:06:35,000	20,34	0,09	56	-31	3	0	-85
217	13.07.2023 20:06:36,000	20,34	0,07	49	-36	-5	0	-98
218	13.07.2023 20:06:37,000	20,34	0,09	57	-32	1	0	-87
219	13.07.2023 20:06:38,000	20,34	0,09	55	-34	1	0	-88
220	13.07.2023 20:06:39,000	20,34	0,11	54	-36	0	0	-90
221	13.07.2023 20:06:40,000	20,31	0,09	58	-31	-1	0	-92
222	13.07.2023 20:06:41,000	20,31	0,09	53	-33	-4	1	-97
223	13.07.2023 20:06:42,000	20,31	0,09	61	-27	2	0	-86
224	13.07.2023 20:06:43,000	20,31	0,09	58	-30	-3	1	-96
225	13.07.2023 20:06:44,000	20,31	0,09	64	-25	1	1	-96
226	13.07.2023 20:06:45,000	20,31	0,09	62	-27	2	0	-86
227	13.07.2023 20:06:46,000	20,31	0,07	62	-27	1	1	-88
228	13.07.2023 20:06:47,000	20,28	0,07	64	-25	2	0	-86
229	13.07.2023 20:06:48,000	20,28	0,09	62	-26	1	0	-87
230	13.07.2023 20:06:49,000	20,28	0,09	61	-27	2	0	-86
231	13.07.2023 20:06:50,000	20,28	0,09	63	-26	2	0	-86
232	13.07.2023 20:06:51,000	20,28	0,09	60	-28	1	0	-87
233	13.07.2023 20:06:52,000	20,28	0,09	62	-26	2	0	-86
234	13.07.2023 20:06:53,000	20,28	0,11	63	-25	2	0	-86
235	13.07.2023 20:06:54,000	20,25	0,09	59	-30	1	1	-88
236	13.07.2023 20:06:55,000	20,25	0,09	64	-25	1	0	-87
237	13.07.2023 20:06:56,000	20,25	0,09	62	-26	2	1	-86
238	13.07.2023 20:06:57,000	20,25	0,09	62	-26	1	1	-87
239	13.07.2023 20:06:58,000	20,25	0,09	64	-25	-1	1	-93
240	13.07.2023 20:06:59,000	20,25	0,09	62	-26	2	1	-86
241	13.07.2023 20:07:00,000	20,25	0,09	66	-22	2	1	-86
242	13.07.2023 20:07:01,000	20,22	0,09	63	-23	-4	1	-86
243	13.07.2023 20:07:02,000	20,22	0,09	64	-25	2	1	-86
244	13.07.2023 20:07:03,000	20,22	0,09	62	-17	11	0	-86
245	13.07.2023 20:07:04,000	20,22	0,09	61	-27	2	1	-86
246	13.07.2023 20:07:05,000	20,22	0,09	62	-26	2	0	-85
247	13.07.2023 20:07:06,000	20,22	0,09	59	-29	2	1	-86
248	13.07.2023 20:07:07,000	20,22	0,11	62	-26	2	0	-85
249	13.07.2023 20:07:08,000	20,22	0,09	61	-28	1	0	-87
250	13.07.2023 20:07:09,000	20,19	0,07	62	-26	2	0	-85
251	13.07.2023 20:07:10,000	20,19	0,09	62	-25	2	0	-85
252	13.07.2023 20:07:11,000	20,19	0,09	61	-27	2	0	-85
253	13.07.2023 20:07:12,000	20,19	0,07	62	-25	2	0	-84
254	13.07.2023 20:07:13,000	20,19	0,09	62	-26	2	0	-85
255	13.07.2023 20:07:14,000	20,19	0,07	60	-28	2	0	-86
256	13.07.2023 20:07:15,000	20,19	0,09	63	-25	2	1	-86
257	13.07.2023 20:07:16,000	20,17	0,07	62	-25	3	0	-84
258	13.07.2023 20:07:17,000	20,17	0,07	59	-30	1	0	-89
259	13.07.2023 20:07:18,000	20,17	0,07	62	-26	2	0	-85
260	13.07.2023 20:07:19,000	20,17	0,09	64	-25	2	0	-86
261	13.07.2023 20:07:20,000	20,17	0,09	61	-27	2	0	-86
262	13.07.2023 20:07:21,000	20,17	0,09	62	-26	2	0	-86
263	13.07.2023 20:07:22,000	20,17	0,07	61	-27	2	0	-86
264	13.07.2023 20:07:23,000	20,17	0,09	63	-25	2	0	-86
265	13.07.2023 20:07:24,000	20,17	0,09	62	-26	2	1	-86
266	13.07.2023 20:07:25,000	20,17	0,09	62	-26	2	0	-86
267	13.07.2023 20:07:26,000	20,14	0,09	64	-25	1	0	-87
268	13.07.2023 20:07:27,000	20,14	0,11	63	-26	2	0	-86
269	13.07.2023 20:07:28,000	20,14	0,09	62	-26	2	0	-85
270	13.07.2023 20:07:29,000	20,14	0,09	63	-26	-1	0	-93
271	13.07.2023 20:07:30,000	20,14	0,09	63	-25	2	0	-86
272	13.07.2023 20:07:31,000	20,14	0,09	63	-26	2	1	-86
273	13.07.2023 20:07:32,000	20,14	0,07	62	-26	2	0	-85
274	13.07.2023 20:07:33,000	20,11	0,09	69	-19	-2	0	-85
275	13.07.2023 20:07:34,000	20,11	0,09	62	-27	-1	0	-92
276	13.07.2023 20:07:35,000	20,11	0,09	63	-25	2	0	-84
277	13.07.2023 20:07:36,000	20,11	0,09	62	-26	2	0	-86
278	13.07.2023 20:07:37,000	20,11	0,09	67	-22	-1	0	-86
279	13.07.2023 20:07:38,000	20,11	0,09	61	-27	-2	0	-95
280	13.07.2023 20:07:39,000	20,11	0,11	61	-27	2	0	-86
281	13.07.2023 20:07:40,000	20,08	0,09	63	-25	-2	0	-94
282	13.07.2023 20:07:41,000	20,08	0,09	67	-22	-1	0	-94
283	13.07.2023 20:07:42,000	20,08	0,09	64	-23	-3	0	-94
284	13.07.2023 20:07:43,000	20,08	0,11	64	-24	2	0	-94
285	13.07.2023 20:07:44,000	20,08	0,11	62	-27	2	0	-86
286	13.07.2023 20:07:45,000	20,08	0,09	60	-29	-1	0	-92
287	13.07.2023 20:07:46,000	20,05	0,11	60	-28	-2	0	-94
288	13.07.2023 20:07:47,000	20,05	0,09	71	-19	0	0	-94
289	13.07.2023 20:07:48,000	20,05	0,11	71	-17	2	0	-94
290	13.07.2023 20:07:49,000	20,05	0,09	64	-24	2	0	-94
291	13.07.2023 20:07:50,000	20,05	0,09	66	-24	0	0	-94
292	13.07.2023 20:07:51,000	20,05	0,11	63	-25	2	0	-86
293	13.07.2023 20:07:52,000	20,05	0,11	62	-26	2	0	-86
294	13.07.2023 20:07:53,000	20,02	0,09	66	-23	1	0	-86
295	13.07.2023 20:07:54,000	20,02	0,07	64	-25	1	0	-86
296	13.07.2023 20:07:55,000	20,02	0,09	62	-25	2	0	-85
297	13.07.2023 20:07:56,000	20,02	0,09	60	-29	1	0	-89
298	13.07.2023 20:07:57,000	20,02	0,09	60	-30	-1	0	-92
299	13.07.2023 20:07:58,000	20,02	0,07	62	-26	2	0	-86
300	13.07.2023 20:07:59,000	19,99	0,07	60	-29	1	0	-89
301	13.07.2023 20:08:00,000	19,99	0,07	64	-25	1	0	-86
302	13.07.2023 20:08:01,000	19,99	0,09	63	-25	2	0	-86
303	13.07.2023 20:08:02,000	19,99	0,09	63	-25	1	0	-87
304	13.07.2023 20:08:03,000	19,99	0,09	64	-24	2	0	-87
305	13.07.2023 20:08:04,000	19,99	0,09	66	-23	1	1	-87
306	13.07.2023 20:08:05,000	19,99	0,09	57	-21	-12	0	-120
307	13.07.2023 20:08:06,000	19,96	0,09	67	-23	0	0	-120
308	13.07.2023 20:08:07,000	19,96	0,09	57	-27	-5	0	-101
309	13.07.2023 20:08:08,000	19,96	0,07	59	-25	-7	0	-106
310	13.07.2023 20:08:09,000	19,96	0,09	67	-22	-1	0	-106
311	13.07.2023 20:08:10,000	19,96	0,09	68	-21	1	0	-106
312	13.07.2023 20:08:11,000	19,96	0,09	66	-23	1	0	-106
313	13.07.2023 20:08:12,000	19,96	0,07	65	-25	0	0	-106
314	13.07.2023 20:08:13,000	19,96	0,09	65	-25	1	0	-89
315	13.07.2023 20:08:14,000	19,93	0,09	64	-25	1	0	-88
316	13.07.2023 20:08:15,000	19,93	0,09	64	-25	0	0	-89
317	13.07.2023 20:08:16,000	19,93	0,09	64	-26	0	0	-90
318	13.07.2023 20:08:17,000	19,93	0,09	62	-27	2	0	-87
319	13.07.2023 20:08:18,000	19,93	0,11	57	-30	3	0	-84
320	13.07.2023 20:08:19,000	19,93	0,09	52	-35	3	0	-84
321	13.07.2023 20:08:20,000	19,93	0,09	54	-34	3	0	-85
322	13.07.2023 20:08:21,000	19,93	0,09	54	-34	2	0	-86
323	13.07.2023 20:08:22,000	19,90	0,09	55	-31	4	0	-82
324	13.07.2023 20:08:23,000	19,90	0,09	62	-27	1	0	-89
325	13.07.2023 20:08:24,000	19,90	0,09	52	-35	3	0	-85
326	13.07.2023 20:08:25,000	19,90	0,09	58	-31	1	0	-87
327	13.07.2023 20:08:26,000	19,90	0,09	56	-32	1	0	-88
328	13.07.2023 20:08:27,000	19,90	0,11	56	-33	0	0	-89
329	13.07.2023 20:08:28,000	19,90	0,09	59	-31	0	0	-89
330	13.07.2023 20:08:29,000	19,87	0,11	59	-30	1	0	-88
331	13.07.2023 20:08:30,000	19,87	0,11	59	-30	1	0	-88
332	13.07.2023 20:08:31,000	19,87	0,09	63	-26	1	0	-87
333	13.07.2023 20:08:32,000	19,87	0,09	64	-24	2	0	-87
334	13.07.2023 20:08:33,000	19,87	0,09	63	-26	2	0	-87
335	13.07.2023 20:08:34,000	19,87	0,09	11	-62	-17	1	-109
336	13.07.2023 20:08:35,000	19,87	0,09	7	-12	-71	0	-167
337	13.07.2023 20:08:36,000	19,84	0,11	18	5	-66	1	174
338	13.07.2023 20:08:37,000	19,84	0,09	26	-31	-32	1	-136
339	13.07.2023 20:08:38,000	19,84	0,11	29	-51	10	0	-78
340	13.07.2023 20:08:39,000	19,84	0,11	21	-61	-8	0	-99
341	13.07.2023 20:08:40,000	19,84	0,09	17	-60	13	0	-75
342	13.07.2023 20:08:41,000	19,84	0,11	20	-59	11	0	-77
343	13.07.2023 20:08:42,000	19,84	0,11	21	-63	7	0	-82
344	13.07.2023 20:08:43,000	19,81	0,09	18	-57	14	1	-73
345	13.07.2023 20:08:44,000	19,81	0,09	4	-63	23	1	-66
346	13.07.2023 20:08:45,000	19,69	0,30	-30	-52	8	0	-80
347	13.07.2023 20:08:46,000	19,19	0,50	-57	-23	10	0	-65
348	13.07.2023 20:08:47,000	18,74	0,64	-64	-23	-4	0	-65
349	13.07.2023 20:08:48,000	18,29	0,70	-40	-41	9	0	-76
350	13.07.2023 20:08:49,000	17,99	0,74	-7	-74	9	0	-80
351	13.07.2023 20:08:50,000	17,81	0,72	-14	-75	0	0	-90
352	13.07.2023 20:08:51,000	17,66	0,72	-7	-76	-7	0	-97
353	13.07.2023 20:08:52,000	17,60	0,72	0	-80	-10	0	-100
354	13.07.2023 20:08:53,000	17,51	0,71	14	-63	-12	0	-104
355	13.07.2023 20:08:54,000	17,39	0,67	14	-62	-14	0	-106
356	13.07.2023 20:08:55,000	17,30	0,66	10	-61	-19	0	-111
357	13.07.2023 20:08:56,000	17,21	0,65	5	-55	-30	0	-122
358	13.07.2023 20:08:57,000	17,12	0,71	16	-25	-49	0	-150
359	13.07.2023 20:08:58,000	17,06	0,75	19	-13	-58	1	-165
360	13.07.2023 20:08:59,000	17,00	0,76	10	-46	-34	0	-129
361	13.07.2023 20:09:00,000	16,94	0,76	2	-60	-29	1	-119
362	13.07.2023 20:09:01,000	16,91	0,66	45	20	-24	0	140
363	13.07.2023 20:09:02,000	16,85	0,63	41	40	9	0	76
364	13.07.2023 20:09:03,000	16,82	0,60	30	43	-17	0	113
365	13.07.2023 20:09:04,000	16,76	0,62	47	40	3	0	86
366	13.07.2023 20:09:05,000	16,70	0,66	52	15	23	0	33
367	13.07.2023 20:09:06,000	16,67	0,70	68	22	0	0	33
368	13.07.2023 20:09:07,000	16,58	0,71	29	-9	52	0	-11
369	13.07.2023 20:09:08,000	16,52	0,71	43	-8	38	0	-14
370	13.07.2023 20:09:09,000	16,46	0,70	33	-11	46	0	-15
371	13.07.2023 20:09:10,000	16,43	0,69	34	-9	47	0	-12
372	13.07.2023 20:09:11,000	16,40	0,74	39	-9	41	0	-14
373	13.07.2023 20:09:12,000	16,34	0,78	39	-16	35	0	-25
374	13.07.2023 20:09:13,000	16,31	0,85	45	-14	31	0	-26
375	13.07.2023 20:09:14,000	16,27	0,84	41	-13	35	0	-22
376	13.07.2023 20:09:15,000	16,21	0,79	30	-16	44	0	-22
377	13.07.2023 20:09:16,000	16,18	0,83	39	-19	32	0	-33
378	13.07.2023 20:09:17,000	16,12	0,85	60	-14	16	0	-33
379	13.07.2023 20:09:18,000	16,09	0,84	72	-7	11	0	-33
380	13.07.2023 20:09:19,000	16,06	0,86	67	-3	20	0	-33
381	13.07.2023 20:09:20,000	16,03	0,84	53	-6	32	0	-10
382	13.07.2023 20:09:21,000	16,03	0,81	40	-5	45	0	-8
383	13.07.2023 20:09:22,000	16,00	0,79	46	-4	40	0	-5
384	13.07.2023 20:09:23,000	15,94	0,80	51	-3	36	0	-5
385	13.07.2023 20:09:24,000	15,88	0,84	54	-8	28	0	-16
386	13.07.2023 20:09:25,000	15,85	0,86	64	-6	20	0	-16
387	13.07.2023 20:09:26,000	15,82	0,86	63	-9	17	0	-16
388	13.07.2023 20:09:27,000	15,82	0,86	58	-7	25	0	-17
389	13.07.2023 20:09:28,000	15,79	0,78	34	-16	41	0	-23
390	13.07.2023 20:09:29,000	15,79	0,78	35	-20	35	0	-31
391	13.07.2023 20:09:30,000	15,73	0,85	44	-21	25	0	-40
392	13.07.2023 20:09:31,000	15,70	0,89	59	-16	16	0	-45
393	13.07.2023 20:09:32,000	15,66	0,91	51	-15	24	0	-33
394	13.07.2023 20:09:33,000	15,60	0,90	43	-15	32	0	-27
395	13.07.2023 20:09:34,000	15,57	0,90	49	-16	24	0	-35
396	13.07.2023 20:09:35,000	15,54	0,94	55	-17	18	0	-44
397	13.07.2023 20:09:36,000	15,54	0,97	56	-18	16	0	-47
398	13.07.2023 20:09:37,000	15,51	1,01	56	-19	15	0	-51
399	13.07.2023 20:09:38,000	15,48	1,01	62	-11	17	0	-51
400	13.07.2023 20:09:39,000	15,45	1,00	57	-13	20	0	-35
401	13.07.2023 20:09:40,000	15,39	1,07	54	-20	15	0	-52
402	13.07.2023 20:09:41,000	15,36	1,09	57	-19	13	0	-55
403	13.07.2023 20:09:42,000	15,33	1,13	58	-18	14	0	-52
404	13.07.2023 20:09:43,000	15,30	1,15	58	-18	14	0	-52
405	13.07.2023 20:09:44,000	15,27	1,19	58	-20	11	0	-60
406	13.07.2023 20:09:45,000	15,21	1,19	61	-17	12	0	-60
407	13.07.2023 20:09:46,000	15,14	1,23	61	-18	11	0	-60
408	13.07.2023 20:09:47,000	15,11	1,25	60	-17	13	0	-60
409	13.07.2023 20:09:48,000	15,08	1,27	60	-14	15	0	-60
410	13.07.2023 20:09:49,000	15,02	1,28	58	-18	14	0	-52
411	13.07.2023 20:09:50,000	14,99	1,28	59	-20	11	0	-60
412	13.07.2023 20:09:51,000	14,96	1,30	61	-17	12	0	-60
413	13.07.2023 20:09:52,000	14,93	1,30	60	-17	13	0	-60
414	13.07.2023 20:09:53,000	14,87	1,31	59	-16	15	0	-60
415	13.07.2023 20:09:54,000	14,87	1,31	60	-14	17	0	-60
416	13.07.2023 20:09:55,000	14,84	1,31	58	-19	12	0	-57
417	13.07.2023 20:09:56,000	14,81	1,35	60	-24	6	0	-76
418	13.07.2023 20:09:57,000	14,74	1,41	63	-15	12	0	-76
419	13.07.2023 20:09:58,000	14,74	1,39	62	-8	20	0	-76
420	13.07.2023 20:09:59,000	14,68	1,38	57	-14	19	0	-37
421	13.07.2023 20:10:00,000	14,65	1,40	58	-23	9	0	-69
422	13.07.2023 20:10:01,000	14,59	1,47	65	-17	8	0	-69
423	13.07.2023 20:10:02,000	14,56	1,46	59	-17	14	0	-69
424	13.07.2023 20:10:03,000	14,50	1,50	59	-17	14	0	-69
425	13.07.2023 20:10:04,000	14,46	1,52	58	-23	9	0	-67
426	13.07.2023 20:10:05,000	14,43	1,57	62	-21	8	0	-67
427	13.07.2023 20:10:06,000	14,40	1,59	62	-18	10	0	-67
428	13.07.2023 20:10:07,000	14,37	1,61	61	-19	11	0	-67
429	13.07.2023 20:10:08,000	14,31	1,65	62	-21	8	0	-67
430	13.07.2023 20:10:09,000	14,25	1,69	62	-19	9	0	-67
431	13.07.2023 20:10:10,000	14,22	1,68	62	-17	11	0	-67
432	13.07.2023 20:10:11,000	14,19	1,73	62	-20	8	0	-67
433	13.07.2023 20:10:12,000	14,12	1,77	63	-20	7	0	-67
434	13.07.2023 20:10:13,000	14,09	1,79	63	-16	10	0	-67
435	13.07.2023 20:10:14,000	14,06	1,78	63	-19	7	0	-67
436	13.07.2023 20:10:15,000	14,00	1,84	62	-25	3	0	-84
437	13.07.2023 20:10:16,000	13,97	1,91	61	-20	8	0	-84
438	13.07.2023 20:10:17,000	13,94	1,91	63	-13	14	0	-84
439	13.07.2023 20:10:18,000	13,91	1,93	59	-23	8	0	-71
440	13.07.2023 20:10:19,000	13,91	1,97	61	-27	-2	0	-94
441	13.07.2023 20:10:20,000	13,87	1,99	61	-20	9	0	-94
442	13.07.2023 20:10:21,000	13,84	2,01	59	-10	20	0	-28
443	13.07.2023 20:10:22,000	13,81	2,03	53	-23	14	0	-59
444	13.07.2023 20:10:23,000	13,78	2,08	61	-27	2	0	-85
445	13.07.2023 20:10:24,000	13,75	2,14	61	-24	5	0	-79
446	13.07.2023 20:10:25,000	13,69	2,16	57	-20	13	0	-57
447	13.07.2023 20:10:26,000	13,66	2,18	52	-20	18	0	-49
448	13.07.2023 20:10:27,000	13,66	2,20	58	-24	7	0	-72
449	13.07.2023 20:10:28,000	13,62	2,25	59	-22	9	0	-67
450	13.07.2023 20:10:29,000	13,59	2,27	56	-18	16	0	-48
451	13.07.2023 20:10:30,000	13,53	2,31	59	-17	14	0	-48
452	13.07.2023 20:10:31,000	13,50	2,33	67	-16	7	0	-48
453	13.07.2023 20:10:32,000	13,47	2,35	65	-14	11	0	-48
454	13.07.2023 20:10:33,000	13,47	2,42	65	-12	13	0	-48
455	13.07.2023 20:10:34,000	13,41	2,43	69	-8	12	0	-48
456	13.07.2023 20:10:35,000	13,37	2,48	68	-6	16	0	-48
457	13.07.2023 20:10:36,000	13,37	2,52	67	-4	20	0	-48
458	13.07.2023 20:10:37,000	13,34	2,52	75	-1	14	0	-48
459	13.07.2023 20:10:38,000	13,31	2,54	72	-2	16	0	-48
460	13.07.2023 20:10:39,000	13,31	2,59	74	-2	14	0	-48
461	13.07.2023 20:10:40,000	13,25	2,63	65	1	25	0	-48
462	13.07.2023 20:10:41,000	13,19	2,64	63	0	27	0	0
463	13.07.2023 20:10:42,000	13,12	2,66	74	0	16	0	0
464	13.07.2023 20:10:43,000	13,09	2,70	78	0	12	0	0
465	13.07.2023 20:10:44,000	13,09	2,75	74	1	15	0	0
466	13.07.2023 20:10:45,000	12,96	2,81	69	3	18	0	0
467	13.07.2023 20:10:46,000	12,81	2,88	69	4	18	0	0
468	13.07.2023 20:10:47,000	12,71	2,92	70	4	17	0	0
469	13.07.2023 20:10:48,000	12,65	2,91	70	3	16	0	0
470	13.07.2023 20:10:49,000	12,59	2,95	71	5	15	0	0
471	13.07.2023 20:10:50,000	12,55	2,94	71	4	15	0	0
472	13.07.2023 20:10:51,000	12,52	3,01	70	3	17	0	0
473	13.07.2023 20:10:52,000	12,49	3,05	68	2	19	0	0
474	13.07.2023 20:10:53,000	12,43	3,05	68	3	20	0	0
475	13.07.2023 20:10:54,000	12,39	3,07	64	7	19	0	0
476	13.07.2023 20:10:55,000	12,36	3,06	59	9	22	0	24
477	13.07.2023 20:10:56,000	12,24	3,19	62	3	25	0	7
478	13.07.2023 20:10:57,000	12,01	3,23	58	1	32	0	1
479	13.07.2023 20:10:58,000	11,85	3,21	50	5	35	0	8
480	13.07.2023 20:10:59,000	11,69	3,24	49	7	34	0	12
481	13.07.2023 20:11:00,000	11,53	3,27	53	9	28	0	19
482	13.07.2023 20:11:01,000	11,37	3,25	56	9	26	0	20
483	13.07.2023 20:11:02,000	11,27	3,24	48	7	34	0	13
484	13.07.2023 20:11:03,000	11,21	3,25	41	11	38	0	18
485	13.07.2023 20:11:04,000	11,11	3,19	43	11	36	0	18
486	13.07.2023 20:11:05,000	11,05	3,16	38	14	38	0	22
487	13.07.2023 20:11:06,000	10,98	3,11	36	17	37	0	26
488	13.07.2023 20:11:07,000	10,95	3,08	34	19	37	0	30
489	13.07.2023 20:11:08,000	10,95	3,08	42	18	30	0	32
490	13.07.2023 20:11:09,000	10,92	3,05	40	17	34	0	28
491	13.07.2023 20:11:10,000	10,92	3,03	42	14	34	0	23
492	13.07.2023 20:11:11,000	10,92	3,01	47	6	37	0	11
493	13.07.2023 20:11:12,000	10,88	2,95	48	3	39	0	5
494	13.07.2023 20:11:13,000	10,85	2,93	46	0	44	0	-1
495	13.07.2023 20:11:14,000	10,85	2,90	38	-10	42	0	-15
496	13.07.2023 20:11:15,000	10,82	2,90	43	-11	36	0	-19
497	13.07.2023 20:11:16,000	10,79	2,90	47	-8	35	0	-14
498	13.07.2023 20:11:17,000	10,79	2,85	34	-12	44	0	-16
499	13.07.2023 20:11:18,000	10,75	2,80	31	-11	48	0	-14
500	13.07.2023 20:11:19,000	10,69	2,74	29	-12	49	0	-16
501	13.07.2023 20:11:20,000	10,66	2,71	40	-4	46	0	-6
502	13.07.2023 20:11:21,000	10,62	2,64	26	-18	46	1	-24
503	13.07.2023 20:11:22,000	10,66	2,62	36	-13	41	0	-20
504	13.07.2023 20:11:23,000	10,69	2,58	37	-17	36	0	-27
505	13.07.2023 20:11:24,000	10,72	2,56	35	-16	39	0	-24
506	13.07.2023 20:11:25,000	10,79	2,49	34	-15	42	0	-21
507	13.07.2023 20:11:26,000	10,82	2,43	35	-12	43	0	-17
508	13.07.2023 20:11:27,000	10,88	2,41	31	-15	44	0	-21
509	13.07.2023 20:11:28,000	10,92	2,37	34	-13	43	0	-18
510	13.07.2023 20:11:29,000	10,95	2,35	31	-18	40	0	-26
511	13.07.2023 20:11:30,000	11,01	2,33	42	-16	31	0	-29
512	13.07.2023 20:11:31,000	11,08	2,36	50	-9	31	0	-18
513	13.07.2023 20:11:32,000	11,11	2,32	38	-11	41	0	-16
514	13.07.2023 20:11:33,000	11,14	2,30	32	-16	42	0	-22
515	13.07.2023 20:11:34,000	11,18	2,28	30	-16	44	0	-22
516	13.07.2023 20:11:35,000	11,21	2,26	30	-17	44	0	-23
517	13.07.2023 20:11:36,000	11,24	2,27	31	-19	40	0	-28
518	13.07.2023 20:11:37,000	11,24	2,29	43	-15	32	0	-27
519	13.07.2023 20:11:38,000	11,27	2,32	50	-11	29	0	-22
520	13.07.2023 20:11:39,000	11,27	2,29	45	-11	34	0	-19
521	13.07.2023 20:11:40,000	11,30	2,30	39	-12	39	0	-18
522	13.07.2023 20:11:41,000	11,30	2,27	33	-15	42	0	-22
523	13.07.2023 20:11:42,000	11,30	2,30	33	-16	41	0	-23
524	13.07.2023 20:11:43,000	11,27	2,29	32	-18	40	0	-26
525	13.07.2023 20:11:44,000	11,27	2,29	35	-16	39	0	-24
526	13.07.2023 20:11:45,000	11,27	2,32	38	-16	36	0	-25
527	13.07.2023 20:11:46,000	11,27	2,32	40	-14	36	0	-22
528	13.07.2023 20:11:47,000	11,27	2,34	39	-14	37	0	-23
529	13.07.2023 20:11:48,000	11,27	2,36	39	-14	37	0	-22
530	13.07.2023 20:11:49,000	11,27	2,36	40	-13	37	0	-22
531	13.07.2023 20:11:50,000	11,24	2,41	42	-13	35	0	-21
532	13.07.2023 20:11:51,000	11,21	2,43	44	-13	33	0	-22
533	13.07.2023 20:11:52,000	11,14	2,47	43	-12	35	0	-20
534	13.07.2023 20:11:53,000	11,08	2,51	39	-13	38	0	-21
535	13.07.2023 20:11:54,000	11,01	2,50	35	-15	40	0	-23
536	13.07.2023 20:11:55,000	10,95	2,56	30	-17	43	0	-24
537	13.07.2023 20:11:56,000	10,85	2,55	29	-18	43	0	-25
538	13.07.2023 20:11:57,000	10,82	2,57	32	-18	41	0	-25
539	13.07.2023 20:11:58,000	10,75	2,61	37	-17	36	0	-26
540	13.07.2023 20:11:59,000	10,66	2,62	40	-15	35	0	-24
541	13.07.2023 20:12:00,000	10,59	2,66	37	-15	38	0	-22
542	13.07.2023 20:12:01,000	10,56	2,66	32	-17	41	0	-24
543	13.07.2023 20:12:02,000	10,49	2,69	32	-18	40	0	-26
544	13.07.2023 20:12:03,000	10,46	2,71	29	-19	42	0	-27
545	13.07.2023 20:12:04,000	10,39	2,75	28	-21	41	0	-29
546	13.07.2023 20:12:05,000	10,33	2,77	32	-20	38	0	-30
547	13.07.2023 20:12:06,000	10,23	2,83	37	-18	35	0	-29
548	13.07.2023 20:12:07,000	10,13	2,86	39	-17	33	0	-29
549	13.07.2023 20:12:08,000	10,03	2,90	38	-17	34	0	-28
550	13.07.2023 20:12:09,000	9,93	2,91	34	-19	37	0	-29
551	13.07.2023 20:12:10,000	9,90	2,93	35	-20	35	0	-31
552	13.07.2023 20:12:11,000	9,87	2,97	34	-20	36	0	-31
553	13.07.2023 20:12:12,000	9,83	2,97	34	-21	36	0	-32
554	13.07.2023 20:12:13,000	9,77	3,01	35	-20	35	0	-32
555	13.07.2023 20:12:14,000	9,70	3,07	38	-19	33	0	-32
556	13.07.2023 20:12:15,000	9,60	3,10	37	-20	33	0	-32
557	13.07.2023 20:12:16,000	9,50	3,12	35	-20	35	0	-31
558	13.07.2023 20:12:17,000	9,47	3,16	35	-20	35	0	-31
559	13.07.2023 20:12:18,000	9,40	3,20	34	-21	34	0	-33
560	13.07.2023 20:12:19,000	9,34	3,19	38	-20	33	0	-32
561	13.07.2023 20:12:20,000	9,27	3,23	37	-19	33	0	-31
562	13.07.2023 20:12:21,000	9,24	3,25	34	-21	35	0	-33
563	13.07.2023 20:12:22,000	9,20	3,27	33	-22	35	0	-34
564	13.07.2023 20:12:23,000	9,17	3,29	35	-21	34	0	-33
565	13.07.2023 20:12:24,000	9,14	3,28	34	-22	34	0	-34
566	13.07.2023 20:12:25,000	9,10	3,33	32	-23	35	0	-34
567	13.07.2023 20:12:26,000	9,07	3,32	32	-23	35	0	-34
568	13.07.2023 20:12:27,000	9,03	3,39	37	-21	32	0	-34
569	13.07.2023 20:12:28,000	9,00	3,43	39	-21	30	0	-36
570	13.07.2023 20:12:29,000	8,97	3,43	36	-22	32	0	-36
571	13.07.2023 20:12:30,000	8,97	3,45	32	-21	37	0	-31
572	13.07.2023 20:12:31,000	8,93	3,47	33	-20	36	0	-31
573	13.07.2023 20:12:32,000	8,90	3,47	34	-22	34	0	-34
574	13.07.2023 20:12:33,000	8,87	3,49	36	-21	33	0	-33
575	13.07.2023 20:12:34,000	8,87	3,56	42	-19	29	0	-34
576	13.07.2023 20:12:35,000	8,83	3,60	39	-21	30	0	-35
577	13.07.2023 20:12:36,000	8,80	3,60	35	-22	33	0	-34
578	13.07.2023 20:12:37,000	8,77	3,64	33	-23	34	0	-35
579	13.07.2023 20:12:38,000	8,73	3,63	31	-24	35	0	-35
580	13.07.2023 20:12:39,000	8,70	3,63	32	-24	34	0	-36
581	13.07.2023 20:12:40,000	8,70	3,68	36	-22	32	0	-35
582	13.07.2023 20:12:41,000	8,73	3,70	37	-22	32	0	-35
583	13.07.2023 20:12:42,000	8,73	3,73	34	-24	33	0	-37
584	13.07.2023 20:12:43,000	8,73	3,75	34	-24	32	0	-38
585	13.07.2023 20:12:44,000	8,73	3,75	34	-24	32	0	-38
586	13.07.2023 20:12:45,000	8,70	3,80	32	-26	32	0	-39
587	13.07.2023 20:12:46,000	8,70	3,82	33	-26	31	0	-41
588	13.07.2023 20:12:47,000	8,70	3,89	30	-30	31	0	-44
589	13.07.2023 20:12:48,000	8,63	3,93	27	-31	32	0	-44
590	13.07.2023 20:12:49,000	8,56	3,94	27	-33	30	0	-47
591	13.07.2023 20:12:50,000	8,53	3,92	27	-33	30	0	-47
592	13.07.2023 20:12:51,000	8,50	4,01	30	-30	30	0	-45
593	13.07.2023 20:12:52,000	8,43	4,07	29	-33	28	0	-49
594	13.07.2023 20:12:53,000	8,36	4,13	29	-33	28	0	-49
595	13.07.2023 20:12:54,000	8,29	4,15	27	-33	29	0	-48
596	13.07.2023 20:12:55,000	8,26	4,17	25	-35	30	0	-48
597	13.07.2023 20:12:56,000	8,19	4,20	24	-35	31	0	-48
598	13.07.2023 20:12:57,000	8,12	4,29	24	-34	32	0	-46
599	13.07.2023 20:12:58,000	8,05	4,31	25	-33	32	0	-46
600	13.07.2023 20:12:59,000	7,98	4,32	25	-31	34	0	-43
601	13.07.2023 20:13:00,000	7,92	4,38	27	-30	34	0	-42
602	13.07.2023 20:13:01,000	7,78	4,51	29	-28	33	0	-41
603	13.07.2023 20:13:02,000	7,61	4,56	28	-28	34	0	-41
604	13.07.2023 20:13:03,000	7,50	4,59	26	-28	36	0	-39
605	13.07.2023 20:13:04,000	7,40	4,63	26	-27	37	0	-38
606	13.07.2023 20:13:05,000	7,30	4,66	27	-26	36	0	-37
607	13.07.2023 20:13:06,000	7,19	4,69	28	-25	37	0	-35
608	13.07.2023 20:13:07,000	7,09	4,73	31	-22	36	0	-33
609	13.07.2023 20:13:08,000	7,05	4,72	34	-23	34	0	-35
610	13.07.2023 20:13:09,000	7,02	4,74	33	-23	34	0	-35
611	13.07.2023 20:13:10,000	6,98	4,79	30	-24	36	0	-35
612	13.07.2023 20:13:11,000	6,91	4,78	28	-24	37	0	-35
613	13.07.2023 20:13:12,000	6,91	4,80	28	-24	38	0	-34
614	13.07.2023 20:13:13,000	6,88	4,84	29	-24	37	0	-34
615	13.07.2023 20:13:14,000	6,81	4,88	30	-23	36	0	-34
616	13.07.2023 20:13:15,000	6,74	4,90	29	-24	37	0	-34
617	13.07.2023 20:13:16,000	6,70	4,92	29	-23	38	0	-33
618	13.07.2023 20:13:17,000	6,67	4,94	29	-24	37	0	-34
619	13.07.2023 20:13:18,000	6,63	4,95	29	-24	37	0	-35
620	13.07.2023 20:13:19,000	6,63	4,98	27	-25	38	0	-34
621	13.07.2023 20:13:20,000	6,60	5,00	28	-25	38	0	-35
622	13.07.2023 20:13:21,000	6,56	5,02	26	-26	38	0	-35
623	13.07.2023 20:13:22,000	6,49	5,05	28	-25	37	0	-36
624	13.07.2023 20:13:23,000	6,49	5,10	30	-26	34	0	-38
625	13.07.2023 20:13:24,000	6,42	5,14	27	-27	36	0	-38
626	13.07.2023 20:13:25,000	6,39	5,16	20	-33	38	0	-42
627	13.07.2023 20:13:26,000	6,32	5,20	22	-32	37	0	-41
628	13.07.2023 20:13:27,000	6,28	5,24	23	-33	35	0	-43
629	13.07.2023 20:13:28,000	6,25	5,24	20	-36	34	0	-47
630	13.07.2023 20:13:29,000	6,21	5,28	22	-32	36	0	-42
631	13.07.2023 20:13:30,000	6,17	5,30	25	-33	33	0	-45
632	13.07.2023 20:13:31,000	6,14	5,36	23	-39	28	0	-53
633	13.07.2023 20:13:32,000	6,10	5,38	21	-38	31	0	-50
634	13.07.2023 20:13:33,000	6,07	5,43	20	-34	35	0	-44
635	13.07.2023 20:13:34,000	6,03	5,42	19	-36	35	0	-45
636	13.07.2023 20:13:35,000	6,00	5,44	19	-32	39	0	-41
637	13.07.2023 20:13:36,000	6,00	5,42	19	-32	39	0	-40
638	13.07.2023 20:13:37,000	5,96	5,44	21	-29	40	0	-38
639	13.07.2023 20:13:38,000	5,96	5,46	25	-22	43	0	-29
640	13.07.2023 20:13:39,000	5,93	5,46	26	-20	44	0	-27
641	13.07.2023 20:13:40,000	5,93	5,46	27	-19	45	0	-25
642	13.07.2023 20:13:41,000	5,93	5,48	32	-19	40	0	-27
643	13.07.2023 20:13:42,000	5,89	5,55	34	-17	39	0	-25
644	13.07.2023 20:13:43,000	5,85	5,56	31	-16	43	0	-23
645	13.07.2023 20:13:44,000	5,78	5,58	32	-17	41	0	-25
646	13.07.2023 20:13:45,000	5,71	5,59	36	-15	40	0	-22
647	13.07.2023 20:13:46,000	5,64	5,61	37	-15	38	0	-24
648	13.07.2023 20:13:47,000	5,57	5,62	34	-18	38	0	-27
649	13.07.2023 20:13:48,000	5,50	5,64	33	-17	40	0	-24
650	13.07.2023 20:13:49,000	5,42	5,65	40	-14	36	0	-23
651	13.07.2023 20:13:50,000	5,42	5,70	43	-15	32	0	-27
652	13.07.2023 20:13:51,000	5,39	5,70	37	-16	37	0	-26
653	13.07.2023 20:13:52,000	5,35	5,69	34	-16	40	0	-23
654	13.07.2023 20:13:53,000	5,35	5,71	38	-15	37	0	-24
655	13.07.2023 20:13:54,000	5,28	5,73	45	-14	32	0	-25
656	13.07.2023 20:13:55,000	5,24	5,77	43	-17	31	0	-30
657	13.07.2023 20:13:56,000	5,21	5,74	36	-15	38	0	-24
658	13.07.2023 20:13:57,000	5,21	5,77	34	-16	40	0	-24
659	13.07.2023 20:13:58,000	5,17	5,81	44	-14	32	0	-25
660	13.07.2023 20:13:59,000	5,13	5,85	51	-13	25	0	-28
661	13.07.2023 20:14:00,000	5,10	5,85	43	-14	33	0	-25
662	13.07.2023 20:14:01,000	5,10	5,82	31	-14	45	0	-19
663	13.07.2023 20:14:02,000	5,10	5,85	37	-14	39	0	-21
664	13.07.2023 20:14:03,000	5,06	5,87	50	-11	29	0	-22
665	13.07.2023 20:14:04,000	5,06	5,94	47	-14	29	0	-28
666	13.07.2023 20:14:05,000	5,03	5,91	41	-14	34	0	-24
667	13.07.2023 20:14:06,000	4,99	5,95	44	-13	33	0	-22
668	13.07.2023 20:14:07,000	4,99	5,95	48	-13	30	0	-24
669	13.07.2023 20:14:08,000	4,99	5,95	42	-12	35	0	-21
670	13.07.2023 20:14:09,000	4,95	5,97	39	-13	38	0	-20
671	13.07.2023 20:14:10,000	4,95	5,97	42	-13	36	0	-21
672	13.07.2023 20:14:11,000	4,92	6,04	46	-13	30	0	-24
673	13.07.2023 20:14:12,000	4,88	6,06	48	-16	27	0	-31
674	13.07.2023 20:14:13,000	4,84	6,05	44	-13	33	0	-22
675	13.07.2023 20:14:14,000	4,84	6,08	37	-13	40	0	-20
676	13.07.2023 20:14:15,000	4,84	6,10	42	-15	33	0	-26
677	13.07.2023 20:14:16,000	4,81	6,14	32	-20	39	0	-29
678	13.07.2023 20:14:17,000	4,77	6,11	20	-16	54	0	-19
679	13.07.2023 20:14:18,000	4,77	6,11	15	-14	61	0	-16
680	13.07.2023 20:14:19,000	4,77	6,11	3	-20	67	0	-21
681	13.07.2023 20:14:20,000	4,77	6,07	10	-5	74	1	-6
682	13.07.2023 20:14:21,000	4,77	6,14	-6	-9	74	0	-10
683	13.07.2023 20:14:22,000	4,73	6,13	12	-14	65	1	-15
684	13.07.2023 20:14:23,000	4,70	6,13	9	2	79	1	2
685	13.07.2023 20:14:24,000	4,66	6,17	8	-8	74	0	-8
686	13.07.2023 20:14:25,000	4,62	6,14	3	-16	71	0	-17
687	13.07.2023 20:14:26,000	4,62	6,09	29	-37	24	1	-56
688	13.07.2023 20:14:27,000	4,62	6,09	21	3	66	0	3
689	13.07.2023 20:14:28,000	4,59	6,14	14	2	74	1	2
690	13.07.2023 20:14:29,000	4,55	6,13	15	-5	70	1	-5
691	13.07.2023 20:14:30,000	4,55	6,09	7	-5	78	1	-6
692	13.07.2023 20:14:31,000	4,51	6,13	-9	-10	71	1	-10
693	13.07.2023 20:14:32,000	4,48	6,17	3	-10	77	0	-10
694	13.07.2023 20:14:33,000	4,44	6,24	9	-1	80	1	-1
695	13.07.2023 20:14:34,000	4,40	6,14	7	-12	71	1	-13
696	13.07.2023 20:14:35,000	4,40	6,11	11	-5	74	1	-6
697	13.07.2023 20:14:36,000	4,40	6,11	-4	-2	83	0	-3
698	13.07.2023 20:14:37,000	4,40	6,14	7	-8	75	0	-9
699	13.07.2023 20:14:38,000	4,40	6,09	21	-9	60	1	-11
700	13.07.2023 20:14:39,000	4,40	6,09	39	-16	35	0	-25
701	13.07.2023 20:14:40,000	4,37	6,06	32	5	53	1	6
702	13.07.2023 20:14:41,000	4,33	6,08	1	-5	84	0	-5
703	13.07.2023 20:14:42,000	4,26	6,12	13	-2	75	0	-2
704	13.07.2023 20:14:43,000	4,22	6,04	12	-11	67	0	-12
705	13.07.2023 20:14:44,000	4,22	6,04	26	-4	60	1	-5
706	13.07.2023 20:14:45,000	4,18	6,04	5	-22	63	0	-23
707	13.07.2023 20:14:46,000	4,18	6,06	2	-4	84	1	-4
708	13.07.2023 20:14:47,000	4,18	6,06	9	-3	78	1	-3
709	13.07.2023 20:14:48,000	4,18	6,09	-4	-9	77	0	-9
710	13.07.2023 20:14:49,000	4,15	6,08	2	-4	84	1	-4
711	13.07.2023 20:14:50,000	4,11	6,10	4	-7	79	0	-7
712	13.07.2023 20:14:51,000	4,11	6,08	2	-6	82	0	-6
713	13.07.2023 20:14:52,000	4,11	6,05	13	-11	66	0	-12
714	13.07.2023 20:14:53,000	4,11	6,05	-2	-8	80	1	-8
715	13.07.2023 20:14:54,000	4,11	6,05	-1	12	78	1	12
716	13.07.2023 20:14:55,000	4,07	6,05	9	-5	76	1	-5
717	13.07.2023 20:14:56,000	4,07	6,05	15	1	74	0	1
718	13.07.2023 20:14:57,000	4,07	6,03	4	-12	74	1	-12
719	13.07.2023 20:14:58,000	4,03	6,02	2	1	87	1	1
720	13.07.2023 20:14:59,000	4,03	6,02	7	-10	73	1	-11
721	13.07.2023 20:15:00,000	4,03	6,07	15	2	73	0	2
722	13.07.2023 20:15:01,000	4,00	6,04	-4	-1	85	0	-1
723	13.07.2023 20:15:02,000	3,96	5,96	26	8	56	0	9
724	13.07.2023 20:15:03,000	3,92	6,03	9	-7	74	0	-7
725	13.07.2023 20:15:04,000	3,89	6,05	0	-23	67	0	-23
726	13.07.2023 20:15:05,000	3,89	6,03	31	-9	50	1	-12
727	13.07.2023 20:15:06,000	3,85	6,04	10	8	72	0	9
728	13.07.2023 20:15:07,000	3,81	6,02	42	3	45	1	4
729	13.07.2023 20:15:08,000	3,81	5,97	19	5	66	1	6
730	13.07.2023 20:15:09,000	3,77	5,99	-7	5	79	0	5
731	13.07.2023 20:15:10,000	3,74	5,98	-8	-18	64	1	-20
732	13.07.2023 20:15:11,000	3,74	5,94	11	-1	78	1	-1
733	13.07.2023 20:15:12,000	3,70	5,96	3	-4	83	0	-4
734	13.07.2023 20:15:13,000	3,70	5,96	2	-1	87	0	-1
735	13.07.2023 20:15:14,000	3,66	5,95	15	-34	41	1	-41
736	13.07.2023 20:15:15,000	3,66	5,97	15	-12	63	1	-14
737	13.07.2023 20:15:16,000	3,62	5,97	28	-3	60	1	-3
738	13.07.2023 20:15:17,000	3,62	5,97	22	2	65	1	2
739	13.07.2023 20:15:18,000	3,59	5,96	5	-3	82	0	-3
740	13.07.2023 20:15:19,000	3,59	5,94	11	9	70	0	10
741	13.07.2023 20:15:20,000	3,59	5,94	18	1	71	1	1
742	13.07.2023 20:15:21,000	3,55	5,94	10	1	79	0	1
743	13.07.2023 20:15:22,000	3,55	5,91	9	2	78	0	2
744	13.07.2023 20:15:23,000	3,51	5,96	1	5	85	1	5
745	13.07.2023 20:15:24,000	3,51	5,96	5	-1	84	1	-1
746	13.07.2023 20:15:25,000	3,47	5,97	26	-8	56	1	-9
747	13.07.2023 20:15:26,000	3,44	5,95	11	-1	79	0	-1
748	13.07.2023 20:15:27,000	3,44	5,92	0	-5	85	0	-5
749	13.07.2023 20:15:28,000	3,40	5,92	7	0	82	0	0
750	13.07.2023 20:15:29,000	3,40	5,92	10	3	77	1	4
751	13.07.2023 20:15:30,000	3,36	6,05	11	-1	78	0	-1
752	13.07.2023 20:15:31,000	3,36	5,89	-8	-10	72	1	-11
753	13.07.2023 20:15:32,000	3,36	5,89	6	-1	83	0	-1
754	13.07.2023 20:15:33,000	3,32	5,88	7	-6	76	1	-7
755	13.07.2023 20:15:34,000	3,32	5,95	6	-9	75	0	-10
756	13.07.2023 20:15:35,000	3,32	5,88	9	12	69	0	13
757	13.07.2023 20:15:36,000	3,28	5,88	12	-8	69	0	-9
758	13.07.2023 20:15:37,000	3,28	5,86	12	3	76	1	3
759	13.07.2023 20:15:38,000	3,25	5,90	-10	-5	75	0	-6
760	13.07.2023 20:15:39,000	3,21	5,94	9	-6	75	0	-6
761	13.07.2023 20:15:40,000	3,21	5,87	8	7	75	1	7
762	13.07.2023 20:15:41,000	3,21	5,87	-1	-9	81	1	-9
763	13.07.2023 20:15:42,000	3,17	5,89	-7	-5	77	1	-5
764	13.07.2023 20:15:43,000	3,17	5,84	5	-3	82	0	-3
765	13.07.2023 20:15:44,000	3,17	5,87	7	4	79	0	5
766	13.07.2023 20:15:45,000	3,13	5,88	0	-18	71	1	-18
767	13.07.2023 20:15:46,000	3,13	5,84	16	1	73	1	1
768	13.07.2023 20:15:47,000	3,13	5,91	22	2	66	0	2
769	13.07.2023 20:15:48,000	3,10	5,86	30	5	55	1	7
770	13.07.2023 20:15:49,000	3,06	5,85	17	9	64	0	10
771	13.07.2023 20:15:50,000	3,02	5,85	3	-15	71	0	-16
772	13.07.2023 20:15:51,000	3,02	5,82	17	-8	65	1	-9
773	13.07.2023 20:15:52,000	2,98	5,89	6	3	81	0	3
774	13.07.2023 20:15:53,000	2,98	5,91	0	-17	73	1	-17
775	13.07.2023 20:15:54,000	2,94	5,91	14	-3	73	1	-3
776	13.07.2023 20:15:55,000	2,94	5,93	19	-14	58	0	-16
777	13.07.2023 20:15:56,000	2,94	5,91	8	-7	75	0	-7
778	13.07.2023 20:15:57,000	2,91	5,90	5	6	79	0	6
779	13.07.2023 20:15:58,000	2,91	5,90	26	-15	49	0	-19
780	13.07.2023 20:15:59,000	2,91	5,90	9	-6	75	1	-7
781	13.07.2023 20:16:00,000	2,87	5,92	-2	-1	87	0	-1
782	13.07.2023 20:16:01,000	2,83	5,94	4	1	84	0	1
783	13.07.2023 20:16:02,000	2,83	5,92	19	1	70	1	1
784	13.07.2023 20:16:03,000	2,79	5,89	12	0	77	0	0
785	13.07.2023 20:16:04,000	2,79	5,91	3	-2	85	1	-2
786	13.07.2023 20:16:05,000	2,75	5,91	8	-18	64	0	-20
787	13.07.2023 20:16:06,000	2,75	5,86	17	3	70	0	3
788	13.07.2023 20:16:07,000	2,71	5,88	21	-10	58	1	-12
789	13.07.2023 20:16:08,000	2,71	5,90	14	-7	69	1	-8
790	13.07.2023 20:16:09,000	2,68	5,90	11	-1	78	0	-1
791	13.07.2023 20:16:10,000	2,68	5,87	26	-13	50	1	-17
792	13.07.2023 20:16:11,000	2,68	5,87	12	1	77	0	1
793	13.07.2023 20:16:12,000	2,64	5,87	5	-13	72	0	-14
794	13.07.2023 20:16:13,000	2,64	5,89	-18	6	66	1	7
795	13.07.2023 20:16:14,000	2,64	5,82	2	-4	84	0	-4
796	13.07.2023 20:16:15,000	2,64	5,87	10	-7	73	0	-7
797	13.07.2023 20:16:16,000	2,60	5,84	-3	-2	86	0	-2
798	13.07.2023 20:16:17,000	2,60	5,86	1	-6	83	1	-6
799	13.07.2023 20:16:18,000	2,60	5,89	-3	-5	82	0	-5
800	13.07.2023 20:16:19,000	2,56	5,81	9	-2	79	1	-2
801	13.07.2023 20:16:20,000	2,56	5,86	15	12	63	1	13
802	13.07.2023 20:16:21,000	2,56	5,86	19	-1	70	1	-1
803	13.07.2023 20:16:22,000	2,52	5,90	-5	-2	83	0	-2
804	13.07.2023 20:16:23,000	2,52	5,88	8	-4	78	0	-4
805	13.07.2023 20:16:24,000	2,52	5,90	7	-6	77	1	-6
806	13.07.2023 20:16:25,000	2,52	5,90	14	-1	75	1	-1
807	13.07.2023 20:16:26,000	2,52	5,85	8	8	73	1	9
808	13.07.2023 20:16:27,000	2,52	5,85	3	1	87	1	1
809	13.07.2023 20:16:28,000	2,48	5,87	0	2	87	0	2
810	13.07.2023 20:16:29,000	2,48	5,87	11	-6	72	1	-7
811	13.07.2023 20:16:30,000	2,48	5,92	10	-4	75	1	-5
812	13.07.2023 20:16:31,000	2,48	5,87	3	0	87	0	0
813	13.07.2023 20:16:32,000	2,48	5,87	18	16	56	0	19
814	13.07.2023 20:16:33,000	2,45	5,87	39	-6	45	1	-8
815	13.07.2023 20:16:34,000	2,45	5,84	-8	-1	80	1	-1
816	13.07.2023 20:16:35,000	2,41	5,84	5	-3	82	0	-3
817	13.07.2023 20:16:36,000	2,41	5,86	12	5	74	0	5
818	13.07.2023 20:16:37,000	2,41	5,86	14	-7	70	1	-7
819	13.07.2023 20:16:38,000	2,41	5,86	-1	-1	89	0	-1
820	13.07.2023 20:16:39,000	2,37	5,88	5	-3	81	1	-4
821	13.07.2023 20:16:40,000	2,37	5,88	4	-9	77	0	-9
822	13.07.2023 20:16:41,000	2,37	5,91	-1	0	89	0	0
823	13.07.2023 20:16:42,000	2,37	5,88	2	-7	81	1	-7
824	13.07.2023 20:16:43,000	2,37	5,91	-6	-4	80	0	-4
825	13.07.2023 20:16:44,000	2,33	5,88	8	-7	75	0	-7
826	13.07.2023 20:16:45,000	2,33	5,88	4	-9	78	0	-9
827	13.07.2023 20:16:46,000	2,33	5,88	-7	-7	75	0	-8
828	13.07.2023 20:16:47,000	2,33	5,90	17	-17	56	1	-20
829	13.07.2023 20:16:48,000	2,29	5,85	16	4	69	0	4
830	13.07.2023 20:16:49,000	2,29	5,87	16	4	69	0	5
831	13.07.2023 20:16:50,000	2,29	5,90	11	-2	78	0	-2
832	13.07.2023 20:16:51,000	2,25	5,87	42	6	42	1	8
833	13.07.2023 20:16:52,000	2,25	5,89	9	-12	69	1	-13
834	13.07.2023 20:16:53,000	2,21	5,86	2	-13	75	1	-13
835	13.07.2023 20:16:54,000	2,21	5,86	10	-8	72	1	-9
836	13.07.2023 20:16:55,000	2,21	5,86	2	-5	83	1	-5
837	13.07.2023 20:16:56,000	2,17	5,86	14	-14	62	1	-16
838	13.07.2023 20:16:57,000	2,17	5,86	4	-16	70	0	-17
839	13.07.2023 20:16:58,000	2,17	5,83	20	-7	64	0	-8
840	13.07.2023 20:16:59,000	2,14	5,81	5	-9	75	1	-10
841	13.07.2023 20:17:00,000	2,14	5,83	2	-2	86	0	-2
842	13.07.2023 20:17:01,000	2,14	5,81	-5	-2	82	1	-2
843	13.07.2023 20:17:02,000	2,14	5,81	0	-3	87	0	-3
844	13.07.2023 20:17:03,000	2,14	5,83	-11	1	78	0	1
845	13.07.2023 20:17:04,000	2,10	5,80	6	-13	72	0	-13
846	13.07.2023 20:17:05,000	2,10	5,82	7	0	82	0	0
847	13.07.2023 20:17:06,000	2,10	5,82	5	-7	78	0	-8
848	13.07.2023 20:17:07,000	2,10	5,80	0	-2	88	0	-2
849	13.07.2023 20:17:08,000	2,10	5,87	0	0	90	1	0
850	13.07.2023 20:17:09,000	2,10	5,82	-5	0	85	1	0
851	13.07.2023 20:17:10,000	2,06	5,80	6	-7	76	0	-8
852	13.07.2023 20:17:11,000	2,06	5,84	-3	-11	76	1	-11
853	13.07.2023 20:17:12,000	2,06	5,80	9	1	80	0	1
854	13.07.2023 20:17:13,000	2,06	5,82	3	-3	84	1	-3
855	13.07.2023 20:17:14,000	2,06	5,82	-6	-3	80	1	-3
856	13.07.2023 20:17:15,000	2,06	5,84	-10	-3	77	0	-3
857	13.07.2023 20:17:16,000	2,02	5,86	-4	-1	86	0	-1
858	13.07.2023 20:17:17,000	2,02	5,86	6	-6	78	1	-7
859	13.07.2023 20:17:18,000	2,02	5,88	-3	-4	83	0	-4
860	13.07.2023 20:17:19,000	2,02	5,88	-15	-7	68	0	-8
861	13.07.2023 20:17:20,000	2,02	5,88	-7	1	82	1	1
862	13.07.2023 20:17:21,000	2,02	5,88	2	-9	80	0	-9
863	13.07.2023 20:17:22,000	1,98	5,90	0	-1	89	1	-1
864	13.07.2023 20:17:23,000	1,98	5,88	-2	4	84	0	4
865	13.07.2023 20:17:24,000	1,98	5,88	-5	2	84	0	2
866	13.07.2023 20:17:25,000	1,98	5,88	-8	-6	75	0	-7
867	13.07.2023 20:17:26,000	1,98	5,88	2	-18	70	1	-18
868	13.07.2023 20:17:27,000	1,98	5,90	9	-8	74	1	-8
869	13.07.2023 20:17:28,000	1,94	5,90	11	0	79	0	0
870	13.07.2023 20:17:29,000	1,94	5,90	7	-7	76	1	-8
871	13.07.2023 20:17:30,000	1,94	5,95	9	4	77	0	4
872	13.07.2023 20:17:31,000	1,94	5,87	2	3	85	0	3
873	13.07.2023 20:17:32,000	1,94	5,90	5	-4	82	1	-4
874	13.07.2023 20:17:33,000	1,94	5,87	4	-4	82	1	-4
875	13.07.2023 20:17:34,000	1,94	5,92	12	-4	75	0	-4
876	13.07.2023 20:17:35,000	1,90	5,89	14	-4	72	1	-4
877	13.07.2023 20:17:36,000	1,90	5,92	4	1	84	1	1
878	13.07.2023 20:17:37,000	1,90	5,82	25	-17	48	0	-22
879	13.07.2023 20:17:38,000	1,90	5,87	1	0	89	0	0
880	13.07.2023 20:17:39,000	1,86	5,89	5	-3	82	1	-3
881	13.07.2023 20:17:40,000	1,86	5,91	3	-10	77	0	-10
882	13.07.2023 20:17:41,000	1,86	5,89	12	1	77	1	1
883	13.07.2023 20:17:42,000	1,86	5,91	4	-11	75	0	-12
884	13.07.2023 20:17:43,000	1,86	5,89	30	-6	54	1	-8
885	13.07.2023 20:17:44,000	1,86	5,77	-2	-43	45	1	-44
886	13.07.2023 20:17:45,000	1,82	5,84	25	-14	51	0	-18
887	13.07.2023 20:17:46,000	1,82	5,84	23	10	57	1	12
888	13.07.2023 20:17:47,000	1,82	5,84	25	21	44	0	28
889	13.07.2023 20:17:48,000	1,79	5,90	7	-13	70	0	-14
890	13.07.2023 20:17:49,000	1,79	5,86	-2	-6	82	1	-6
891	13.07.2023 20:17:50,000	1,79	5,88	-5	-6	79	0	-7
892	13.07.2023 20:17:51,000	1,79	5,86	3	-6	82	1	-6
893	13.07.2023 20:17:52,000	1,79	5,86	-1	-1	88	0	-1
894	13.07.2023 20:17:53,000	1,79	5,88	-7	-3	80	0	-3
895	13.07.2023 20:17:54,000	1,79	5,88	-3	-1	86	0	-1
896	13.07.2023 20:17:55,000	1,75	5,85	15	-10	66	0	-11
897	13.07.2023 20:17:56,000	1,75	5,87	11	1	78	1	1
898	13.07.2023 20:17:57,000	1,75	5,87	17	-6	67	0	-6
899	13.07.2023 20:17:58,000	1,75	5,87	22	3	65	1	4
900	13.07.2023 20:17:59,000	1,75	5,83	15	2	74	0	2
901	13.07.2023 20:18:00,000	1,75	5,87	15	-3	72	1	-3
902	13.07.2023 20:18:01,000	1,75	5,85	1	-8	81	1	-8
903	13.07.2023 20:18:02,000	1,75	5,83	11	4	75	0	4
904	13.07.2023 20:18:03,000	1,75	5,83	20	-4	66	0	-4
905	13.07.2023 20:18:04,000	1,71	6,03	25	-17	48	1	-23
906	13.07.2023 20:18:05,000	1,71	5,80	30	-3	56	0	-4
907	13.07.2023 20:18:06,000	1,71	5,80	28	-9	53	1	-11
908	13.07.2023 20:18:07,000	1,71	5,75	16	-15	59	1	-17
909	13.07.2023 20:18:08,000	1,67	5,77	22	-1	67	1	-1
910	13.07.2023 20:18:09,000	1,67	5,77	5	-6	79	0	-6
911	13.07.2023 20:18:10,000	1,67	5,65	10	0	80	1	0
912	13.07.2023 20:18:11,000	1,67	5,72	29	23	39	0	32
913	13.07.2023 20:18:12,000	1,67	5,70	28	19	43	0	26
914	13.07.2023 20:18:13,000	1,67	5,70	3	6	82	1	6
915	13.07.2023 20:18:14,000	1,67	5,70	14	-4	72	1	-4
916	13.07.2023 20:18:15,000	1,63	5,72	15	3	72	1	3
917	13.07.2023 20:18:16,000	1,63	5,69	-23	3	65	1	3
918	13.07.2023 20:18:17,000	1,63	5,74	-1	3	86	0	3
919	13.07.2023 20:18:18,000	1,63	5,76	-9	-3	78	0	-3
920	13.07.2023 20:18:19,000	1,63	5,76	8	-3	79	0	-3
921	13.07.2023 20:18:20,000	1,63	5,76	-3	-9	79	0	-9
922	13.07.2023 20:18:21,000	1,63	5,79	-6	-7	77	0	-8
923	13.07.2023 20:18:22,000	1,63	5,76	0	1	89	0	1
924	13.07.2023 20:18:23,000	1,63	5,79	1	-8	82	0	-8
925	13.07.2023 20:18:24,000	1,59	5,76	5	-7	78	0	-8
926	13.07.2023 20:18:25,000	1,59	5,76	5	-7	79	1	-7
927	13.07.2023 20:18:26,000	1,59	5,76	-7	-6	78	0	-6
928	13.07.2023 20:18:27,000	1,59	5,81	12	-6	72	1	-7
929	13.07.2023 20:18:28,000	1,59	5,78	25	-4	60	1	-5
930	13.07.2023 20:18:29,000	1,59	5,74	18	0	72	1	0
931	13.07.2023 20:18:30,000	1,59	5,76	6	3	81	0	3
932	13.07.2023 20:18:31,000	1,59	5,78	15	-13	62	1	-15
933	13.07.2023 20:18:32,000	1,55	5,78	-3	-1	86	0	-2
934	13.07.2023 20:18:33,000	1,55	5,78	-3	-8	79	0	-8
935	13.07.2023 20:18:34,000	1,55	5,78	6	-4	81	1	-4
936	13.07.2023 20:18:35,000	1,55	5,78	2	-2	86	0	-2
937	13.07.2023 20:18:36,000	1,55	5,85	5	-5	80	0	-6
938	13.07.2023 20:18:37,000	1,55	5,80	30	2	58	0	2
939	13.07.2023 20:18:38,000	1,55	5,80	19	-10	60	1	-12
940	13.07.2023 20:18:39,000	1,55	5,80	1	-1	89	0	-1
941	13.07.2023 20:18:40,000	1,55	5,80	1	-3	86	1	-3
942	13.07.2023 20:18:41,000	1,55	5,80	4	1	85	0	1
943	13.07.2023 20:18:42,000	1,55	5,75	5	-12	73	1	-12
944	13.07.2023 20:18:43,000	1,51	5,75	10	-3	77	1	-3
945	13.07.2023 20:18:44,000	1,51	5,77	11	-2	77	1	-3
946	13.07.2023 20:18:45,000	1,51	5,75	10	7	72	0	8
947	13.07.2023 20:18:46,000	1,51	5,77	5	-1	85	1	-1
948	13.07.2023 20:18:47,000	1,51	5,77	11	-7	72	0	-7
949	13.07.2023 20:18:48,000	1,51	5,77	7	-1	82	1	-1
950	13.07.2023 20:18:49,000	1,51	5,77	6	0	83	0	0
951	13.07.2023 20:18:50,000	1,51	5,80	26	-4	60	1	-5
952	13.07.2023 20:18:51,000	1,51	5,77	1	-5	83	1	-6
953	13.07.2023 20:18:52,000	1,51	5,80	12	-6	72	1	-6
954	13.07.2023 20:18:53,000	1,51	5,77	15	-2	73	0	-3
955	13.07.2023 20:18:54,000	1,51	5,75	1	-14	76	1	-14
956	13.07.2023 20:18:55,000	1,51	5,77	7	-9	74	0	-10
957	13.07.2023 20:18:56,000	1,51	5,75	13	-3	75	0	-3
958	13.07.2023 20:18:57,000	1,47	5,77	0	-3	87	1	-3
959	13.07.2023 20:18:58,000	1,51	5,75	8	-16	66	0	-17
960	13.07.2023 20:18:59,000	1,47	5,77	17	-5	68	0	-5
961	13.07.2023 20:19:00,000	1,47	5,77	9	-6	75	0	-6
962	13.07.2023 20:19:01,000	1,47	5,77	14	-13	63	0	-14
963	13.07.2023 20:19:02,000	1,47	5,74	0	-5	84	1	-5
964	13.07.2023 20:19:03,000	1,47	5,74	15	3	73	0	3
965	13.07.2023 20:19:04,000	1,47	5,74	9	1	80	1	1
966	13.07.2023 20:19:05,000	1,47	5,79	1	-4	85	0	-4
967	13.07.2023 20:19:06,000	1,47	5,82	16	3	71	1	3
968	13.07.2023 20:19:07,000	1,47	5,74	9	4	77	1	4
969	13.07.2023 20:19:08,000	1,43	5,74	9	5	76	1	5
970	13.07.2023 20:19:09,000	1,43	5,74	14	-1	76	1	-1
971	13.07.2023 20:19:10,000	1,43	5,79	6	5	79	1	5
972	13.07.2023 20:19:11,000	1,43	5,74	6	4	80	0	4
973	13.07.2023 20:19:12,000	1,43	5,79	-1	-2	88	1	-2
974	13.07.2023 20:19:13,000	1,43	5,81	31	13	46	1	18
975	13.07.2023 20:19:14,000	1,43	5,79	5	0	85	1	0
976	13.07.2023 20:19:15,000	1,43	5,81	1	-7	82	1	-7
977	13.07.2023 20:19:16,000	1,43	5,81	7	-6	77	0	-6
978	13.07.2023 20:19:17,000	1,43	5,79	24	4	62	0	4
979	13.07.2023 20:19:18,000	1,39	5,76	26	2	62	0	3
980	13.07.2023 20:19:19,000	1,39	5,73	26	3	61	0	3
981	13.07.2023 20:19:20,000	1,39	5,71	27	2	61	0	3
982	13.07.2023 20:19:21,000	1,39	5,66	30	2	58	0	3
983	13.07.2023 20:19:22,000	1,39	5,64	33	3	54	0	4
984	13.07.2023 20:19:23,000	1,39	5,62	31	0	58	0	0
985	13.07.2023 20:19:24,000	1,39	5,59	32	1	56	0	2
986	13.07.2023 20:19:25,000	1,39	5,55	33	1	56	0	1
987	13.07.2023 20:19:26,000	1,39	5,50	31	1	58	0	1
988	13.07.2023 20:19:27,000	1,39	5,45	30	0	60	0	0
989	13.07.2023 20:19:28,000	1,39	5,40	31	2	57	0	2
990	13.07.2023 20:19:29,000	1,39	5,40	35	1	55	0	1
991	13.07.2023 20:19:30,000	1,39	5,36	38	-1	52	0	-1
992	13.07.2023 20:19:31,000	1,39	5,31	36	0	54	0	0
993	13.07.2023 20:19:32,000	1,39	5,24	32	1	58	0	1
994	13.07.2023 20:19:33,000	1,39	5,19	31	3	56	0	3
995	13.07.2023 20:19:34,000	1,39	5,17	32	1	57	0	1
996	13.07.2023 20:19:35,000	1,35	5,12	32	1	57	0	1
997	13.07.2023 20:19:36,000	1,35	5,07	34	0	56	0	0
998	13.07.2023 20:19:37,000	1,35	5,02	35	1	54	0	1
999	13.07.2023 20:19:38,000	1,35	5,00	34	2	54	0	3
1000	13.07.2023 20:19:39,000	1,35	4,95	30	2	58	0	2
1001	13.07.2023 20:19:40,000	1,35	4,88	29	0	61	0	0
1002	13.07.2023 20:19:41,000	1,35	4,86	31	1	57	0	2
1003	13.07.2023 20:19:42,000	1,35	4,86	32	3	55	0	4
1004	13.07.2023 20:19:43,000	1,35	4,79	33	3	54	0	4
1005	13.07.2023 20:19:44,000	1,35	4,79	31	0	59	0	0
1006	13.07.2023 20:19:45,000	1,35	4,76	30	-1	59	0	-1
1007	13.07.2023 20:19:46,000	1,35	4,72	34	0	56	0	0
1008	13.07.2023 20:19:47,000	1,35	4,72	32	2	55	0	3
1009	13.07.2023 20:19:48,000	1,35	4,69	31	4	55	0	5
1010	13.07.2023 20:19:49,000	1,35	4,67	33	5	52	0	6
1011	13.07.2023 20:19:50,000	1,35	4,67	35	5	49	0	7
1012	13.07.2023 20:19:51,000	1,35	4,64	40	4	47	0	5
1013	13.07.2023 20:19:52,000	1,35	4,67	35	4	51	0	6
1014	13.07.2023 20:19:53,000	1,35	4,62	34	3	53	0	3
1015	13.07.2023 20:19:54,000	1,35	4,64	38	4	48	0	6
1016	13.07.2023 20:19:55,000	1,35	4,62	38	5	47	0	7
1017	13.07.2023 20:19:56,000	1,35	4,62	37	6	47	0	8
1018	13.07.2023 20:19:57,000	1,35	4,62	38	8	44	0	12
1019	13.07.2023 20:19:58,000	1,35	4,62	42	6	42	0	9
1020	13.07.2023 20:19:59,000	1,39	4,60	37	8	45	0	11
1021	13.07.2023 20:20:00,000	1,39	4,60	37	4	49	0	6
1022	13.07.2023 20:20:01,000	1,39	4,58	38	4	48	0	6
1023	13.07.2023 20:20:02,000	1,39	4,63	41	8	41	0	12
1024	13.07.2023 20:20:03,000	1,39	4,60	41	8	41	0	12
1025	13.07.2023 20:20:04,000	1,39	4,60	35	9	46	0	13
1026	13.07.2023 20:20:05,000	1,39	4,60	38	6	46	0	8
1027	13.07.2023 20:20:06,000	1,39	4,60	42	8	40	0	12
1028	13.07.2023 20:20:07,000	1,39	4,63	39	10	41	0	15
1029	13.07.2023 20:20:08,000	1,43	4,63	36	9	45	0	13
1030	13.07.2023 20:20:09,000	1,43	4,61	34	10	45	0	14
1031	13.07.2023 20:20:10,000	1,43	4,63	37	10	43	0	15
1032	13.07.2023 20:20:11,000	1,43	4,63	39	10	40	0	16
1033	13.07.2023 20:20:12,000	1,43	4,63	38	9	43	0	13
1034	13.07.2023 20:20:13,000	1,43	4,61	32	11	47	0	15
1035	13.07.2023 20:20:14,000	1,43	4,63	35	10	45	0	14
1036	13.07.2023 20:20:15,000	1,43	4,65	41	8	41	0	13
1037	13.07.2023 20:20:16,000	1,43	4,65	34	12	44	0	18
1038	13.07.2023 20:20:17,000	1,43	4,63	31	11	47	0	15
1039	13.07.2023 20:20:18,000	1,43	4,61	32	10	48	0	13
1040	13.07.2023 20:20:19,000	1,43	4,63	31	14	45	0	20
1041	13.07.2023 20:20:20,000	1,43	4,65	40	9	41	0	14
1042	13.07.2023 20:20:21,000	1,43	4,65	39	12	40	0	18
1043	13.07.2023 20:20:22,000	1,43	4,65	30	13	47	0	17
1044	13.07.2023 20:20:23,000	1,43	4,61	32	8	50	0	11
1045	13.07.2023 20:20:24,000	1,43	4,63	36	10	43	0	15
1046	13.07.2023 20:20:25,000	1,43	4,63	35	11	44	0	16
1047	13.07.2023 20:20:26,000	1,43	4,61	30	11	49	0	14
1048	13.07.2023 20:20:27,000	1,39	4,58	29	12	49	0	15
1049	13.07.2023 20:20:28,000	1,39	4,58	39	11	40	0	16
1050	13.07.2023 20:20:29,000	1,39	4,60	30	14	46	0	19
1051	13.07.2023 20:20:30,000	1,39	4,56	30	12	48	0	16
1052	13.07.2023 20:20:31,000	1,39	4,58	27	15	48	0	20
1053	13.07.2023 20:20:32,000	1,39	4,58	37	11	41	0	17
1054	13.07.2023 20:20:33,000	1,39	4,58	38	12	41	0	18
1055	13.07.2023 20:20:34,000	1,39	4,58	34	13	42	0	19
1056	13.07.2023 20:20:35,000	1,39	4,56	28	15	47	0	20
1057	13.07.2023 20:20:36,000	1,39	4,53	32	16	42	0	23
1058	13.07.2023 20:20:37,000	1,39	4,56	38	14	37	0	23
1059	13.07.2023 20:20:38,000	1,39	4,53	40	13	37	0	21
1060	13.07.2023 20:20:39,000	1,39	4,51	31	15	44	0	21
1061	13.07.2023 20:20:40,000	1,39	4,51	35	15	40	0	23
1062	13.07.2023 20:20:41,000	1,39	4,48	39	14	37	0	22
1063	13.07.2023 20:20:42,000	1,39	4,46	32	16	42	0	23
1064	13.07.2023 20:20:43,000	1,43	4,47	32	19	40	0	27
1065	13.07.2023 20:20:44,000	1,43	4,49	38	19	33	0	31
1066	13.07.2023 20:20:45,000	1,43	4,49	38	18	34	0	29
1067	13.07.2023 20:20:46,000	1,43	4,47	31	17	42	0	24
1068	13.07.2023 20:20:47,000	1,43	4,42	34	17	39	0	25
1069	13.07.2023 20:20:48,000	1,43	4,47	42	18	30	0	32
1070	13.07.2023 20:20:49,000	1,43	4,40	38	17	35	0	28
1071	13.07.2023 20:20:50,000	1,47	4,40	32	19	39	0	27
1072	13.07.2023 20:20:51,000	1,47	4,38	35	19	36	0	30
1073	13.07.2023 20:20:52,000	1,47	4,42	39	18	32	0	31
1074	13.07.2023 20:20:53,000	1,47	4,38	33	19	38	0	28
1075	13.07.2023 20:20:54,000	1,47	4,35	36	19	34	0	31
1076	13.07.2023 20:20:55,000	1,47	4,35	38	20	32	0	32
1077	13.07.2023 20:20:56,000	1,47	4,33	34	21	34	0	33
1078	13.07.2023 20:20:57,000	1,47	4,33	38	19	33	0	32
1079	13.07.2023 20:20:58,000	1,51	4,33	39	20	31	0	34
1080	13.07.2023 20:20:59,000	1,51	4,33	32	27	31	0	41
1081	13.07.2023 20:21:00,000	1,51	4,29	31	29	30	0	44
1082	13.07.2023 20:21:01,000	1,51	4,29	34	28	28	0	45
1083	13.07.2023 20:21:02,000	1,51	4,29	35	28	26	0	47
1084	13.07.2023 20:21:03,000	1,51	4,26	31	31	28	0	47
1085	13.07.2023 20:21:04,000	1,51	4,26	29	34	27	0	51
1086	13.07.2023 20:21:05,000	1,51	4,24	35	31	24	0	51
1087	13.07.2023 20:21:06,000	1,51	4,26	36	30	25	0	50
1088	13.07.2023 20:21:07,000	1,51	4,22	31	33	27	0	50
1089	13.07.2023 20:21:08,000	1,51	4,19	32	31	27	0	49
1090	13.07.2023 20:21:09,000	1,51	4,22	36	30	25	0	50
1091	13.07.2023 20:21:10,000	1,51	4,19	33	32	25	0	51
1092	13.07.2023 20:21:11,000	1,55	4,17	28	35	27	0	51
1093	13.07.2023 20:21:12,000	1,55	4,17	34	31	24	0	52
1094	13.07.2023 20:21:13,000	1,55	4,15	37	31	23	0	53
1095	13.07.2023 20:21:14,000	1,55	4,15	31	35	24	0	54
1096	13.07.2023 20:21:15,000	1,55	4,13	30	35	25	0	53
1097	13.07.2023 20:21:16,000	1,55	4,13	36	32	23	0	53
1098	13.07.2023 20:21:17,000	1,55	4,10	31	36	23	0	56
1099	13.07.2023 20:21:18,000	1,55	4,08	33	33	24	0	53
1100	13.07.2023 20:21:19,000	1,55	4,06	31	34	25	0	53
1101	13.07.2023 20:21:20,000	1,55	4,03	34	33	23	0	54
1102	13.07.2023 20:21:21,000	1,55	4,03	33	34	23	0	55
1103	13.07.2023 20:21:22,000	1,55	3,99	30	35	24	0	54
1104	13.07.2023 20:21:23,000	1,55	3,99	30	36	24	0	55
1105	13.07.2023 20:21:24,000	1,59	3,97	33	34	23	0	55
1106	13.07.2023 20:21:25,000	1,59	3,94	31	36	23	0	56
1107	13.07.2023 20:21:26,000	1,59	3,92	30	37	24	0	56
1108	13.07.2023 20:21:27,000	1,59	3,90	30	37	23	0	57
1109	13.07.2023 20:21:28,000	1,59	3,90	34	35	22	0	57
1110	13.07.2023 20:21:29,000	1,59	3,87	32	36	22	0	57
1111	13.07.2023 20:21:30,000	1,59	3,83	30	35	24	0	54
1112	13.07.2023 20:21:31,000	1,63	3,81	35	30	25	0	49
1113	13.07.2023 20:21:32,000	1,63	3,78	37	29	24	0	49
1114	13.07.2023 20:21:33,000	1,63	3,78	35	31	24	0	52
1115	13.07.2023 20:21:34,000	1,63	3,76	34	30	26	0	48
1116	13.07.2023 20:21:35,000	1,63	3,71	35	28	27	0	45
1117	13.07.2023 20:21:36,000	1,63	3,69	37	28	25	0	48
1118	13.07.2023 20:21:37,000	1,63	3,67	33	31	26	0	49
1119	13.07.2023 20:21:38,000	1,67	3,65	36	28	26	0	47
1120	13.07.2023 20:21:39,000	1,67	3,62	36	29	25	0	49
1121	13.07.2023 20:21:40,000	1,67	3,60	34	30	26	0	49
1122	13.07.2023 20:21:41,000	1,67	3,55	32	30	28	0	46
1123	13.07.2023 20:21:42,000	1,67	3,53	34	31	25	0	51
1124	13.07.2023 20:21:43,000	1,67	3,60	38	30	22	0	53
1125	13.07.2023 20:21:44,000	1,67	3,62	39	30	21	0	54
1126	13.07.2023 20:21:45,000	1,67	3,62	42	26	22	0	50
1127	13.07.2023 20:21:46,000	1,67	3,67	49	22	19	0	50
1128	13.07.2023 20:21:47,000	1,67	3,69	51	17	22	0	39
1129	13.07.2023 20:21:48,000	1,67	3,69	48	19	23	0	39
1130	13.07.2023 20:21:49,000	1,67	3,69	55	18	17	0	47
1131	13.07.2023 20:21:50,000	1,67	3,72	55	19	16	1	50
1132	13.07.2023 20:21:51,000	1,71	3,72	42	24	24	0	45
1133	13.07.2023 20:21:52,000	1,71	3,70	37	27	26	0	46
1134	13.07.2023 20:21:53,000	1,71	3,72	49	22	20	0	48
1135	13.07.2023 20:21:54,000	1,71	3,77	52	23	15	0	56
1136	13.07.2023 20:21:55,000	1,71	3,75	45	24	21	0	49
1137	13.07.2023 20:21:56,000	1,71	3,70	38	25	26	0	44
1138	13.07.2023 20:21:57,000	1,71	3,72	40	26	24	0	47
1139	13.07.2023 20:21:58,000	1,71	3,75	50	24	16	0	55
1140	13.07.2023 20:21:59,000	1,71	3,77	50	23	17	1	54
1141	13.07.2023 20:22:00,000	1,71	3,75	43	25	23	0	47
1142	13.07.2023 20:22:01,000	1,71	3,65	37	26	27	0	45
1143	13.07.2023 20:22:02,000	1,71	3,65	42	24	24	0	45
1144	13.07.2023 20:22:03,000	1,71	3,63	43	24	23	0	47
1145	13.07.2023 20:22:04,000	1,71	3,58	42	25	23	0	47
1146	13.07.2023 20:22:05,000	1,71	3,51	39	22	29	0	38
1147	13.07.2023 20:22:06,000	1,71	3,44	38	22	30	0	36
1148	13.07.2023 20:22:07,000	1,71	3,37	38	22	30	0	36
1149	13.07.2023 20:22:08,000	1,71	3,30	37	21	32	0	34
1150	13.07.2023 20:22:09,000	1,71	3,20	36	22	32	0	35
1151	13.07.2023 20:22:10,000	1,75	3,14	36	21	32	0	35
1152	13.07.2023 20:22:11,000	1,75	3,09	37	21	32	0	35
1153	13.07.2023 20:22:12,000	1,75	2,97	36	18	35	0	29
1154	13.07.2023 20:22:13,000	1,82	2,82	35	18	37	0	27
1155	13.07.2023 20:22:14,000	1,94	2,69	35	13	42	0	19
1156	13.07.2023 20:22:15,000	2,06	2,59	37	11	42	0	16
1157	13.07.2023 20:22:16,000	2,14	2,50	36	13	41	0	19
1158	13.07.2023 20:22:17,000	2,21	2,44	36	15	39	0	24
1159	13.07.2023 20:22:18,000	2,25	2,40	35	18	37	0	27
1160	13.07.2023 20:22:19,000	2,29	2,33	36	20	34	0	32
1161	13.07.2023 20:22:20,000	2,37	2,23	36	22	32	0	36
1162	13.07.2023 20:22:21,000	2,41	2,14	33	23	34	0	36
1163	13.07.2023 20:22:22,000	2,48	2,00	32	24	34	0	36
1164	13.07.2023 20:22:23,000	2,60	1,97	31	25	34	0	37
1165	13.07.2023 20:22:24,000	2,68	1,84	31	26	33	0	39
1166	13.07.2023 20:22:25,000	2,83	1,74	31	27	32	0	41
1167	13.07.2023 20:22:26,000	3,02	1,62	30	29	32	0	43
1168	13.07.2023 20:22:27,000	3,21	1,48	28	28	34	0	41
1169	13.07.2023 20:22:28,000	3,40	1,44	27	32	31	0	45
1170	13.07.2023 20:22:29,000	3,55	1,38	27	30	32	0	44
1171	13.07.2023 20:22:30,000	3,62	1,32	28	32	29	0	47
1172	13.07.2023 20:22:31,000	3,85	1,21	25	35	30	0	49
1173	13.07.2023 20:22:32,000	4,03	1,14	20	34	36	0	44
1174	13.07.2023 20:22:33,000	4,15	1,06	28	36	27	0	52
1175	13.07.2023 20:22:34,000	4,29	0,98	28	37	25	0	55
1176	13.07.2023 20:22:35,000	4,44	0,93	28	37	25	0	54
1177	13.07.2023 20:22:36,000	4,59	0,85	26	38	26	0	54
1178	13.07.2023 20:22:37,000	4,70	0,84	27	37	26	0	54
1179	13.07.2023 20:22:38,000	4,77	0,83	29	37	24	0	56
1180	13.07.2023 20:22:39,000	4,84	0,79	33	34	23	0	55
1181	13.07.2023 20:22:40,000	4,95	0,73	35	37	18	0	63
1182	13.07.2023 20:22:41,000	5,06	0,70	33	35	21	0	58
1183	13.07.2023 20:22:42,000	5,17	0,64	26	33	31	0	47
1184	13.07.2023 20:22:43,000	5,28	0,59	25	38	27	0	53
1185	13.07.2023 20:22:44,000	5,39	0,58	27	38	24	0	56
1186	13.07.2023 20:22:45,000	5,50	0,50	28	40	23	0	59
1187	13.07.2023 20:22:46,000	5,57	0,48	28	39	23	0	58
1188	13.07.2023 20:22:47,000	5,68	0,44	34	37	19	0	61
1189	13.07.2023 20:22:48,000	5,78	0,47	36	44	10	0	76
1190	13.07.2023 20:22:49,000	5,85	0,47	31	45	14	0	71
1191	13.07.2023 20:22:50,000	5,89	0,44	26	49	15	0	71
1192	13.07.2023 20:22:51,000	5,96	0,42	26	47	17	0	68
1193	13.07.2023 20:22:52,000	6,07	0,37	22	45	22	0	61
1194	13.07.2023 20:22:53,000	6,14	0,40	22	39	28	0	53
1195	13.07.2023 20:22:54,000	6,25	0,30	26	43	21	0	62
1196	13.07.2023 20:22:55,000	6,35	0,30	26	41	23	0	58
1197	13.07.2023 20:22:56,000	6,46	0,23	29	37	24	0	56
1198	13.07.2023 20:22:57,000	6,53	0,26	36	28	26	1	46
1199	13.07.2023 20:22:58,000	6,60	0,21	35	24	31	0	39
1200	13.07.2023 20:22:59,000	6,67	0,16	36	29	25	0	49
1201	13.07.2023 20:23:00,000	6,81	0,11	37	28	25	0	49
1202	13.07.2023 20:23:01,000	6,95	0,07	43	26	22	0	49
1203	13.07.2023 20:23:02,000	7,05	0,09	40	20	30	0	35
1204	13.07.2023 20:23:03,000	7,12	0,04	32	19	39	0	27
1205	13.07.2023 20:23:04,000	7,23	-0,03	34	19	36	0	30
1206	13.07.2023 20:23:05,000	7,33	-0,08	31	27	32	0	41
1207	13.07.2023 20:23:06,000	7,43	-0,10	27	28	35	0	39
1208	13.07.2023 20:23:07,000	7,54	-0,10	31	28	31	0	43
1209	13.07.2023 20:23:08,000	7,61	-0,10	32	21	38	0	31
1210	13.07.2023 20:23:09,000	7,68	-0,10	36	17	37	0	27
1211	13.07.2023 20:23:10,000	7,74	-0,12	31	18	41	0	26
1212	13.07.2023 20:23:11,000	7,81	-0,10	35	8	48	0	10
1213	13.07.2023 20:23:12,000	7,88	-0,10	30	7	53	0	8
1214	13.07.2023 20:23:13,000	7,95	-0,15	17	1	72	0	1
1215	13.07.2023 20:23:14,000	8,02	-0,15	14	-4	72	0	-5
1216	13.07.2023 20:23:15,000	8,09	-0,17	27	-6	57	1	-7
1217	13.07.2023 20:23:16,000	8,16	-0,17	9	-13	69	0	-14
1218	13.07.2023 20:23:17,000	8,19	-0,17	9	-12	69	0	-13
1219	13.07.2023 20:23:18,000	8,26	-0,17	10	-8	72	1	-8
1220	13.07.2023 20:23:19,000	8,36	-0,17	16	-10	64	0	-12
1221	13.07.2023 20:23:20,000	8,43	-0,17	15	-10	65	0	-12
1222	13.07.2023 20:23:21,000	8,53	-0,17	16	-10	65	0	-11
1223	13.07.2023 20:23:22,000	8,60	-0,15	15	-5	69	0	-6
1224	13.07.2023 20:23:23,000	8,66	-0,19	11	-3	76	0	-3
1225	13.07.2023 20:23:24,000	8,70	-0,15	15	-5	70	0	-5
1226	13.07.2023 20:23:25,000	8,73	-0,17	21	7	62	1	8
1227	13.07.2023 20:23:26,000	8,80	-0,17	19	2	69	0	3
1228	13.07.2023 20:23:27,000	8,87	-0,17	15	-4	71	0	-4
1229	13.07.2023 20:23:28,000	8,93	-0,19	17	-9	65	0	-10
1230	13.07.2023 20:23:29,000	9,00	-0,15	9	-16	65	0	-18
1231	13.07.2023 20:23:30,000	9,03	-0,17	7	-11	72	0	-12
1232	13.07.2023 20:23:31,000	9,10	-0,19	15	-7	68	0	-8
1233	13.07.2023 20:23:32,000	9,17	-0,15	14	-8	68	0	-9
1234	13.07.2023 20:23:33,000	9,24	-0,17	15	-6	68	0	-7
1235	13.07.2023 20:23:34,000	9,30	-0,17	18	-1	71	0	-1
1236	13.07.2023 20:23:35,000	9,34	-0,17	17	-4	69	0	-5
1237	13.07.2023 20:23:36,000	9,37	-0,12	15	-1	74	0	-1
1238	13.07.2023 20:23:37,000	9,40	-0,15	17	1	73	1	1
1239	13.07.2023 20:23:38,000	9,47	-0,15	14	4	72	1	4
1240	13.07.2023 20:23:39,000	9,50	-0,15	15	2	73	0	2
1241	13.07.2023 20:23:40,000	9,57	-0,12	14	5	71	0	6
1242	13.07.2023 20:23:41,000	9,60	-0,10	18	-3	69	0	-3
1243	13.07.2023 20:23:42,000	9,64	-0,12	8	-8	73	0	-9
1244	13.07.2023 20:23:43,000	9,67	-0,10	13	-2	75	0	-2
1245	13.07.2023 20:23:44,000	9,70	-0,12	9	-2	78	0	-3
1246	13.07.2023 20:23:45,000	9,77	-0,08	22	5	62	0	6
1247	13.07.2023 20:23:46,000	9,80	-0,03	23	4	63	0	4
1248	13.07.2023 20:23:47,000	9,83	-0,08	22	2	66	0	2
1249	13.07.2023 20:23:48,000	9,87	-0,08	19	0	71	0	0
1250	13.07.2023 20:23:49,000	9,90	-0,05	21	-4	65	0	-5
1251	13.07.2023 20:23:50,000	9,93	-0,05	24	-1	65	0	-1
1252	13.07.2023 20:23:51,000	9,97	-0,03	27	2	61	0	2
1253	13.07.2023 20:23:52,000	10,00	-0,03	19	-3	69	0	-3
1254	13.07.2023 20:23:53,000	10,03	-0,05	16	-2	72	0	-2
1255	13.07.2023 20:23:54,000	10,07	-0,05	17	-4	69	0	-5
1256	13.07.2023 20:23:55,000	10,13	-0,05	19	5	66	0	5
1257	13.07.2023 20:23:56,000	10,16	-0,05	20	-2	69	1	-2
1258	13.07.2023 20:23:57,000	10,20	-0,05	19	-2	69	1	-2
1259	13.07.2023 20:23:58,000	10,23	-0,08	11	-10	69	1	-11
1260	13.07.2023 20:23:59,000	10,26	-0,08	5	-3	82	0	-3
1261	13.07.2023 20:24:00,000	10,30	-0,08	18	-1	71	0	-1
1262	13.07.2023 20:24:01,000	10,33	-0,08	18	-2	71	0	-2
1263	13.07.2023 20:24:02,000	10,36	-0,08	17	-4	70	0	-4
1264	13.07.2023 20:24:03,000	10,39	-0,10	18	-8	64	0	-10
1265	13.07.2023 20:24:04,000	10,43	-0,10	14	-5	71	1	-6
1266	13.07.2023 20:24:05,000	10,46	-0,12	8	-2	80	1	-2
1267	13.07.2023 20:24:06,000	10,49	-0,10	16	-7	67	0	-7
1268	13.07.2023 20:24:07,000	10,52	-0,03	28	0	62	0	0
1269	13.07.2023 20:24:08,000	10,52	-0,03	18	-2	70	0	-2
1270	13.07.2023 20:24:09,000	10,56	-0,05	23	0	66	1	0
1271	13.07.2023 20:24:10,000	10,59	-0,12	14	-6	69	1	-7
1272	13.07.2023 20:24:11,000	10,62	-0,12	13	-10	67	0	-12
1273	13.07.2023 20:24:12,000	10,62	-0,10	24	4	62	0	5
1274	13.07.2023 20:24:13,000	10,66	-0,05	23	-4	63	1	-5
1275	13.07.2023 20:24:14,000	10,66	-0,05	19	-14	57	1	-16
1276	13.07.2023 20:24:15,000	10,69	-0,05	20	-13	57	1	-15
1277	13.07.2023 20:24:16,000	10,72	-0,05	23	-11	56	1	-13
1278	13.07.2023 20:24:17,000	10,72	-0,12	11	-12	67	0	-13
1279	13.07.2023 20:24:18,000	10,75	-0,12	7	-12	71	1	-13
1280	13.07.2023 20:24:19,000	10,79	-0,10	17	-7	66	1	-8
1281	13.07.2023 20:24:20,000	10,79	-0,05	19	-12	59	0	-14
1282	13.07.2023 20:24:21,000	10,79	-0,05	14	-18	58	0	-21
1283	13.07.2023 20:24:22,000	10,82	-0,08	17	-18	55	0	-21
1284	13.07.2023 20:24:23,000	10,85	-0,10	17	-17	55	0	-21
1285	13.07.2023 20:24:24,000	10,85	-0,10	14	-24	52	0	-28
1286	13.07.2023 20:24:25,000	10,85	-0,08	20	-20	50	0	-24
1287	13.07.2023 20:24:26,000	10,85	-0,08	15	-18	57	1	-21
1288	13.07.2023 20:24:27,000	10,85	-0,10	28	-10	52	0	-13
1289	13.07.2023 20:24:28,000	10,88	-0,08	24	-15	50	0	-20
1290	13.07.2023 20:24:29,000	10,88	-0,08	25	-22	43	1	-30
1291	13.07.2023 20:24:30,000	10,92	-0,08	15	-26	49	0	-30
1292	13.07.2023 20:24:31,000	10,92	-0,08	17	-16	58	1	-18
1293	13.07.2023 20:24:32,000	10,88	-0,03	30	-9	51	1	-12
1294	13.07.2023 20:24:33,000	10,85	-0,03	28	-27	36	0	-38
1295	13.07.2023 20:24:34,000	10,82	-0,03	15	-51	24	0	-62
1296	13.07.2023 20:24:35,000	10,82	0,02	16	-45	29	0	-56
1297	13.07.2023 20:24:36,000	10,75	0,02	19	-40	31	0	-51
1298	13.07.2023 20:24:37,000	10,69	0,02	26	-37	27	0	-53
1299	13.07.2023 20:24:38,000	10,62	0,04	26	-36	28	0	-51
1300	13.07.2023 20:24:39,000	10,56	0,09	59	6	24	0	15
1301	13.07.2023 20:24:40,000	10,49	0,07	55	14	22	1	32
1302	13.07.2023 20:24:41,000	10,52	0,02	58	19	13	1	56
1303	13.07.2023 20:24:42,000	10,62	0,04	58	24	8	0	71
1304	13.07.2023 20:24:43,000	10,59	0,04	60	21	9	1	71
1305	13.07.2023 20:24:44,000	10,56	0,09	63	26	1	0	87
1306	13.07.2023 20:24:45,000	10,52	0,09	61	22	7	0	87
1307	13.07.2023 20:24:46,000	10,46	0,09	73	11	7	0	87
1308	13.07.2023 20:24:47,000	10,43	0,09	82	-3	5	0	87
1309	13.07.2023 20:24:48,000	10,39	0,11	65	-8	17	0	87
1310	13.07.2023 20:24:49,000	10,36	0,09	27	-3	60	1	-4
1311	13.07.2023 20:24:50,000	10,33	0,11	71	-14	5	0	-4
1312	13.07.2023 20:24:51,000	10,30	0,11	69	8	-13	0	-4
1313	13.07.2023 20:24:52,000	10,26	0,11	65	7	-18	1	-4
1314	13.07.2023 20:24:53,000	10,23	0,11	60	19	-12	0	-4
1315	13.07.2023 20:24:54,000	10,20	0,14	66	23	-1	0	-4
1316	13.07.2023 20:24:55,000	10,16	0,14	55	18	17	1	48
1317	13.07.2023 20:24:56,000	10,13	0,14	20	40	30	1	51
1318	13.07.2023 20:24:57,000	10,10	0,16	48	32	9	1	73
1319	13.07.2023 20:24:58,000	10,07	0,14	84	0	6	1	73
1320	13.07.2023 20:24:59,000	10,03	0,16	56	28	6	1	77
1321	13.07.2023 20:25:00,000	10,03	0,16	-5	4	81	0	5
1322	13.07.2023 20:25:01,000	10,00	0,16	1	-2	87	0	-2
1323	13.07.2023 20:25:02,000	9,97	0,18	-2	-1	87	0	-1
1324	13.07.2023 20:25:03,000	9,97	0,16	4	5	81	0	5
1325	13.07.2023 20:25:04,000	9,93	0,11	-3	3	84	0	3
1326	13.07.2023 20:25:05,000	9,93	0,16	-7	3	80	1	3
1327	13.07.2023 20:25:06,000	9,90	0,14	-13	2	76	0	2
1328	13.07.2023 20:25:07,000	9,90	0,14	-14	4	72	0	4
1329	13.07.2023 20:25:08,000	9,87	0,16	-8	-5	77	0	-5
1330	13.07.2023 20:25:09,000	9,87	0,16	-2	-8	80	1	-9
1331	13.07.2023 20:25:10,000	9,83	0,16	-4	-4	82	1	-4
1332	13.07.2023 20:25:11,000	9,83	0,16	-7	-2	81	0	-2
1333	13.07.2023 20:25:12,000	9,80	0,18	-7	-3	81	0	-3
1334	13.07.2023 20:25:13,000	9,80	0,16	-5	-1	84	0	-1
1335	13.07.2023 20:25:14,000	9,80	0,16	4	-8	77	0	-9
1336	13.07.2023 20:25:15,000	9,80	0,18	-49	5	-36	1	171
1337	13.07.2023 20:25:16,000	9,77	0,18	-85	3	1	0	171
1338	13.07.2023 20:25:17,000	9,77	0,18	-87	3	1	0	171
1339	13.07.2023 20:25:18,000	9,77	0,18	-86	1	-3	0	171
1340	13.07.2023 20:25:19,000	9,77	0,18	-86	3	-1	0	171
1341	13.07.2023 20:25:20,000	9,77	0,18	-87	3	0	0	171
1342	13.07.2023 20:25:21,000	9,73	0,16	-86	3	-1	0	171
1343	13.07.2023 20:25:22,000	9,73	0,16	-83	6	-1	0	171
1344	13.07.2023 20:25:23,000	9,73	0,16	-85	4	-1	0	171
1345	13.07.2023 20:25:24,000	9,73	0,16	-88	-1	-1	0	171
1346	13.07.2023 20:25:25,000	9,73	0,16	-88	1	-1	0	171
1347	13.07.2023 20:25:26,000	9,73	0,16	-84	6	0	0	171
1348	13.07.2023 20:25:27,000	9,73	0,16	-84	5	0	0	171
1349	13.07.2023 20:25:28,000	9,73	0,16	-87	1	-2	0	171
1350	13.07.2023 20:25:29,000	9,70	0,16	-89	0	-1	0	171
1351	13.07.2023 20:25:30,000	9,70	0,16	-85	4	-1	0	171
1352	13.07.2023 20:25:31,000	9,70	0,16	-84	6	1	0	171
1353	13.07.2023 20:25:32,000	9,70	0,16	-84	5	-2	0	171
1354	13.07.2023 20:25:33,000	9,70	0,16	-83	3	-4	0	171
1355	13.07.2023 20:25:34,000	9,70	0,16	-87	2	1	0	171
1356	13.07.2023 20:25:35,000	9,70	0,16	-86	3	1	0	171
1357	13.07.2023 20:25:36,000	9,67	0,16	-84	3	-3	0	171
1358	13.07.2023 20:25:37,000	9,67	0,16	-86	3	-2	0	171
1359	13.07.2023 20:25:38,000	9,67	0,16	-85	5	0	0	171
1360	13.07.2023 20:25:39,000	9,67	0,16	-84	3	-3	1	171
1361	13.07.2023 20:25:40,000	9,67	0,16	-86	2	-2	0	171
1362	13.07.2023 20:25:41,000	9,67	0,18	-85	5	-1	0	171
1363	13.07.2023 20:25:42,000	9,64	0,18	-84	4	-1	0	171
1364	13.07.2023 20:25:43,000	9,64	0,16	-86	2	-2	0	171
1365	13.07.2023 20:25:44,000	9,64	0,18	-88	1	-1	0	171
1366	13.07.2023 20:25:45,000	9,64	0,18	-86	4	-1	0	171
1367	13.07.2023 20:25:46,000	9,64	0,16	-85	3	-2	0	171
1368	13.07.2023 20:25:47,000	9,64	0,18	-88	1	-1	0	171
1369	13.07.2023 20:25:48,000	9,64	0,18	-87	2	-1	0	171
1370	13.07.2023 20:25:49,000	9,64	0,16	-86	2	-2	0	171
1371	13.07.2023 20:25:50,000	9,64	0,18	-89	1	0	0	171
1372	13.07.2023 20:25:51,000	9,64	0,18	-51	-8	-31	1	-165
1373	13.07.2023 20:25:52,000	9,64	0,16	-59	5	-26	0	170
1374	13.07.2023 20:25:53,000	9,64	0,16	-60	3	-26	0	172
1375	13.07.2023 20:25:54,000	9,67	0,16	-59	3	-28	1	173
1376	13.07.2023 20:25:55,000	9,67	0,16	-58	2	-29	0	175
1377	13.07.2023 20:25:56,000	9,67	0,18	-56	2	-32	1	176
1378	13.07.2023 20:25:57,000	9,67	0,18	-58	3	-29	0	175
1379	13.07.2023 20:25:58,000	9,67	0,16	-60	3	-28	1	174
1380	13.07.2023 20:25:59,000	9,67	0,16	-58	3	-28	0	173
1381	13.07.2023 20:26:00,000	9,67	0,18	-58	3	-29	0	173
1382	13.07.2023 20:26:01,000	9,67	0,16	-60	2	-27	0	175
1383	13.07.2023 20:26:02,000	9,67	0,16	-67	3	-20	1	175
1384	13.07.2023 20:26:03,000	9,67	0,16	1	-89	0	0	-90
1385	13.07.2023 20:26:04,000	9,67	0,16	5	-82	3	0	-87
1386	13.07.2023 20:26:05,000	9,67	0,16	5	-85	0	0	-90
1387	13.07.2023 20:26:06,000	9,67	0,18	3	-85	-2	0	-92
1388	13.07.2023 20:26:07,000	9,67	0,16	-1	-88	1	0	-89
1389	13.07.2023 20:26:08,000	9,67	0,18	-1	-87	2	0	-88
1390	13.07.2023 20:26:09,000	9,70	0,16	2	-88	0	0	-90
1391	13.07.2023 20:26:10,000	9,67	0,18	3	-85	-1	0	-92
1392	13.07.2023 20:26:11,000	9,70	0,16	1	-88	1	0	-89
1393	13.07.2023 20:26:12,000	9,67	0,16	2	-85	2	0	-88
1394	13.07.2023 20:26:13,000	9,67	0,16	2	-87	1	0	-89
1395	13.07.2023 20:26:14,000	9,67	0,16	3	-87	-1	0	-91
1396	13.07.2023 20:26:15,000	9,67	0,16	3	-86	-1	0	-91
1397	13.07.2023 20:26:16,000	9,67	0,18	1	-89	0	0	-90
1398	13.07.2023 20:26:17,000	9,67	0,16	1	-87	2	0	-88
1399	13.07.2023 20:26:18,000	9,70	0,18	4	-85	2	0	-88
1400	13.07.2023 20:26:19,000	9,70	0,16	5	-85	0	0	-90
1401	13.07.2023 20:26:20,000	9,70	0,16	2	-85	-3	0	-93
1402	13.07.2023 20:26:21,000	9,70	0,16	0	-90	0	0	-90
1403	13.07.2023 20:26:22,000	9,70	0,18	0	-87	3	0	-87
1404	13.07.2023 20:26:23,000	9,70	0,18	3	-85	2	0	-88
1405	13.07.2023 20:26:24,000	9,70	0,16	4	-85	-1	0	-91
1406	13.07.2023 20:26:25,000	9,70	0,18	3	-86	-1	0	-91
1407	13.07.2023 20:26:26,000	9,70	0,16	2	-87	1	0	-89
1408	13.07.2023 20:26:27,000	9,70	0,16	0	-89	0	0	-90
1409	13.07.2023 20:26:28,000	9,70	0,16	-1	-89	0	0	-90
1410	13.07.2023 20:26:29,000	9,70	0,18	3	-84	3	0	-87
1411	13.07.2023 20:26:30,000	9,70	0,16	6	-83	1	0	-89
1412	13.07.2023 20:26:31,000	9,70	0,16	3	-83	-4	0	-94
1413	13.07.2023 20:26:32,000	9,70	0,16	0	-88	-2	0	-92
1414	13.07.2023 20:26:33,000	9,73	0,18	-1	-85	4	0	-86
1415	13.07.2023 20:26:34,000	9,73	0,16	2	-84	3	0	-87
1416	13.07.2023 20:26:35,000	9,73	0,16	5	-84	-1	0	-91
1417	13.07.2023 20:26:36,000	9,73	0,16	3	-85	-1	0	-91
1418	13.07.2023 20:26:37,000	9,73	0,16	2	-88	0	0	-90
1419	13.07.2023 20:26:38,000	9,73	0,16	2	-88	0	0	-90
1420	13.07.2023 20:26:39,000	9,73	0,16	1	-89	0	0	-90
1421	13.07.2023 20:26:40,000	9,73	0,14	0	-88	1	0	-89
1422	13.07.2023 20:26:41,000	9,73	0,16	0	-89	1	0	-89
1423	13.07.2023 20:26:42,000	9,73	0,16	3	-85	2	0	-88
1424	13.07.2023 20:26:43,000	9,73	0,16	6	-83	-1	0	-91
1425	13.07.2023 20:26:44,000	9,77	0,18	2	-85	-3	0	-93
1426	13.07.2023 20:26:45,000	9,77	0,18	0	-87	3	0	-87
1427	13.07.2023 20:26:46,000	9,77	0,18	0	-86	3	0	-87
1428	13.07.2023 20:26:47,000	9,77	0,18	1	-86	-3	0	-93
1429	13.07.2023 20:26:48,000	9,77	0,18	1	-87	-2	0	-92
1430	13.07.2023 20:26:49,000	9,77	0,18	3	-83	4	0	-86
1431	13.07.2023 20:26:50,000	9,77	0,18	4	-84	2	0	-88
1432	13.07.2023 20:26:51,000	9,77	0,18	4	-84	-2	0	-92
1433	13.07.2023 20:26:52,000	9,77	0,18	2	-86	-2	0	-92
1434	13.07.2023 20:26:53,000	9,77	0,16	1	-86	3	0	-87
1435	13.07.2023 20:26:54,000	9,77	0,18	1	-86	3	0	-87
1436	13.07.2023 20:26:55,000	9,77	0,16	1	-88	-1	0	-91
1437	13.07.2023 20:26:56,000	9,80	0,18	3	-85	-2	0	-92
1438	13.07.2023 20:26:57,000	9,80	0,16	4	-84	2	0	-88
1439	13.07.2023 20:26:58,000	9,80	0,16	4	-84	2	0	-88
1440	13.07.2023 20:26:59,000	9,80	0,18	1	-88	-1	0	-91
1441	13.07.2023 20:27:00,000	9,80	0,16	-2	-87	-2	0	-92
1442	13.07.2023 20:27:01,000	9,80	0,16	1	-86	3	0	-87
1443	13.07.2023 20:27:02,000	9,80	0,21	5	-83	2	0	-88
1444	13.07.2023 20:27:03,000	9,80	0,18	6	-82	-3	0	-93
1445	13.07.2023 20:27:04,000	9,83	0,18	2	-87	-1	0	-91
1446	13.07.2023 20:27:05,000	9,83	0,18	1	-86	3	0	-87
1447	13.07.2023 20:27:06,000	9,83	0,16	1	-87	2	0	-88
1448	13.07.2023 20:27:07,000	9,83	0,18	3	-86	-2	0	-92
1449	13.07.2023 20:27:08,000	9,83	0,18	4	-84	-1	0	-91
1450	13.07.2023 20:27:09,000	9,83	0,16	4	-84	2	0	-88
1451	13.07.2023 20:27:10,000	9,83	0,16	1	-87	2	0	-88
1452	13.07.2023 20:27:11,000	9,83	0,16	2	-87	-1	0	-91
1453	13.07.2023 20:27:12,000	9,87	0,16	2	-87	-1	0	-91
1454	13.07.2023 20:27:13,000	9,87	0,16	2	-88	0	0	-90
1455	13.07.2023 20:27:14,000	9,87	0,16	2	-86	1	0	-89
1456	13.07.2023 20:27:15,000	9,87	0,18	5	-83	2	0	-88
1457	13.07.2023 20:27:16,000	9,87	0,16	4	-85	0	0	-90
1458	13.07.2023 20:27:17,000	9,90	0,16	2	-88	0	0	-90
1459	13.07.2023 20:27:18,000	9,90	0,16	2	-87	1	0	-89
1460	13.07.2023 20:27:19,000	9,90	0,16	3	-86	1	0	-89
1461	13.07.2023 20:27:20,000	9,90	0,16	2	-87	-1	0	-91
1462	13.07.2023 20:27:21,000	9,90	0,16	2	-88	0	0	-90
1463	13.07.2023 20:27:22,000	9,90	0,16	3	-86	2	0	-88
1464	13.07.2023 20:27:23,000	9,90	0,14	4	-82	4	0	-86
1465	13.07.2023 20:27:24,000	9,93	0,16	-57	7	-27	0	166
1466	13.07.2023 20:27:25,000	9,93	0,16	-61	2	-27	1	175
1467	13.07.2023 20:27:26,000	9,93	0,14	-52	6	-32	0	169
1468	13.07.2023 20:27:27,000	9,97	0,16	-57	9	-24	0	159
1469	13.07.2023 20:27:28,000	9,97	0,16	-63	-1	-26	1	-178
1470	13.07.2023 20:27:29,000	9,97	0,16	-58	-3	-30	0	-175
1471	13.07.2023 20:27:30,000	9,97	0,16	-56	-7	-26	0	-163
1472	13.07.2023 20:27:31,000	10,00	0,16	-64	-10	-15	0	-163
1473	13.07.2023 20:27:32,000	10,00	0,16	-62	-5	-23	0	-163
1474	13.07.2023 20:27:33,000	10,00	0,16	-61	-2	-27	0	-175
1475	13.07.2023 20:27:34,000	10,03	0,16	-59	2	-29	0	177
1476	13.07.2023 20:27:35,000	10,03	0,16	-59	2	-29	0	176
1477	13.07.2023 20:27:36,000	10,03	0,14	-64	-4	-22	0	176
1478	13.07.2023 20:27:37,000	10,03	0,14	-67	0	-23	1	176
1479	13.07.2023 20:27:38,000	10,07	0,16	-68	-1	-21	1	176
1480	13.07.2023 20:27:39,000	10,07	0,14	-53	4	-33	0	172
1481	13.07.2023 20:27:40,000	10,07	0,14	-57	2	-31	0	176
1482	13.07.2023 20:27:41,000	10,10	0,16	-54	7	-29	0	166
1483	13.07.2023 20:27:42,000	10,10	0,16	-58	5	-27	0	169
1484	13.07.2023 20:27:43,000	10,10	0,16	-49	6	-35	0	170
1485	13.07.2023 20:27:44,000	10,10	0,14	-67	-2	-20	0	170
1486	13.07.2023 20:27:45,000	10,13	0,14	-60	4	-25	0	170
1487	13.07.2023 20:27:46,000	10,13	0,16	-60	6	-25	0	166
1488	13.07.2023 20:27:47,000	10,16	0,16	-55	8	-27	0	162
1489	13.07.2023 20:27:48,000	10,16	0,14	-57	6	-27	0	166
1490	13.07.2023 20:27:49,000	10,16	0,16	-56	4	-30	1	173
1491	13.07.2023 20:27:50,000	10,16	0,16	-61	5	-24	0	167
1492	13.07.2023 20:27:51,000	10,20	0,14	-57	7	-26	1	163
1493	13.07.2023 20:27:52,000	10,20	0,14	-56	5	-30	1	170
1494	13.07.2023 20:27:53,000	10,20	0,14	-61	5	-24	1	167
1495	13.07.2023 20:27:54,000	10,20	0,14	-55	5	-30	0	170
1496	13.07.2023 20:27:55,000	10,23	0,14	-61	3	-25	0	172
1497	13.07.2023 20:27:56,000	10,23	0,14	-58	6	-26	0	166
1498	13.07.2023 20:27:57,000	10,23	0,16	-56	8	-26	0	162
1499	13.07.2023 20:27:58,000	10,23	0,14	-58	7	-25	0	163
1500	13.07.2023 20:27:59,000	10,26	0,14	-60	5	-24	0	167
1501	13.07.2023 20:28:00,000	10,26	0,14	-57	7	-26	0	164
1502	13.07.2023 20:28:01,000	10,26	0,14	-58	5	-27	0	168
1503	13.07.2023 20:28:02,000	10,30	0,14	-59	4	-27	0	170
1504	13.07.2023 20:28:03,000	10,30	0,11	-57	5	-28	1	170
1505	13.07.2023 20:28:04,000	10,30	0,11	-64	4	-22	0	170
1506	13.07.2023 20:28:05,000	10,30	0,14	-64	3	-23	0	170
1507	13.07.2023 20:28:06,000	10,30	0,14	-60	1	-29	0	178
1508	13.07.2023 20:28:07,000	10,30	0,14	-61	1	-28	0	177
1509	13.07.2023 20:28:08,000	10,33	0,14	-56	1	-34	1	179
1510	13.07.2023 20:28:09,000	10,33	0,14	-62	5	-23	0	166
1511	13.07.2023 20:28:10,000	10,33	0,16	-62	3	-26	0	174
1512	13.07.2023 20:28:11,000	10,33	0,14	-57	-1	-33	0	-179
1513	13.07.2023 20:28:12,000	10,36	0,14	-60	-2	-28	0	-175
1514	13.07.2023 20:28:13,000	10,36	0,16	-55	-3	-32	0	-175
1515	13.07.2023 20:28:14,000	10,36	0,14	-2	18	-70	0	162
1516	13.07.2023 20:28:15,000	10,36	0,14	1	13	-76	0	166
1517	13.07.2023 20:28:16,000	10,39	0,14	6	14	-70	0	165
1518	13.07.2023 20:28:17,000	10,39	0,14	6	15	-69	0	164
1519	13.07.2023 20:28:18,000	10,39	0,16	4	12	-74	0	168
1520	13.07.2023 20:28:19,000	10,39	0,14	6	9	-75	0	171
1521	13.07.2023 20:28:20,000	10,39	0,14	10	11	-69	0	168
1522	13.07.2023 20:28:21,000	10,39	0,16	7	16	-66	1	163
1523	13.07.2023 20:28:22,000	10,39	0,14	-1	16	-73	1	164
1524	13.07.2023 20:28:23,000	10,43	0,14	0	14	-76	0	166
1525	13.07.2023 20:28:24,000	10,43	0,14	8	13	-69	0	166
1526	13.07.2023 20:28:25,000	10,43	0,16	9	10	-71	0	169
1527	13.07.2023 20:28:26,000	10,43	0,16	5	12	-73	1	167
1528	13.07.2023 20:28:27,000	10,43	0,16	3	15	-72	0	164
1529	13.07.2023 20:28:28,000	10,43	0,16	4	14	-72	0	165
1530	13.07.2023 20:28:29,000	10,43	0,14	5	13	-72	0	166
1531	13.07.2023 20:28:30,000	10,46	0,14	5	13	-72	0	167
1532	13.07.2023 20:28:31,000	10,46	0,16	6	12	-71	0	167
1533	13.07.2023 20:28:32,000	10,46	0,14	7	12	-71	0	167
1534	13.07.2023 20:28:33,000	10,46	0,14	5	12	-73	0	167
1535	13.07.2023 20:28:34,000	10,46	0,14	6	11	-72	0	168
1536	13.07.2023 20:28:35,000	10,46	0,16	5	14	-70	0	165
1537	13.07.2023 20:28:36,000	10,49	0,16	4	14	-71	0	165
1538	13.07.2023 20:28:37,000	10,49	0,14	6	11	-74	0	169
1539	13.07.2023 20:28:38,000	10,49	0,14	6	11	-73	0	168
1540	13.07.2023 20:28:39,000	10,49	0,14	6	16	-68	0	163
1541	13.07.2023 20:28:40,000	10,49	0,16	4	13	-72	0	166
1542	13.07.2023 20:28:41,000	10,49	0,16	3	12	-75	0	168
1543	13.07.2023 20:28:42,000	10,49	0,14	6	15	-69	0	164
1544	13.07.2023 20:28:43,000	10,52	0,16	7	13	-71	0	167
1545	13.07.2023 20:28:44,000	10,52	0,18	4	10	-76	0	169
1546	13.07.2023 20:28:45,000	10,52	0,16	6	13	-71	0	166
1547	13.07.2023 20:28:46,000	10,52	0,16	8	13	-68	0	166
1548	13.07.2023 20:28:47,000	10,52	0,16	5	12	-73	0	167
1549	13.07.2023 20:28:48,000	10,56	0,16	1	13	-76	0	167
1550	13.07.2023 20:28:49,000	10,56	0,16	5	14	-71	0	165
1551	13.07.2023 20:28:50,000	10,56	0,16	8	15	-68	0	164
1552	13.07.2023 20:28:51,000	10,56	0,16	5	13	-73	0	167
1553	13.07.2023 20:28:52,000	10,56	0,16	5	10	-75	0	170
1554	13.07.2023 20:28:53,000	10,56	0,16	7	10	-73	0	169
1555	13.07.2023 20:28:54,000	10,56	0,16	5	16	-70	0	164
1556	13.07.2023 20:28:55,000	10,59	0,16	6	16	-68	0	163
1557	13.07.2023 20:28:56,000	10,59	0,16	4	11	-75	0	169
1558	13.07.2023 20:28:57,000	10,59	0,16	6	9	-75	0	170
1559	13.07.2023 20:28:58,000	10,59	0,16	4	16	-70	1	163
1560	13.07.2023 20:28:59,000	10,59	0,16	2	18	-70	0	162
1561	13.07.2023 20:29:00,000	10,62	0,16	5	14	-71	0	165
1562	13.07.2023 20:29:01,000	10,62	0,16	8	9	-73	0	170
1563	13.07.2023 20:29:02,000	10,62	0,16	7	10	-73	1	169
1564	13.07.2023 20:29:03,000	10,62	0,14	3	16	-72	1	164
1565	13.07.2023 20:29:04,000	10,62	0,16	3	16	-71	0	164
1566	13.07.2023 20:29:05,000	10,62	0,14	4	14	-72	0	166
1567	13.07.2023 20:29:06,000	10,62	0,14	8	11	-71	0	168
1568	13.07.2023 20:29:07,000	10,66	0,14	7	11	-71	0	168
1569	13.07.2023 20:29:08,000	10,66	0,16	5	12	-72	0	167
1570	13.07.2023 20:29:09,000	10,66	0,16	5	12	-73	0	167
1571	13.07.2023 20:29:10,000	10,66	0,16	4	14	-72	0	165
1572	13.07.2023 20:29:11,000	10,66	0,16	7	15	-68	0	164
1573	13.07.2023 20:29:12,000	10,66	0,14	5	12	-73	0	168
1574	13.07.2023 20:29:13,000	10,69	0,14	5	10	-75	0	169
1575	13.07.2023 20:29:14,000	10,69	0,14	7	12	-70	0	167
1576	13.07.2023 20:29:15,000	10,69	0,16	8	11	-70	0	168
1577	13.07.2023 20:29:16,000	10,69	0,14	5	12	-73	0	167
1578	13.07.2023 20:29:17,000	10,69	0,14	1	15	-73	1	164
1579	13.07.2023 20:29:18,000	10,72	0,16	5	14	-71	0	165
1580	13.07.2023 20:29:19,000	10,72	0,18	9	11	-71	0	169
1581	13.07.2023 20:29:20,000	10,72	0,16	9	9	-72	0	171
1582	13.07.2023 20:29:21,000	10,72	0,16	4	14	-72	1	165
1583	13.07.2023 20:29:22,000	10,72	0,16	-1	17	-73	1	163
1584	13.07.2023 20:29:23,000	10,75	0,16	4	15	-71	0	165
1585	13.07.2023 20:29:24,000	10,75	0,16	9	11	-70	0	168
1586	13.07.2023 20:29:25,000	10,75	0,16	7	11	-72	0	169
1587	13.07.2023 20:29:26,000	10,75	0,16	3	13	-74	1	167
1588	13.07.2023 20:29:27,000	10,75	0,14	3	15	-73	0	165
1589	13.07.2023 20:29:28,000	10,75	0,16	4	16	-70	0	163
1590	13.07.2023 20:29:29,000	10,75	0,16	5	15	-69	0	164
1591	13.07.2023 20:29:30,000	10,79	0,16	6	10	-74	0	169
1592	13.07.2023 20:29:31,000	10,79	0,16	6	6	-77	0	173
1593	13.07.2023 20:29:32,000	10,79	0,14	11	11	-68	0	168
1594	13.07.2023 20:29:33,000	10,79	0,16	8	16	-67	0	163
1595	13.07.2023 20:29:34,000	10,79	0,16	1	15	-74	0	165
1596	13.07.2023 20:29:35,000	10,82	0,14	1	12	-77	0	168
1597	13.07.2023 20:29:36,000	10,82	0,14	7	12	-71	0	167
1598	13.07.2023 20:29:37,000	10,82	0,16	8	15	-68	0	164
1599	13.07.2023 20:29:38,000	10,82	0,16	3	14	-73	0	166
1600	13.07.2023 20:29:39,000	10,82	0,14	4	13	-74	0	167
1601	13.07.2023 20:29:40,000	10,82	0,14	7	13	-70	0	166
1602	13.07.2023 20:29:41,000	10,82	0,14	7	11	-72	0	168
1603	13.07.2023 20:29:42,000	10,85	0,14	5	10	-75	0	170
1604	13.07.2023 20:29:43,000	10,85	0,16	7	12	-72	0	167
1605	13.07.2023 20:29:44,000	10,85	0,14	7	16	-67	0	163
1606	13.07.2023 20:29:45,000	10,85	0,14	2	15	-72	0	164
1607	13.07.2023 20:29:46,000	10,85	0,14	3	11	-77	0	169
1608	13.07.2023 20:29:47,000	10,85	0,14	7	9	-74	0	170
1609	13.07.2023 20:29:48,000	10,88	0,14	9	13	-68	0	166
1610	13.07.2023 20:29:49,000	10,88	0,14	7	16	-67	0	163
1611	13.07.2023 20:29:50,000	10,88	0,14	2	12	-76	1	167
1612	13.07.2023 20:29:51,000	10,88	0,14	0	11	-78	0	169
1613	13.07.2023 20:29:52,000	10,88	0,14	9	14	-68	0	165
1614	13.07.2023 20:29:53,000	10,92	0,14	11	11	-68	0	168
1615	13.07.2023 20:29:54,000	10,92	0,16	6	15	-69	1	164
1616	13.07.2023 20:29:55,000	10,92	0,16	-49	-21	-20	1	-132
1617	13.07.2023 20:29:56,000	10,92	0,16	-62	-6	-22	0	-132
1618	13.07.2023 20:29:57,000	10,95	0,16	-72	13	-5	0	-132
1619	13.07.2023 20:29:58,000	10,95	0,14	-36	-18	36	0	-28
1620	13.07.2023 20:29:59,000	10,95	0,14	-8	6	76	0	6
1621	13.07.2023 20:30:00,000	10,98	0,04	-8	25	57	0	27
1622	13.07.2023 20:30:01,000	11,11	0,30	-27	24	39	1	33
1623	13.07.2023 20:30:02,000	11,24	0,30	-16	43	31	1	52
1624	13.07.2023 20:30:03,000	11,30	0,33	11	35	44	0	40
1625	13.07.2023 20:30:04,000	11,34	0,30	-9	32	49	1	35
1626	13.07.2023 20:30:05,000	11,34	0,30	-30	-27	33	1	-40
1627	13.07.2023 20:30:06,000	11,37	0,33	46	-24	19	0	-51
1628	13.07.2023 20:30:07,000	11,40	0,26	-44	-28	18	1	-57
1629	13.07.2023 20:30:08,000	11,50	0,28	-38	-14	-39	0	-159
1630	13.07.2023 20:30:09,000	11,60	0,23	-42	0	-47	0	-180
1631	13.07.2023 20:30:10,000	11,69	0,21	-46	0	-44	0	-180
1632	13.07.2023 20:30:11,000	11,79	0,16	-49	-3	-38	1	-175
1633	13.07.2023 20:30:12,000	11,88	0,18	-47	-8	-35	0	-166
1634	13.07.2023 20:30:13,000	11,98	0,14	-28	-28	-34	1	-139
1635	13.07.2023 20:30:14,000	12,08	0,14	-2	-47	-41	1	-132
1636	13.07.2023 20:30:15,000	12,20	0,11	-8	46	-36	0	129
1637	13.07.2023 20:30:16,000	12,30	0,11	-9	-3	-78	0	-177
1638	13.07.2023 20:30:17,000	12,36	0,11	-58	-16	16	1	-46
1639	13.07.2023 20:30:18,000	12,46	0,11	-37	-39	14	0	-69
1640	13.07.2023 20:30:19,000	12,55	0,11	-13	-37	40	0	-43
1641	13.07.2023 20:30:20,000	12,62	0,09	-12	-42	35	0	-49
1642	13.07.2023 20:30:21,000	12,71	0,14	-11	-59	20	0	-67
1643	13.07.2023 20:30:22,000	12,78	0,14	-14	-35	40	0	-42
1644	13.07.2023 20:30:23,000	12,84	0,14	-44	-15	31	1	-27
1645	13.07.2023 20:30:24,000	12,90	0,11	-73	-6	11	0	-27
1646	13.07.2023 20:30:25,000	13,06	0,11	-62	-24	4	0	-80
