FileName: C:\NETMIN~1\GP032.TXT
Local Time: Mon Aug 16 13:10:07 2004

Ship: Marco Michel Trip: 06 Tow: gp032
Comments: zone  12
 Date    Time     Latitude       Longitude    Speed    Primary  Secondary DoorSpread WingSpread      Depth 
040816  161008  48  34.9210 N  64  10.9080 W   4.3        3.2        3.1       33.9        0.0        3.5 
040816  161010  48  34.9190 N  64  10.9100 W   5.1        3.2        3.1       33.9        0.0        3.5 
040816  161012  48  34.9150 N  64  10.9120 W   6.0        3.2        3.1       33.9        0.0        3.5 
040816  161014  48  34.9120 N  64  10.9150 W   6.2        3.2        3.1       33.9        0.0        3.5 
040816  161017  48  34.9070 N  64  10.9180 W   6.6        3.2        3.1       33.9        0.0        3.5 
040816  161018  48  34.9050 N  64  10.9190 W   6.7        3.2        3.1       33.9        0.0        3.5 
040816  161020  48  34.9010 N  64  10.9210 W   6.7        3.2        3.1       33.9        0.0        3.5 
040816  161022  48  34.8980 N  64  10.9230 W   6.1        3.2        3.1       33.9        0.0        3.5 
040816  161024  48  34.8960 N  64  10.9250 W   5.9        3.2        3.1       33.9        0.0        3.5 
040816  161027  48  34.8910 N  64  10.9270 W   5.5        3.2        3.1       33.9        0.0        3.5 
040816  161028  48  34.8900 N  64  10.9280 W   5.6        3.2        3.1       33.9        0.0        3.5 
040816  161030  48  34.8870 N  64  10.9290 W   5.2        3.2        3.1       33.9        0.0       26.4 
040816  161032  48  34.8840 N  64  10.9300 W   4.9        3.2        3.1       33.9        0.0       26.4 
040816  161034  48  34.8810 N  64  10.9310 W   4.3        3.2        3.1       33.9        0.0       26.4 
040816  161037  48  34.8780 N  64  10.9320 W   3.8        3.2        3.1        2.3        0.0       10.1 
040816  161038  48  34.8760 N  64  10.9320 W   3.8        3.2        3.1        2.3        0.0       10.1 
040816  161040  48  34.8740 N  64  10.9330 W   3.7        3.2        3.1        2.3        0.0       10.1 
040816  161042  48  34.8730 N  64  10.9330 W   3.6        3.2        2.6        3.4        0.0       10.1 
040816  161044  48  34.8710 N  64  10.9340 W   3.5        3.2        2.6        3.4        0.0       10.1 
040816  161047  48  34.8690 N  64  10.9360 W   3.2        3.2        2.6        3.0        0.0       27.7 
040816  161048  48  34.8680 N  64  10.9370 W   3.1        2.8        2.6        3.0        0.0       27.7 
040816  161050  48  34.8660 N  64  10.9380 W   3.0        2.8        2.6        3.0        0.0       27.7 
040816  161052  48  34.8640 N  64  10.9400 W   3.2        2.8        2.6        3.5        0.0       27.7 
040816  161054  48  34.8630 N  64  10.9410 W   3.1        2.8        2.6        3.5        0.0       27.7 
040816  161057  48  34.8610 N  64  10.9420 W   2.9        2.8        2.6        3.5        0.0       11.0 
040816  161059  48  34.8590 N  64  10.9430 W   3.0        2.8        2.6        4.1        0.0       11.0 
040816  161101  48  34.8580 N  64  10.9440 W   3.0        2.8       10.8        4.1        0.0       11.0 
040816  161102  48  34.8570 N  64  10.9440 W   3.0        2.8       10.8        4.1        0.0       11.0 
040816  161104  48  34.8560 N  64  10.9450 W   3.0        2.8       10.8        4.1        0.0       11.0 
040816  161107  48  34.8540 N  64  10.9460 W   3.0        2.8       10.8        4.1        0.0        4.8 
040816  161109  48  34.8520 N  64  10.9470 W   3.1        2.8       10.8        3.2        0.0        4.8 
040816  161111  48  34.8510 N  64  10.9470 W   2.9        2.8       10.8        3.2        0.0        4.8 
040816  161113  48  34.8500 N  64  10.9480 W   2.8        2.8       10.5        3.2        0.0        8.4 
040816  161115  48  34.8490 N  64  10.9480 W   2.8        2.8       10.5        2.9        0.0        8.4 
040816  161117  48  34.8470 N  64  10.9490 W   2.8        2.8       10.5        2.9        0.0        8.4 
040816  161119  48  34.8460 N  64  10.9500 W   2.9        2.8       10.5        3.0        0.0        8.4 
040816  161121  48  34.8450 N  64  10.9500 W   2.7        2.8       10.5        3.0        0.0        8.4 
040816  161123  48  34.8430 N  64  10.9510 W   2.7        2.8       10.5        3.0        0.0        7.5 
040816  161125  48  34.8420 N  64  10.9520 W   3.2        2.8       10.5        3.2        0.0        7.5 
040816  161127  48  34.8400 N  64  10.9540 W   3.8        2.8       10.5        3.2        0.0        7.5 
040816  161129  48  34.8380 N  64  10.9550 W   4.4        2.8       10.5        3.2        0.0       10.1 
040816  161131  48  34.8360 N  64  10.9560 W   4.9        2.8       10.5        3.2        0.0       10.1 
040816  161133  48  34.8330 N  64  10.9570 W   5.2        2.8       10.5        3.2        0.0       10.1 
040816  161135  48  34.8300 N  64  10.9590 W   5.5        2.8       10.5        3.2        0.0       10.1 
040816  161137  48  34.8270 N  64  10.9610 W   5.7        2.8       10.5        3.2        0.0       10.1 
040816  161139  48  34.8240 N  64  10.9620 W   6.2        2.8       10.5        3.2        0.0       10.1 
040816  161141  48  34.8210 N  64  10.9650 W   6.4        2.8       10.5      128.3        0.0       10.1 
040816  161143  48  34.8180 N  64  10.9660 W   6.6        2.8       10.5      128.3        0.0       10.1 
040816  161145  48  34.8140 N  64  10.9680 W   6.8        2.8       10.5      128.3        0.0       10.1 
040816  161147  48  34.8100 N  64  10.9690 W   6.7        2.8       10.5      128.3        0.0       10.1 
040816  161149  48  34.8060 N  64  10.9700 W   6.9        2.8       10.5      128.3        0.0       10.1 
040816  161151  48  34.8030 N  64  10.9720 W   6.9        2.8       10.5      128.3        0.0       10.1 
040816  161153  48  34.7990 N  64  10.9730 W   7.2        2.8       10.5      128.3        0.0       10.1 
040816  161155  48  34.7950 N  64  10.9750 W   7.2        2.8       10.5      128.3        0.0       10.1 
040816  161157  48  34.7910 N  64  10.9760 W   7.3        2.8       10.5      128.3        0.0       10.1 
040816  161159  48  34.7870 N  64  10.9770 W   7.2        2.8       10.5      128.3        0.0       10.1 
040816  161201  48  34.7830 N  64  10.9780 W   7.2        2.8       10.5      128.3        0.0       10.1 
040816  161203  48  34.7800 N  64  10.9800 W   7.3        2.8       10.5      128.3        0.0       10.1 
040816  161205  48  34.7760 N  64  10.9820 W   7.4        2.8       10.5      128.3        0.0       10.1 
040816  161207  48  34.7720 N  64  10.9830 W   7.5        2.8       10.5      128.3        0.0       10.1 
040816  161209  48  34.7680 N  64  10.9840 W   7.4        2.8       10.5      128.3        0.0       10.1 
040816  161211  48  34.7640 N  64  10.9860 W   7.3        2.8       10.5      128.3        0.0       10.1 
040816  161213  48  34.7600 N  64  10.9870 W   7.4        2.8       10.5      128.3        0.0       10.1 
040816  161215  48  34.7560 N  64  10.9880 W   7.2        2.8       10.5      128.3        0.0       10.1 
040816  161217  48  34.7520 N  64  10.9880 W   7.2        2.8       10.5      128.3        0.0       10.1 
040816  161219  48  34.7470 N  64  10.9880 W   7.2        2.8       10.5      128.3        0.0       10.1 
040816  161221  48  34.7430 N  64  10.9900 W   7.2        2.8       10.5      128.3        0.0       10.1 
040816  161223  48  34.7400 N  64  10.9920 W   7.2        2.8       10.5        9.2        0.0       10.1 
040816  161225  48  34.7360 N  64  10.9930 W   7.1        2.8       10.5        9.2        0.0       10.1 
040816  161227  48  34.7320 N  64  10.9950 W   7.3        2.8       10.5        9.2        0.0       10.1 
040816  161229  48  34.7290 N  64  10.9970 W   7.4        2.8       10.5        9.2        0.0       10.1 
040816  161231  48  34.7250 N  64  10.9990 W   7.4        2.8       10.5        9.2        0.0       10.1 
040816  161233  48  34.7210 N  64  11.0000 W   7.4        2.8       10.5        9.2        0.0       10.1 
040816  161235  48  34.7170 N  64  11.0020 W   7.2        2.8       10.5        9.2        0.0       10.1 
040816  161237  48  34.7130 N  64  11.0040 W   7.2        2.8       10.5        9.2        0.0       10.1 
040816  161239  48  34.7090 N  64  11.0060 W   7.0        2.8       10.5        9.2        0.0       10.1 
040816  161241  48  34.7050 N  64  11.0080 W   7.1        2.8       10.5        9.2        0.0       10.1 
040816  161243  48  34.7020 N  64  11.0090 W   7.1        2.8       10.5        9.2        0.0       10.1 
040816  161245  48  34.6980 N  64  11.0100 W   7.2        2.8       10.5        9.2        0.0       10.1 
040816  161247  48  34.6950 N  64  11.0130 W   7.2        2.8       10.5        9.2        0.0       10.1 
040816  161249  48  34.6920 N  64  11.0150 W   7.1        2.8       10.5        9.2        0.0       10.1 
040816  161251  48  34.6880 N  64  11.0180 W   7.2        2.8       10.5        9.2        0.0       10.1 
040816  161253  48  34.6840 N  64  11.0200 W   7.2        2.8       10.5        9.2        0.0       10.1 
040816  161255  48  34.6810 N  64  11.0220 W   7.1        2.8       10.5        9.2        0.0       10.1 
040816  161257  48  34.6770 N  64  11.0240 W   6.9        2.8       10.5        9.2        0.0       10.1 
040816  161259  48  34.6740 N  64  11.0270 W   6.7        2.8       10.5        9.2        0.0       10.1 
040816  161301  48  34.6710 N  64  11.0280 W   6.6        2.8       10.5        9.2        0.0       10.1 
040816  161303  48  34.6670 N  64  11.0300 W   6.6        2.9       10.5        9.2        0.0       10.1 
040816  161305  48  34.6640 N  64  11.0310 W   6.5        2.9       10.5        9.2        0.0       10.1 
040816  161307  48  34.6610 N  64  11.0330 W   6.4        2.9       10.5        9.2        0.0       10.1 
040816  161309  48  34.6580 N  64  11.0350 W   6.1        2.9       10.5        9.2        0.0       10.1 
040816  161311  48  34.6540 N  64  11.0370 W   5.5        2.9       10.5        9.2        0.0       10.1 
040816  161313  48  34.6520 N  64  11.0390 W   4.9        2.9       10.5        9.2        0.0       10.1 
040816  161315  48  34.6500 N  64  11.0410 W   4.4        2.9       10.5        7.1        0.0       10.1 
040816  161317  48  34.6480 N  64  11.0420 W   4.2        2.9       10.5        7.1        0.0       10.1 
040816  161319  48  34.6460 N  64  11.0430 W   3.8        2.9       10.5        7.1        0.0       37.8 
040816  161321  48  34.6450 N  64  11.0430 W   3.5        2.9       10.5        7.0        0.0       37.8 
040816  161323  48  34.6440 N  64  11.0440 W   3.1        2.9       10.5        7.0        0.0       35.2 
040816  161325  48  34.6420 N  64  11.0450 W   2.9        2.9       10.5        7.1        0.0       35.2 
040816  161327  48  34.6410 N  64  11.0460 W   2.8        2.9       11.4        7.1        0.0       35.2 
040816  161329  48  34.6390 N  64  11.0470 W   2.8        2.9       11.4        7.1        0.0       36.5 
040816  161331  48  34.6380 N  64  11.0490 W   2.6        2.9       11.4        7.5        0.0       36.5 
040816  161333  48  34.6370 N  64  11.0500 W   2.4        2.9       11.4        7.5        0.0       36.5 
040816  161335  48  34.6360 N  64  11.0500 W   2.3        2.9       11.4        6.9        0.0       40.9 
040816  161337  48  34.6350 N  64  11.0510 W   2.2        2.9       11.4        6.9        0.0       40.9 
040816  161339  48  34.6330 N  64  11.0520 W   2.3        2.9       11.4        6.9        0.0       39.1 
040816  161341  48  34.6320 N  64  11.0530 W   2.3        2.9       11.4        6.5        0.0       39.1 
040816  161343  48  34.6300 N  64  11.0540 W   2.2        2.9       11.4        6.5        0.0       39.1 
040816  161345  48  34.6290 N  64  11.0550 W   2.2        2.9       11.4        6.5        0.0       42.7 
040816  161347  48  34.6280 N  64  11.0560 W   2.0        2.9       11.4        6.5        0.0       42.7 
040816  161349  48  34.6270 N  64  11.0570 W   2.0        2.9       11.4        6.5        0.0       42.7 
040816  161351  48  34.6260 N  64  11.0580 W   2.0        2.9       11.2       19.7        0.0       43.5 
040816  161353  48  34.6250 N  64  11.0580 W   2.0        2.9       11.2       19.7        0.0       43.5 
040816  161355  48  34.6240 N  64  11.0590 W   2.0        2.9       11.2       19.7        0.0       44.0 
040816  161357  48  34.6230 N  64  11.0600 W   1.8        2.9        2.6       19.7        0.0       44.0 
040816  161359  48  34.6220 N  64  11.0610 W   2.1        2.9        2.6       19.7        0.0       44.0 
040816  161401  48  34.6210 N  64  11.0620 W   2.0        2.9        2.6        5.6        0.0       47.5 
040816  161403  48  34.6200 N  64  11.0620 W   2.1        2.9        2.6        5.6        0.0       47.5 
040816  161405  48  34.6190 N  64  11.0630 W   1.9        3.6        2.6        5.6        0.0       47.5 
040816  161407  48  34.6180 N  64  11.0640 W   2.0        3.6        2.6        5.3        0.0       49.3 
040816  161409  48  34.6170 N  64  11.0650 W   2.0        3.6        2.6        5.3        0.0       49.3 
040816  161411  48  34.6160 N  64  11.0660 W   2.1        3.6        2.4        5.3        0.0       52.8 
040816  161413  48  34.6150 N  64  11.0670 W   2.3        3.6        2.4        5.6        0.0       52.8 
040816  161415  48  34.6130 N  64  11.0690 W   2.2        3.6        2.4        5.6        0.0       52.8 
040816  161417  48  34.6120 N  64  11.0700 W   2.1        3.7        2.4        4.9        0.0       51.9 
040816  161419  48  34.6110 N  64  11.0710 W   2.1        3.7        2.4        4.9        0.0       51.9 
040816  161421  48  34.6100 N  64  11.0720 W   2.2        3.7        2.4        4.9        0.0       51.9 
040816  161423  48  34.6090 N  64  11.0730 W   2.3        3.7        2.8        5.6        0.0       56.7 
040816  161425  48  34.6080 N  64  11.0740 W   2.4        3.7        2.8        5.6        0.0       56.7 
040816  161427  48  34.6070 N  64  11.0740 W   2.4        3.7        2.8        5.6        0.0       59.4 
040816  161429  48  34.6060 N  64  11.0750 W   2.3        3.7        2.8        4.8        0.0       59.4 
040816  161431  48  34.6060 N  64  11.0760 W   2.3        3.7        2.8        4.8        0.0       59.4 
040816  161433  48  34.6050 N  64  11.0760 W   2.3        3.7        2.8        4.8        0.0       61.6 
040816  161435  48  34.6040 N  64  11.0760 W   2.4        3.7        2.8        4.8        0.0       61.6 
040816  161437  48  34.6040 N  64  11.0770 W   2.5        3.7        2.3        4.8        0.0       61.6 
040816  161439  48  34.6030 N  64  11.0780 W   2.4        3.7        2.3        4.9        0.0       61.6 
040816  161441  48  34.6010 N  64  11.0790 W   2.4        3.7        2.3        4.9        0.0       61.6 
040816  161443  48  34.6000 N  64  11.0800 W   2.3        3.8        2.3        5.8        0.0       66.0 
040816  161445  48  34.5990 N  64  11.0810 W   2.3        3.8        2.3        5.8        0.0       66.0 
040816  161447  48  34.5970 N  64  11.0820 W   2.4        3.8        2.3        5.8        0.0       66.0 
040816  161449  48  34.5960 N  64  11.0820 W   2.4        3.8        2.3        6.7        0.0       65.1 
040816  161451  48  34.5950 N  64  11.0820 W   2.3        3.8        2.3        6.7        0.0       65.1 
040816  161453  48  34.5940 N  64  11.0840 W   2.3        3.8        2.3        6.7        0.0       65.1 
040816  161455  48  34.5930 N  64  11.0840 W   2.2        3.8        2.3        6.9        0.0       66.4 
040816  161457  48  34.5910 N  64  11.0850 W   2.3        3.8        2.3        6.9        0.0       66.4 
040816  161459  48  34.5900 N  64  11.0860 W   2.3        3.8        2.3       15.3        0.0       69.1 
040816  161501  48  34.5900 N  64  11.0870 W   2.3        3.8        2.3       15.3        0.0       69.1 
040816  161503  48  34.5890 N  64  11.0870 W   2.2        3.8        2.3       15.3        0.0       69.1 
040816  161505  48  34.5880 N  64  11.0880 W   2.1        3.8        2.3        0.0        0.0       71.7 
040816  161507  48  34.5870 N  64  11.0880 W   2.1        3.8        2.3        0.0        0.0       71.7 
040816  161509  48  34.5860 N  64  11.0890 W   2.3        3.8       11.5        0.0        0.0       71.7 
040816  161511  48  34.5850 N  64  11.0900 W   2.3        3.8       11.5        8.7        0.0       69.1 
040816  161513  48  34.5840 N  64  11.0900 W   2.3        3.8       11.5        8.7        0.0       69.1 
040816  161515  48  34.5830 N  64  11.0920 W   2.3        3.8       11.5        9.2        0.0       68.2 
040816  161517  48  34.5820 N  64  11.0920 W   2.1        3.8       11.5        9.2        0.0       68.2 
040816  161519  48  34.5810 N  64  11.0920 W   2.0        3.8       11.5        9.2        0.0       68.2 
040816  161521  48  34.5800 N  64  11.0920 W   2.1        3.8       11.1        9.5        0.0       69.5 
040816  161523  48  34.5790 N  64  11.0930 W   2.3        3.8       11.1        9.5        0.0       69.5 
040816  161525  48  34.5780 N  64  11.0940 W   2.3        3.8       11.1        9.5        0.0       69.5 
040816  161527  48  34.5770 N  64  11.0950 W   2.2        3.8       11.1       11.0        0.0       71.7 
040816  161529  48  34.5760 N  64  11.0950 W   2.2        3.8       11.1       11.0        0.0       71.7 
040816  161531  48  34.5750 N  64  11.0960 W   2.2        3.8       11.1       10.1        0.0       68.6 
040816  161533  48  34.5740 N  64  11.0960 W   2.1        3.8       11.1       10.1        0.0       68.6 
040816  161535  48  34.5730 N  64  11.0970 W   2.3        3.8       11.1       10.1        0.0       68.6 
040816  161537  48  34.5720 N  64  11.0970 W   2.3        3.8       11.1       10.3        0.0       67.3 
040816  161539  48  34.5710 N  64  11.0980 W   2.2        3.8       11.1       10.3        0.0       67.3 
040816  161541  48  34.5690 N  64  11.0990 W   2.1        3.8       11.1       10.6        0.0       67.3 
040816  161543  48  34.5680 N  64  11.1000 W   2.1        3.8       11.1       10.6        0.0       73.9 
040816  161545  48  34.5670 N  64  11.1000 W   2.1        3.8        8.4       10.6        0.0       73.9 
040816  161547  48  34.5660 N  64  11.1010 W   2.2        3.8        8.4       10.6        0.0       67.7 
040816  161549  48  34.5650 N  64  11.1010 W   2.2        3.8        8.4       10.6        0.0       67.7 
040816  161551  48  34.5640 N  64  11.1020 W   2.3        3.8        8.4       10.6        0.0       67.7 
040816  161553  48  34.5630 N  64  11.1030 W   2.1        3.8        8.4       10.6        0.0       99.9 
040816  161555  48  34.5620 N  64  11.1030 W   2.1        3.8        8.4       10.6        0.0       99.9 
040816  161557  48  34.5610 N  64  11.1040 W   2.2        3.8       11.1       10.6        0.0       99.9 
040816  161559  48  34.5600 N  64  11.1040 W   2.2        3.8       11.1       10.6        0.0       40.9 
040816  161601  48  34.5590 N  64  11.1050 W   2.2        3.8       11.1       10.6        0.0       40.9 
040816  161603  48  34.5580 N  64  11.1060 W   2.2        3.8       11.1       10.6        0.0       69.1 
040816  161605  48  34.5570 N  64  11.1070 W   2.2        3.8       11.1       10.6        0.0       69.1 
040816  161607  48  34.5560 N  64  11.1080 W   2.2        3.8       11.1       10.6        0.0       69.1 
040816  161609  48  34.5540 N  64  11.1090 W   2.1        3.8       11.2       10.6        0.0       70.8 
040816  161611  48  34.5530 N  64  11.1090 W   2.3        3.8       11.2       10.6        0.0       70.8 
040816  161613  48  34.5520 N  64  11.1100 W   2.3        3.8       11.2       10.6        0.0       70.8 
040816  161615  48  34.5510 N  64  11.1110 W   2.3        3.8       11.2       10.6        0.0       69.9 
040816  161617  48  34.5500 N  64  11.1120 W   2.2        3.8       11.2       10.6        0.0       69.9 
040816  161619  48  34.5490 N  64  11.1120 W   2.1        3.8       11.2       10.6        0.0       67.7 
040816  161621  48  34.5480 N  64  11.1130 W   2.2        3.8       10.2       10.6        0.0       67.7 
040816  161623  48  34.5460 N  64  11.1140 W   2.2        3.8       10.2       10.6        0.0       67.7 
040816  161625  48  34.5450 N  64  11.1140 W   2.3        3.8       10.2       10.6        0.0       70.8 
040816  161627  48  34.5440 N  64  11.1150 W   2.2        3.8       10.2       10.6        0.0       70.8 
040816  161629  48  34.5430 N  64  11.1150 W   2.2        3.8       10.2       10.6        0.0       70.8 
040816  161631  48  34.5420 N  64  11.1160 W   2.1        3.8       10.2       10.6        0.0       69.1 
040816  161633  48  34.5410 N  64  11.1170 W   2.2        3.8       10.2       10.6        0.0       69.1 
040816  161635  48  34.5400 N  64  11.1180 W   2.2        3.8       10.2       10.6        0.0       69.9 
040816  161637  48  34.5390 N  64  11.1190 W   2.3        3.8       10.2       10.6        0.0       69.9 
040816  161639  48  34.5370 N  64  11.1200 W   2.0        3.8       10.2       10.6        0.0       69.9 
040816  161641  48  34.5370 N  64  11.1200 W   2.0        3.8       10.2       10.6        0.0       69.5 
040816  161643  48  34.5360 N  64  11.1210 W   1.9        3.8       10.2       10.6        0.0       69.5 
040816  161645  48  34.5350 N  64  11.1210 W   2.0        3.8       10.2       10.6        0.0       69.5 
040816  161647  48  34.5330 N  64  11.1220 W   1.9        3.8       10.2       10.6        0.0       69.9 
040816  161649  48  34.5330 N  64  11.1220 W   2.0        3.8       10.2       10.6        0.0       69.9 
040816  161651  48  34.5320 N  64  11.1220 W   1.8        3.8       10.2       10.6        0.0       69.9 
040816  161653  48  34.5310 N  64  11.1220 W   1.7        3.8       10.2       10.7        0.0       68.6 
040816  161655  48  34.5300 N  64  11.1230 W   1.8        3.8       10.2       10.7        0.0       68.6 
040816  161657  48  34.5300 N  64  11.1240 W   2.0        3.8       10.2       10.7        0.0       69.1 
040816  161659  48  34.5290 N  64  11.1250 W   2.2        3.8       10.2        8.7        0.0       69.1 
040816  161701  48  34.5280 N  64  11.1260 W   2.4        3.8       10.2        8.7        0.0       69.1 
040816  161703  48  34.5270 N  64  11.1270 W   2.3        3.8       10.2        8.9        0.0       67.3 
040816  161705  48  34.5260 N  64  11.1280 W   2.2        3.8       10.2        8.9        0.0       67.3 
040816  161707  48  34.5250 N  64  11.1290 W   2.2        3.8       10.2        8.9        0.0       73.0 
040816  161709  48  34.5240 N  64  11.1300 W   2.4        3.8       10.2       10.7        0.0       73.0 
040816  161711  48  34.5220 N  64  11.1310 W   2.6        3.8       10.2       10.7        0.0       73.0 
040816  161713  48  34.5210 N  64  11.1320 W   2.6        3.8       10.2       10.7        0.0       67.7 
040816  161715  48  34.5200 N  64  11.1330 W   2.5        3.8       10.2       12.2        0.0       67.7 
040816  161717  48  34.5190 N  64  11.1340 W   2.5        3.8       10.2       12.2        0.0       67.7 
040816  161719  48  34.5180 N  64  11.1340 W   2.4        3.8       10.2        6.5        0.0       70.8 
040816  161721  48  34.5160 N  64  11.1350 W   2.6        3.8       10.2        6.5        0.0       70.8 
040816  161723  48  34.5150 N  64  11.1360 W   2.5        3.8       10.2        6.5        0.0       68.6 
040816  161725  48  34.5140 N  64  11.1360 W   2.7        3.8       10.2        9.4        0.0       68.6 
040816  161727  48  34.5130 N  64  11.1380 W   2.6        3.8       10.2        9.4        0.0       68.6 
040816  161729  48  34.5110 N  64  11.1390 W   2.5        3.8       10.2        9.6        0.0       68.6 
040816  161731  48  34.5100 N  64  11.1400 W   2.4        3.8       10.2        9.6        0.0       68.6 
040816  161733  48  34.5090 N  64  11.1410 W   2.4        3.8       12.1        9.6        0.0       68.6 
040816  161735  48  34.5070 N  64  11.1420 W   2.3        3.8       12.1        9.6        0.0       71.7 
040816  161737  48  34.5060 N  64  11.1430 W   2.4        3.8       12.1        9.6        0.0       71.7 
040816  161739  48  34.5050 N  64  11.1430 W   2.3        3.8       12.1        9.6        0.0       71.7 
040816  161741  48  34.5040 N  64  11.1440 W   2.3        3.8       12.1        9.7        0.0       66.4 
040816  161743  48  34.5030 N  64  11.1450 W   2.3        3.8       12.1        9.7        0.0       66.4 
040816  161745  48  34.5020 N  64  11.1450 W   2.3        3.8       11.2        9.7        0.0       71.3 
040816  161747  48  34.5010 N  64  11.1460 W   2.3        3.8       11.2       10.6        0.0       71.3 
040816  161749  48  34.5000 N  64  11.1470 W   2.4        3.8       11.2       10.6        0.0       71.3 
040816  161751  48  34.4990 N  64  11.1480 W   2.3        3.8       11.2       10.2        0.0       70.4 
040816  161753  48  34.4980 N  64  11.1490 W   2.2        3.8       11.2       10.2        0.0       70.4 
040816  161755  48  34.4970 N  64  11.1500 W   2.2        3.8       11.2       10.2        0.0       70.4 
040816  161757  48  34.4960 N  64  11.1510 W   2.3        3.8       10.7       10.5        0.0       69.5 
040816  161759  48  34.4950 N  64  11.1520 W   2.3        3.8       10.7       10.5        0.0       69.5 
040816  161801  48  34.4940 N  64  11.1530 W   2.3        3.8       10.7       10.1        0.0       69.9 
040816  161803  48  34.4930 N  64  11.1530 W   2.3        3.8       10.7       10.1        0.0       69.9 
040816  161805  48  34.4910 N  64  11.1540 W   2.2        3.8       10.7       10.1        0.0       69.9 
040816  161807  48  34.4910 N  64  11.1550 W   2.2        3.8       10.7       10.7        0.0       71.3 
040816  161809  48  34.4900 N  64  11.1560 W   2.3        3.8       10.9       10.7        0.0       71.3 
040816  161811  48  34.4890 N  64  11.1570 W   2.3        3.8       10.9       10.7        0.0       68.6 
040816  161813  48  34.4880 N  64  11.1580 W   2.3        3.8       10.9       10.7        0.0       68.6 
040816  161815  48  34.4870 N  64  11.1580 W   2.2        3.8       10.9       10.7        0.0       68.6 
040816  161817  48  34.4860 N  64  11.1590 W   2.2        3.8       10.9       10.7        0.0       70.8 
040816  161819  48  34.4850 N  64  11.1600 W   2.1        3.8       10.9       10.7        0.0       70.8 
040816  161821  48  34.4840 N  64  11.1620 W   2.1        3.8       11.5       10.7        0.0       70.8 
040816  161823  48  34.4830 N  64  11.1630 W   2.2        3.8       11.5       10.7        0.0       67.7 
040816  161825  48  34.4810 N  64  11.1640 W   2.2        3.8       11.5       10.7        0.0       67.7 
040816  161827  48  34.4800 N  64  11.1650 W   1.9        3.8       11.5       10.7        0.0       67.7 
040816  161829  48  34.4800 N  64  11.1660 W   1.9        3.8       11.5       10.7        0.0       70.8 
040816  161831  48  34.4790 N  64  11.1670 W   1.9        3.8       11.5       10.7        0.0       70.8 
040816  161833  48  34.4780 N  64  11.1670 W   2.2        3.8        9.0       10.7        0.0       70.4 
040816  161835  48  34.4770 N  64  11.1680 W   2.2        3.8        9.0       10.7        0.0       70.4 
040816  161837  48  34.4760 N  64  11.1690 W   2.2        3.8        9.0       10.7        0.0       70.4 
040816  161839  48  34.4750 N  64  11.1700 W   1.9        3.8        9.0       10.7        0.0       70.4 
040816  161841  48  34.4740 N  64  11.1710 W   2.2        3.8        9.0       10.7        0.0       70.4 
040816  161843  48  34.4730 N  64  11.1720 W   1.8        3.8        9.0       10.7        0.0       70.4 
040816  161845  48  34.4720 N  64  11.1730 W   2.2        3.8       11.1       10.7        0.0       70.4 
040816  161847  48  34.4710 N  64  11.1740 W   2.1        3.8       11.1       10.7        0.0       70.4 
040816  161849  48  34.4700 N  64  11.1750 W   2.1        3.8       11.1       10.7        0.0       67.3 
040816  161851  48  34.4690 N  64  11.1760 W   2.1        3.8       11.1       10.7        0.0       67.3 
040816  161853  48  34.4680 N  64  11.1770 W   2.1        3.8       11.1       10.7        0.0       67.3 
040816  161855  48  34.4670 N  64  11.1780 W   2.1        3.8       11.4       10.7        0.0       72.1 
040816  161857  48  34.4660 N  64  11.1790 W   2.2        3.8       11.4       10.7        0.0       72.1 
040816  161859  48  34.4650 N  64  11.1800 W   2.1        3.8       11.4       10.7        0.0       72.1 
040816  161901  48  34.4640 N  64  11.1810 W   2.1        3.8       11.4       10.7        0.0       71.7 
040816  161903  48  34.4630 N  64  11.1820 W   2.0        3.8       11.4        9.6        0.0       71.7 
040816  161905  48  34.4630 N  64  11.1830 W   2.1        3.8       11.4        9.6        0.0       68.6 
040816  161907  48  34.4620 N  64  11.1840 W   2.0        3.8        9.6        9.6        0.0       68.6 
040816  161909  48  34.4620 N  64  11.1850 W   2.1        3.8        9.6        9.9        0.0       68.6 
040816  161911  48  34.4610 N  64  11.1850 W   2.0        3.8        9.6        9.9        0.0       69.1 
040816  161913  48  34.4600 N  64  11.1860 W   2.1        3.8        9.6        9.9        0.0       69.1 
040816  161915  48  34.4590 N  64  11.1870 W   2.1        3.8        9.6       10.0        0.0       69.1 
040816  161917  48  34.4580 N  64  11.1890 W   2.2        3.8        9.6       10.0        0.0       70.8 
040816  161919  48  34.4580 N  64  11.1890 W   2.0        3.8       11.4       10.5        0.0       70.8 
040816  161921  48  34.4570 N  64  11.1910 W   2.2        3.8       11.4       10.5        0.0       67.7 
040816  161923  48  34.4560 N  64  11.1920 W   2.1        3.8       11.4       10.5        0.0       67.7 
040816  161925  48  34.4550 N  64  11.1920 W   2.2        3.8       11.4       14.9        0.0       67.7 
040816  161927  48  34.4540 N  64  11.1930 W   2.1        3.8       11.4       14.9        0.0       70.4 
040816  161929  48  34.4530 N  64  11.1950 W   2.1        3.8       11.4        6.2        0.0       70.4 
040816  161931  48  34.4530 N  64  11.1950 W   2.1        3.8       11.4        6.2        0.0       70.4 
040816  161933  48  34.4520 N  64  11.1960 W   2.3        3.8       11.4        6.2        0.0       68.6 
040816  161935  48  34.4510 N  64  11.1970 W   2.2        3.8       11.4        6.2        0.0       68.6 
040816  161937  48  34.4500 N  64  11.1980 W   2.2        3.8       11.4        6.2        0.0       68.6 
040816  161939  48  34.4500 N  64  11.1990 W   2.0        3.8       11.4        6.2        0.0       68.6 
040816  161941  48  34.4490 N  64  11.2000 W   2.1        3.8       11.4        6.2        0.0       68.6 
040816  161943  48  34.4480 N  64  11.2010 W   2.1        3.8       11.2        6.2        0.0       68.6 
040816  161945  48  34.4470 N  64  11.2030 W   2.2        3.8       11.2        6.2        0.0       68.6 
040816  161947  48  34.4460 N  64  11.2040 W   2.1        3.8       11.2        6.2        0.0       68.6 
040816  161949  48  34.4450 N  64  11.2050 W   2.2        3.8       11.2        6.2        0.0       68.6 
040816  161951  48  34.4440 N  64  11.2060 W   2.1        3.8       11.2        6.2        0.0       68.6 
040816  161953  48  34.4430 N  64  11.2060 W   2.2        3.8       11.2        6.2        0.0       68.2 
040816  161955  48  34.4420 N  64  11.2070 W   2.2        3.8       11.4        6.2        0.0       68.2 
040816  161957  48  34.4410 N  64  11.2090 W   2.2        3.8       11.4        6.2        0.0       68.2 
040816  161959  48  34.4400 N  64  11.2100 W   2.0        3.8       11.4        6.2        0.0       70.8 
040816  162001  48  34.4390 N  64  11.2110 W   2.2        3.8       11.4       11.9        0.0       70.8 
040816  162003  48  34.4380 N  64  11.2120 W   2.2        3.8       11.4       11.9        0.0       70.8 
040816  162005  48  34.4380 N  64  11.2130 W   2.3        3.8       11.4       11.9        0.0       69.5 
040816  162007  48  34.4360 N  64  11.2150 W   2.3        3.8       11.4       11.9        0.0       69.5 
040816  162009  48  34.4350 N  64  11.2170 W   2.3        3.8       11.4       11.9        0.0       69.1 
040816  162011  48  34.4340 N  64  11.2180 W   2.0        3.8       11.4       11.9        0.0       69.1 
040816  162013  48  34.4330 N  64  11.2190 W   1.8        3.8       11.4       11.9        0.0       69.1 
040816  162015  48  34.4330 N  64  11.2190 W   1.4        3.8       11.4       11.9        0.0       97.7 
040816  162017  48  34.4330 N  64  11.2190 W   1.2        3.8       11.4       11.9        0.0       97.7 
040816  162019  48  34.4330 N  64  11.2200 W   1.0        3.8       13.5       11.9        0.0       97.7 
040816  162021  48  34.4330 N  64  11.2210 W   0.7        3.8       13.5       21.4        0.0      121.0 
040816  162023  48  34.4330 N  64  11.2210 W   0.5        3.8       13.5       21.4        0.0      121.0 
040816  162025  48  34.4330 N  64  11.2220 W   0.4        3.8       13.5       21.4        0.0      121.0 
040816  162027  48  34.4320 N  64  11.2220 W   0.3        3.8       13.5       21.4        0.0      121.0 
040816  162029  48  34.4330 N  64  11.2220 W   0.4        3.8       13.5       21.4        0.0      121.0 
040816  162031  48  34.4340 N  64  11.2220 W   0.6        3.8       13.5       21.4        0.0      121.0 
040816  162033  48  34.4340 N  64  11.2220 W   0.6        3.8       13.5       38.8        0.0      121.0 
040816  162035  48  34.4340 N  64  11.2230 W   0.7        3.8       13.5       38.8        0.0      121.0 
040816  162037  48  34.4340 N  64  11.2230 W   0.8        3.8       13.5       38.8        0.0      103.4 
040816  162039  48  34.4350 N  64  11.2230 W   1.0        3.8       13.5       38.8        0.0      103.4 
040816  162041  48  34.4350 N  64  11.2220 W   1.0        3.8       13.5       38.8        0.0      136.8 
040816  162043  48  34.4360 N  64  11.2220 W   1.2        3.8       13.5        6.8        0.0      136.8 
040816  162045  48  34.4370 N  64  11.2220 W   1.2        3.8       13.5        6.8        0.0      136.8 
040816  162047  48  34.4380 N  64  11.2220 W   1.2        3.8       13.5        3.6        0.0       51.5 
040816  162049  48  34.4390 N  64  11.2210 W   1.3        3.8       13.5        3.6        0.0       51.5 
040816  162051  48  34.4400 N  64  11.2210 W   1.3        3.8       13.5        3.6        0.0       51.5 
040816  162053  48  34.4400 N  64  11.2200 W   1.6        3.8       13.5       15.1        0.0       13.2 
040816  162055  48  34.4410 N  64  11.2180 W   1.6        3.8       13.5       15.1        0.0       13.2 
040816  162057  48  34.4420 N  64  11.2170 W   1.4        3.8       13.5       15.1        0.0       29.0 
040816  162059  48  34.4430 N  64  11.2170 W   1.6        3.8       13.5       15.1        0.0       29.0 
040816  162101  48  34.4440 N  64  11.2160 W   1.7        3.8       13.5       15.1        0.0       29.0 
040816  162103  48  34.4450 N  64  11.2150 W   1.6        3.8       13.5       11.4        0.0       29.0 
040816  162105  48  34.4460 N  64  11.2140 W   1.5        3.8       13.5       11.4        0.0       29.0 
040816  162107  48  34.4470 N  64  11.2130 W   1.5        3.8       10.3       11.4        0.0       29.0 
040816  162109  48  34.4470 N  64  11.2120 W   1.9        3.8       10.3        5.2        0.0       29.0 
040816  162111  48  34.4480 N  64  11.2120 W   2.0        3.8       10.3        5.2        0.0       29.0 
040816  162113  48  34.4490 N  64  11.2100 W   2.0        3.8       10.3        5.2        0.0       29.0 
040816  162115  48  34.4500 N  64  11.2090 W   2.0        3.8       10.3       36.3        0.0       29.0 
040816  162117  48  34.4520 N  64  11.2070 W   2.2        3.8       10.3       36.3        0.0       29.0 
040816  162119  48  34.4530 N  64  11.2050 W   2.3        3.8       10.3       36.3        0.0       29.0 
040816  162121  48  34.4540 N  64  11.2040 W   2.4        3.8       10.3       36.3        0.0       29.0 
040816  162123  48  34.4550 N  64  11.2040 W   2.0        3.8       10.3       36.3        0.0       29.0 
040816  162125  48  34.4560 N  64  11.2030 W   1.7        3.8       10.3       36.3        0.0       29.0 
040816  162127  48  34.4570 N  64  11.2020 W   1.6        3.8       10.3       36.3        0.0       29.0 
040816  162129  48  34.4580 N  64  11.2010 W   1.4        3.8       10.3       36.3        0.0       61.1 
040816  162131  48  34.4580 N  64  11.2010 W   1.4        4.8       10.3       36.3        0.0       61.1 
040816  162133  48  34.4590 N  64  11.2000 W   1.3        4.8       10.3       36.3        0.0       61.1 
040816  162135  48  34.4600 N  64  11.2000 W   1.3        4.8       10.3        5.1        0.0      122.3 
040816  162137  48  34.4600 N  64  11.1990 W   1.1        4.8        2.6        5.1        0.0      122.3 
040816  162139  48  34.4610 N  64  11.1980 W   1.0        4.8        2.6        5.1        0.0      122.3 
040816  162141  48  34.4610 N  64  11.1980 W   1.1        4.8        2.6        0.8        0.0       30.8 
040816  162143  48  34.4620 N  64  11.1970 W   1.0        4.8        2.6        0.8        0.0       30.8 
040816  162145  48  34.4620 N  64  11.1960 W   1.0        4.3        2.6        1.2        0.0       30.8 
040816  162147  48  34.4630 N  64  11.1960 W   0.9        4.3        2.6        1.2        0.0       27.3 
040816  162149  48  34.4630 N  64  11.1950 W   0.8        4.3        2.6        1.2        0.0       27.3 
040816  162151  48  34.4640 N  64  11.1950 W   0.8        4.3        2.6        1.2        0.0       69.1 
040816  162153  48  34.4640 N  64  11.1950 W   0.6        4.3        2.6        1.2        0.0       69.1 
040816  162155  48  34.4640 N  64  11.1950 W   0.6        4.3        2.6        1.2        0.0       69.1 
040816  162157  48  34.4650 N  64  11.1950 W   0.4        3.8        2.6        1.2        0.0       69.1 
040816  162159  48  34.4650 N  64  11.1950 W   0.4        3.8        2.6        1.2        0.0       69.1 
040816  162201  48  34.4650 N  64  11.1960 W   0.2        3.8        2.6        1.2        0.0       69.1 
040816  162203  48  34.4650 N  64  11.1960 W   0.2        3.8        2.7        1.2        0.0       40.9 
040816  162205  48  34.4650 N  64  11.1960 W   0.1        3.8        2.7        1.2        0.0       40.9 
040816  162207  48  34.4650 N  64  11.1960 W   0.1        3.8        2.7        2.7        0.0       75.7 
040816  162209  48  34.4650 N  64  11.1960 W   0.1        3.8        2.7        2.7        0.0       75.7 
040816  162211  48  34.4650 N  64  11.1960 W   0.2        2.3        2.7        4.4        0.0       75.7 
040816  162213  48  34.4650 N  64  11.1960 W   0.1        2.3        2.7        4.4        0.0       35.6 
040816  162215  48  34.4660 N  64  11.1960 W   0.3        2.3        2.7        4.4        0.0       35.6 
040816  162217  48  34.4660 N  64  11.1960 W   0.4        2.3        2.7        0.5        0.0       24.2 
040816  162219  48  34.4660 N  64  11.1950 W   0.6        2.3        2.7        0.5        0.0       24.2 
040816  162221  48  34.4660 N  64  11.1960 W   0.7        2.3        2.7        4.4        0.0       24.2 
040816  162223  48  34.4650 N  64  11.1960 W   0.8        2.3       11.5        4.4        0.0       47.1 
040816  162225  48  34.4650 N  64  11.1970 W   1.0        2.3       11.5        4.4        0.0       47.1 
040816  162227  48  34.4650 N  64  11.1980 W   1.1        2.3       11.5        4.0        0.0       47.1 
040816  162230  48  34.4640 N  64  11.1990 W   1.4        2.3       11.5        4.0        0.0       44.9 
040816  162231  48  34.4630 N  64  11.2000 W   1.4        2.3       11.5        4.0        0.0       44.9 
040816  162233  48  34.4630 N  64  11.2000 W   1.6        2.3       11.5        4.2        0.0       45.7 
040816  162236  48  34.4620 N  64  11.2020 W   1.7        2.3       11.9        4.2        0.0       45.7 
040816  162237  48  34.4610 N  64  11.2030 W   1.9        2.3       11.9        3.6        0.0       45.7 
040816  162239  48  34.4600 N  64  11.2040 W   2.4        2.3       11.9        3.6        0.0       41.3 
040816  162242  48  34.4590 N  64  11.2070 W   3.0        2.3       11.9        3.6        0.0       41.3 
040816  162243  48  34.4590 N  64  11.2080 W   3.2        2.3       11.9        4.6        0.0       41.3 
040816  162245  48  34.4580 N  64  11.2090 W   3.4        2.3       11.9        4.6        0.0       46.2 
