FileName: C:\NETMIN~1\GP082R2.TXT
Local Time: Wed Jul 14 16:23:32 2004

Ship: Marco Michel Trip: 02 Tow: gp082r2
Comments: zone 12
 Date    Time     Latitude       Longitude    Speed    Primary  Secondary DoorSpread      Depth 
040714  192333  46  56.1790 N  62  31.9960 W   7.2        2.9        2.9        7.5        2.2 
040714  192335  46  56.1750 N  62  31.9950 W   7.6        2.9        2.9        7.5        2.2 
040714  192337  46  56.1710 N  62  31.9930 W   7.4        2.9        2.9        7.5        2.2 
040714  192339  46  56.1670 N  62  31.9910 W   7.1        2.9        2.9        7.5        2.2 
040714  192341  46  56.1630 N  62  31.9900 W   6.5        2.9        2.9        7.5        2.2 
040714  192343  46  56.1600 N  62  31.9880 W   6.3        2.9        2.9        7.5        2.2 
040714  192345  46  56.1570 N  62  31.9870 W   5.6        2.9        2.9        8.1        2.2 
040714  192347  46  56.1540 N  62  31.9860 W   5.7        2.6        2.9        8.1       19.8 
040714  192349  46  56.1510 N  62  31.9840 W   4.7        2.6        2.9        4.8       19.8 
040714  192351  46  56.1490 N  62  31.9830 W   4.0        2.6        2.9        4.8       19.8 
040714  192353  46  56.1470 N  62  31.9820 W   4.1        2.6        2.9        4.8       38.3 
040714  192355  46  56.1450 N  62  31.9810 W   3.5        2.6        2.9        8.2       38.3 
040714  192357  46  56.1440 N  62  31.9800 W   3.1        2.6        2.9        8.2       38.3 
040714  192359  46  56.1430 N  62  31.9790 W   3.2        2.6        2.9        8.2       21.6 
040714  192401  46  56.1410 N  62  31.9790 W   2.5        2.6        2.9        8.1       21.6 
040714  192403  46  56.1400 N  62  31.9780 W   3.0        2.6        2.9        8.1       39.1 
040714  192405  46  56.1380 N  62  31.9770 W   2.3        2.6        2.9        7.5       39.1 
040714  192407  46  56.1370 N  62  31.9760 W   2.6        2.6        2.9        7.5       39.1 
040714  192409  46  56.1360 N  62  31.9750 W   2.4        2.6        2.9        7.5       21.6 
040714  192411  46  56.1350 N  62  31.9750 W   2.4        2.6        2.9        7.5       21.6 
040714  192413  46  56.1330 N  62  31.9740 W   1.9        2.6        2.9        7.5       21.6 
040714  192415  46  56.1330 N  62  31.9730 W   2.6        2.6        2.9        7.5       34.3 
040714  192417  46  56.1320 N  62  31.9720 W   1.3        2.6        2.7        6.9       34.3 
040714  192419  46  56.1310 N  62  31.9720 W   2.4        2.6        2.7        6.9       35.2 
040714  192421  46  56.1300 N  62  31.9710 W   1.7        2.6        2.7        6.7       35.2 
040714  192423  46  56.1290 N  62  31.9700 W   2.1        2.6        2.7        6.7       35.2 
040714  192425  46  56.1280 N  62  31.9700 W   1.9        2.9        2.7        6.7       55.4 
040714  192427  46  56.1260 N  62  31.9690 W   1.9        2.9        2.7        6.6       55.4 
040714  192429  46  56.1260 N  62  31.9680 W   1.7        2.9        2.7        6.6       23.8 
040714  192431  46  56.1250 N  62  31.9670 W   1.9        2.9        2.7        7.8       23.8 
040714  192433  46  56.1240 N  62  31.9670 W   2.0        2.9        2.7        7.8       23.8 
040714  192435  46  56.1230 N  62  31.9660 W   1.3        2.9        2.7        7.8       46.6 
040714  192437  46  56.1230 N  62  31.9660 W   2.3        2.9        2.7        5.2       46.6 
040714  192439  46  56.1220 N  62  31.9650 W   1.1        2.9        2.7        5.2       46.6 
040714  192441  46  56.1220 N  62  31.9640 W   2.4        2.9        2.7        5.2       40.5 
040714  192443  46  56.1200 N  62  31.9630 W   1.3        2.9        2.7        5.7       40.5 
040714  192445  46  56.1190 N  62  31.9630 W   2.1        2.9        2.7        5.7       40.5 
040714  192447  46  56.1180 N  62  31.9620 W   1.6        2.9        2.7        6.0       45.7 
040714  192449  46  56.1170 N  62  31.9620 W   2.3        2.9        2.7        6.0       45.7 
040714  192451  46  56.1160 N  62  31.9610 W   1.4        2.9        2.7        6.0       54.5 
040714  192453  46  56.1150 N  62  31.9610 W   2.4        2.9        2.7        5.4       54.5 
040714  192455  46  56.1150 N  62  31.9600 W   1.8        2.9        2.7        5.4       54.5 
040714  192457  46  56.1140 N  62  31.9600 W   2.0        2.9        2.7        5.4       49.3 
040714  192459  46  56.1130 N  62  31.9600 W   2.4        2.9        2.7        5.8       49.3 
040714  192501  46  56.1120 N  62  31.9590 W   2.3        2.9        2.7        5.8       49.3 
040714  192503  46  56.1100 N  62  31.9590 W   1.8        2.9        2.7        6.0       53.7 
040714  192505  46  56.1090 N  62  31.9580 W   2.3        2.9        2.7        6.0       53.7 
040714  192507  46  56.1080 N  62  31.9580 W   2.2        2.9        2.7        6.0       58.5 
040714  192509  46  56.1060 N  62  31.9570 W   2.3        2.9        2.7       19.1       58.5 
040714  192511  46  56.1050 N  62  31.9570 W   2.2        2.9        2.7       19.1       58.5 
040714  192513  46  56.1040 N  62  31.9560 W   2.3        2.9        2.7       19.1       58.5 
040714  192515  46  56.1030 N  62  31.9560 W   2.0        2.9        2.7       19.1       58.5 
040714  192517  46  56.1020 N  62  31.9550 W   2.7        2.9        2.7       19.1       58.5 
040714  192519  46  56.1010 N  62  31.9550 W   2.1        2.9        2.7        6.8       61.1 
040714  192521  46  56.1000 N  62  31.9540 W   2.3        2.9        2.7        6.8       61.1 
040714  192523  46  56.0980 N  62  31.9530 W   2.3        2.9        2.7        6.8       62.0 
040714  192525  46  56.0970 N  62  31.9530 W   2.3        2.9        2.7       10.2       62.0 
040714  192527  46  56.0960 N  62  31.9520 W   2.4        2.9        2.7       10.2       62.0 
040714  192529  46  56.0950 N  62  31.9510 W   2.3        2.9        2.7        5.3       63.8 
040714  192531  46  56.0940 N  62  31.9510 W   1.9        2.9        2.7        5.3       63.8 
040714  192533  46  56.0920 N  62  31.9500 W   2.5        2.9        2.7        5.3       63.8 
040714  192535  46  56.0910 N  62  31.9500 W   2.1        2.9        2.7        8.5       62.9 
040714  192537  46  56.0900 N  62  31.9500 W   2.5        2.9        2.7        8.5       62.9 
040714  192539  46  56.0890 N  62  31.9490 W   1.8        2.9        2.7        8.5       65.5 
040714  192541  46  56.0880 N  62  31.9480 W   2.5        2.9        2.7        9.6       65.5 
040714  192543  46  56.0860 N  62  31.9480 W   2.2        2.9        2.7        9.6       65.5 
040714  192545  46  56.0860 N  62  31.9470 W   1.7        2.9        2.7        9.9       65.5 
040714  192547  46  56.0850 N  62  31.9470 W   2.3        2.9        2.7        9.9       65.5 
040714  192549  46  56.0840 N  62  31.9460 W   1.9        2.9        2.7        9.9       65.5 
040714  192551  46  56.0820 N  62  31.9460 W   2.2        2.9        2.7       10.3       66.9 
040714  192553  46  56.0820 N  62  31.9450 W   2.1        2.9        2.7       10.3       66.9 
040714  192555  46  56.0810 N  62  31.9450 W   2.1        2.9        2.7       10.3       64.7 
040714  192557  46  56.0800 N  62  31.9440 W   2.2        2.9        2.7       10.3       64.7 
040714  192559  46  56.0790 N  62  31.9440 W   1.9        2.9        2.7       10.3       64.7 
040714  192601  46  56.0770 N  62  31.9430 W   2.2        2.9        2.7       10.6       66.4 
040714  192603  46  56.0760 N  62  31.9420 W   1.8        2.9        2.7       10.6       66.4 
040714  192605  46  56.0750 N  62  31.9420 W   2.4        2.9        2.7       10.6       66.4 
040714  192607  46  56.0740 N  62  31.9410 W   1.9        2.9        2.7       11.3       62.5 
040714  192609  46  56.0730 N  62  31.9400 W   2.1        2.9        2.7       11.3       62.5 
040714  192611  46  56.0720 N  62  31.9400 W   2.6        2.9        2.7       10.9       66.0 
040714  192613  46  56.0700 N  62  31.9390 W   1.8        2.9        2.7       10.9       66.0 
040714  192615  46  56.0690 N  62  31.9390 W   2.1        2.9        2.7       10.9       66.0 
040714  192617  46  56.0680 N  62  31.9390 W   1.9        2.9        2.7       10.6       64.7 
040714  192619  46  56.0680 N  62  31.9380 W   2.1        2.9        2.7       10.6       64.7 
040714  192621  46  56.0670 N  62  31.9380 W   1.5        2.9        2.7       10.6       64.7 
040714  192623  46  56.0660 N  62  31.9370 W   2.5        2.9        2.7       10.1       63.3 
040714  192625  46  56.0660 N  62  31.9370 W   1.6        2.9        2.7       10.1       63.3 
040714  192627  46  56.0650 N  62  31.9370 W   2.4        2.9        2.7       10.1       66.9 
040714  192629  46  56.0630 N  62  31.9360 W   1.5        2.4        2.7        9.9       66.9 
040714  192631  46  56.0620 N  62  31.9360 W   2.5        2.4        2.7        9.9       66.9 
040714  192633  46  56.0610 N  62  31.9350 W   1.3        2.4        2.7       10.0       64.7 
040714  192635  46  56.0600 N  62  31.9340 W   2.5        2.4        2.7       10.0       64.7 
040714  192637  46  56.0590 N  62  31.9340 W   1.7        2.4        2.7       10.0       64.7 
040714  192639  46  56.0580 N  62  31.9330 W   2.2        2.4        2.7        9.3       62.5 
040714  192641  46  56.0570 N  62  31.9330 W   1.3        2.4        2.7        9.3       62.5 
040714  192643  46  56.0560 N  62  31.9320 W   2.4        2.4        2.7        9.7       67.7 
040714  192645  46  56.0550 N  62  31.9320 W   1.5        2.4        2.7        9.7       67.7 
040714  192647  46  56.0540 N  62  31.9310 W   2.1        2.4        2.7        9.7       67.7 
040714  192649  46  56.0530 N  62  31.9310 W   1.9        2.4        2.7       10.2       64.2 
040714  192651  46  56.0520 N  62  31.9300 W   1.8        2.4        2.7       10.2       64.2 
040714  192653  46  56.0510 N  62  31.9290 W   1.9        2.4        2.7       10.2       64.2 
040714  192655  46  56.0500 N  62  31.9290 W   1.8        2.4        2.7        9.7       64.7 
040714  192657  46  56.0490 N  62  31.9280 W   1.8        2.4        2.7        9.7       64.7 
040714  192659  46  56.0480 N  62  31.9280 W   1.8        2.4        2.7       10.5       63.8 
040714  192701  46  56.0470 N  62  31.9280 W   2.2        2.4        2.7       10.5       63.8 
040714  192703  46  56.0470 N  62  31.9270 W   1.8        2.4        2.7       10.5       63.8 
040714  192705  46  56.0450 N  62  31.9270 W   1.8        2.4        2.7       11.2       65.1 
040714  192707  46  56.0450 N  62  31.9260 W   1.7        2.4        2.7       11.2       65.1 
040714  192709  46  56.0440 N  62  31.9250 W   1.9        2.4        2.7       11.2       65.1 
040714  192711  46  56.0430 N  62  31.9250 W   1.9        2.4        2.7       11.2       67.7 
040714  192713  46  56.0420 N  62  31.9240 W   2.0        2.4        2.7       11.2       67.7 
040714  192715  46  56.0410 N  62  31.9240 W   1.6        2.4        2.7       11.2       72.1 
040714  192717  46  56.0400 N  62  31.9240 W   2.1        2.4        2.7       11.2       72.1 
040714  192719  46  56.0400 N  62  31.9230 W   1.5        2.4        2.7       11.2       72.1 
040714  192721  46  56.0390 N  62  31.9220 W   1.8        2.4        2.7        7.8       57.6 
040714  192723  46  56.0380 N  62  31.9220 W   1.8        2.4        2.7        7.8       57.6 
040714  192725  46  56.0370 N  62  31.9210 W   1.7        2.4        2.7        7.8       57.6 
040714  192727  46  56.0360 N  62  31.9210 W   1.6        2.4        2.7        6.1       64.7 
040714  192729  46  56.0350 N  62  31.9210 W   2.1        2.4        2.7        6.1       64.7 
040714  192731  46  56.0340 N  62  31.9200 W   1.2        2.4        2.7        6.3       65.1 
040714  192733  46  56.0330 N  62  31.9190 W   2.2        2.4        2.7        6.3       65.1 
040714  192735  46  56.0320 N  62  31.9190 W   1.8        2.4        2.7        6.3       65.1 
040714  192737  46  56.0310 N  62  31.9190 W   1.6        2.4        2.7        6.4       63.3 
040714  192739  46  56.0300 N  62  31.9180 W   1.8        2.4        2.7        6.4       63.3 
040714  192741  46  56.0290 N  62  31.9180 W   1.7        2.4        2.7        6.9       63.3 
040714  192743  46  56.0280 N  62  31.9170 W   1.9        2.4        2.7        6.9       63.8 
040714  192745  46  56.0270 N  62  31.9160 W   1.4        2.4        2.7        6.9       63.8 
040714  192747  46  56.0260 N  62  31.9160 W   2.0        2.4        2.7        6.7       62.5 
040714  192749  46  56.0250 N  62  31.9160 W   1.8        2.4        2.7        6.7       62.5 
040714  192751  46  56.0250 N  62  31.9150 W   1.6        2.4        2.7        6.7       62.5 
040714  192753  46  56.0240 N  62  31.9150 W   2.0        2.4        2.7        7.1       67.3 
040714  192755  46  56.0240 N  62  31.9140 W   1.8        2.4        2.7        7.1       67.3 
040714  192757  46  56.0230 N  62  31.9140 W   1.7        2.4        2.7        7.5       67.3 
040714  192759  46  56.0220 N  62  31.9130 W   1.8        2.4        2.7        7.5       63.8 
040714  192801  46  56.0210 N  62  31.9130 W   1.6        2.4        2.7        7.5       63.8 
040714  192803  46  56.0200 N  62  31.9120 W   1.7        2.4        2.7        7.2       63.3 
040714  192805  46  56.0190 N  62  31.9110 W   1.2        2.4        2.7        7.2       63.3 
040714  192807  46  56.0180 N  62  31.9110 W   1.5        2.4        2.7        7.2       63.3 
040714  192809  46  56.0180 N  62  31.9100 W   1.0        2.4        2.7        4.8       65.5 
040714  192811  46  56.0170 N  62  31.9100 W   1.4        2.4        2.7        4.8       65.5 
040714  192813  46  56.0170 N  62  31.9090 W   0.9        2.4        2.7        3.1       65.5 
040714  192815  46  56.0160 N  62  31.9090 W   1.2        2.4        2.7        3.1       62.0 
040714  192817  46  56.0160 N  62  31.9090 W   0.8        2.8        2.7        3.1       62.0 
040714  192819  46  56.0150 N  62  31.9080 W   1.5        2.8        2.7        2.2       62.9 
040714  192821  46  56.0150 N  62  31.9080 W   0.8        2.8        2.7        2.2       62.9 
040714  192823  46  56.0140 N  62  31.9070 W   1.0        2.8        2.7        2.7       62.9 
040714  192825  46  56.0140 N  62  31.9070 W   1.3        2.8        2.7        2.7       64.7 
040714  192827  46  56.0130 N  62  31.9060 W   0.8        2.8        2.7        2.7       64.7 
040714  192829  46  56.0130 N  62  31.9060 W   1.6        2.8        2.7        2.4       64.7 
040714  192831  46  56.0120 N  62  31.9050 W   0.9        2.8        2.7        2.4       66.0 
040714  192833  46  56.0120 N  62  31.9050 W   1.6        2.8        2.7        2.4       66.0 
040714  192835  46  56.0110 N  62  31.9040 W   0.5        2.8        2.7        6.0       66.0 
040714  192837  46  56.0110 N  62  31.9040 W   1.0        2.8        2.7        6.0      142.1 
040714  192839  46  56.0110 N  62  31.9040 W   0.4        2.8        2.7       18.9      142.1 
040714  192841  46  56.0110 N  62  31.9040 W   0.5        2.8       11.3       18.9      142.1 
040714  192843  46  56.0110 N  62  31.9040 W   0.6        2.8       11.3       18.9      142.1 
040714  192845  46  56.0120 N  62  31.9030 W   0.4        2.8       11.3       18.9      142.1 
040714  192847  46  56.0120 N  62  31.9030 W   1.0        2.8       11.3       18.9      142.1 
040714  192849  46  56.0130 N  62  31.9040 W   0.5        2.8       11.3       18.9      142.1 
040714  192851  46  56.0130 N  62  31.9040 W   1.3        2.8       11.3        6.9      142.1 
040714  192853  46  56.0140 N  62  31.9040 W   1.1        2.8       11.3        6.9      104.3 
040714  192855  46  56.0150 N  62  31.9040 W   1.4        2.8       11.3        6.9      104.3 
040714  192857  46  56.0160 N  62  31.9040 W   1.3        2.8       11.3        6.9      104.3 
040714  192859  46  56.0170 N  62  31.9040 W   1.6        2.8       11.3        6.9      104.3 
040714  192901  46  56.0180 N  62  31.9040 W   1.8        2.8       11.3        8.4      104.3 
040714  192903  46  56.0180 N  62  31.9040 W   1.8        2.8       11.3        8.4      104.3 
040714  192905  46  56.0190 N  62  31.9040 W   1.9        2.8       11.3       23.3      104.3 
040714  192907  46  56.0200 N  62  31.9040 W   1.7        2.8       11.3       23.3      104.3 
040714  192909  46  56.0220 N  62  31.9040 W   2.3        2.8       11.3       23.3       24.6 
040714  192911  46  56.0230 N  62  31.9040 W   1.9        2.8       11.3       23.3       24.6 
040714  192913  46  56.0240 N  62  31.9050 W   2.3        2.8       11.3       23.3       55.4 
040714  192915  46  56.0260 N  62  31.9050 W   2.0        2.8       11.3       23.3       55.4 
040714  192917  46  56.0270 N  62  31.9050 W   2.2        2.8       11.3       23.3       55.4 
040714  192919  46  56.0280 N  62  31.9050 W   2.3        2.8       11.3       23.3       61.1 
040714  192921  46  56.0290 N  62  31.9050 W   2.2        2.8       11.3       23.3       61.1 
040714  192923  46  56.0310 N  62  31.9050 W   2.5        2.8       11.3       23.3       56.3 
040714  192925  46  56.0320 N  62  31.9040 W   2.4        2.8       11.3       23.3       56.3 
040714  192927  46  56.0340 N  62  31.9050 W   2.3        2.8       11.3       13.1       56.3 
040714  192929  46  56.0360 N  62  31.9050 W   2.3        2.8       11.3       13.1       56.3 
040714  192931  46  56.0370 N  62  31.9040 W   2.2        2.8       11.3       13.1       56.3 
040714  192933  46  56.0380 N  62  31.9040 W   2.2        2.8       11.3       13.1       56.3 
040714  192935  46  56.0390 N  62  31.9040 W   2.0        2.8       11.3       13.1       56.3 
040714  192937  46  56.0400 N  62  31.9040 W   2.0        2.8       11.3       19.8       56.3 
040714  192939  46  56.0420 N  62  31.9040 W   1.7        2.8       11.3       19.8       56.3 
040714  192941  46  56.0430 N  62  31.9040 W   1.9        2.8       11.3       19.8       56.3 
040714  192943  46  56.0440 N  62  31.9040 W   1.5        2.8       11.3       19.8       56.3 
040714  192945  46  56.0450 N  62  31.9040 W   1.9        2.8       11.3       19.8       56.3 
040714  192947  46  56.0460 N  62  31.9030 W   1.5        2.8       11.3       15.1       56.3 
040714  192949  46  56.0460 N  62  31.9030 W   1.5        2.8       11.3       15.1       56.3 
040714  192951  46  56.0470 N  62  31.9030 W   1.6        2.8       11.3       15.1       56.3 
040714  192953  46  56.0480 N  62  31.9020 W   1.3        2.8       11.3       15.1       56.3 
040714  192955  46  56.0490 N  62  31.9020 W   1.6        2.8       11.3       15.1       56.3 
040714  192957  46  56.0500 N  62  31.9010 W   1.2        2.8       11.3       15.1      304.8 
040714  192959  46  56.0500 N  62  31.9000 W   1.3        2.8       11.3       15.1      304.8 
040714  193001  46  56.0510 N  62  31.9000 W   1.1        2.8       11.3       15.1       58.1 
040714  193003  46  56.0510 N  62  31.9000 W   1.1        2.8       11.3        8.9       58.1 
040714  193005  46  56.0520 N  62  31.9000 W   1.2        2.8       11.3        8.9       58.1 
040714  193007  46  56.0520 N  62  31.9000 W   0.8        2.8       11.3        8.9       55.0 
040714  193009  46  56.0530 N  62  31.8990 W   1.5        2.8       11.3        8.9       55.0 
040714  193011  46  56.0530 N  62  31.8990 W   0.5        2.8       11.3        8.9       55.0 
040714  193013  46  56.0540 N  62  31.8990 W   1.5        2.8       11.3        3.8       37.4 
040714  193015  46  56.0540 N  62  31.8980 W   0.3        2.8       11.3        3.8       37.4 
040714  193017  46  56.0540 N  62  31.8980 W   1.3        4.1       11.3        3.8       17.2 
040714  193019  46  56.0550 N  62  31.8980 W   0.7        4.1       11.3        3.8       17.2 
040714  193021  46  56.0560 N  62  31.8980 W   1.0        4.1       11.3        3.8       17.2 
040714  193023  46  56.0570 N  62  31.8980 W   0.8        4.1       11.3        3.8       87.5 
040714  193025  46  56.0570 N  62  31.8980 W   1.0        4.1       11.3        3.8       87.5 
040714  193027  46  56.0590 N  62  31.8980 W   0.8        4.1       11.3        3.8       87.5 
040714  193029  46  56.0590 N  62  31.8980 W   1.1        4.1       11.3        3.8       56.3 
040714  193031  46  56.0600 N  62  31.8980 W   0.9        4.1       11.3        3.8       56.3 
040714  193033  46  56.0600 N  62  31.8970 W   1.7        4.1       11.3        3.8       38.3 
040714  193035  46  56.0600 N  62  31.8980 W   1.0        4.1       11.3       14.9       38.3 
040714  193037  46  56.0610 N  62  31.8980 W   1.5        4.1       11.3       14.9       38.3 
040714  193039  46  56.0620 N  62  31.8980 W   1.5        4.1       11.3       14.9       27.3 
040714  193041  46  56.0630 N  62  31.8980 W   1.2        4.1       11.3       14.9       27.3 
040714  193043  46  56.0630 N  62  31.8990 W   1.5        4.1       11.3       14.9       27.3 
040714  193045  46  56.0640 N  62  31.8990 W   1.2        4.1       11.3        3.5       80.9 
040714  193047  46  56.0650 N  62  31.9000 W   1.4        4.1       11.3        3.5       80.9 
040714  193049  46  56.0660 N  62  31.9010 W   1.6        4.1       11.3        3.5       22.4 
040714  193051  46  56.0670 N  62  31.9010 W   1.1        4.1       11.3        3.5       22.4 
040714  193053  46  56.0670 N  62  31.9020 W   1.3        4.1        9.8        3.5       22.4 
040714  193055  46  56.0680 N  62  31.9020 W   1.0        4.1        9.8        4.8       54.5 
040714  193057  46  56.0680 N  62  31.9020 W   1.1        4.1        9.8        4.8       54.5 
040714  193059  46  56.0690 N  62  31.9030 W   1.5        4.1        9.8        4.8       54.5 
