FileName: C:\NETMIN~1\GP182.TXT
Local Time: Tue Aug 03 13:50:43 2004

Ship: Marco Michel Trip: 04 Tow: gp182
Comments: zone 12
 Date    Time     Latitude       Longitude    Speed    Primary  Secondary DoorSpread WingSpread      Depth 
040803  165048  47  44.8920 N  60  57.6760 W   5.7        2.4        3.0        0.0        2.8        8.4 
040803  165050  47  44.8890 N  60  57.6770 W   6.0        2.4        3.0        0.0        2.8        8.4 
040803  165052  47  44.8860 N  60  57.6780 W   6.0        2.4        3.0        0.0        1.4        4.8 
040803  165054  47  44.8820 N  60  57.6790 W   6.2        2.4        3.0        0.0        1.4        4.8 
040803  165056  47  44.8780 N  60  57.6790 W   7.3        2.4        3.0        0.0        1.4        4.8 
040803  165058  47  44.8740 N  60  57.6810 W   6.9        2.4        3.0        0.0        1.4        4.8 
040803  165100  47  44.8710 N  60  57.6810 W   7.8        2.4        3.0        0.0        1.4        4.8 
040803  165102  47  44.8670 N  60  57.6820 W   7.3        2.4        3.0        0.0        1.4        4.8 
040803  165104  47  44.8620 N  60  57.6830 W   7.1        2.4        3.0        0.0        1.4        4.8 
040803  165106  47  44.8580 N  60  57.6850 W   7.9        2.4        3.0        0.0        1.4        4.8 
040803  165108  47  44.8540 N  60  57.6850 W   7.6        2.4        3.0        0.0        1.4        4.8 
040803  165110  47  44.8490 N  60  57.6870 W   8.3        2.4        3.0        0.0        1.4        4.8 
040803  165112  47  44.8450 N  60  57.6880 W   7.6        2.4        3.0        0.0        1.4        4.8 
040803  165114  47  44.8400 N  60  57.6890 W   7.7        2.4        3.0        0.0        1.4        4.8 
040803  165116  47  44.8360 N  60  57.6900 W   7.3        2.4        3.0        0.0        1.4        4.8 
040803  165118  47  44.8310 N  60  57.6920 W   7.6        2.4        3.0        0.0        1.4        4.8 
040803  165120  47  44.8280 N  60  57.6920 W   7.7        2.4        3.0        0.0        1.4        4.8 
040803  165122  47  44.8240 N  60  57.6930 W   7.7        2.4        3.0        0.0        1.4        4.8 
040803  165124  47  44.8200 N  60  57.6950 W   7.7        2.4        3.0        0.0        1.4        4.8 
040803  165126  47  44.8160 N  60  57.6980 W   7.8        2.4        3.0        0.0        1.4        4.8 
040803  165128  47  44.8120 N  60  57.7010 W   7.7        2.4        3.0        0.0        1.4        4.8 
040803  165130  47  44.8080 N  60  57.7030 W   7.7        2.4        3.0        0.0        1.4        4.8 
040803  165132  47  44.8040 N  60  57.7060 W   7.9        2.4        3.0        0.0        1.4        4.8 
040803  165134  47  44.8010 N  60  57.7100 W   7.6        2.4        3.0        0.0        1.4        4.8 
040803  165136  47  44.7970 N  60  57.7130 W   8.2        2.4        3.0        0.0        1.4        4.8 
040803  165138  47  44.7930 N  60  57.7170 W   8.0        2.4        3.0        0.0        1.4        4.8 
040803  165140  47  44.7900 N  60  57.7210 W   7.7        2.4        3.0        0.0        1.4        4.8 
040803  165142  47  44.7860 N  60  57.7250 W   8.0        2.4        3.0        0.0        1.4        4.8 
040803  165144  47  44.7820 N  60  57.7280 W   7.9        2.4        3.0        0.0        1.4        4.8 
040803  165146  47  44.7790 N  60  57.7320 W   7.9        2.4        3.0        0.0        1.4        4.8 
040803  165148  47  44.7750 N  60  57.7350 W   7.9        2.4        3.0        0.0        1.4        4.8 
040803  165150  47  44.7710 N  60  57.7380 W   7.9        2.4        3.0        0.0        1.4        4.8 
040803  165152  47  44.7670 N  60  57.7410 W   7.7        2.4        3.0        0.0        1.4        4.8 
040803  165154  47  44.7640 N  60  57.7440 W   8.0        2.4        3.0        0.0        1.4        4.8 
040803  165156  47  44.7600 N  60  57.7460 W   7.4        2.4        3.0        0.0        1.4        4.8 
040803  165158  47  44.7550 N  60  57.7480 W   7.2        2.4        3.0        0.0        1.4        4.8 
040803  165200  47  44.7510 N  60  57.7490 W   7.4        2.4        3.0        0.0        1.4        4.8 
040803  165202  47  44.7470 N  60  57.7500 W   7.2        2.4        3.0        0.0        1.4        4.8 
040803  165204  47  44.7440 N  60  57.7510 W   7.4        2.4        3.0        0.0        1.4        4.8 
040803  165206  47  44.7400 N  60  57.7520 W   7.5        2.4        3.0        0.0        1.4        4.8 
040803  165208  47  44.7350 N  60  57.7530 W   6.9        2.4        3.0        0.0        1.4        4.8 
040803  165210  47  44.7310 N  60  57.7540 W   7.1        2.4        3.0        0.0        1.4        4.8 
040803  165212  47  44.7280 N  60  57.7550 W   6.8        2.4        3.0        0.0        1.4        4.8 
040803  165214  47  44.7240 N  60  57.7560 W   7.0        2.4        3.0        0.0        1.4        4.8 
040803  165216  47  44.7210 N  60  57.7570 W   6.2        2.4        3.0        0.0        1.4        4.8 
040803  165218  47  44.7170 N  60  57.7580 W   5.3        2.4       13.3        0.0        1.4        4.8 
040803  165220  47  44.7140 N  60  57.7580 W   6.0        2.4       13.3        0.0        1.4        4.8 
040803  165222  47  44.7110 N  60  57.7590 W   6.2        2.4       13.3        0.0        7.7       50.1 
040803  165224  47  44.7080 N  60  57.7600 W   5.2        2.4       13.3        0.0        7.7       50.1 
040803  165226  47  44.7050 N  60  57.7600 W   5.3        2.4       13.3        0.0        7.7       20.7 
040803  165228  47  44.7020 N  60  57.7600 W   5.6        2.4       13.3        0.0        7.7       20.7 
040803  165230  47  44.6990 N  60  57.7600 W   5.4        2.4       13.3        0.0        7.7       20.7 
040803  165232  47  44.6960 N  60  57.7610 W   5.9        2.4       13.3        0.0       75.9       31.2 
040803  165234  47  44.6930 N  60  57.7620 W   5.3        2.4       13.3        0.0       75.9       31.2 
040803  165236  47  44.6900 N  60  57.7620 W   5.5        2.4       13.3        0.0       75.9       42.7 
040803  165238  47  44.6870 N  60  57.7630 W   5.3        2.4       13.3        0.0        8.5       42.7 
040803  165240  47  44.6840 N  60  57.7630 W   5.4        2.4       13.3        0.0        8.5       42.7 
040803  165242  47  44.6800 N  60  57.7630 W   5.6        2.4       13.3        0.0        8.5       42.7 
040803  165244  47  44.6770 N  60  57.7630 W   5.0        2.4       13.3        0.0        8.5       42.7 
040803  165246  47  44.6740 N  60  57.7630 W   5.6        2.4       13.3        0.0        8.5       42.7 
040803  165248  47  44.6710 N  60  57.7630 W   5.8        2.4       13.3        0.0        8.5       42.7 
040803  165250  47  44.6680 N  60  57.7630 W   5.0        2.4       13.3        0.0        8.5       42.7 
040803  165252  47  44.6650 N  60  57.7630 W   5.6        2.4       13.3        0.0        8.5       26.4 
040803  165254  47  44.6620 N  60  57.7630 W   5.5        2.4       13.3        0.0       16.8       26.4 
040803  165256  47  44.6590 N  60  57.7640 W   5.8        2.4       13.3        0.0       16.8       26.4 
040803  165258  47  44.6560 N  60  57.7640 W   5.5        2.4       13.3        0.0        6.8       35.6 
040803  165300  47  44.6530 N  60  57.7650 W   5.3        2.4       13.3        0.0        6.8       35.6 
040803  165302  47  44.6500 N  60  57.7660 W   5.3        2.4       13.3        0.0        6.8       35.6 
040803  165304  47  44.6470 N  60  57.7670 W   4.9        2.4       13.3        0.0        7.3       45.3 
040803  165306  47  44.6450 N  60  57.7680 W   3.9        2.4       13.3        0.0        7.3       45.3 
040803  165308  47  44.6430 N  60  57.7690 W   3.2        2.3       13.3        0.0        7.3       24.2 
040803  165310  47  44.6420 N  60  57.7690 W   3.4        2.3       13.3        0.0        7.8       24.2 
040803  165312  47  44.6400 N  60  57.7700 W   2.4        2.3       13.3        0.0        7.8       24.2 
040803  165314  47  44.6390 N  60  57.7700 W   2.8        2.3       13.3        0.0        7.1       27.3 
040803  165316  47  44.6370 N  60  57.7710 W   2.4        2.3       13.3        0.0        7.1       27.3 
040803  165318  47  44.6360 N  60  57.7710 W   2.4        2.3       13.3        0.0        7.1       27.3 
040803  165320  47  44.6340 N  60  57.7710 W   2.0        2.3       13.3        0.0        7.6       31.2 
040803  165322  47  44.6330 N  60  57.7720 W   2.2        2.3       13.3        0.0        7.6       31.2 
040803  165324  47  44.6320 N  60  57.7720 W   1.4        2.3       13.3        0.0        6.0       37.4 
040803  165326  47  44.6320 N  60  57.7720 W   2.3        2.3       13.3        0.0        6.0       37.4 
040803  165328  47  44.6300 N  60  57.7720 W   0.8        2.3       13.3        0.0        6.0       37.4 
040803  165330  47  44.6300 N  60  57.7720 W   2.2        2.3       13.3        0.0       17.9       31.2 
040803  165332  47  44.6290 N  60  57.7730 W   0.9        2.3       13.3        0.0       17.9       31.2 
040803  165334  47  44.6280 N  60  57.7730 W   2.4        2.3       13.3        0.0       17.9       41.3 
040803  165336  47  44.6270 N  60  57.7730 W   0.5        2.3       13.3        0.0       17.9       41.3 
040803  165338  47  44.6270 N  60  57.7730 W   1.3        2.3        3.1        0.0       17.9       41.3 
040803  165340  47  44.6260 N  60  57.7730 W   1.6        2.3        3.1        0.0        6.2       43.1 
040803  165342  47  44.6260 N  60  57.7730 W   0.8        2.3        3.1        0.0        6.2       43.1 
040803  165344  47  44.6240 N  60  57.7720 W   1.3        2.8        3.1        0.0        6.2       43.1 
040803  165346  47  44.6240 N  60  57.7720 W   1.8        2.8        3.1        0.0        6.2       51.0 
040803  165348  47  44.6230 N  60  57.7720 W   1.1        2.8        3.1        0.0        6.2       51.0 
040803  165350  47  44.6220 N  60  57.7720 W   2.0        2.8        3.1        0.0        6.2       44.0 
040803  165352  47  44.6210 N  60  57.7720 W   1.5        2.8        3.1        0.0        6.2       44.0 
040803  165354  47  44.6200 N  60  57.7710 W   1.2        2.8        3.1        0.0        6.2       44.0 
040803  165356  47  44.6200 N  60  57.7710 W   2.5        2.8        3.1        0.0       56.0       33.4 
040803  165358  47  44.6180 N  60  57.7710 W   0.9        2.8        3.1        0.0       56.0       33.4 
040803  165400  47  44.6170 N  60  57.7710 W   2.8        2.8        3.1        0.0       56.0       33.4 
040803  165402  47  44.6160 N  60  57.7700 W   1.0        2.8        3.1        0.0        9.2       54.5 
040803  165404  47  44.6150 N  60  57.7700 W   2.1        2.8        3.1        0.0        9.2       54.5 
040803  165406  47  44.6140 N  60  57.7690 W   2.2        2.8        3.1        0.0       15.6       62.0 
040803  165408  47  44.6130 N  60  57.7690 W   1.1        2.8        3.1        0.0       15.6       62.0 
040803  165410  47  44.6120 N  60  57.7680 W   2.5        2.8        3.1        0.0       15.6       62.0 
040803  165412  47  44.6110 N  60  57.7680 W   1.3        2.8        3.1        0.0       15.6       35.2 
040803  165414  47  44.6100 N  60  57.7670 W   2.6        2.8        3.1        0.0       15.6       35.2 
040803  165416  47  44.6090 N  60  57.7670 W   1.4        2.8        2.7        0.0       15.6       35.2 
040803  165418  47  44.6080 N  60  57.7660 W   2.7        2.8        2.7        0.0       15.6       71.3 
040803  165420  47  44.6070 N  60  57.7650 W   1.9        2.8        2.7        0.0       15.6       71.3 
040803  165422  47  44.6060 N  60  57.7650 W   2.1        2.8        2.7        0.0        6.2       43.5 
040803  165424  47  44.6040 N  60  57.7650 W   2.1        5.2        2.7        0.0        6.2       43.5 
040803  165426  47  44.6030 N  60  57.7650 W   2.3        5.2        2.7        0.0        6.2       43.5 
040803  165428  47  44.6020 N  60  57.7640 W   2.5        5.2        2.7        0.0        8.8       56.7 
040803  165430  47  44.6000 N  60  57.7640 W   1.9        5.2        2.7        0.0        8.8       56.7 
040803  165432  47  44.5990 N  60  57.7640 W   2.8        5.2        2.7        0.0        3.5       56.7 
040803  165434  47  44.5970 N  60  57.7640 W   2.5        5.2        2.7        0.0        3.5       62.9 
040803  165436  47  44.5960 N  60  57.7630 W   1.5        3.6        2.7        0.0        3.5       62.9 
040803  165438  47  44.5950 N  60  57.7630 W   2.7        3.6        2.7        0.0        5.5       54.1 
040803  165440  47  44.5940 N  60  57.7630 W   2.0        3.6        2.7        0.0        5.5       54.1 
040803  165442  47  44.5930 N  60  57.7640 W   2.3        3.6        2.7        0.0        5.5       54.1 
040803  165444  47  44.5920 N  60  57.7640 W   2.1        3.6        2.7        0.0        5.9       58.5 
040803  165446  47  44.5910 N  60  57.7640 W   2.4        3.6        2.7        0.0        5.9       58.5 
040803  165448  47  44.5900 N  60  57.7640 W   1.9        3.6        2.7        0.0        6.2       58.5 
040803  165450  47  44.5890 N  60  57.7640 W   1.6        3.6        2.7        0.0        6.2       58.1 
040803  165452  47  44.5880 N  60  57.7640 W   2.3        3.6        2.7        0.0        6.2       58.1 
040803  165454  47  44.5870 N  60  57.7640 W   1.8        3.6        2.7        0.0        6.2       59.8 
040803  165456  47  44.5850 N  60  57.7640 W   2.1        3.6        2.7        0.0        6.2       59.8 
040803  165458  47  44.5840 N  60  57.7640 W   1.9        3.6        2.7        0.0        6.2       59.8 
040803  165500  47  44.5830 N  60  57.7640 W   2.2        3.6        2.7        0.0        6.8       59.8 
040803  165502  47  44.5820 N  60  57.7640 W   1.3        3.6        2.7        0.0        6.8       59.8 
040803  165504  47  44.5800 N  60  57.7650 W   2.7        3.6        2.7        0.0        6.8       59.8 
040803  165506  47  44.5790 N  60  57.7650 W   1.4        3.6        2.7        0.0        6.8       58.5 
040803  165508  47  44.5780 N  60  57.7650 W   2.3        3.6        2.7        0.0        6.8       58.5 
040803  165510  47  44.5770 N  60  57.7650 W   1.8        3.6        2.7        0.0        7.4       62.0 
040803  165512  47  44.5760 N  60  57.7650 W   1.6        3.6       10.9        0.0        7.4       62.0 
040803  165514  47  44.5750 N  60  57.7650 W   1.9        3.6       10.9        0.0        7.4       62.0 
040803  165516  47  44.5740 N  60  57.7650 W   1.4        3.6       10.9        0.0        7.1       52.3 
040803  165518  47  44.5730 N  60  57.7640 W   2.1        3.6       10.9        0.0        7.1       52.3 
040803  165520  47  44.5720 N  60  57.7640 W   1.7        3.6       10.9        0.0        7.6       52.3 
040803  165522  47  44.5710 N  60  57.7640 W   1.7        3.6       10.9        0.0        7.6       61.6 
040803  165524  47  44.5700 N  60  57.7640 W   2.3        3.6       10.9        0.0        7.6       61.6 
040803  165526  47  44.5680 N  60  57.7640 W   1.1        3.6       10.9        0.0        8.0       61.6 
040803  165528  47  44.5680 N  60  57.7640 W   2.4        3.6       10.9        0.0        8.0       61.6 
040803  165530  47  44.5670 N  60  57.7640 W   1.5        3.6       10.9        0.0        8.1       61.6 
040803  165532  47  44.5660 N  60  57.7640 W   1.2        3.6       10.9        0.0        8.1       61.6 
040803  165534  47  44.5650 N  60  57.7640 W   2.1        3.6       10.9        0.0        8.1       61.6 
040803  165536  47  44.5640 N  60  57.7640 W   1.3        3.6       10.9        0.0        8.1       61.6 
040803  165538  47  44.5630 N  60  57.7630 W   2.4        3.6       10.9        0.0        8.1       58.5 
040803  165540  47  44.5620 N  60  57.7630 W   0.9        3.6       10.9        0.0        8.1       58.5 
040803  165542  47  44.5620 N  60  57.7630 W   2.6        3.6       10.9        0.0       10.9       58.5 
040803  165544  47  44.5600 N  60  57.7630 W   0.6        3.6       10.9        0.0       10.9       58.5 
040803  165546  47  44.5600 N  60  57.7620 W   2.8        3.6       10.9        0.0        5.8       58.5 
040803  165548  47  44.5590 N  60  57.7620 W   1.0        3.6       10.9        0.0        5.8       58.5 
040803  165550  47  44.5580 N  60  57.7620 W   2.4        3.6       10.9        0.0        5.8       58.5 
040803  165552  47  44.5570 N  60  57.7610 W   1.7        3.6       10.9        0.0        9.2       58.5 
040803  165554  47  44.5560 N  60  57.7610 W   1.3        3.6       10.9        0.0        9.2       42.2 
040803  165556  47  44.5550 N  60  57.7610 W   2.6        3.6       10.9        0.0        9.2       42.2 
040803  165558  47  44.5540 N  60  57.7600 W   1.3        3.6       10.9        0.0        6.9       58.5 
040803  165600  47  44.5530 N  60  57.7600 W   2.3        3.6       10.9        0.0        6.9       58.5 
040803  165602  47  44.5520 N  60  57.7590 W   1.8        3.6       10.9        0.0       10.9       58.5 
040803  165604  47  44.5500 N  60  57.7590 W   2.1        3.6       10.9        0.0       10.9       56.3 
040803  165606  47  44.5490 N  60  57.7580 W   2.3        3.6       10.9        0.0       10.9       56.3 
040803  165608  47  44.5480 N  60  57.7580 W   1.3        3.6       10.9        0.0        8.0       56.3 
040803  165610  47  44.5470 N  60  57.7580 W   2.7        3.6       10.9        0.0        8.0       91.9 
040803  165612  47  44.5460 N  60  57.7570 W   2.1        3.6       10.9        0.0        8.0       91.9 
040803  165614  47  44.5440 N  60  57.7560 W   2.2        3.6       10.9        0.0        6.2       25.1 
040803  165616  47  44.5430 N  60  57.7560 W   2.6        3.6       10.9        0.0        6.2       25.1 
040803  165618  47  44.5420 N  60  57.7560 W   1.8        3.6       10.9        0.0        8.2       25.1 
040803  165620  47  44.5400 N  60  57.7560 W   2.9        3.6       10.9        0.0        8.2       57.2 
040803  165622  47  44.5390 N  60  57.7560 W   1.9        3.6       10.9        0.0        8.2       57.2 
040803  165624  47  44.5370 N  60  57.7560 W   2.5        3.6       10.9        0.0        7.6       57.2 
040803  165626  47  44.5360 N  60  57.7560 W   2.3        2.5       10.9        0.0        7.6       62.0 
040803  165628  47  44.5350 N  60  57.7550 W   3.0        2.5       10.9        0.0        8.3       62.0 
040803  165630  47  44.5340 N  60  57.7550 W   1.6        2.5       10.9        0.0        8.3       55.9 
040803  165632  47  44.5320 N  60  57.7550 W   2.8        2.5       10.9        0.0        8.3       55.9 
040803  165634  47  44.5310 N  60  57.7550 W   1.8        2.5       10.9        0.0        8.1       55.9 
040803  165636  47  44.5290 N  60  57.7550 W   1.9        2.5       10.9        0.0        8.1       61.6 
040803  165638  47  44.5290 N  60  57.7550 W   2.4        2.5       10.9        0.0        8.1       61.6 
040803  165640  47  44.5270 N  60  57.7550 W   1.8        2.5       10.9        0.0        8.0       61.6 
040803  165642  47  44.5260 N  60  57.7550 W   2.0        2.5       10.9        0.0        8.0       60.7 
040803  165644  47  44.5250 N  60  57.7550 W   2.3        2.5       10.9        0.0        7.9       60.7 
040803  165646  47  44.5240 N  60  57.7550 W   1.8        2.5       10.9        0.0        7.9       55.9 
040803  165648  47  44.5220 N  60  57.7550 W   2.3        2.5       10.9        0.0        7.9       55.9 
040803  165650  47  44.5210 N  60  57.7550 W   1.7        2.5       10.9        0.0        8.0       55.9 
040803  165652  47  44.5200 N  60  57.7550 W   2.0        2.5       10.9        0.0        8.0       58.9 
040803  165654  47  44.5190 N  60  57.7550 W   2.1        2.5       10.9        0.0        8.0       58.9 
040803  165656  47  44.5180 N  60  57.7550 W   2.6        2.5       10.9        0.0        7.8       58.9 
040803  165658  47  44.5170 N  60  57.7540 W   0.5        2.5       10.9        0.0        7.8       56.3 
040803  165700  47  44.5160 N  60  57.7540 W   3.0        2.5       10.9        0.0        8.6       56.3 
040803  165702  47  44.5150 N  60  57.7540 W   0.7        2.5       10.9        0.0        8.6       59.8 
040803  165704  47  44.5140 N  60  57.7540 W   2.0        2.5       10.9        0.0        8.6       59.8 
040803  165706  47  44.5130 N  60  57.7540 W   1.3        2.5       10.9        0.0        8.3       59.8 
040803  165708  47  44.5120 N  60  57.7540 W   1.7        2.5       10.9        0.0        8.3       58.5 
040803  165710  47  44.5110 N  60  57.7530 W   2.1        2.5       10.9        0.0        8.3       58.5 
040803  165712  47  44.5110 N  60  57.7530 W   1.5        2.5       10.9        0.0        8.3       58.5 
040803  165714  47  44.5090 N  60  57.7530 W   2.0        2.5       10.9        0.0        8.3       58.5 
040803  165716  47  44.5080 N  60  57.7530 W   1.8        2.5       10.9        0.0        8.6       58.5 
040803  165718  47  44.5070 N  60  57.7530 W   2.1        2.5       10.9        0.0        8.6       58.5 
040803  165720  47  44.5060 N  60  57.7520 W   1.7        2.5       10.9        0.0        8.6       58.5 
040803  165722  47  44.5050 N  60  57.7520 W   1.9        2.5       10.9        0.0        8.6       58.5 
040803  165724  47  44.5040 N  60  57.7520 W   2.7        2.5       10.9        0.0        8.6       55.9 
040803  165726  47  44.5030 N  60  57.7520 W   1.4        2.5       10.9        0.0        8.5       55.9 
040803  165728  47  44.5020 N  60  57.7520 W   2.5        2.5       10.9        0.0        8.5       60.3 
040803  165730  47  44.5010 N  60  57.7510 W   1.7        2.5       10.9        0.0        8.5       60.3 
040803  165732  47  44.4990 N  60  57.7510 W   2.1        2.5       10.9        0.0        7.6       60.3 
040803  165734  47  44.4980 N  60  57.7510 W   2.2        2.5       10.9        0.0        7.6       58.1 
040803  165736  47  44.4970 N  60  57.7520 W   2.1        2.5       10.9        0.0        7.6       58.1 
040803  165738  47  44.4950 N  60  57.7510 W   2.1        2.5       10.9        0.0        8.6       58.1 
040803  165740  47  44.4940 N  60  57.7510 W   2.5        2.5       10.9        0.0        8.6       58.1 
040803  165742  47  44.4930 N  60  57.7510 W   1.9        2.5       10.9        0.0        7.8       58.1 
040803  165744  47  44.4920 N  60  57.7510 W   2.3        2.5       10.9        0.0        7.8       58.5 
040803  165746  47  44.4910 N  60  57.7510 W   2.6        2.5       10.9        0.0        7.8       58.5 
040803  165748  47  44.4900 N  60  57.7510 W   1.5        2.5       10.9        0.0        8.2       58.5 
040803  165750  47  44.4880 N  60  57.7510 W   2.9        2.5       10.9        0.0        8.2       58.9 
040803  165752  47  44.4870 N  60  57.7520 W   1.4        2.5       10.9        0.0        8.2       58.9 
040803  165754  47  44.4860 N  60  57.7510 W   1.6        2.5       10.9        0.0        7.7       58.9 
040803  165756  47  44.4850 N  60  57.7520 W   2.5        2.5       10.9        0.0        7.7       57.6 
040803  165758  47  44.4840 N  60  57.7510 W   1.4        2.5       10.9        0.0        8.4       57.6 
040803  165800  47  44.4830 N  60  57.7510 W   2.6        2.5       10.9        0.0        8.4       57.6 
040803  165802  47  44.4820 N  60  57.7520 W   1.3        2.5       10.9        0.0        8.4       57.6 
040803  165804  47  44.4810 N  60  57.7510 W   2.7        2.5       10.9        0.0       11.9       57.6 
040803  165806  47  44.4790 N  60  57.7510 W   0.9        2.5       10.9        0.0       11.9       57.2 
040803  165808  47  44.4790 N  60  57.7520 W   2.4        2.5       10.9        0.0        4.4       57.2 
040803  165810  47  44.4780 N  60  57.7520 W   1.7        2.5       10.9        0.0        4.4       57.2 
040803  165812  47  44.4760 N  60  57.7520 W   1.9        2.5       10.9        0.0        4.4       59.4 
040803  165814  47  44.4750 N  60  57.7520 W   1.9        2.5       10.9        0.0        8.3       59.4 
040803  165816  47  44.4740 N  60  57.7520 W   2.0        2.5       10.9        0.0        8.3       57.6 
040803  165818  47  44.4730 N  60  57.7520 W   1.6        2.5       10.9        0.0        8.3       57.6 
040803  165820  47  44.4720 N  60  57.7520 W   2.0        2.5       10.9        0.0        8.5       57.6 
040803  165822  47  44.4710 N  60  57.7520 W   2.4        2.5       10.9        0.0        8.5       60.3 
040803  165824  47  44.4690 N  60  57.7520 W   1.4        2.5       10.9        0.0        8.6       60.3 
040803  165826  47  44.4690 N  60  57.7520 W   2.4        2.5       10.9        0.0        8.6       60.3 
040803  165828  47  44.4680 N  60  57.7520 W   1.6        2.5       10.9        0.0        8.6       56.7 
040803  165830  47  44.4670 N  60  57.7520 W   2.3        2.5       10.9        0.0        8.3       56.7 
040803  165832  47  44.4650 N  60  57.7520 W   1.7        2.5       10.9        0.0        8.3       57.2 
040803  165834  47  44.4640 N  60  57.7530 W   2.2        2.5       10.9        0.0        8.3       57.2 
040803  165836  47  44.4630 N  60  57.7530 W   2.6        2.5       10.9        0.0        8.5       57.2 
040803  165838  47  44.4620 N  60  57.7530 W   1.4        2.5       10.9        0.0        8.5       57.2 
040803  165840  47  44.4600 N  60  57.7530 W   2.8        2.5       10.9        0.0        8.3       57.2 
040803  165842  47  44.4590 N  60  57.7530 W   1.5        2.5       10.9        0.0        8.3       57.2 
040803  165844  47  44.4580 N  60  57.7530 W   2.1        2.5       10.9        0.0        8.3       59.8 
040803  165846  47  44.4570 N  60  57.7530 W   1.9        2.5       10.9        0.0        8.3       59.8 
040803  165848  47  44.4560 N  60  57.7530 W   2.5        2.5       11.8        0.0        8.3       57.6 
040803  165850  47  44.4550 N  60  57.7530 W   1.8        2.5       11.8        0.0        8.3       57.6 
040803  165852  47  44.4530 N  60  57.7540 W   2.3        2.5       11.8        0.0        8.4       57.6 
040803  165854  47  44.4520 N  60  57.7540 W   2.0        2.5       11.8        0.0        8.4       58.1 
040803  165856  47  44.4510 N  60  57.7540 W   2.0        2.5       11.8        0.0        8.1       58.1 
040803  165858  47  44.4500 N  60  57.7540 W   2.2        2.5       11.8        0.0        8.1       58.1 
040803  165900  47  44.4480 N  60  57.7540 W   1.8        2.5       11.8        0.0        8.1       57.6 
040803  165902  47  44.4470 N  60  57.7540 W   2.7        2.5       11.8        0.0        8.5       57.6 
040803  165904  47  44.4460 N  60  57.7540 W   1.6        2.5       11.8        0.0        8.5       58.1 
040803  165906  47  44.4450 N  60  57.7550 W   2.6        2.5       11.8        0.0        8.5       58.1 
040803  165908  47  44.4440 N  60  57.7540 W   1.7        2.5       11.8        0.0        8.2       58.1 
040803  165910  47  44.4430 N  60  57.7540 W   2.2        2.5       11.8        0.0        8.2       57.2 
040803  165912  47  44.4420 N  60  57.7540 W   2.2        2.5       11.8        0.0        8.8       57.2 
040803  165914  47  44.4400 N  60  57.7550 W   2.0        2.5       11.8        0.0        8.8       57.2 
040803  165916  47  44.4390 N  60  57.7550 W   2.4        2.5       11.8        0.0        8.8       58.1 
040803  165918  47  44.4380 N  60  57.7560 W   1.7        2.5       11.8        0.0        8.3       58.1 
040803  165920  47  44.4370 N  60  57.7560 W   2.3        2.5       11.8        0.0        8.3       60.3 
040803  165922  47  44.4360 N  60  57.7560 W   2.1        2.5       11.8        0.0        8.3       60.3 
040803  165924  47  44.4340 N  60  57.7560 W   2.1        2.5       11.8        0.0        8.3       60.3 
040803  165926  47  44.4330 N  60  57.7560 W   2.5        2.5       11.8        0.0        8.3       56.3 
040803  165928  47  44.4320 N  60  57.7560 W   1.9        2.5       11.8        0.0        8.5       56.3 
040803  165930  47  44.4310 N  60  57.7570 W   2.5        2.5       11.8        0.0        8.5       56.3 
040803  165932  47  44.4290 N  60  57.7570 W   2.0        2.5       11.8        0.0        8.5       54.5 
040803  165934  47  44.4280 N  60  57.7570 W   1.8        2.5       11.8        0.0        8.3       54.5 
040803  165936  47  44.4270 N  60  57.7570 W   2.6        2.5       11.8        0.0        8.3       60.3 
040803  165938  47  44.4260 N  60  57.7570 W   1.7        2.5       11.8        0.0        8.2       60.3 
040803  165940  47  44.4250 N  60  57.7580 W   2.6        2.5       11.8        0.0        8.2       60.3 
040803  165942  47  44.4240 N  60  57.7580 W   1.7        2.5       11.8        0.0        8.2       58.5 
040803  165944  47  44.4230 N  60  57.7590 W   2.5        2.5       11.8        0.0        7.7       58.5 
040803  165946  47  44.4210 N  60  57.7590 W   1.9        2.5       11.8        0.0        7.7       58.5 
040803  165948  47  44.4200 N  60  57.7590 W   2.5        2.5       11.8        0.0        7.7       56.3 
040803  165950  47  44.4190 N  60  57.7590 W   2.0        2.5       11.8        0.0        9.4       56.3 
040803  165952  47  44.4180 N  60  57.7600 W   1.5        2.5       11.8        0.0        9.4       59.4 
040803  165954  47  44.4170 N  60  57.7600 W   2.8        2.5       11.8        0.0        7.8       59.4 
040803  165956  47  44.4150 N  60  57.7600 W   0.9        2.5       11.8        0.0        7.8       59.4 
040803  165958  47  44.4150 N  60  57.7600 W   2.9        2.5       11.8        0.0        7.8       56.3 
040803  170000  47  44.4130 N  60  57.7610 W   0.9        2.5       11.8        0.0        8.3       56.3 
040803  170003  47  44.4120 N  60  57.7610 W   1.1        2.5       11.8        0.0        8.3       56.3 
040803  170004  47  44.4120 N  60  57.7610 W   1.7        2.5       11.8        0.0        8.3       58.1 
040803  170006  47  44.4100 N  60  57.7610 W   1.6        2.5       11.8        0.0        8.5       58.1 
040803  170008  47  44.4090 N  60  57.7620 W   2.0        2.5       11.8        0.0        8.5       56.7 
040803  170010  47  44.4080 N  60  57.7620 W   2.0        2.5       11.8        0.0        8.0       56.7 
040803  170012  47  44.4070 N  60  57.7620 W   1.8        2.5       11.8        0.0        8.0       56.7 
040803  170014  47  44.4060 N  60  57.7620 W   1.5        2.5       11.8        0.0        8.0       57.6 
040803  170016  47  44.4060 N  60  57.7630 W   1.4        2.5       11.8        0.0       19.1       57.6 
040803  170018  47  44.4050 N  60  57.7630 W   0.8        2.5       11.8        0.0       19.1       57.6 
040803  170020  47  44.4050 N  60  57.7630 W   0.6        2.5       11.8        0.0       19.1      111.3 
040803  170022  47  44.4040 N  60  57.7630 W   0.4        2.5       11.8        0.0       18.2      111.3 
040803  170024  47  44.4040 N  60  57.7630 W   0.3        2.5       11.8        0.0       18.2       33.4 
040803  170026  47  44.4050 N  60  57.7630 W   0.2        2.5       11.8        0.0        1.0       33.4 
040803  170028  47  44.4050 N  60  57.7630 W   0.8        2.5       11.8        0.0        1.0       33.4 
040803  170030  47  44.4050 N  60  57.7630 W   0.1        2.5       11.8        0.0        1.0       33.4 
040803  170032  47  44.4050 N  60  57.7630 W   1.4        2.5       11.8        0.0        1.0       33.4 
040803  170034  47  44.4060 N  60  57.7630 W   0.4        2.5       11.8        0.0        1.0       33.4 
040803  170036  47  44.4070 N  60  57.7630 W   1.5        2.5        9.2        0.0        8.9       33.4 
040803  170038  47  44.4080 N  60  57.7630 W   0.9        2.5        9.2        0.0        8.9       33.4 
040803  170040  47  44.4080 N  60  57.7620 W   1.3        2.5        9.2        0.0        8.9       33.4 
040803  170042  47  44.4090 N  60  57.7620 W   1.3        2.5        9.2        0.0       11.2       33.4 
040803  170044  47  44.4100 N  60  57.7620 W   1.3        2.5        9.2        0.0       11.2       33.4 
040803  170046  47  44.4110 N  60  57.7620 W   1.6        2.5        9.2        0.0       11.2       44.0 
040803  170048  47  44.4120 N  60  57.7620 W   1.4        2.5       10.4        0.0        4.5       44.0 
040803  170050  47  44.4120 N  60  57.7620 W   1.9        2.5       10.4        0.0        4.5       44.0 
040803  170052  47  44.4130 N  60  57.7620 W   1.4        2.5       10.4        0.0        8.1       99.4 
040803  170054  47  44.4140 N  60  57.7630 W   1.9        2.5       10.4        0.0        8.1       99.4 
040803  170056  47  44.4150 N  60  57.7630 W   1.4        2.5       10.4        0.0        8.1       99.4 
040803  170058  47  44.4160 N  60  57.7630 W   1.9        2.5       10.4        0.0        8.0       99.4 
040803  170100  47  44.4170 N  60  57.7630 W   1.7        2.5       11.4        0.0        8.0       99.4 
040803  170102  47  44.4180 N  60  57.7630 W   1.5        2.5       11.4        0.0        8.0      168.0 
040803  170104  47  44.4200 N  60  57.7640 W   2.3        2.5       11.4        0.0        8.0      168.0 
040803  170106  47  44.4210 N  60  57.7640 W   1.3        2.5       11.4        0.0        8.0      168.0 
040803  170108  47  44.4210 N  60  57.7640 W   1.5        2.5       11.4        0.0        8.0        3.1 
040803  170110  47  44.4220 N  60  57.7630 W   1.4        2.5       11.4        0.0        8.0        3.1 
040803  170112  47  44.4220 N  60  57.7630 W   0.7        2.5       11.4        0.0        8.0        2.2 
040803  170114  47  44.4230 N  60  57.7630 W   1.7        2.5       11.4        0.0       17.6        2.2 
040803  170116  47  44.4230 N  60  57.7630 W   0.4        2.5       11.4        0.0       17.6        2.2 
040803  170118  47  44.4230 N  60  57.7630 W   1.5        2.5       11.4        0.0       17.6       40.0 
040803  170120  47  44.4240 N  60  57.7630 W   0.4        2.5       11.4        0.0       17.6       40.0 
040803  170122  47  44.4240 N  60  57.7630 W   1.1        2.5       11.4        0.0       17.6       92.8 
040803  170124  47  44.4250 N  60  57.7620 W   0.7        2.5       11.4        0.0       17.6       92.8 
040803  170126  47  44.4240 N  60  57.7620 W   0.8        2.5       11.4        0.0       17.6       92.8 
040803  170128  47  44.4250 N  60  57.7620 W   0.2        2.5       11.4        0.0       17.6       16.7 
040803  170130  47  44.4250 N  60  57.7610 W   0.8        2.5        2.5        0.0        7.7       16.7 
040803  170132  47  44.4250 N  60  57.7620 W   0.3        2.5        2.5        0.0        7.7       16.7 
040803  170134  47  44.4260 N  60  57.7620 W   0.9        2.5        2.5        0.0        7.7       48.8 
040803  170136  47  44.4260 N  60  57.7610 W   0.5        2.2        2.5        0.0        7.7       48.8 
040803  170138  47  44.4260 N  60  57.7610 W   1.0        2.2        2.5        0.0        7.7       48.8 
040803  170140  47  44.4260 N  60  57.7600 W   0.7        2.2        2.5        0.0        7.7      106.4 
040803  170142  47  44.4260 N  60  57.7610 W   1.3        2.2        2.5        0.0        7.7      106.4 
040803  170144  47  44.4260 N  60  57.7600 W   0.8        2.2        2.5        0.0        7.7       13.6 
040803  170146  47  44.4270 N  60  57.7600 W   1.4        2.2        2.5        0.0        7.7       13.6 
040803  170148  47  44.4270 N  60  57.7590 W   0.5        2.2        2.5        0.0        7.7       13.6 
040803  170150  47  44.4270 N  60  57.7590 W   1.1        2.2        2.5        0.0        7.7       80.1 
040803  170152  47  44.4270 N  60  57.7590 W   0.3        2.2        2.5        0.0        7.7       80.1 
040803  170154  47  44.4270 N  60  57.7590 W   0.5        2.2        2.5        0.0        7.7       80.1 
040803  170156  47  44.4270 N  60  57.7590 W   0.7        2.2        2.3        0.0        7.7       80.1 
040803  170158  47  44.4280 N  60  57.7590 W   0.2        2.2        2.3        0.0        7.7       80.1 
040803  170200  47  44.4280 N  60  57.7590 W   1.3        2.2        2.3        0.0        7.7       80.1 
040803  170202  47  44.4280 N  60  57.7580 W   0.7        5.6        2.3        0.0        7.7       80.1 
040803  170204  47  44.4280 N  60  57.7580 W   1.6        5.6        2.3        0.0        7.7       80.1 
040803  170206  47  44.4290 N  60  57.7580 W   0.8        5.6        2.3        0.0        7.7       80.1 
040803  170208  47  44.4290 N  60  57.7580 W   1.7        5.6        3.2        0.0        7.7       80.1 
040803  170210  47  44.4300 N  60  57.7580 W   0.7        5.6        3.2        0.0        7.7       80.1 
040803  170212  47  44.4290 N  60  57.7570 W   1.4        5.6        3.2        0.0        1.0       80.1 
040803  170214  47  44.4300 N  60  57.7570 W   0.6        5.6        3.2        0.0        1.0       80.1 
040803  170216  47  44.4300 N  60  57.7570 W   1.1        2.5        3.2        0.0        4.1       80.1 
040803  170218  47  44.4310 N  60  57.7570 W   0.6        2.5        3.2        0.0        4.1       80.1 
040803  170220  47  44.4300 N  60  57.7570 W   0.6        2.5        3.2        0.0        4.1       80.1 
040803  170222  47  44.4310 N  60  57.7560 W   0.8        2.5        2.4        0.0        4.1       64.2 
040803  170224  47  44.4300 N  60  57.7560 W   0.7        2.5        2.4        0.0        4.1       64.2 
040803  170227  47  44.4300 N  60  57.7550 W   1.2        2.5        2.4        0.0        4.1       13.2 
040803  170229  47  44.4300 N  60  57.7550 W   0.8        2.2        2.4        0.0        4.1       13.2 
040803  170230  47  44.4300 N  60  57.7550 W   1.3        2.2        2.4        0.0        4.1       13.2 
040803  170233  47  44.4300 N  60  57.7540 W   0.8        2.2        2.4        0.0        4.1       37.4 
040803  170235  47  44.4290 N  60  57.7530 W   1.2        2.2        2.5        0.0        4.1       37.4 
040803  170236  47  44.4290 N  60  57.7530 W   0.3        2.2        2.5        0.0        4.1       37.4 
040803  170239  47  44.4280 N  60  57.7530 W   1.3        2.2        2.5        0.0        3.9       39.1 
040803  170241  47  44.4280 N  60  57.7520 W   1.5        2.2        2.5        0.0        3.9       39.1 
040803  170243  47  44.4270 N  60  57.7510 W   1.5        7.0        2.5        0.0        3.7       36.9 
040803  170245  47  44.4260 N  60  57.7510 W   1.7        7.0        2.5        0.0        3.7       36.9 
040803  170247  47  44.4250 N  60  57.7500 W   2.3        7.0        2.5        0.0        3.7       36.9 
040803  170249  47  44.4240 N  60  57.7490 W   1.6        7.0        2.3        0.0        3.9       35.6 
040803  170251  47  44.4230 N  60  57.7480 W   2.9        7.0        2.3        0.0        3.9       35.6 
040803  170253  47  44.4220 N  60  57.7490 W   2.1        7.0        2.3        0.0        3.9       38.7 
040803  170255  47  44.4200 N  60  57.7480 W   2.6        3.5        2.3        0.0        3.6       38.7 
040803  170257  47  44.4190 N  60  57.7480 W   3.2        3.5        2.3        0.0        3.6       38.7 
040803  170259  47  44.4170 N  60  57.7480 W   2.0        3.5        2.3        0.0        3.6       40.9 
040803  170301  47  44.4150 N  60  57.7470 W   3.4        3.5        2.7        0.0        3.6       40.9 
