FileName: C:\NETMIN~1\GP205.TXT
Local Time: Fri Aug 27 10:01:00 2004

Ship: Marco Michel Trip: 07 Tow: gp205
Comments: zone  12
 Date    Time     Latitude       Longitude    Speed    Primary  Secondary DoorSpread WingSpread      Depth 
040827  130103  47  47.5230 N  62  25.6610 W   6.2        3.3        4.0        4.4        0.0        7.5 
040827  130105  47  47.5240 N  62  25.6670 W   7.5        3.3        4.0        4.4        0.0        7.5 
040827  130107  47  47.5250 N  62  25.6730 W   6.5        3.3        4.0        4.4        0.0        7.5 
040827  130109  47  47.5250 N  62  25.6780 W   7.6        3.3        4.0        4.3        0.0        7.5 
040827  130111  47  47.5250 N  62  25.6840 W   6.7        3.3        4.0        4.3        0.0        7.5 
040827  130113  47  47.5260 N  62  25.6900 W   7.5        3.3        4.0        2.3        0.0        7.5 
040827  130115  47  47.5270 N  62  25.6960 W   6.7        3.3        4.0        2.3        0.0        7.5 
040827  130117  47  47.5270 N  62  25.7020 W   7.9        3.3        4.0        2.3        0.0        7.5 
040827  130119  47  47.5280 N  62  25.7080 W   6.8        3.3        4.0        2.3        0.0        7.5 
040827  130121  47  47.5280 N  62  25.7140 W   7.8        3.3        4.0        2.3        0.0        7.5 
040827  130123  47  47.5280 N  62  25.7200 W   6.5        3.3        4.0        2.3        0.0        7.5 
040827  130125  47  47.5290 N  62  25.7260 W   7.7        3.3        4.0        2.3        0.0       11.4 
040827  130127  47  47.5290 N  62  25.7320 W   6.9        3.3        4.0        2.3        0.0       11.4 
040827  130129  47  47.5290 N  62  25.7380 W   7.7        3.3        4.0        4.7        0.0       11.4 
040827  130131  47  47.5300 N  62  25.7440 W   6.9        3.3        4.0        4.7        0.0       11.4 
040827  130133  47  47.5300 N  62  25.7500 W   7.8        3.3        4.0        4.7        0.0       11.4 
040827  130135  47  47.5300 N  62  25.7560 W   6.8        3.3        4.0        4.7        0.0       11.4 
040827  130137  47  47.5310 N  62  25.7620 W   7.5        3.3        4.0        4.7        0.0       11.4 
040827  130139  47  47.5320 N  62  25.7680 W   7.6        3.3        4.0        4.7        0.0       11.4 
040827  130141  47  47.5330 N  62  25.7740 W   6.9        3.3        4.0        4.7        0.0       11.4 
040827  130143  47  47.5340 N  62  25.7800 W   8.0        3.3        4.0        4.7        0.0       11.4 
040827  130145  47  47.5350 N  62  25.7860 W   7.1        3.3        4.0        4.7        0.0       11.4 
040827  130147  47  47.5360 N  62  25.7920 W   7.3        3.3        4.0        4.7        0.0       11.4 
040827  130149  47  47.5370 N  62  25.7980 W   7.8        3.3        4.0        4.7        0.0       11.4 
040827  130151  47  47.5380 N  62  25.8040 W   7.1        3.3        4.0        4.7        0.0       11.4 
040827  130153  47  47.5390 N  62  25.8100 W   8.0        3.3        4.0        4.7        0.0       11.4 
040827  130155  47  47.5400 N  62  25.8160 W   7.2        3.3        4.0        4.7        0.0       11.4 
040827  130157  47  47.5420 N  62  25.8220 W   7.3        3.3        4.0        4.7        0.0       11.4 
040827  130159  47  47.5430 N  62  25.8270 W   8.1        3.3        4.0        4.7        0.0       11.4 
040827  130201  47  47.5440 N  62  25.8340 W   7.5        3.3        4.0        4.7        0.0       11.4 
040827  130203  47  47.5460 N  62  25.8400 W   8.0        3.3        4.0        4.7        0.0       11.4 
040827  130205  47  47.5480 N  62  25.8450 W   7.6        3.3        4.0        4.7        0.0       11.4 
040827  130207  47  47.5490 N  62  25.8520 W   7.5        3.3        4.0        4.7        0.0       11.4 
040827  130209  47  47.5510 N  62  25.8570 W   8.0        3.3        4.0        4.7        0.0       11.4 
040827  130211  47  47.5520 N  62  25.8640 W   7.5        3.3        4.0        4.7        0.0       11.4 
040827  130213  47  47.5530 N  62  25.8710 W   7.9        3.3        4.0        4.7        0.0      613.6 
040827  130215  47  47.5540 N  62  25.8770 W   7.3        3.3        4.0        4.7        0.0      613.6 
040827  130217  47  47.5540 N  62  25.8830 W   8.2        3.3        4.0        4.7        0.0      613.6 
040827  130219  47  47.5550 N  62  25.8900 W   7.1        3.3        4.0        4.7        0.0      613.6 
040827  130221  47  47.5550 N  62  25.8950 W   7.8        3.3        4.0        4.7        0.0      613.6 
040827  130223  47  47.5560 N  62  25.9020 W   7.5        3.3        4.0        4.7        0.0      613.6 
040827  130225  47  47.5560 N  62  25.9080 W   7.9        3.3        4.0        4.7        0.0      613.6 
040827  130227  47  47.5560 N  62  25.9140 W   7.0        3.3        4.0        4.7        0.0      613.6 
040827  130229  47  47.5560 N  62  25.9200 W   7.6        3.3        4.0        4.7        0.0      613.6 
040827  130231  47  47.5560 N  62  25.9260 W   6.6        3.3        4.0        4.7        0.0      613.6 
040827  130233  47  47.5560 N  62  25.9310 W   6.0        3.3        4.0        4.7        0.0      613.6 
040827  130235  47  47.5570 N  62  25.9360 W   6.4        3.3        4.0        4.7        0.0       41.3 
040827  130237  47  47.5580 N  62  25.9410 W   5.8       12.8        4.0        5.9        0.0       41.3 
040827  130239  47  47.5580 N  62  25.9460 W   6.1       12.8        4.0        5.9        0.0       41.3 
040827  130241  47  47.5580 N  62  25.9510 W   5.4       12.8        4.0        5.9        0.0       43.5 
040827  130243  47  47.5590 N  62  25.9560 W   6.1       12.8        4.0        7.9        0.0       43.5 
040827  130245  47  47.5600 N  62  25.9600 W   5.6        2.1        4.0        7.9        0.0       43.1 
040827  130247  47  47.5610 N  62  25.9650 W   5.4        2.1        4.0        9.2        0.0       43.1 
040827  130249  47  47.5610 N  62  25.9690 W   5.9        2.1        4.0        9.2        0.0       43.1 
040827  130251  47  47.5620 N  62  25.9740 W   5.3        2.1        4.0        9.2        0.0       42.2 
040827  130253  47  47.5630 N  62  25.9790 W   5.5        2.1        4.0        8.6        0.0       42.2 
040827  130255  47  47.5640 N  62  25.9830 W   5.6        2.1        4.0        8.6        0.0       42.2 
040827  130257  47  47.5650 N  62  25.9870 W   5.0        2.1        4.0        8.6        0.0       41.8 
040827  130259  47  47.5660 N  62  25.9910 W   6.1        2.1        4.0        9.5        0.0       41.8 
040827  130301  47  47.5660 N  62  25.9950 W   4.4        2.1        4.0        9.5        0.0       47.1 
040827  130303  47  47.5670 N  62  25.9990 W   6.3        2.1        4.0        6.5        0.0       47.1 
040827  130305  47  47.5680 N  62  26.0030 W   4.7        2.1        4.0        6.5        0.0       47.1 
040827  130307  47  47.5690 N  62  26.0080 W   5.7        2.1        4.0        6.5        0.0       45.3 
040827  130309  47  47.5700 N  62  26.0120 W   5.1        2.1        4.0       10.6        0.0       45.3 
040827  130311  47  47.5700 N  62  26.0170 W   5.1        2.1        4.0       10.6        0.0       45.3 
040827  130313  47  47.5710 N  62  26.0210 W   5.6        2.1        4.0       10.6        0.0       45.3 
040827  130315  47  47.5710 N  62  26.0250 W   5.0        2.1        4.0        6.5        0.0       45.3 
040827  130317  47  47.5720 N  62  26.0300 W   5.7        2.1        4.0        6.5        0.0       40.0 
040827  130319  47  47.5720 N  62  26.0340 W   5.0        2.1        4.0        7.7        0.0       40.0 
040827  130321  47  47.5730 N  62  26.0380 W   5.7        2.1        4.0        7.7        0.0       40.0 
040827  130323  47  47.5730 N  62  26.0430 W   5.3        2.1        4.0        7.7        0.0       45.3 
040827  130325  47  47.5740 N  62  26.0470 W   5.2        2.1        4.0        7.5        0.0       45.3 
040827  130327  47  47.5740 N  62  26.0510 W   5.4        2.1        4.0        7.5        0.0       45.3 
040827  130329  47  47.5740 N  62  26.0550 W   4.9        2.1        4.0        6.9        0.0       40.0 
040827  130331  47  47.5750 N  62  26.0590 W   3.3        2.1        4.0        6.9        0.0       40.0 
040827  130333  47  47.5750 N  62  26.0620 W   4.3        2.1        4.0        6.9        0.0       40.0 
040827  130335  47  47.5750 N  62  26.0650 W   2.3        2.1        4.0        8.9        0.0       37.4 
040827  130337  47  47.5750 N  62  26.0670 W   3.4        2.1        4.0        8.9        0.0       37.4 
040827  130339  47  47.5760 N  62  26.0690 W   2.4        2.1        4.0        8.9        0.0       46.6 
040827  130341  47  47.5760 N  62  26.0710 W   2.7        2.1        4.0        7.8        0.0       46.6 
040827  130343  47  47.5760 N  62  26.0730 W   1.7        2.1        4.0        7.8        0.0       46.6 
040827  130345  47  47.5770 N  62  26.0750 W   2.6        2.1        4.0        7.7        0.0       46.6 
040827  130347  47  47.5770 N  62  26.0760 W   2.0        2.1        4.0        7.7        0.0       46.6 
040827  130349  47  47.5770 N  62  26.0780 W   1.8        2.1        4.0        7.7        0.0       46.6 
040827  130351  47  47.5780 N  62  26.0800 W   2.1        2.1        4.0        7.3        0.0       78.3 
040827  130353  47  47.5780 N  62  26.0810 W   1.8        2.1        4.0        7.3        0.0       78.3 
040827  130355  47  47.5790 N  62  26.0830 W   1.9        2.1        4.0        7.3        0.0       11.0 
040827  130357  47  47.5790 N  62  26.0840 W   1.8        2.1        4.0        5.3        0.0       11.0 
040827  130359  47  47.5790 N  62  26.0850 W   1.9        2.1        4.0        5.3        0.0       11.0 
040827  130401  47  47.5790 N  62  26.0870 W   1.8        2.1        4.0        5.9        0.0       58.5 
040827  130403  47  47.5790 N  62  26.0880 W   1.8        2.1        4.0        5.9        0.0       58.5 
040827  130405  47  47.5800 N  62  26.0900 W   2.0        2.1        4.0        5.9        0.0       58.5 
040827  130407  47  47.5800 N  62  26.0910 W   1.4        2.1        4.0        5.9        0.0       38.3 
040827  130409  47  47.5810 N  62  26.0920 W   2.0        2.1        4.0        5.9        0.0       38.3 
040827  130411  47  47.5810 N  62  26.0940 W   1.4        2.1       12.4        5.8        0.0       38.3 
040827  130413  47  47.5810 N  62  26.0950 W   1.6        2.1       12.4        5.8        0.0       38.3 
040827  130415  47  47.5810 N  62  26.0960 W   1.7        2.1       12.4        5.8        0.0       38.3 
040827  130417  47  47.5820 N  62  26.0980 W   2.0        2.1       12.4        5.2        0.0       38.3 
040827  130419  47  47.5820 N  62  26.0990 W   1.5        2.1       12.4        5.2        0.0       38.3 
040827  130421  47  47.5820 N  62  26.1010 W   1.8        2.1       12.4        5.2        0.0       38.3 
040827  130423  47  47.5820 N  62  26.1020 W   1.9        2.1       12.4        5.7        0.0       43.5 
040827  130425  47  47.5820 N  62  26.1040 W   1.6        2.1       12.4        5.7        0.0       43.5 
040827  130427  47  47.5820 N  62  26.1050 W   2.0        2.1       12.4        6.6        0.0       43.5 
040827  130429  47  47.5830 N  62  26.1070 W   1.8        2.1       12.4        6.6        0.0       57.6 
040827  130431  47  47.5830 N  62  26.1080 W   1.9        2.1       12.4        6.6        0.0       57.6 
040827  130433  47  47.5830 N  62  26.1100 W   2.1        2.1       12.4        4.4        0.0       64.2 
040827  130435  47  47.5830 N  62  26.1110 W   1.9        2.1       12.4        4.4        0.0       64.2 
040827  130437  47  47.5830 N  62  26.1130 W   2.3        2.1       12.4        4.4        0.0       64.2 
040827  130439  47  47.5830 N  62  26.1150 W   1.9        2.1       12.4        4.9        0.0       66.9 
040827  130441  47  47.5840 N  62  26.1160 W   2.4        2.1        3.5        4.9        0.0       66.9 
040827  130443  47  47.5840 N  62  26.1180 W   1.8        2.1        3.5        7.0        0.0       66.9 
040827  130445  47  47.5840 N  62  26.1200 W   2.1        2.1        3.5        7.0        0.0       65.5 
040827  130447  47  47.5840 N  62  26.1220 W   2.1        2.1        3.5        7.0        0.0       65.5 
040827  130449  47  47.5840 N  62  26.1240 W   2.0       13.2        3.5        7.1        0.0       72.6 
040827  130451  47  47.5840 N  62  26.1250 W   2.3       13.2        3.5        7.1        0.0       72.6 
040827  130453  47  47.5840 N  62  26.1270 W   1.8       13.2        3.5        5.3        0.0       72.6 
040827  130455  47  47.5840 N  62  26.1290 W   2.5       13.2        3.4        5.3        0.0       86.2 
040827  130457  47  47.5850 N  62  26.1300 W   1.9       13.2        3.4        5.3        0.0       86.2 
040827  130459  47  47.5850 N  62  26.1320 W   2.3       13.2        3.4        7.0        0.0       86.2 
040827  130501  47  47.5850 N  62  26.1340 W   1.6       13.2        3.4        7.0        0.0       57.6 
040827  130503  47  47.5850 N  62  26.1350 W   2.3        6.0        3.4        7.0        0.0       57.6 
040827  130505  47  47.5850 N  62  26.1370 W   1.8        6.0        3.4        7.4        0.0       57.6 
040827  130507  47  47.5850 N  62  26.1390 W   2.3        6.0        3.4        7.4        0.0       77.9 
040827  130509  47  47.5860 N  62  26.1410 W   1.9        6.0        3.4        7.2        0.0       77.9 
040827  130511  47  47.5860 N  62  26.1420 W   2.0        6.0        3.4        7.2        0.0       75.7 
040827  130513  47  47.5860 N  62  26.1440 W   2.3        6.0        3.4        7.2        0.0       75.7 
040827  130515  47  47.5860 N  62  26.1460 W   1.7        6.0       11.5        7.8        0.0       75.7 
040827  130517  47  47.5870 N  62  26.1470 W   2.4        6.0       11.5        7.8        0.0       77.0 
040827  130519  47  47.5870 N  62  26.1490 W   1.6        6.0       11.5        7.8        0.0       77.0 
040827  130521  47  47.5870 N  62  26.1510 W   2.7        6.0        2.4        8.4        0.0       77.0 
040827  130523  47  47.5870 N  62  26.1530 W   1.3        6.0        2.4        8.4        0.0       77.0 
040827  130525  47  47.5870 N  62  26.1540 W   2.6        6.0        2.4        9.5        0.0       77.0 
040827  130527  47  47.5880 N  62  26.1560 W   1.3        3.1        2.4        9.5        0.0       77.0 
040827  130529  47  47.5880 N  62  26.1570 W   2.3        3.1        2.4        9.5        0.0       76.1 
040827  130531  47  47.5880 N  62  26.1590 W   1.7        3.1        2.4        9.1        0.0       76.1 
040827  130533  47  47.5880 N  62  26.1600 W   2.1        3.1        2.4        9.1        0.0       79.6 
040827  130535  47  47.5890 N  62  26.1620 W   2.0        3.1        2.4        9.4        0.0       79.6 
040827  130537  47  47.5890 N  62  26.1630 W   1.7        3.1        2.4        9.4        0.0       79.6 
040827  130539  47  47.5890 N  62  26.1660 W   2.3        3.1        2.4        9.4        0.0       77.4 
040827  130541  47  47.5890 N  62  26.1670 W   1.6        3.1        2.4        8.6        0.0       77.4 
040827  130543  47  47.5890 N  62  26.1690 W   2.5        3.1        2.4        8.6        0.0       77.4 
040827  130545  47  47.5890 N  62  26.1700 W   1.5        3.1        2.4        8.6        0.0       77.4 
040827  130547  47  47.5900 N  62  26.1720 W   2.7        3.1        2.4        9.3        0.0       77.4 
040827  130549  47  47.5900 N  62  26.1730 W   1.6        3.1        2.4        9.3        0.0       77.4 
040827  130551  47  47.5900 N  62  26.1750 W   2.6        3.1        2.4        9.3        0.0       99.9 
040827  130553  47  47.5900 N  62  26.1770 W   1.7        3.1        2.4        8.9        0.0       99.9 
040827  130555  47  47.5900 N  62  26.1780 W   2.7        3.1        2.4        8.9        0.0       55.4 
040827  130557  47  47.5910 N  62  26.1810 W   1.7        3.1        2.4        9.3        0.0       55.4 
040827  130559  47  47.5910 N  62  26.1820 W   2.7        3.1        2.4        9.3        0.0       55.4 
040827  130601  47  47.5910 N  62  26.1840 W   1.9        3.1        2.4        9.3        0.0       77.9 
040827  130603  47  47.5910 N  62  26.1860 W   2.5        3.1        2.4        9.4        0.0       77.9 
040827  130605  47  47.5920 N  62  26.1880 W   2.5        3.1        2.4        9.4        0.0       77.9 
040827  130607  47  47.5920 N  62  26.1900 W   1.9        3.1        2.4        9.8        0.0       79.6 
040827  130609  47  47.5920 N  62  26.1920 W   2.6        3.1        2.4        9.8        0.0       79.6 
040827  130611  47  47.5920 N  62  26.1940 W   2.0        3.1        2.4        9.8        0.0       75.7 
040827  130613  47  47.5930 N  62  26.1950 W   2.6        3.1        2.4       10.1        0.0       75.7 
040827  130615  47  47.5920 N  62  26.1970 W   1.9        3.1        2.4       10.1        0.0       75.7 
040827  130617  47  47.5930 N  62  26.1990 W   2.5        3.1        2.4       10.1        0.0       77.4 
040827  130619  47  47.5930 N  62  26.2010 W   2.4        3.1        2.4        9.0        0.0       77.4 
040827  130621  47  47.5930 N  62  26.2030 W   2.2        3.1        2.4        9.0        0.0       77.4 
040827  130623  47  47.5940 N  62  26.2050 W   2.4        3.1        2.4       15.2        0.0       78.3 
040827  130625  47  47.5940 N  62  26.2070 W   2.3        3.1        2.4       15.2        0.0       78.3 
040827  130627  47  47.5940 N  62  26.2090 W   2.1        3.1        2.4       15.2        0.0       78.3 
040827  130629  47  47.5940 N  62  26.2110 W   2.2        3.1        2.4        4.4        0.0       76.1 
040827  130631  47  47.5940 N  62  26.2120 W   2.2        3.1        2.4        4.4        0.0       76.1 
040827  130633  47  47.5940 N  62  26.2150 W   1.9        3.1        2.4        4.4        0.0       78.3 
040827  130635  47  47.5950 N  62  26.2160 W   2.2        3.1        2.4        4.4        0.0       78.3 
040827  130637  47  47.5950 N  62  26.2180 W   1.8        3.1        2.4        4.4        0.0       78.3 
040827  130639  47  47.5950 N  62  26.2190 W   2.0        3.1        2.4        4.4        0.0       79.6 
040827  130641  47  47.5950 N  62  26.2210 W   1.9        3.1        2.4        4.4        0.0       79.6 
040827  130643  47  47.5960 N  62  26.2220 W   2.1        3.1        2.4        4.4        0.0       79.6 
040827  130645  47  47.5960 N  62  26.2240 W   2.1        3.1        2.4       12.6        0.0       76.5 
040827  130647  47  47.5970 N  62  26.2250 W   1.5        3.1        2.4       12.6        0.0       76.5 
040827  130649  47  47.5970 N  62  26.2260 W   2.5        3.1        2.4       10.5        0.0       76.5 
040827  130651  47  47.5970 N  62  26.2280 W   1.2        3.1        2.4       10.5        0.0       77.4 
040827  130653  47  47.5980 N  62  26.2290 W   2.5        3.1        2.4       10.5        0.0       77.4 
040827  130655  47  47.5980 N  62  26.2310 W   1.1        3.1        2.4       10.2        0.0       78.3 
040827  130657  47  47.5980 N  62  26.2320 W   2.4        3.1        2.4       10.2        0.0       78.3 
040827  130659  47  47.5990 N  62  26.2340 W   1.2        3.1        2.4       10.2        0.0       78.3 
040827  130701  47  47.5990 N  62  26.2350 W   2.1        3.1        2.4       10.3        0.0       77.0 
040827  130703  47  47.5990 N  62  26.2370 W   1.1        3.1        2.4       10.3        0.0       77.0 
040827  130705  47  47.5990 N  62  26.2380 W   2.1        3.1        2.4        9.5        0.0       77.0 
040827  130707  47  47.6000 N  62  26.2400 W   1.4        3.1        2.4        9.5        0.0       77.9 
040827  130709  47  47.6000 N  62  26.2410 W   1.9        3.1        2.4        9.5        0.0       77.9 
040827  130711  47  47.6000 N  62  26.2420 W   1.6        3.1        2.4       11.8        0.0       78.7 
040827  130713  47  47.6010 N  62  26.2430 W   2.3        3.1        2.4       11.8        0.0       78.7 
040827  130715  47  47.6010 N  62  26.2450 W   1.3        3.1        2.4       11.8        0.0       78.7 
040827  130717  47  47.6010 N  62  26.2460 W   2.5        3.1        2.4       11.6        0.0       77.9 
040827  130719  47  47.6020 N  62  26.2480 W   1.6        3.1        2.4       11.6        0.0       77.9 
040827  130721  47  47.6020 N  62  26.2500 W   2.3        3.1        2.4       14.3        0.0       77.9 
040827  130723  47  47.6020 N  62  26.2510 W   1.9        3.1        2.4       14.3        0.0       77.9 
040827  130725  47  47.6030 N  62  26.2530 W   2.4        3.1        2.4       14.3        0.0       77.9 
040827  130727  47  47.6030 N  62  26.2550 W   1.9        3.1        2.4       13.3        0.0       77.9 
040827  130729  47  47.6030 N  62  26.2570 W   2.5        3.1        2.4       13.3        0.0       77.9 
040827  130731  47  47.6040 N  62  26.2590 W   1.9        3.1        2.4       13.3        0.0       77.9 
040827  130733  47  47.6040 N  62  26.2610 W   2.6        3.1        2.4       13.3        0.0      529.2 
040827  130735  47  47.6040 N  62  26.2630 W   2.2        3.1        2.4       13.3        0.0      529.2 
040827  130737  47  47.6040 N  62  26.2640 W   2.8        3.1        2.4       13.3        0.0      529.2 
040827  130739  47  47.6050 N  62  26.2660 W   2.1        3.1        2.4       13.3        0.0      529.2 
040827  130741  47  47.6050 N  62  26.2680 W   2.4        3.1        2.4       13.3        0.0      101.6 
040827  130743  47  47.6050 N  62  26.2700 W   2.4        3.1        2.4       13.3        0.0      101.6 
040827  130745  47  47.6050 N  62  26.2710 W   2.1        3.1        2.4       13.3        0.0      101.6 
040827  130747  47  47.6060 N  62  26.2730 W   3.1        3.1        2.4        8.6        0.0      101.6 
040827  130749  47  47.6060 N  62  26.2750 W   1.6        3.1        2.4        8.6        0.0      101.6 
040827  130751  47  47.6070 N  62  26.2770 W   2.9        3.1        2.4        8.6        0.0      101.6 
040827  130753  47  47.6070 N  62  26.2790 W   1.7        3.1        2.4        8.6        0.0      101.6 
040827  130755  47  47.6070 N  62  26.2810 W   2.8        3.1        2.4        8.6        0.0       77.0 
040827  130757  47  47.6070 N  62  26.2830 W   1.9        3.1        2.4        9.8        0.0       77.0 
040827  130759  47  47.6080 N  62  26.2850 W   2.8        3.1        2.4        9.8        0.0       77.0 
040827  130801  47  47.6080 N  62  26.2870 W   1.8        3.1        2.4        9.8        0.0       78.7 
040827  130803  47  47.6080 N  62  26.2880 W   2.6        3.1       11.4        9.2        0.0       78.7 
040827  130805  47  47.6090 N  62  26.2900 W   2.0        3.1       11.4        9.2        0.0       78.7 
040827  130807  47  47.6090 N  62  26.2920 W   2.4        3.1       11.4        9.2        0.0       79.6 
040827  130809  47  47.6090 N  62  26.2940 W   1.9        3.1       11.4        9.2        0.0       79.6 
040827  130811  47  47.6090 N  62  26.2960 W   2.8        3.1       11.4        9.2        0.0       77.4 
040827  130813  47  47.6090 N  62  26.2970 W   1.5        3.1       11.4        9.2        0.0       77.4 
040827  130815  47  47.6100 N  62  26.2990 W   2.5        3.1       11.4        9.2        0.0       77.4 
040827  130817  47  47.6100 N  62  26.3010 W   1.4        3.1       11.4        9.2        0.0       77.0 
040827  130819  47  47.6100 N  62  26.3020 W   2.7        3.1       11.4       11.4        0.0       77.0 
040827  130821  47  47.6100 N  62  26.3040 W   1.7        3.1       11.4       11.4        0.0       77.0 
040827  130823  47  47.6100 N  62  26.3060 W   2.6        3.1       11.4       10.2        0.0       78.7 
040827  130825  47  47.6110 N  62  26.3080 W   1.7        3.1       11.4       10.2        0.0       78.7 
040827  130827  47  47.6110 N  62  26.3100 W   2.1        3.1       11.4       10.2        0.0       78.7 
040827  130829  47  47.6110 N  62  26.3110 W   2.0        3.1       11.4        9.9        0.0       76.5 
040827  130831  47  47.6110 N  62  26.3130 W   1.8        3.1       11.4        9.9        0.0       76.5 
040827  130833  47  47.6110 N  62  26.3150 W   2.4        3.1       11.4        9.9        0.0       79.2 
040827  130835  47  47.6120 N  62  26.3160 W   1.6        3.1       11.4        8.7        0.0       79.2 
040827  130837  47  47.6120 N  62  26.3180 W   2.3        3.1       11.4        8.7        0.0       79.2 
040827  130839  47  47.6120 N  62  26.3190 W   1.8        3.1       11.4        8.9        0.0       76.5 
040827  130841  47  47.6120 N  62  26.3210 W   1.9        3.1       11.4        8.9        0.0       76.5 
040827  130843  47  47.6120 N  62  26.3230 W   2.3        3.1       11.4        8.9        0.0       76.5 
040827  130845  47  47.6130 N  62  26.3250 W   1.4        3.1       11.4        9.3        0.0       75.7 
040827  130847  47  47.6130 N  62  26.3260 W   2.6        3.1       11.4        9.3        0.0       75.7 
040827  130849  47  47.6130 N  62  26.3280 W   1.5        3.1       11.4        9.3        0.0       75.7 
040827  130851  47  47.6130 N  62  26.3290 W   2.2        3.1       11.4        8.6        0.0       87.5 
040827  130853  47  47.6140 N  62  26.3310 W   1.7        3.1       11.4        8.6        0.0       87.5 
040827  130855  47  47.6140 N  62  26.3330 W   2.3        3.1       11.4        8.2        0.0       69.1 
040827  130857  47  47.6140 N  62  26.3340 W   1.9        3.1       11.4        8.2        0.0       69.1 
040827  130859  47  47.6140 N  62  26.3360 W   2.2        3.1       11.4        8.2        0.0       69.1 
040827  130901  47  47.6140 N  62  26.3380 W   1.8        3.1       11.4        8.4        0.0      101.2 
040827  130903  47  47.6150 N  62  26.3390 W   2.4        3.1       11.4        8.4        0.0      101.2 
040827  130905  47  47.6150 N  62  26.3410 W   1.5        3.1       11.4        8.4        0.0      101.2 
040827  130907  47  47.6150 N  62  26.3420 W   2.4        3.1       11.4        8.4        0.0       53.2 
040827  130909  47  47.6150 N  62  26.3450 W   1.7        3.1       11.4        8.4        0.0       53.2 
040827  130911  47  47.6150 N  62  26.3460 W   2.5        3.1       11.4        8.1        0.0       77.4 
040827  130913  47  47.6160 N  62  26.3480 W   1.8        3.1       11.4        8.1        0.0       77.4 
040827  130915  47  47.6160 N  62  26.3490 W   2.2        3.1       11.4        8.1        0.0       77.4 
040827  130917  47  47.6170 N  62  26.3510 W   1.6        3.1       11.4        8.3        0.0       76.5 
040827  130919  47  47.6170 N  62  26.3520 W   2.4        3.1       11.4        8.3        0.0       76.5 
040827  130921  47  47.6170 N  62  26.3540 W   1.7        3.1       11.4        8.3        0.0       76.5 
040827  130923  47  47.6180 N  62  26.3560 W   2.1        3.1       11.4        7.7        0.0       77.0 
040827  130925  47  47.6180 N  62  26.3570 W   2.2        3.1       11.4        7.7        0.0       77.0 
040827  130927  47  47.6180 N  62  26.3590 W   1.6        3.1       11.4        8.4        0.0       77.0 
040827  130929  47  47.6190 N  62  26.3600 W   2.3        3.1       11.4        8.4        0.0       77.0 
040827  130931  47  47.6190 N  62  26.3620 W   1.8        3.1       11.4        8.4        0.0       77.0 
040827  130933  47  47.6190 N  62  26.3630 W   2.1        3.1       11.4        8.2        0.0       79.2 
040827  130935  47  47.6200 N  62  26.3660 W   2.2        3.1       11.4        8.2        0.0       79.2 
040827  130937  47  47.6200 N  62  26.3670 W   2.0        3.1       11.4        8.0        0.0       79.2 
040827  130939  47  47.6210 N  62  26.3680 W   2.3        3.1       11.4        8.0        0.0       74.3 
040827  130941  47  47.6210 N  62  26.3700 W   1.8        3.1       11.4        8.0        0.0       74.3 
040827  130943  47  47.6220 N  62  26.3720 W   2.4        3.1       11.4        7.9        0.0       74.3 
040827  130945  47  47.6220 N  62  26.3730 W   1.5        3.1       11.4        7.9        0.0       78.7 
040827  130948  47  47.6230 N  62  26.3760 W   2.3        3.1       11.4        7.9        0.0       78.7 
040827  130949  47  47.6230 N  62  26.3760 W   1.2        3.1       11.4        7.5        0.0       78.7 
040827  130951  47  47.6230 N  62  26.3780 W   2.9        3.1       11.4        7.5        0.0       77.4 
040827  130953  47  47.6240 N  62  26.3800 W   1.3        3.1       11.4        8.2        0.0       77.4 
040827  130955  47  47.6240 N  62  26.3810 W   2.8        3.1       11.4        8.2        0.0       74.8 
040827  130957  47  47.6250 N  62  26.3830 W   1.7        3.1        2.3        8.2        0.0       74.8 
040827  130959  47  47.6250 N  62  26.3850 W   2.4        3.1        2.3        7.9        0.0       74.8 
040827  131001  47  47.6260 N  62  26.3860 W   2.0        3.1        2.3        7.9        0.0       77.4 
040827  131003  47  47.6260 N  62  26.3880 W   2.6        2.4        2.3        7.9        0.0       77.4 
040827  131005  47  47.6260 N  62  26.3890 W   1.6        2.4        2.3        7.9        0.0       77.4 
040827  131007  47  47.6270 N  62  26.3910 W   2.9        2.4        2.3        7.9        0.0       80.1 
040827  131009  47  47.6270 N  62  26.3930 W   1.5        2.4        2.2        8.3        0.0       80.1 
040827  131011  47  47.6280 N  62  26.3950 W   2.8        2.4        2.2        8.3        0.0       76.5 
040827  131013  47  47.6280 N  62  26.3970 W   1.4        2.4        2.2        8.3        0.0       76.5 
040827  131015  47  47.6280 N  62  26.3980 W   3.0        2.4        2.2        8.1        0.0       76.5 
040827  131017  47  47.6290 N  62  26.4000 W   1.2        2.6        2.2        8.1        0.0       77.4 
040827  131019  47  47.6290 N  62  26.4020 W   2.7        2.6        2.2        8.1        0.0       77.4 
040827  131021  47  47.6300 N  62  26.4030 W   1.0        2.6        2.2        7.9        0.0       77.4 
040827  131023  47  47.6300 N  62  26.4040 W   1.9        2.6        2.2        7.9        0.0      141.2 
040827  131025  47  47.6300 N  62  26.4050 W   0.5        2.6        2.2       12.7        0.0      141.2 
040827  131027  47  47.6300 N  62  26.4050 W   0.8        2.6        2.2       12.7        0.0      141.2 
040827  131029  47  47.6310 N  62  26.4060 W   0.2        2.6        2.2       12.7        0.0       70.8 
040827  131031  47  47.6310 N  62  26.4050 W   0.3        2.6        2.2        7.7        0.0       70.8 
040827  131033  47  47.6310 N  62  26.4050 W   0.4        2.6        2.2        7.7        0.0       62.5 
040827  131035  47  47.6310 N  62  26.4040 W   0.6        2.6        2.2       14.6        0.0       62.5 
040827  131037  47  47.6310 N  62  26.4040 W   0.9        2.6        2.2       14.6        0.0       62.5 
040827  131039  47  47.6310 N  62  26.4030 W   1.2        2.6        2.2       14.6        0.0       62.5 
040827  131041  47  47.6310 N  62  26.4020 W   1.3        2.6        2.2        6.8        0.0       62.5 
040827  131043  47  47.6320 N  62  26.4020 W   1.6        2.6        2.2        6.8        0.0       62.5 
040827  131045  47  47.6310 N  62  26.4010 W   1.6        2.6        2.2        6.8        0.0       62.5 
040827  131048  47  47.6320 N  62  26.3990 W   1.7        2.6        2.2        4.1        0.0       62.5 
040827  131049  47  47.6320 N  62  26.3980 W   1.6        2.6        2.2        4.1        0.0       62.5 
040827  131051  47  47.6320 N  62  26.3970 W   1.5        2.6        2.2        4.1        0.0       62.5 
040827  131054  47  47.6320 N  62  26.3950 W   1.8        2.6        2.2        4.1        0.0       62.5 
040827  131055  47  47.6320 N  62  26.3950 W   1.7        2.6        2.2        4.1        0.0       62.5 
040827  131057  47  47.6320 N  62  26.3940 W   2.0        2.6        2.2        1.7        0.0       62.5 
040827  131100  47  47.6320 N  62  26.3910 W   2.0        2.6        2.2        1.7        0.0       62.5 
040827  131101  47  47.6320 N  62  26.3900 W   2.2        2.6        2.2        1.7        0.0       55.0 
040827  131103  47  47.6320 N  62  26.3880 W   1.7        2.6        2.2       25.7        0.0       55.0 
040827  131106  47  47.6320 N  62  26.3860 W   1.9        2.6        2.2       25.7        0.0       55.0 
040827  131107  47  47.6310 N  62  26.3850 W   1.6        2.6        2.2       25.7        0.0      106.9 
040827  131109  47  47.6310 N  62  26.3840 W   2.3        2.6        2.2       25.7        0.0      106.9 
040827  131112  47  47.6310 N  62  26.3810 W   2.1        2.6        2.2       25.7        0.0       47.9 
040827  131113  47  47.6310 N  62  26.3810 W   2.1        2.6        2.2        0.8        0.0       47.9 
040827  131115  47  47.6310 N  62  26.3790 W   2.1        2.6        2.2        0.8        0.0       47.9 
040827  131118  47  47.6300 N  62  26.3760 W   1.7        2.6        2.2       11.6        0.0       68.6 
040827  131119  47  47.6300 N  62  26.3750 W   1.8        2.6        2.2       11.6        0.0       68.6 
040827  131121  47  47.6300 N  62  26.3740 W   1.2        2.6        2.2       11.6        0.0       68.6 
040827  131124  47  47.6300 N  62  26.3720 W   1.2        2.6        2.2        5.5        0.0       99.0 
040827  131125  47  47.6300 N  62  26.3720 W   1.4        2.6        2.2        5.5        0.0       99.0 
040827  131127  47  47.6310 N  62  26.3710 W   1.6        2.6        2.2        5.5        0.0       99.0 
040827  131130  47  47.6310 N  62  26.3700 W   1.6        2.6        2.2        5.6        0.0       99.0 
040827  131131  47  47.6310 N  62  26.3690 W   1.5        2.6        2.2        5.6        0.0       99.0 
040827  131133  47  47.6300 N  62  26.3680 W   0.6        2.6        2.2        5.6        0.0       99.0 
040827  131136  47  47.6300 N  62  26.3670 W   0.3        2.6        2.2        5.6        0.0       99.0 
040827  131137  47  47.6300 N  62  26.3670 W   0.9        2.6        2.2        5.6        0.0       99.0 
040827  131139  47  47.6310 N  62  26.3660 W   1.0        2.6        2.2        5.6        0.0       71.3 
040827  131141  47  47.6310 N  62  26.3660 W   0.7        2.6       13.0        5.6        0.0       71.3 
040827  131143  47  47.6310 N  62  26.3650 W   1.1        2.6       13.0        5.6        0.0       71.3 
040827  131145  47  47.6310 N  62  26.3640 W   0.4        2.6       13.0        4.1        0.0       51.9 
040827  131148  47  47.6310 N  62  26.3630 W   1.1        2.6       13.0        4.1        0.0       51.9 
040827  131149  47  47.6320 N  62  26.3630 W   0.3        2.6       13.0        5.6        0.0       51.9 
040827  131151  47  47.6310 N  62  26.3620 W   1.0        2.6       13.0        5.6        0.0      110.8 
040827  131154  47  47.6320 N  62  26.3610 W   0.7        2.6       13.0        5.6        0.0      110.8 
040827  131155  47  47.6320 N  62  26.3610 W   0.8        2.6       13.0        6.5        0.0      110.8 
040827  131157  47  47.6320 N  62  26.3610 W   0.9        2.6       13.0        6.5        0.0      110.8 
040827  131200  47  47.6320 N  62  26.3610 W   0.6        2.6       13.0        6.0        0.0      110.8 
040827  131201  47  47.6330 N  62  26.3610 W   1.0        2.6       13.0        6.0        0.0      110.8 
040827  131203  47  47.6330 N  62  26.3610 W   0.3        2.6       13.0        6.0        0.0      110.8 
040827  131206  47  47.6330 N  62  26.3600 W   0.7        2.6       13.0        6.0        0.0      110.8 
040827  131207  47  47.6330 N  62  26.3600 W   0.7        2.6       13.0        6.0        0.0       66.9 
040827  131209  47  47.6330 N  62  26.3600 W   0.7        2.6       13.0        6.0        0.0       66.9 
040827  131212  47  47.6330 N  62  26.3600 W   0.9        2.6        3.2        6.0        0.0       55.0 
040827  131213  47  47.6330 N  62  26.3600 W   0.5        2.6        3.2        6.0        0.0       55.0 
040827  131215  47  47.6330 N  62  26.3590 W   0.5        2.6        3.2        2.8        0.0       55.0 
040827  131218  47  47.6340 N  62  26.3590 W   0.2        4.5        3.2        2.8        0.0      106.4 
040827  131219  47  47.6340 N  62  26.3590 W   0.6        4.5        3.2        2.8        0.0      106.4 
040827  131221  47  47.6340 N  62  26.3590 W   1.3        4.5        3.2        4.9        0.0      106.4 
040827  131224  47  47.6350 N  62  26.3590 W   0.1        4.5        2.5        4.9        0.0       14.1 
040827  131225  47  47.6350 N  62  26.3590 W   1.1        4.5        2.5        4.9        0.0       14.1 
040827  131227  47  47.6350 N  62  26.3580 W   0.4        4.5        2.5       22.9        0.0       14.1 
040827  131230  47  47.6350 N  62  26.3580 W   1.0        4.5        2.5       22.9        0.0       88.4 
040827  131231  47  47.6360 N  62  26.3580 W   0.8        4.5        2.5       22.9        0.0       88.4 
040827  131233  47  47.6360 N  62  26.3580 W   0.4        4.5        2.5       22.9        0.0       40.5 
040827  131236  47  47.6360 N  62  26.3580 W   0.6        4.5        2.5       22.9        0.0       40.5 
040827  131237  47  47.6370 N  62  26.3590 W   0.4        4.5        2.5        3.9        0.0       40.5 
040827  131239  47  47.6370 N  62  26.3580 W   1.1        4.5        2.5        3.9        0.0       58.1 
040827  131242  47  47.6370 N  62  26.3580 W   0.3        4.5        2.5       14.8        0.0       58.1 
040827  131243  47  47.6380 N  62  26.3580 W   0.8        2.1        2.5       14.8        0.0       58.1 
040827  131245  47  47.6380 N  62  26.3590 W   1.1        2.1        2.5       14.8        0.0       72.1 
040827  131248  47  47.6380 N  62  26.3590 W   0.1        2.1        2.5       14.8        0.0       72.1 
040827  131249  47  47.6380 N  62  26.3590 W   0.9        2.1        2.5       14.8        0.0       39.6 
040827  131251  47  47.6390 N  62  26.3580 W   0.8        2.1        2.5       14.8        0.0       39.6 
040827  131254  47  47.6390 N  62  26.3590 W   1.1        2.1        2.5        4.4        0.0       39.6 
040827  131255  47  47.6400 N  62  26.3590 W   0.9        2.1        2.5        4.4        0.0       22.0 
040827  131257  47  47.6400 N  62  26.3600 W   0.6        2.1        2.5        4.4        0.0       22.0 
040827  131300  47  47.6410 N  62  26.3600 W   1.0        2.1        2.5        4.4        0.0       22.0 
040827  131302  47  47.6410 N  62  26.3600 W   1.1        2.1        2.5        4.4        0.0       44.0 
040827  131303  47  47.6410 N  62  26.3610 W   1.4        2.1        2.5        4.1        0.0       44.0 
040827  131306  47  47.6420 N  62  26.3620 W   0.8        2.1        2.5        4.1        0.0       44.4 
040827  131307  47  47.6430 N  62  26.3620 W   1.8        4.0        2.5        7.6        0.0       44.4 
040827  131309  47  47.6440 N  62  26.3630 W   1.5        4.0        2.5        7.6        0.0       44.4 
040827  131312  47  47.6440 N  62  26.3640 W   2.6        4.0        2.5        7.6        0.0       42.2 
040827  131313  47  47.6450 N  62  26.3640 W   1.8        4.0        2.5        0.3        0.0       42.2 
040827  131315  47  47.6450 N  62  26.3650 W   1.0        4.0        2.5        0.3        0.0       42.2 
040827  131318  47  47.6460 N  62  26.3670 W   1.3        4.0        2.5        3.5        0.0       43.5 
040827  131319  47  47.6470 N  62  26.3670 W   1.4        4.0        2.5        3.5        0.0       43.5 
040827  131321  47  47.6480 N  62  26.3680 W   2.5        4.0        2.5        3.5        0.0       43.5 
