FileName: C:\NETMIN~1\GP237R.TXT
Local Time: Wed Jun 23 06:37:01 2004

Ship: Marco Michel Trip: 01 Tow: gp237r
Comments: area 19 off cheticamp
 Date    Time     Latitude       Longitude    Speed    Primary  Secondary DoorSpread      Depth 
040623  093702  46  47.4440 N  60  58.2560 W   3.6        2.7       11.3       11.5        0.9 
040623  093704  46  47.4450 N  60  58.2550 W   2.9        2.7       11.3       11.5        0.9 
040623  093706  46  47.4470 N  60  58.2530 W   3.2        2.7       11.3        1.7        0.9 
040623  093708  46  47.4480 N  60  58.2510 W   2.8        2.7       11.3        1.7        0.9 
040623  093710  46  47.4490 N  60  58.2490 W   2.6        2.7       11.3        2.5        0.9 
040623  093712  46  47.4500 N  60  58.2480 W   3.2        2.7       11.3        2.5        7.0 
040623  093714  46  47.4510 N  60  58.2470 W   1.7        2.7       11.3        2.5        7.0 
040623  093716  46  47.4520 N  60  58.2450 W   3.1        2.7       11.3        2.6        7.0 
040623  093718  46  47.4530 N  60  58.2440 W   1.9        2.7       11.3        2.6        7.0 
040623  093720  46  47.4540 N  60  58.2420 W   2.4        2.7        2.4        2.6        7.0 
040623  093722  46  47.4550 N  60  58.2410 W   2.7        2.7        2.4        3.0        4.8 
040623  093724  46  47.4560 N  60  58.2400 W   2.2        2.7        2.4        3.0        4.8 
040623  093726  46  47.4570 N  60  58.2380 W   2.2        2.7        2.4        2.8        4.8 
040623  093728  46  47.4580 N  60  58.2380 W   2.5        3.7        2.4        2.8        5.7 
040623  093730  46  47.4580 N  60  58.2360 W   2.8        3.7        2.4        2.8        5.7 
040623  093732  46  47.4590 N  60  58.2340 W   3.4        3.7        2.4        3.3        5.7 
040623  093734  46  47.4610 N  60  58.2310 W   3.6        3.7        2.3        3.3        8.8 
040623  093736  46  47.4620 N  60  58.2290 W   5.3        3.7        2.3        3.2        8.8 
040623  093738  46  47.4640 N  60  58.2260 W   5.0        3.7        2.3        3.2        8.8 
040623  093740  46  47.4660 N  60  58.2210 W   5.7        3.7        2.3        3.2        8.8 
040623  093742  46  47.4680 N  60  58.2180 W   6.5        3.7        2.3       11.7        8.8 
040623  093744  46  47.4700 N  60  58.2130 W   5.7        3.7        2.3       11.7        8.8 
040623  093746  46  47.4720 N  60  58.2090 W   6.8        3.7        2.3       11.7        8.8 
040623  093748  46  47.4740 N  60  58.2050 W   6.6        3.7        2.3        3.8        8.8 
040623  093750  46  47.4760 N  60  58.2000 W   6.8        3.7        2.3        3.8        8.8 
040623  093752  46  47.4780 N  60  58.1950 W   7.2        3.7        2.3        3.8        8.8 
040623  093754  46  47.4800 N  60  58.1900 W   6.7        3.7        2.3        3.8        8.8 
040623  093756  46  47.4820 N  60  58.1850 W   7.6        3.7        2.3        3.8        8.8 
040623  093758  46  47.4840 N  60  58.1810 W   7.2        3.7        2.3        3.8        8.8 
040623  093800  46  47.4860 N  60  58.1760 W   7.3        3.7        2.3        3.8        8.8 
040623  093802  46  47.4890 N  60  58.1710 W   7.2        3.7        2.3        3.8        8.8 
040623  093804  46  47.4910 N  60  58.1650 W   7.0        3.7        2.3        3.8        8.8 
040623  093806  46  47.4930 N  60  58.1610 W   7.7        3.7        2.3        3.8        8.8 
040623  093808  46  47.4950 N  60  58.1560 W   7.5        3.7        2.3        8.0        8.8 
040623  093810  46  47.4970 N  60  58.1510 W   7.0        3.7        2.3        8.0        8.8 
040623  093812  46  47.5000 N  60  58.1460 W   7.1        3.7        2.3        8.0        8.8 
040623  093814  46  47.5020 N  60  58.1410 W   7.2        3.7        2.3        5.7        8.8 
040623  093816  46  47.5040 N  60  58.1360 W   7.4        3.7        2.3        5.7        8.8 
040623  093818  46  47.5070 N  60  58.1310 W   7.7        3.7        2.3        5.7        8.8 
040623  093820  46  47.5090 N  60  58.1270 W   7.1        3.7        2.3       64.0        8.8 
040623  093822  46  47.5120 N  60  58.1220 W   6.7        3.7        2.3       64.0        8.8 
040623  093824  46  47.5140 N  60  58.1170 W   7.2        3.7        2.3       64.0        8.8 
040623  093826  46  47.5160 N  60  58.1120 W   7.3        3.7        2.3       64.0        8.8 
040623  093828  46  47.5180 N  60  58.1080 W   7.1        3.7        2.3       64.0        8.8 
040623  093830  46  47.5210 N  60  58.1030 W   7.2        3.7        2.3       64.0        8.8 
040623  093832  46  47.5230 N  60  58.0980 W   7.2        3.7        2.3       64.0        8.8 
040623  093834  46  47.5260 N  60  58.0930 W   6.7        3.7        2.3       64.0        8.8 
040623  093836  46  47.5280 N  60  58.0890 W   7.1        3.7        2.3       64.0        8.8 
040623  093838  46  47.5310 N  60  58.0840 W   7.5        3.7        2.3       64.0        8.8 
040623  093840  46  47.5330 N  60  58.0790 W   7.0        3.7        2.3       64.0        8.8 
040623  093842  46  47.5350 N  60  58.0750 W   7.9        3.7        2.3       64.0        8.8 
040623  093844  46  47.5380 N  60  58.0710 W   6.6        3.7        2.3        5.6        8.8 
040623  093846  46  47.5400 N  60  58.0660 W   6.7        3.7        2.3        5.6       35.6 
040623  093848  46  47.5420 N  60  58.0620 W   7.7        3.7        2.3        5.6       35.6 
040623  093850  46  47.5450 N  60  58.0570 W   6.6        3.7        2.3       13.6       35.6 
040623  093852  46  47.5470 N  60  58.0530 W   6.8        3.7        2.3       13.6       35.6 
040623  093854  46  47.5500 N  60  58.0480 W   7.3        3.7        2.3       13.6       35.6 
040623  093856  46  47.5520 N  60  58.0440 W   7.2        3.7        2.3        4.0       35.6 
040623  093858  46  47.5550 N  60  58.0400 W   6.8        3.7        2.3        4.0       35.6 
040623  093900  46  47.5570 N  60  58.0350 W   7.3        3.7        2.3        4.0       35.6 
040623  093902  46  47.5600 N  60  58.0310 W   6.9        3.7        2.3        4.0       35.6 
040623  093904  46  47.5620 N  60  58.0260 W   6.4        3.7        2.3        4.0       35.6 
040623  093906  46  47.5640 N  60  58.0220 W   7.7        3.7        2.3        4.0       35.6 
040623  093908  46  47.5670 N  60  58.0170 W   7.2        3.7        2.3        4.0       97.7 
040623  093910  46  47.5690 N  60  58.0130 W   6.7        3.7        2.3        4.0       97.7 
040623  093912  46  47.5720 N  60  58.0080 W   6.8        3.7        2.3        4.0       97.7 
040623  093914  46  47.5740 N  60  58.0040 W   7.1        3.7        2.3        4.0       97.7 
040623  093916  46  47.5770 N  60  58.0000 W   7.0        3.7        2.3       12.9       97.7 
040623  093918  46  47.5800 N  60  57.9960 W   7.0        3.7        2.3       12.9       97.7 
040623  093920  46  47.5820 N  60  57.9910 W   7.3        3.7        2.3       12.9       97.7 
040623  093922  46  47.5850 N  60  57.9870 W   7.1        3.7        2.3        9.2       97.7 
040623  093924  46  47.5870 N  60  57.9820 W   6.9        3.7        2.3        9.2       15.8 
040623  093926  46  47.5890 N  60  57.9780 W   7.5        3.7        2.3        9.2       15.8 
040623  093928  46  47.5920 N  60  57.9730 W   7.1        3.7        2.3        9.2        0.4 
040623  093930  46  47.5940 N  60  57.9690 W   7.0        3.7        2.3        9.2        0.4 
040623  093932  46  47.5970 N  60  57.9640 W   7.0        3.7        2.3        9.2        0.4 
040623  093934  46  47.5990 N  60  57.9590 W   6.8        3.7        2.3        9.2        0.4 
040623  093936  46  47.6010 N  60  57.9550 W   6.8        3.7        2.3        9.2        0.4 
040623  093938  46  47.6040 N  60  57.9510 W   7.3        3.7        2.3        9.2        0.4 
040623  093940  46  47.6070 N  60  57.9460 W   7.3        3.7        2.3        9.2        0.4 
040623  093942  46  47.6090 N  60  57.9420 W   7.1        3.7        2.3        9.0        0.4 
040623  093944  46  47.6110 N  60  57.9370 W   6.7        3.7        2.3        9.0       43.1 
040623  093946  46  47.6130 N  60  57.9330 W   6.8        3.7        2.3        9.0       43.1 
040623  093948  46  47.6160 N  60  57.9290 W   7.0        3.7        2.3        9.0       43.1 
040623  093950  46  47.6180 N  60  57.9240 W   7.5        3.7        2.3        9.0       24.2 
040623  093952  46  47.6210 N  60  57.9200 W   7.3        3.7        2.3        9.0       24.2 
040623  093954  46  47.6230 N  60  57.9150 W   7.3        3.7        2.3        9.0       24.2 
040623  093956  46  47.6260 N  60  57.9110 W   6.3        3.7        2.3        9.0       70.8 
040623  093958  46  47.6280 N  60  57.9070 W   7.3        3.7        2.3        9.0       70.8 
040623  094000  46  47.6300 N  60  57.9030 W   6.9        3.7        2.3        9.0       18.0 
040623  094002  46  47.6320 N  60  57.8980 W   6.7        3.7        2.3        9.0       18.0 
040623  094004  46  47.6350 N  60  57.8940 W   7.1        3.7        2.3        9.0       18.0 
040623  094006  46  47.6370 N  60  57.8890 W   6.2        3.7        2.3        9.0       32.1 
040623  094008  46  47.6400 N  60  57.8850 W   7.4        2.4        2.3        9.0       32.1 
040623  094010  46  47.6420 N  60  57.8810 W   6.7        2.4        2.3        9.0       32.1 
040623  094012  46  47.6440 N  60  57.8770 W   7.0        2.4        2.3        9.0       53.7 
040623  094014  46  47.6470 N  60  57.8730 W   6.8        2.4        2.3        2.9       53.7 
040623  094016  46  47.6500 N  60  57.8680 W   6.4        2.4        2.3        2.9       65.5 
040623  094018  46  47.6520 N  60  57.8640 W   7.5        2.4        2.3        2.9       65.5 
040623  094020  46  47.6540 N  60  57.8590 W   7.1        2.4        2.3        2.9       65.5 
040623  094022  46  47.6570 N  60  57.8550 W   6.9        2.4        2.3        2.9       38.3 
040623  094024  46  47.6590 N  60  57.8510 W   6.5        2.4        2.3        2.9       38.3 
040623  094026  46  47.6610 N  60  57.8470 W   7.0        2.4        2.3        2.9       39.1 
040623  094028  46  47.6640 N  60  57.8420 W   6.9        2.4        2.3        2.9       39.1 
040623  094030  46  47.6660 N  60  57.8380 W   6.6        2.4        2.3        2.9       39.1 
040623  094032  46  47.6690 N  60  57.8340 W   6.7        2.4        2.3        2.9       68.6 
040623  094034  46  47.6710 N  60  57.8300 W   7.1        2.4        2.3        2.9       68.6 
040623  094036  46  47.6740 N  60  57.8250 W   6.8        2.4        2.3        2.9       68.6 
040623  094038  46  47.6760 N  60  57.8210 W   6.9        2.4        2.3        2.9       68.6 
040623  094040  46  47.6780 N  60  57.8170 W   7.2        2.4        2.3        2.9       68.6 
040623  094042  46  47.6810 N  60  57.8120 W   7.0        2.4        2.3        2.9       68.6 
040623  094044  46  47.6830 N  60  57.8070 W   7.2        2.4        2.3        2.9       68.6 
040623  094046  46  47.6860 N  60  57.8030 W   6.9        2.4        2.3        2.9       68.6 
040623  094048  46  47.6880 N  60  57.7990 W   6.2        2.4        2.3        2.9       68.6 
040623  094050  46  47.6910 N  60  57.7950 W   7.3        2.4        2.3        2.9       68.6 
040623  094052  46  47.6930 N  60  57.7900 W   7.1        2.4        2.3        2.9       68.6 
040623  094054  46  47.6960 N  60  57.7860 W   6.5        2.4        2.3        2.9       68.6 
040623  094056  46  47.6980 N  60  57.7820 W   6.7        2.4        2.3        2.9       68.6 
040623  094058  46  47.7000 N  60  57.7780 W   6.9        2.4        2.3        2.9       68.6 
040623  094100  46  47.7030 N  60  57.7740 W   6.4        2.4        2.3        2.9       68.6 
040623  094102  46  47.7050 N  60  57.7690 W   6.5        2.4        2.3        2.9       68.6 
040623  094104  46  47.7070 N  60  57.7650 W   6.2        2.4        5.1        2.9       60.3 
040623  094106  46  47.7090 N  60  57.7610 W   5.9        2.4        5.1        5.6       60.3 
040623  094108  46  47.7110 N  60  57.7570 W   6.4        2.4        5.1        5.6       60.3 
040623  094110  46  47.7130 N  60  57.7540 W   6.0        2.4        5.1        5.6       60.7 
040623  094112  46  47.7150 N  60  57.7500 W   5.1        2.4        5.1        7.6       60.7 
040623  094114  46  47.7170 N  60  57.7470 W   5.9        2.4        5.1        7.6       55.0 
040623  094116  46  47.7190 N  60  57.7430 W   5.6        2.4        5.1       15.2       55.0 
040623  094118  46  47.7210 N  60  57.7390 W   5.2        2.4        5.1       15.2       55.0 
040623  094120  46  47.7220 N  60  57.7360 W   6.3        2.4        5.1       15.2       58.5 
040623  094122  46  47.7240 N  60  57.7320 W   5.0        2.4        5.1        1.9       58.5 
040623  094124  46  47.7260 N  60  57.7290 W   6.2        2.4        5.1        1.9       58.5 
040623  094126  46  47.7280 N  60  57.7260 W   5.3        2.4        3.1        9.7       61.6 
040623  094128  46  47.7300 N  60  57.7220 W   5.6        2.4        3.1        9.7       61.6 
040623  094130  46  47.7320 N  60  57.7190 W   5.6        2.4        3.1        9.7       55.9 
040623  094132  46  47.7340 N  60  57.7150 W   5.8        2.4        3.1        7.6       55.9 
040623  094134  46  47.7360 N  60  57.7110 W   5.5        2.4        3.1        7.6       55.9 
040623  094136  46  47.7380 N  60  57.7080 W   5.7        2.4        3.1        7.6       61.1 
040623  094138  46  47.7410 N  60  57.7050 W   6.0        2.4        3.1        7.7       61.1 
040623  094140  46  47.7420 N  60  57.7020 W   5.5        2.4        3.1        7.7       61.1 
040623  094142  46  47.7450 N  60  57.6980 W   5.2        2.4        3.1        9.1       58.1 
040623  094144  46  47.7460 N  60  57.6940 W   5.9        2.4        3.1        9.1       58.1 
040623  094146  46  47.7480 N  60  57.6910 W   5.7        2.4        3.1        9.1       59.4 
040623  094148  46  47.7500 N  60  57.6880 W   4.0        2.4        3.1        8.0       59.4 
040623  094150  46  47.7520 N  60  57.6850 W   4.3        2.4        2.5        8.0       59.4 
040623  094152  46  47.7530 N  60  57.6830 W   3.6        2.4        2.5        8.0       58.1 
040623  094154  46  47.7550 N  60  57.6810 W   3.0        2.4        2.5        9.0       58.1 
040623  094156  46  47.7560 N  60  57.6800 W   3.4        2.4        2.5        9.0       58.1 
040623  094158  46  47.7570 N  60  57.6780 W   2.8        2.8        2.5        9.0       58.1 
040623  094200  46  47.7580 N  60  57.6760 W   2.0        2.8        2.5        9.0       58.1 
040623  094202  46  47.7590 N  60  57.6750 W   3.1        2.8        2.5        9.0       57.6 
040623  094204  46  47.7600 N  60  57.6730 W   1.4        2.8        2.5        8.7       57.6 
040623  094206  46  47.7610 N  60  57.6720 W   2.4        2.8        2.5        8.7       57.6 
040623  094208  46  47.7610 N  60  57.6710 W   2.0        2.8        2.5        7.6       60.7 
040623  094210  46  47.7620 N  60  57.6700 W   1.6        2.8        2.5        7.6       60.7 
040623  094212  46  47.7630 N  60  57.6690 W   1.9        2.8        2.5        7.6       60.7 
040623  094214  46  47.7640 N  60  57.6680 W   2.0        2.8        2.5        7.8       63.3 
040623  094216  46  47.7640 N  60  57.6670 W   1.6        2.8        2.5        7.8       63.3 
040623  094218  46  47.7650 N  60  57.6660 W   1.7        2.8        2.5        7.8       64.2 
040623  094220  46  47.7660 N  60  57.6650 W   2.3        2.8        2.5        7.1       64.2 
040623  094222  46  47.7660 N  60  57.6630 W   1.0        2.8        2.5        7.1       64.2 
040623  094224  46  47.7670 N  60  57.6620 W   2.4        2.8        2.5        7.3       63.8 
040623  094226  46  47.7680 N  60  57.6620 W   1.4        2.8        2.5        7.3       63.8 
040623  094228  46  47.7680 N  60  57.6610 W   1.6        2.8        2.5        7.3       63.8 
040623  094230  46  47.7690 N  60  57.6600 W   1.9        2.8        2.5        7.0       70.4 
040623  094232  46  47.7700 N  60  57.6590 W   2.0        2.8        2.5        7.0       70.4 
040623  094234  46  47.7700 N  60  57.6580 W   1.7        3.1        2.5        7.0       70.4 
040623  094236  46  47.7710 N  60  57.6570 W   2.1        3.1        2.5        7.0       70.4 
040623  094238  46  47.7720 N  60  57.6560 W   2.0        3.1        2.5        7.0       70.4 
040623  094240  46  47.7730 N  60  57.6550 W   1.6        3.1        2.5        6.8       73.0 
040623  094242  46  47.7730 N  60  57.6540 W   2.6        3.1        2.5        6.8       73.0 
040623  094244  46  47.7740 N  60  57.6530 W   1.5        3.1        2.5        6.8       73.0 
040623  094246  46  47.7750 N  60  57.6510 W   2.0        3.1       12.0       19.6       76.5 
040623  094248  46  47.7760 N  60  57.6510 W   2.0        3.1       12.0       19.6       76.5 
040623  094250  46  47.7770 N  60  57.6490 W   1.6        3.1       12.0       19.6       79.2 
040623  094252  46  47.7780 N  60  57.6490 W   2.5        3.1        2.5       19.6       79.2 
040623  094254  46  47.7790 N  60  57.6470 W   1.1        3.1        2.5       19.6       79.2 
040623  094256  46  47.7790 N  60  57.6460 W   2.5        3.1        2.5        5.9       79.6 
040623  094258  46  47.7800 N  60  57.6450 W   1.6        3.1        2.5        5.9       79.6 
040623  094300  46  47.7800 N  60  57.6440 W   1.9        3.1        2.5        5.9       79.6 
040623  094302  46  47.7810 N  60  57.6430 W   1.9        3.1        2.5        6.5       84.5 
040623  094304  46  47.7820 N  60  57.6410 W   2.3        3.1        2.8        6.5       84.5 
040623  094306  46  47.7830 N  60  57.6400 W   1.6        3.1        2.8        6.3       84.5 
040623  094308  46  47.7830 N  60  57.6390 W   2.5        3.1        2.8        6.3       87.1 
040623  094310  46  47.7840 N  60  57.6380 W   1.5        3.1        2.8        6.3       87.1 
040623  094312  46  47.7850 N  60  57.6370 W   3.0        3.9        2.8        7.8       90.6 
040623  094314  46  47.7860 N  60  57.6360 W   1.3        3.9        2.8        7.8       90.6 
040623  094316  46  47.7870 N  60  57.6350 W   2.4        3.9        2.8        7.8       90.6 
040623  094318  46  47.7880 N  60  57.6340 W   2.2        3.9        2.8        4.1       93.3 
040623  094320  46  47.7890 N  60  57.6320 W   1.5        3.9        2.8        4.1       93.3 
040623  094322  46  47.7890 N  60  57.6310 W   2.7        3.9        2.8        6.0       93.3 
040623  094324  46  47.7900 N  60  57.6300 W   1.7        3.9        2.8        6.0      111.7 
040623  094326  46  47.7910 N  60  57.6290 W   2.1        2.9        2.8        6.0      111.7 
040623  094328  46  47.7920 N  60  57.6270 W   2.0        2.9        2.8        6.2       77.0 
040623  094330  46  47.7930 N  60  57.6260 W   2.4        2.9        2.8        6.2       77.0 
040623  094332  46  47.7930 N  60  57.6250 W   2.0        2.9        2.9        6.1       77.0 
040623  094334  46  47.7940 N  60  57.6230 W   2.1        2.9        2.9        6.1      100.7 
040623  094336  46  47.7950 N  60  57.6220 W   2.3        2.9        2.9        6.1      100.7 
040623  094338  46  47.7960 N  60  57.6210 W   2.1        3.0        2.9       17.9      100.7 
040623  094340  46  47.7970 N  60  57.6200 W   2.3        3.0        2.9       17.9      102.5 
040623  094342  46  47.7980 N  60  57.6180 W   2.5        3.0        2.9       17.9      102.5 
040623  094344  46  47.7990 N  60  57.6170 W   2.0        3.0        2.9       17.9      102.5 
040623  094346  46  47.8000 N  60  57.6150 W   2.9        3.0        2.9       17.9      104.7 
040623  094348  46  47.8010 N  60  57.6140 W   2.1        3.0        2.9        6.0      104.7 
040623  094350  46  47.8020 N  60  57.6130 W   2.5        3.0        2.9        6.0      106.0 
040623  094352  46  47.8020 N  60  57.6110 W   2.0       13.6        2.9        6.0      106.0 
040623  094354  46  47.8030 N  60  57.6100 W   3.2       13.6        2.9        6.0      106.0 
040623  094356  46  47.8040 N  60  57.6090 W   1.2       13.6        2.9        6.0      109.5 
040623  094358  46  47.8050 N  60  57.6080 W   2.9       13.6        2.7        6.0      109.5 
040623  094400  46  47.8060 N  60  57.6070 W   1.6       13.6        2.7        6.2      109.5 
040623  094402  46  47.8060 N  60  57.6050 W   2.2       13.6        2.7        6.2      110.8 
040623  094404  46  47.8070 N  60  57.6040 W   2.4       13.6        2.7        6.6      110.8 
040623  094406  46  47.8080 N  60  57.6020 W   1.5        8.6        2.7        6.6      110.8 
040623  094408  46  47.8090 N  60  57.6020 W   2.7        8.6        2.7        6.6      110.0 
040623  094410  46  47.8090 N  60  57.6000 W   1.7        8.6        2.7        6.6      110.0 
040623  094412  46  47.8100 N  60  57.5990 W   1.8        8.6        3.2        6.6      116.6 
040623  094414  46  47.8110 N  60  57.5980 W   2.2        8.6        3.2        7.4      116.6 
040623  094416  46  47.8120 N  60  57.5970 W   2.0        8.6        3.2        7.4      116.6 
040623  094418  46  47.8130 N  60  57.5950 W   1.9        8.6        3.2        7.4      113.9 
040623  094420  46  47.8130 N  60  57.5940 W   2.2        4.5        3.2        9.0      113.9 
040623  094422  46  47.8140 N  60  57.5930 W   2.0        4.5        3.2        9.0      113.9 
040623  094424  46  47.8150 N  60  57.5920 W   2.1        4.5        3.2        9.0      115.7 
040623  094426  46  47.8160 N  60  57.5910 W   2.1        4.5        3.2        8.6      115.7 
040623  094428  46  47.8170 N  60  57.5890 W   1.9        4.5        3.2        8.6      119.2 
040623  094430  46  47.8170 N  60  57.5880 W   2.4        4.5       11.5        8.9      119.2 
040623  094432  46  47.8180 N  60  57.5870 W   1.7        4.5       11.5        8.9      119.2 
040623  094434  46  47.8190 N  60  57.5850 W   2.0        4.5       11.5        8.9      114.8 
040623  094436  46  47.8200 N  60  57.5850 W   2.5        4.5       11.5       13.0      114.8 
040623  094438  46  47.8210 N  60  57.5840 W   1.3        4.5       11.5       13.0      114.8 
040623  094440  46  47.8210 N  60  57.5830 W   2.2        4.5       11.5       13.0      116.6 
040623  094442  46  47.8220 N  60  57.5810 W   1.8        4.5       11.5       13.0      116.6 
040623  094444  46  47.8230 N  60  57.5810 W   2.0        4.5       11.5       13.0      117.0 
040623  094446  46  47.8240 N  60  57.5800 W   1.7        4.5       11.5       13.0      117.0 
040623  094448  46  47.8250 N  60  57.5790 W   2.5        4.5       11.5       13.0      117.0 
040623  094450  46  47.8250 N  60  57.5780 W   1.7        4.5       11.5       13.0      116.6 
040623  094452  46  47.8260 N  60  57.5770 W   2.1        4.5       11.5       12.6      116.6 
040623  094454  46  47.8270 N  60  57.5750 W   2.2        4.5       10.7       12.6      116.6 
040623  094456  46  47.8280 N  60  57.5740 W   1.8        4.5       10.7       12.6      114.8 
040623  094458  46  47.8290 N  60  57.5730 W   2.7        4.5       10.7       12.6      114.8 
040623  094500  46  47.8290 N  60  57.5710 W   2.2        4.5       10.7       12.6      114.8 
040623  094502  46  47.8300 N  60  57.5700 W   2.2        4.5       10.7       12.6      116.6 
040623  094504  46  47.8310 N  60  57.5680 W   2.5        4.5       10.7       12.6      116.6 
040623  094506  46  47.8320 N  60  57.5670 W   2.4        4.5       10.7       12.6      116.6 
040623  094508  46  47.8330 N  60  57.5650 W   2.8        4.5       10.7       12.6      118.3 
040623  094510  46  47.8340 N  60  57.5630 W   2.6        4.5       10.7       12.6      118.3 
040623  094512  46  47.8350 N  60  57.5620 W   3.1        4.5       10.7       12.6      114.4 
040623  094514  46  47.8360 N  60  57.5600 W   1.8        4.5       10.7       12.6      114.4 
040623  094516  46  47.8370 N  60  57.5590 W   3.1        4.5       10.7       12.6      114.4 
040623  094518  46  47.8380 N  60  57.5570 W   1.6        4.5       10.7       12.6      117.9 
040623  094520  46  47.8390 N  60  57.5560 W   3.0        4.5       10.7       12.6      117.9 
040623  094522  46  47.8390 N  60  57.5550 W   1.7        4.5       10.7       12.4      117.9 
040623  094524  46  47.8400 N  60  57.5530 W   2.2        4.5       10.7       12.4      115.2 
040623  094526  46  47.8410 N  60  57.5520 W   1.9        4.5       10.7       12.4      115.2 
040623  094528  46  47.8410 N  60  57.5500 W   2.5        4.5       10.7       11.4      117.0 
040623  094530  46  47.8420 N  60  57.5490 W   1.7        4.5       10.7       11.4      117.0 
040623  094532  46  47.8430 N  60  57.5480 W   2.4        4.5       10.7       11.4      117.0 
040623  094534  46  47.8440 N  60  57.5460 W   1.8        4.5       10.7       11.4      117.4 
040623  094536  46  47.8440 N  60  57.5450 W   2.6        4.5       10.7       11.4      117.4 
040623  094538  46  47.8450 N  60  57.5440 W   1.4        4.5       10.7       12.0      117.4 
040623  094540  46  47.8460 N  60  57.5430 W   2.6        4.5       10.7       12.0      117.0 
040623  094542  46  47.8470 N  60  57.5420 W   1.5        4.5       10.9       12.0      117.0 
040623  094544  46  47.8480 N  60  57.5410 W   2.1        4.5       10.9       12.0      117.0 
040623  094546  46  47.8490 N  60  57.5400 W   1.8        4.5       10.9       12.0      117.4 
040623  094548  46  47.8490 N  60  57.5390 W   2.2        4.5       10.9       12.0      117.4 
040623  094550  46  47.8500 N  60  57.5380 W   2.2        4.5       10.9       12.0      114.4 
040623  094552  46  47.8510 N  60  57.5360 W   1.3        4.5       10.9       12.0      114.4 
040623  094554  46  47.8510 N  60  57.5350 W   2.3        4.5       10.9       12.8      114.4 
040623  094556  46  47.8520 N  60  57.5340 W   1.8        4.5       10.9       12.8      117.9 
040623  094558  46  47.8530 N  60  57.5330 W   2.0        4.5       10.9       12.8      117.9 
040623  094600  46  47.8530 N  60  57.5320 W   2.3        4.5       10.9       12.8      117.9 
040623  094602  46  47.8540 N  60  57.5300 W   2.0        4.5       10.9       12.8      116.6 
040623  094604  46  47.8550 N  60  57.5290 W   1.7        4.5       10.9       12.8      116.6 
040623  094606  46  47.8550 N  60  57.5270 W   2.0        4.5       10.9       12.8      116.6 
040623  094608  46  47.8560 N  60  57.5260 W   2.5        4.5       10.9       12.8      116.1 
040623  094610  46  47.8570 N  60  57.5250 W   1.4        4.5       10.9       12.8      116.1 
040623  094612  46  47.8580 N  60  57.5240 W   2.9        4.5       10.9       12.8      117.9 
040623  094614  46  47.8590 N  60  57.5220 W   1.4        4.5       10.9       12.8      117.9 
040623  094616  46  47.8590 N  60  57.5210 W   2.6        4.5       10.9       12.8      117.9 
040623  094618  46  47.8600 N  60  57.5190 W   1.7        4.5       10.9       12.8      116.1 
040623  094620  46  47.8600 N  60  57.5180 W   2.7        4.5       10.9       13.2      116.1 
040623  094622  46  47.8610 N  60  57.5170 W   1.8        4.5       10.9       13.2      116.1 
040623  094624  46  47.8620 N  60  57.5150 W   2.6        4.5       10.9       13.2      115.7 
040623  094626  46  47.8630 N  60  57.5140 W   2.0        4.5       10.9       13.2      115.7 
040623  094628  46  47.8640 N  60  57.5120 W   2.3        4.5       10.9       13.2      115.7 
040623  094630  46  47.8640 N  60  57.5110 W   2.3        4.5       10.9       13.2      116.1 
040623  094632  46  47.8650 N  60  57.5100 W   1.7        4.5       10.9       13.2      116.1 
040623  094634  46  47.8660 N  60  57.5080 W   2.3        4.5       10.9       13.2      116.6 
040623  094636  46  47.8670 N  60  57.5070 W   2.6        4.5       10.9       13.2      116.6 
040623  094639  46  47.8680 N  60  57.5060 W   2.3        4.5       10.9       13.2      116.6 
040623  094640  46  47.8680 N  60  57.5050 W   1.9        4.5       10.9       13.2      118.8 
040623  094642  46  47.8690 N  60  57.5040 W   2.4        4.5       10.9       13.2      118.8 
040623  094644  46  47.8700 N  60  57.5020 W   1.8        4.5       10.9       13.2      118.8 
040623  094646  46  47.8710 N  60  57.5010 W   2.6        4.5       10.9       13.2      113.5 
040623  094648  46  47.8720 N  60  57.5000 W   1.6        4.5       10.9       13.2      113.5 
040623  094650  46  47.8730 N  60  57.4980 W   2.4        4.5       10.9       13.2      113.5 
040623  094652  46  47.8730 N  60  57.4970 W   2.1        4.5       10.9       13.2      155.3 
040623  094654  46  47.8740 N  60  57.4960 W   2.1        4.5       11.5       13.2      155.3 
040623  094656  46  47.8750 N  60  57.4940 W   1.8        4.5       11.5       13.2       79.6 
040623  094658  46  47.8760 N  60  57.4930 W   2.6        4.5       11.5       13.2       79.6 
040623  094700  46  47.8770 N  60  57.4920 W   1.5        4.5       11.5       13.2       79.6 
040623  094702  46  47.8770 N  60  57.4910 W   2.8        4.5       11.5       13.2      115.7 
040623  094704  46  47.8780 N  60  57.4890 W   1.6        4.5       11.5       13.2      115.7 
040623  094706  46  47.8790 N  60  57.4880 W   2.1        4.5        9.2       15.2      115.7 
040623  094708  46  47.8800 N  60  57.4870 W   1.9        4.5        9.2       15.2      117.9 
040623  094710  46  47.8810 N  60  57.4860 W   1.9        4.5        9.2       15.2      117.9 
040623  094712  46  47.8820 N  60  57.4850 W   2.3        4.5        9.2       15.2      116.1 
040623  094714  46  47.8830 N  60  57.4840 W   1.8        4.5        9.2       15.2      116.1 
040623  094716  46  47.8840 N  60  57.4820 W   2.0        4.5        9.2       15.2      116.1 
040623  094718  46  47.8840 N  60  57.4810 W   2.3        4.5        9.2       15.2      117.9 
040623  094720  46  47.8850 N  60  57.4800 W   1.9        4.5        9.2       15.2      117.9 
040623  094722  46  47.8850 N  60  57.4790 W   2.2        4.5        9.2       15.2      117.9 
040623  094724  46  47.8860 N  60  57.4770 W   2.2        4.5        9.2       15.2      113.5 
040623  094726  46  47.8870 N  60  57.4770 W   1.9        4.5        9.2       15.2      113.5 
040623  094728  46  47.8880 N  60  57.4750 W   2.2        4.5        9.2       15.2      117.9 
040623  094731  46  47.8890 N  60  57.4740 W   2.0        4.5        9.2       15.2      117.9 
040623  094732  46  47.8900 N  60  57.4730 W   2.5        4.5        9.2       15.2      117.9 
040623  094734  46  47.8910 N  60  57.4710 W   1.5        4.5        9.2       15.2      115.2 
040623  094736  46  47.8910 N  60  57.4700 W   2.7        4.5        9.2       15.2      115.2 
040623  094738  46  47.8920 N  60  57.4690 W   1.7        4.5        9.2       15.2      115.2 
040623  094740  46  47.8930 N  60  57.4670 W   2.4        4.5        9.2       15.2      115.7 
040623  094742  46  47.8930 N  60  57.4660 W   2.0        4.5       11.0       13.9      115.7 
040623  094744  46  47.8940 N  60  57.4650 W   2.1        4.5       11.0       13.9      115.7 
040623  094746  46  47.8950 N  60  57.4640 W   2.3        4.5       11.0       13.9      116.1 
040623  094748  46  47.8960 N  60  57.4620 W   1.9        4.5       11.0       13.9      116.1 
040623  094750  46  47.8960 N  60  57.4610 W   2.3        4.5       11.0       13.9      116.1 
040623  094752  46  47.8980 N  60  57.4590 W   1.7        4.5       11.0       13.3      115.7 
040623  094754  46  47.8990 N  60  57.4580 W   3.0        4.5       10.9       13.3      115.7 
040623  094756  46  47.8990 N  60  57.4570 W   0.8        4.5       10.9       13.6      115.7 
040623  094758  46  47.9000 N  60  57.4550 W   2.6        4.5       10.9       13.6      115.7 
040623  094801  46  47.9010 N  60  57.4530 W   2.3        4.5       10.9       13.6      115.7 
040623  094802  46  47.9010 N  60  57.4530 W   1.9        4.5       10.9       13.6      115.2 
040623  094804  46  47.9020 N  60  57.4510 W   1.9        4.5       10.9       13.6      115.2 
040623  094806  46  47.9020 N  60  57.4500 W   2.2        4.5       10.9       13.6      115.2 
040623  094808  46  47.9030 N  60  57.4490 W   1.2        4.5       10.9       13.6      116.1 
040623  094810  46  47.9040 N  60  57.4480 W   2.2        4.5       10.9       13.6      116.1 
040623  094812  46  47.9040 N  60  57.4470 W   1.5        4.5       10.9       18.2      113.5 
040623  094814  46  47.9050 N  60  57.4460 W   1.8        4.5       10.9       18.2      113.5 
040623  094816  46  47.9060 N  60  57.4450 W   1.8        4.5       10.9       18.2      113.5 
040623  094818  46  47.9070 N  60  57.4440 W   1.9        4.5       11.7       16.1      118.3 
040623  094820  46  47.9080 N  60  57.4430 W   1.9        4.5       11.7       16.1      118.3 
040623  094822  46  47.9090 N  60  57.4420 W   2.1        4.5       11.7       16.1      118.3 
040623  094824  46  47.9090 N  60  57.4410 W   2.1        4.5       11.7       16.1      116.1 
040623  094826  46  47.9100 N  60  57.4400 W   2.3        4.5       11.7       16.1      116.1 
040623  094828  46  47.9110 N  60  57.4390 W   1.5        4.5       11.7       13.3      116.1 
040623  094830  46  47.9120 N  60  57.4370 W   3.3        4.5       11.7       13.3      116.1 
040623  094832  46  47.9130 N  60  57.4360 W   0.9        4.5       11.7       13.3      116.1 
040623  094835  46  47.9140 N  60  57.4330 W   1.2        4.5       11.7       13.4      113.5 
040623  094836  46  47.9140 N  60  57.4330 W   2.0        4.5       11.7       13.4      113.5 
040623  094838  46  47.9150 N  60  57.4310 W   1.9        4.5       11.7       11.6      113.5 
040623  094840  46  47.9160 N  60  57.4300 W   2.4        4.5       11.7       11.6      117.9 
040623  094842  46  47.9170 N  60  57.4290 W   2.1        4.5       12.5       11.6      117.9 
040623  094845  46  47.9180 N  60  57.4270 W   1.6        4.5       12.5       11.6      117.9 
040623  094846  46  47.9180 N  60  57.4270 W   2.7        4.5       12.5       11.6      113.9 
040623  094848  46  47.9190 N  60  57.4250 W   1.6        4.5       12.5       11.6      113.9 
040623  094850  46  47.9200 N  60  57.4240 W   2.4        4.5       12.5       12.7      113.9 
040623  094852  46  47.9200 N  60  57.4230 W   1.9        4.5       12.5       12.7      115.7 
040623  094855  46  47.9220 N  60  57.4210 W   2.2        4.5       12.5       12.2      115.7 
040623  094856  46  47.9220 N  60  57.4200 W   1.9        4.5       12.5       12.2      118.8 
040623  094858  46  47.9230 N  60  57.4180 W   2.8        4.5       12.5       12.2      118.8 
040623  094901  46  47.9240 N  60  57.4170 W   2.7        4.5       12.5       12.2      118.8 
040623  094902  46  47.9250 N  60  57.4160 W   2.6        4.5       12.5       12.2      112.6 
040623  094904  46  47.9250 N  60  57.4150 W   1.8        4.5       12.5       12.4      112.6 
040623  094906  46  47.9260 N  60  57.4130 W   2.2        4.5       12.5       12.4      112.6 
040623  094908  46  47.9270 N  60  57.4120 W   2.5        4.5       12.5       12.4      115.2 
040623  094910  46  47.9280 N  60  57.4100 W   1.4        4.5       12.5       12.4      115.2 
040623  094912  46  47.9290 N  60  57.4090 W   2.5        4.5       12.5       12.4      114.8 
040623  094914  46  47.9290 N  60  57.4080 W   2.1        4.5       12.5       12.4      114.8 
040623  094916  46  47.9300 N  60  57.4070 W   1.4        4.5       12.5       13.3      114.8 
040623  094918  46  47.9310 N  60  57.4060 W   2.5        4.5       12.5       13.3      114.4 
040623  094920  46  47.9310 N  60  57.4050 W   1.1        4.5       12.5       13.3      114.4 
040623  094922  46  47.9320 N  60  57.4040 W   1.6        4.5       12.5       13.3      114.4 
040623  094924  46  47.9330 N  60  57.4030 W   1.0        4.5       12.5       13.3      165.8 
040623  094926  46  47.9330 N  60  57.4040 W   0.7        4.5       12.5       13.3      165.8 
040623  094928  46  47.9330 N  60  57.4030 W   0.5        4.5       12.5       13.3      165.8 
040623  094931  46  47.9330 N  60  57.4040 W   0.9        4.5       12.5       13.3      102.9 
040623  094932  46  47.9330 N  60  57.4030 W   0.9        4.5       12.5       13.3      102.9 
040623  094934  46  47.9330 N  60  57.4050 W   0.2        4.5       12.5       13.3      102.9 
040623  094937  46  47.9330 N  60  57.4050 W   2.4        4.5       12.5        7.2      102.9 
040623  094938  46  47.9320 N  60  57.4060 W   1.1        4.5       12.5        7.2      102.9 
040623  094940  46  47.9320 N  60  57.4060 W   1.2        4.5       12.5        7.2      102.9 
040623  094942  46  47.9310 N  60  57.4080 W   1.9        4.5       12.5        7.2      102.9 
040623  094944  46  47.9310 N  60  57.4080 W   0.7        4.5       12.5        7.2      102.9 
040623  094947  46  47.9300 N  60  57.4100 W   1.2        4.5       12.5       20.3      112.6 
040623  094949  46  47.9300 N  60  57.4110 W   1.9        4.5       12.5       20.3      112.6 
040623  094950  46  47.9290 N  60  57.4120 W   3.0        4.5       12.5       20.3      112.6 
040623  094952  46  47.9290 N  60  57.4130 W   0.8        4.5       12.5       14.6      179.9 
040623  094954  46  47.9280 N  60  57.4140 W   2.9        4.5       12.5       14.6      179.9 
040623  094956  46  47.9270 N  60  57.4160 W   1.4        4.5       12.5       14.6      140.3 
040623  094959  46  47.9270 N  60  57.4180 W   2.5        4.5       12.5       14.6      140.3 
040623  095001  46  47.9260 N  60  57.4200 W   1.7        4.5       12.5       14.6      140.3 
040623  095002  46  47.9260 N  60  57.4210 W   1.7        4.5       12.5       14.6      108.6 
040623  095004  46  47.9250 N  60  57.4220 W   2.8        4.5       12.5       14.6      108.6 
040623  095006  46  47.9250 N  60  57.4240 W   1.5        4.5       10.0       14.6      108.6 
040623  095009  46  47.9240 N  60  57.4260 W   3.1        4.5       10.0       14.6      107.8 
040623  095010  46  47.9230 N  60  57.4270 W   2.0        4.5       10.0       14.6      107.8 
040623  095013  46  47.9230 N  60  57.4290 W   3.1        4.5       10.0       14.6       25.1 
040623  095015  46  47.9220 N  60  57.4310 W   1.7        4.5       10.0       14.6       25.1 
040623  095017  46  47.9220 N  60  57.4320 W   2.7        4.5       10.0       14.6       25.1 
040623  095019  46  47.9210 N  60  57.4350 W   2.0        4.5       10.0       14.6      162.3 
040623  095020  46  47.9210 N  60  57.4360 W   1.7        4.5       10.0       14.6      162.3 
040623  095023  46  47.9200 N  60  57.4380 W   2.4        4.5       10.0       14.6      162.3 
040623  095025  46  47.9200 N  60  57.4400 W   1.8        4.5       10.0       14.6      195.3 
040623  095027  46  47.9200 N  60  57.4420 W   2.7        4.5       10.0       14.6      195.3 
040623  095029  46  47.9190 N  60  57.4430 W   1.9        4.5       10.0       14.6      195.3 
040623  095031  46  47.9190 N  60  57.4450 W   2.6        4.5       10.0       14.6      195.3 
040623  095033  46  47.9180 N  60  57.4470 W   1.5        4.5       10.0       14.6      195.3 
040623  095035  46  47.9180 N  60  57.4490 W   3.0        4.5       10.0       12.1      157.5 
040623  095037  46  47.9170 N  60  57.4510 W   1.5        4.5       10.0       12.1      157.5 
040623  095039  46  47.9170 N  60  57.4530 W   3.2        4.5       10.0       12.1      157.5 
040623  095041  46  47.9170 N  60  57.4550 W   1.6        4.5       10.0       12.1      268.3 
040623  095043  46  47.9160 N  60  57.4560 W   2.9        4.5       12.7       12.1      268.3 
040623  095045  46  47.9160 N  60  57.4580 W   1.7        4.5       12.7       12.1      268.3 
040623  095047  46  47.9160 N  60  57.4590 W   2.3        4.5       12.7       12.1      268.3 
040623  095049  46  47.9150 N  60  57.4610 W   2.0        4.5       12.7       12.1      268.3 
040623  095051  46  47.9150 N  60  57.4630 W   1.7        4.5       12.7       12.1      268.3 
040623  095053  46  47.9150 N  60  57.4640 W   1.5        4.5       12.7       12.1      112.6 
040623  095055  46  47.9150 N  60  57.4650 W   1.0        4.5       12.7       12.1      112.6 
040623  095057  46  47.9150 N  60  57.4660 W   1.2        3.4       12.7        6.6      143.4 
040623  095059  46  47.9150 N  60  57.4670 W   0.5        3.4       12.7        6.6      143.4 
040623  095101  46  47.9150 N  60  57.4670 W   0.7        3.4       12.7       11.1      143.4 
040623  095103  46  47.9150 N  60  57.4680 W   0.1        3.4       12.7       11.1       83.1 
040623  095105  46  47.9150 N  60  57.4670 W   0.4        3.4       12.7       11.1       83.1 
040623  095107  46  47.9150 N  60  57.4670 W   0.1        3.4       12.7       13.6       83.1 
040623  095109  46  47.9150 N  60  57.4670 W   0.7        3.4       12.0       13.6      144.3 
040623  095111  46  47.9160 N  60  57.4670 W   0.4        3.4       12.0       13.6      144.3 
040623  095113  46  47.9160 N  60  57.4670 W   1.1        3.4       12.0        2.0       55.4 
040623  095115  46  47.9160 N  60  57.4670 W   0.5        3.4       12.0        2.0       55.4 
040623  095117  46  47.9170 N  60  57.4660 W   1.6        3.4       12.0       16.9       55.4 
040623  095119  46  47.9170 N  60  57.4660 W   0.2        3.4       12.0       16.9      114.8 
040623  095121  46  47.9180 N  60  57.4650 W   1.5        3.4       12.0       16.9      114.8 
040623  095123  46  47.9180 N  60  57.4650 W   0.3        3.4       12.0       16.9      114.8 
040623  095125  46  47.9180 N  60  57.4650 W   0.9        3.4       12.0       16.9      192.2 
040623  095127  46  47.9190 N  60  57.4650 W   0.6        3.4        4.3       16.9      192.2 
040623  095129  46  47.9190 N  60  57.4650 W   0.3        3.4        4.3       13.9      192.2 
040623  095131  46  47.9200 N  60  57.4650 W   0.5        3.4        4.3       13.9      192.2 
040623  095133  46  47.9200 N  60  57.4650 W   0.3        3.9        4.3       13.9      192.2 
040623  095135  46  47.9200 N  60  57.4650 W   0.4        3.9        4.3       13.9      192.2 
040623  095137  46  47.9200 N  60  57.4660 W   0.3        3.9        4.3       13.9      192.2 
040623  095139  46  47.9200 N  60  57.4650 W   0.5        3.9        5.2       13.9      192.2 
040623  095141  46  47.9200 N  60  57.4660 W   0.5        3.9        5.2       13.9      140.8 
040623  095143  46  47.9210 N  60  57.4660 W   0.5        3.9        5.2       13.9      140.8 
040623  095145  46  47.9210 N  60  57.4660 W   0.8        3.9        5.2       13.9      140.8 
040623  095147  46  47.9210 N  60  57.4670 W   0.5        7.0        5.2       13.9      160.1 
040623  095149  46  47.9210 N  60  57.4670 W   0.9        7.0        5.2        8.4      160.1 
040623  095151  46  47.9210 N  60  57.4670 W   0.3        7.0        5.2        8.4      160.1 
040623  095153  46  47.9210 N  60  57.4680 W   0.7        7.0        4.3        8.4      102.5 
040623  095155  46  47.9210 N  60  57.4680 W   0.8        7.0        4.3       21.9      102.5 
040623  095157  46  47.9210 N  60  57.4690 W   0.8        7.0        4.3       21.9       51.9 
040623  095159  46  47.9200 N  60  57.4700 W   1.1        7.0       12.1       21.9       51.9 
040623  095201  46  47.9200 N  60  57.4710 W   1.1        7.0       12.1       21.9       51.9 
040623  095203  46  47.9190 N  60  57.4720 W   1.3        7.0       12.1       21.9      113.0 
040623  095205  46  47.9190 N  60  57.4730 W   1.1        7.0        2.9        7.7      113.0 
040623  095207  46  47.9190 N  60  57.4730 W   1.9        7.0        2.9        7.7      113.0 
040623  095209  46  47.9180 N  60  57.4740 W   1.0        7.0        2.9        7.7       68.6 
040623  095211  46  47.9180 N  60  57.4750 W   2.1        7.0        2.9        3.2       68.6 
040623  095213  46  47.9170 N  60  57.4770 W   1.3        2.2        2.9        3.2      140.8 
040623  095215  46  47.9170 N  60  57.4780 W   2.0        2.2        2.9        3.4      140.8 
040623  095217  46  47.9160 N  60  57.4790 W   1.4        2.2        2.9        3.4      140.8 
040623  095219  46  47.9150 N  60  57.4800 W   1.6        2.2        2.5        3.4      226.1 
040623  095221  46  47.9140 N  60  57.4810 W   0.9        2.2        2.5       11.5      226.1 
040623  095223  46  47.9140 N  60  57.4820 W   1.7        2.2        2.5       11.5      226.1 
040623  095225  46  47.9140 N  60  57.4820 W   0.5        2.2        2.5       11.5      226.1 
040623  095227  46  47.9130 N  60  57.4830 W   1.7        2.7        2.5       11.5      226.1 
040623  095229  46  47.9130 N  60  57.4840 W   0.5        2.7        2.5       11.5       77.4 
040623  095231  46  47.9130 N  60  57.4840 W   1.5        2.7        2.5        6.1       77.4 
040623  095233  46  47.9120 N  60  57.4850 W   0.5        2.7        2.4        6.1       77.4 
040623  095235  46  47.9120 N  60  57.4860 W   1.0        2.7        2.4        6.1       99.0 
040623  095237  46  47.9120 N  60  57.4860 W   0.7        2.7        2.4        6.1       99.0 
040623  095239  46  47.9120 N  60  57.4860 W   0.4        3.0        2.4        6.1       99.0 
040623  095241  46  47.9120 N  60  57.4870 W   0.8        3.0        2.4        9.1       39.6 
040623  095243  46  47.9120 N  60  57.4870 W   0.6        3.0        2.4        9.1       39.6 
040623  095245  46  47.9120 N  60  57.4880 W   0.8        3.0        2.4        9.1       39.6 
040623  095247  46  47.9120 N  60  57.4880 W   1.0        3.0        2.4        9.1      104.7 
040623  095249  46  47.9130 N  60  57.4890 W   1.0        3.0        2.4        9.1      104.7 
040623  095251  46  47.9130 N  60  57.4890 W   1.1        3.0       11.0        9.1       83.6 
040623  095253  46  47.9130 N  60  57.4900 W   0.8        3.0       11.0        9.1       83.6 
040623  095255  46  47.9120 N  60  57.4890 W   0.8        3.0       11.0        9.1       83.6 
040623  095257  46  47.9130 N  60  57.4900 W   0.7        3.0       11.0        9.1       54.5 
040623  095259  46  47.9130 N  60  57.4900 W   0.7        3.0       11.0        9.1       54.5 
040623  095301  46  47.9140 N  60  57.4900 W   0.7        3.0       11.0        9.1       54.5 
040623  095303  46  47.9140 N  60  57.4910 W   0.7        3.0       10.3        9.1       48.4 
040623  095305  46  47.9150 N  60  57.4910 W   0.7        3.0       10.3        9.1       48.4 
