FileName: C:\NETMIN~1\GP263.TXT
Local Time: Tue Jun 22 09:11:03 2004

Ship: Marco Michel Trip: 01 Tow: gp263
Comments: Pre season suvey 19
 Date    Time     Latitude       Longitude    Speed    Primary  Secondary DoorSpread      Depth 
040622  121107  46  38.2230 N  61  13.3710 W   4.7        3.7       10.6        8.8      648.8 
040622  121109  46  38.2240 N  61  13.3680 W   4.5        3.7       10.6        8.8      648.8 
040622  121111  46  38.2250 N  61  13.3650 W   4.6        3.7       10.6        8.8      648.8 
040622  121113  46  38.2260 N  61  13.3620 W   5.0        3.7       10.6        8.8      648.8 
040622  121115  46  38.2280 N  61  13.3590 W   5.0        3.7       10.6        8.8      648.8 
040622  121117  46  38.2300 N  61  13.3550 W   5.4        3.7       10.6        8.8      648.8 
040622  121119  46  38.2310 N  61  13.3520 W   5.4        3.7       10.6        8.8      648.8 
040622  121121  46  38.2330 N  61  13.3480 W   5.5        3.7       10.6        8.8      648.8 
040622  121123  46  38.2350 N  61  13.3440 W   5.5        3.7       10.6        8.8      648.8 
040622  121125  46  38.2370 N  61  13.3410 W   5.6        3.7       10.6        8.8      648.8 
040622  121127  46  38.2390 N  61  13.3370 W   5.5        3.7       10.6        8.8      648.8 
040622  121129  46  38.2410 N  61  13.3340 W   5.6        3.7       10.6        8.8      648.8 
040622  121131  46  38.2440 N  61  13.3310 W   5.7        3.7       10.6        8.8      648.8 
040622  121133  46  38.2460 N  61  13.3280 W   5.3        3.7       10.6        8.8      648.8 
040622  121135  46  38.2480 N  61  13.3260 W   5.3        3.7       10.6        8.8      648.8 
040622  121137  46  38.2510 N  61  13.3240 W   5.4        3.7       10.6        8.8      648.8 
040622  121139  46  38.2540 N  61  13.3220 W   5.3        3.7       10.6        8.8      648.8 
040622  121141  46  38.2560 N  61  13.3190 W   5.5        3.7       10.6        8.8      648.8 
040622  121143  46  38.2590 N  61  13.3170 W   5.4        3.7       10.6        8.8      648.8 
040622  121145  46  38.2620 N  61  13.3160 W   5.6        3.7       10.6        8.8      648.8 
040622  121147  46  38.2640 N  61  13.3140 W   5.7        3.7       10.6        8.8      648.8 
040622  121149  46  38.2670 N  61  13.3110 W   5.9        3.7       10.6        8.8      648.8 
040622  121151  46  38.2700 N  61  13.3070 W   6.7        3.7       10.6        8.8      648.8 
040622  121153  46  38.2730 N  61  13.3040 W   6.8        3.7       10.6        8.8      648.8 
040622  121155  46  38.2760 N  61  13.3010 W   7.0        3.7       10.6        8.8      648.8 
040622  121157  46  38.2800 N  61  13.2980 W   6.8        3.7       10.6        8.8      648.8 
040622  121159  46  38.2830 N  61  13.2950 W   7.2        3.7       10.6        8.8      648.8 
040622  121201  46  38.2860 N  61  13.2920 W   7.1        3.7       10.6        8.8      648.8 
040622  121203  46  38.2890 N  61  13.2890 W   7.1        3.7       10.6        8.8      648.8 
040622  121205  46  38.2930 N  61  13.2860 W   6.8        3.7       10.6        8.8      648.8 
040622  121207  46  38.2960 N  61  13.2830 W   6.6        3.7       10.6        8.8      648.8 
040622  121209  46  38.2990 N  61  13.2810 W   6.2        3.7       10.6        3.1      648.8 
040622  121211  46  38.3010 N  61  13.2780 W   5.7        3.7       10.6        3.1      648.8 
040622  121213  46  38.3040 N  61  13.2750 W   5.4        3.7       10.6        3.1      648.8 
040622  121215  46  38.3060 N  61  13.2730 W   4.8        3.7       10.6        3.1      648.8 
040622  121217  46  38.3090 N  61  13.2720 W   4.8        3.7        9.8        3.1       84.9 
040622  121219  46  38.3110 N  61  13.2700 W   4.4        3.7        9.8        3.9       84.9 
040622  121221  46  38.3130 N  61  13.2680 W   4.2        3.7        9.8        3.9       84.9 
040622  121223  46  38.3140 N  61  13.2660 W   4.1        3.7        9.8        2.5       84.9 
040622  121225  46  38.3160 N  61  13.2650 W   4.0        3.7        9.8        2.5       84.9 
040622  121227  46  38.3180 N  61  13.2630 W   3.7        3.7        9.8        2.5       84.9 
040622  121229  46  38.3200 N  61  13.2610 W   4.0        3.7        9.8        3.0       84.9 
040622  121231  46  38.3220 N  61  13.2600 W   3.4        3.7        9.8        3.0       84.9 
040622  121233  46  38.3240 N  61  13.2580 W   3.8        3.7        9.8        3.0       32.1 
040622  121235  46  38.3250 N  61  13.2560 W   3.2        3.7        9.8        3.2       32.1 
040622  121237  46  38.3270 N  61  13.2540 W   3.7        3.7        9.8        3.2       32.1 
040622  121239  46  38.3290 N  61  13.2530 W   3.4        3.7        9.8        3.4        1.8 
040622  121241  46  38.3300 N  61  13.2520 W   3.6        2.2        9.8        3.4        1.8 
040622  121243  46  38.3320 N  61  13.2500 W   3.7        2.2        9.8        3.4        1.8 
040622  121245  46  38.3340 N  61  13.2490 W   3.5        2.2        9.8        3.2        1.8 
040622  121247  46  38.3360 N  61  13.2470 W   3.7        2.2        9.8        3.2        1.8 
040622  121249  46  38.3380 N  61  13.2460 W   3.4        2.2        9.8        2.4        0.4 
040622  121251  46  38.3380 N  61  13.2460 W   3.4        2.2        9.8        2.4        0.4 
040622  121253  46  38.3400 N  61  13.2430 W   3.6        2.2       11.1        2.4        0.4 
040622  121255  46  38.3420 N  61  13.2420 W   3.3        2.2       11.1        2.7        7.0 
040622  121257  46  38.3440 N  61  13.2400 W   3.3        2.2       11.1        2.7        7.0 
040622  121259  46  38.3450 N  61  13.2390 W   3.3        2.2        2.3        3.2        5.3 
040622  121301  46  38.3470 N  61  13.2380 W   3.1        2.2        2.3        3.2        5.3 
040622  121303  46  38.3480 N  61  13.2360 W   3.6        2.2        2.3        3.2        5.3 
040622  121305  46  38.3500 N  61  13.2350 W   3.0        3.0        2.3        2.4        6.6 
040622  121307  46  38.3520 N  61  13.2340 W   4.0        3.0        2.3        2.4        6.6 
040622  121309  46  38.3540 N  61  13.2310 W   4.2        3.0        2.3        2.4       18.0 
040622  121311  46  38.3560 N  61  13.2300 W   5.0        3.0        2.3        3.9       18.0 
040622  121313  46  38.3590 N  61  13.2280 W   5.3        3.0        2.3        3.9       18.0 
040622  121315  46  38.3610 N  61  13.2260 W   5.9        3.0        2.3        8.9       18.0 
040622  121317  46  38.3640 N  61  13.2240 W   6.2        3.0        2.3        8.9       18.0 
040622  121319  46  38.3670 N  61  13.2210 W   6.4        3.0        2.3        8.9       18.0 
040622  121321  46  38.3710 N  61  13.2180 W   6.7        3.0        2.3        3.5       18.0 
040622  121323  46  38.3740 N  61  13.2160 W   6.7        3.0        2.3        3.5       18.0 
040622  121325  46  38.3780 N  61  13.2130 W   7.1        3.0        2.3        3.5       18.0 
040622  121327  46  38.3810 N  61  13.2100 W   7.4        3.0        2.3        3.5       18.0 
040622  121329  46  38.3850 N  61  13.2070 W   7.4        3.0        2.3        3.5       18.0 
040622  121331  46  38.3890 N  61  13.2040 W   7.5        3.0        2.3        3.5       18.0 
040622  121333  46  38.3930 N  61  13.2010 W   7.6        3.0        2.3        3.5       18.0 
040622  121335  46  38.3960 N  61  13.1990 W   7.5        3.0        2.3        3.5       18.0 
040622  121337  46  38.3990 N  61  13.1960 W   7.6        3.0        2.3        3.5       18.0 
040622  121339  46  38.4030 N  61  13.1930 W   7.7        3.0        2.3        3.5       18.0 
040622  121341  46  38.4070 N  61  13.1900 W   7.9        3.0        2.3        4.8       18.0 
040622  121343  46  38.4110 N  61  13.1860 W   7.6        3.0        2.3        4.8       18.0 
040622  121345  46  38.4150 N  61  13.1840 W   7.7        3.0        2.3        4.8       18.0 
040622  121347  46  38.4180 N  61  13.1800 W   7.7        3.0        2.3        4.8       18.0 
040622  121349  46  38.4220 N  61  13.1770 W   7.6        3.0        2.3        4.8       18.0 
040622  121351  46  38.4260 N  61  13.1740 W   7.8        3.0        2.3        4.8       18.0 
040622  121353  46  38.4290 N  61  13.1710 W   7.7        3.0        2.3        4.8       18.0 
040622  121355  46  38.4330 N  61  13.1680 W   7.7        3.0        2.3        4.8       18.0 
040622  121357  46  38.4370 N  61  13.1650 W   7.7        3.0        2.3        4.8       18.0 
040622  121359  46  38.4400 N  61  13.1620 W   7.6        3.0        2.3        4.8       18.0 
040622  121401  46  38.4440 N  61  13.1590 W   7.7        3.0        2.3        4.8       18.0 
040622  121403  46  38.4480 N  61  13.1560 W   7.7        3.0        2.3        4.8       18.0 
040622  121405  46  38.4520 N  61  13.1530 W   7.8        3.0        2.3        4.8       18.0 
040622  121407  46  38.4560 N  61  13.1500 W   7.8        3.0        2.3        4.8       18.0 
040622  121409  46  38.4590 N  61  13.1470 W   7.5        3.0        2.3      125.4       18.0 
040622  121411  46  38.4630 N  61  13.1440 W   7.5        3.0        2.3      125.4       18.0 
040622  121413  46  38.4670 N  61  13.1410 W   7.6        3.0        2.3      125.4       18.0 
040622  121415  46  38.4700 N  61  13.1380 W   7.6        3.0        2.3       62.1       18.0 
040622  121417  46  38.4740 N  61  13.1350 W   7.5        3.0        2.3       62.1       18.0 
040622  121419  46  38.4780 N  61  13.1320 W   7.6        3.0        2.3       62.1       18.0 
040622  121421  46  38.4810 N  61  13.1300 W   7.4        3.0        2.3       62.1       18.0 
040622  121423  46  38.4850 N  61  13.1270 W   7.6        3.0        2.3       62.1       18.0 
040622  121425  46  38.4880 N  61  13.1250 W   7.4        3.0        2.3       62.1       18.0 
040622  121427  46  38.4920 N  61  13.1210 W   7.5        3.0        2.3       62.1       18.0 
040622  121429  46  38.4950 N  61  13.1180 W   7.4        3.0        2.3       62.1       18.0 
040622  121431  46  38.4990 N  61  13.1160 W   7.4        3.0        2.3       62.1       18.0 
040622  121433  46  38.5030 N  61  13.1130 W   7.5        3.0        2.3       62.1       18.0 
040622  121435  46  38.5060 N  61  13.1110 W   7.4        3.0        2.3       62.1       18.0 
040622  121437  46  38.5100 N  61  13.1080 W   7.2        3.0        2.3       62.1       18.0 
040622  121439  46  38.5140 N  61  13.1060 W   7.6        3.0        2.3       62.1       18.0 
040622  121441  46  38.5170 N  61  13.1030 W   7.0        3.0        2.3       62.1       18.0 
040622  121443  46  38.5210 N  61  13.1010 W   7.2        2.1        2.3       62.1       18.0 
040622  121445  46  38.5250 N  61  13.0990 W   7.1        2.1        2.3       62.1       32.6 
040622  121447  46  38.5290 N  61  13.0970 W   6.9        2.1        2.3       62.1       32.6 
040622  121449  46  38.5330 N  61  13.0950 W   6.9        2.1        2.3       62.1       23.8 
040622  121451  46  38.5360 N  61  13.0920 W   6.7        2.1        2.3       62.1       23.8 
040622  121453  46  38.5400 N  61  13.0900 W   6.9        2.1        2.3       62.1       23.8 
040622  121455  46  38.5430 N  61  13.0880 W   6.8        2.1        2.3       62.1       62.0 
040622  121457  46  38.5470 N  61  13.0860 W   6.7        2.1        2.3       62.1       62.0 
040622  121459  46  38.5500 N  61  13.0850 W   6.9        2.1        2.3       62.1       62.0 
040622  121501  46  38.5540 N  61  13.0830 W   6.7        2.1        2.3       62.1       12.8 
040622  121503  46  38.5570 N  61  13.0810 W   6.8        2.1        2.3       62.1       12.8 
040622  121505  46  38.5610 N  61  13.0800 W   6.6        2.1        2.3       62.1       12.8 
040622  121507  46  38.5640 N  61  13.0780 W   6.8        2.1        2.3       62.1       12.8 
040622  121509  46  38.5680 N  61  13.0760 W   6.5        2.1        2.3       62.1       12.8 
040622  121511  46  38.5710 N  61  13.0750 W   6.1        2.1        2.3       62.1       12.8 
040622  121513  46  38.5750 N  61  13.0730 W   6.4        2.1        2.3       62.1       12.8 
040622  121515  46  38.5780 N  61  13.0710 W   5.7        2.1        2.3       62.1       12.8 
040622  121517  46  38.5810 N  61  13.0700 W   5.4        2.1        2.3        8.1       35.6 
040622  121519  46  38.5830 N  61  13.0680 W   4.9        2.1        2.3        8.1       35.6 
040622  121521  46  38.5850 N  61  13.0660 W   4.4        2.1        2.3        8.1       41.8 
040622  121523  46  38.5870 N  61  13.0650 W   4.0        2.1        2.3        7.5       41.8 
040622  121525  46  38.5890 N  61  13.0630 W   3.9        2.1        2.3        7.5       41.8 
040622  121527  46  38.5900 N  61  13.0620 W   3.4        2.1        2.3        9.3       42.7 
040622  121529  46  38.5920 N  61  13.0600 W   3.4        2.1        2.3        9.3       42.7 
040622  121531  46  38.5940 N  61  13.0600 W   3.1        2.1       10.0        9.3       42.7 
040622  121533  46  38.5950 N  61  13.0590 W   3.1        2.1       10.0        5.5       43.1 
040622  121535  46  38.5970 N  61  13.0570 W   2.9        2.1       10.0        5.5       43.1 
040622  121537  46  38.5980 N  61  13.0560 W   2.8        2.1       10.0        7.1       44.9 
040622  121539  46  38.5990 N  61  13.0550 W   2.8        2.1       10.0        7.1       44.9 
040622  121541  46  38.6010 N  61  13.0540 W   2.6        2.1       10.0        7.1       44.9 
040622  121543  46  38.6020 N  61  13.0530 W   2.7        2.1       10.5        6.0       51.9 
040622  121545  46  38.6030 N  61  13.0520 W   2.3        2.1       10.5        6.0       51.9 
040622  121547  46  38.6040 N  61  13.0510 W   2.6        2.1       10.5        6.6       50.6 
040622  121549  46  38.6060 N  61  13.0500 W   2.1        2.1       10.5        6.6       50.6 
040622  121551  46  38.6070 N  61  13.0490 W   2.5        2.1       10.5        6.6       50.6 
040622  121553  46  38.6080 N  61  13.0480 W   2.2        2.1       10.5        6.6       40.9 
040622  121555  46  38.6090 N  61  13.0470 W   2.4        2.1       10.5        6.6       40.9 
040622  121557  46  38.6100 N  61  13.0470 W   2.2        2.1       10.5        6.6       40.9 
040622  121559  46  38.6110 N  61  13.0460 W   2.2        2.1       10.5        5.2       51.0 
040622  121601  46  38.6130 N  61  13.0450 W   2.3        2.1       10.5        5.2       51.0 
040622  121603  46  38.6140 N  61  13.0440 W   2.0        2.1       10.5        5.2       58.5 
040622  121605  46  38.6150 N  61  13.0430 W   2.3        2.1       10.5        6.1       58.5 
040622  121607  46  38.6160 N  61  13.0420 W   2.1        2.1       10.5        6.1       58.5 
040622  121609  46  38.6170 N  61  13.0420 W   2.1        2.1       10.5        6.1       50.6 
040622  121611  46  38.6180 N  61  13.0410 W   2.3        2.1       10.5        6.1       50.6 
040622  121613  46  38.6190 N  61  13.0400 W   2.2        2.1        2.2        6.1       50.6 
040622  121615  46  38.6200 N  61  13.0390 W   2.3        2.1        2.2        6.1       58.1 
040622  121617  46  38.6220 N  61  13.0380 W   2.2        2.1        2.2        6.1       58.1 
040622  121619  46  38.6230 N  61  13.0370 W   2.2        3.8        2.2        5.7       59.4 
040622  121621  46  38.6230 N  61  13.0360 W   2.3        3.8        2.2        5.7       59.4 
040622  121623  46  38.6240 N  61  13.0360 W   2.1        3.8        2.2        5.7       59.4 
040622  121625  46  38.6250 N  61  13.0350 W   2.3        3.8        2.6        5.0       62.5 
040622  121627  46  38.6260 N  61  13.0340 W   2.2        3.8        2.6        5.0       62.5 
040622  121629  46  38.6280 N  61  13.0330 W   2.2        3.8        2.6        5.0       62.5 
040622  121631  46  38.6290 N  61  13.0320 W   2.4        3.8        2.6        6.3       65.5 
040622  121633  46  38.6300 N  61  13.0320 W   2.0        4.0        2.6        6.3       65.5 
040622  121635  46  38.6310 N  61  13.0310 W   2.4        4.0        2.6        5.1       66.0 
040622  121637  46  38.6320 N  61  13.0290 W   2.1        4.0        2.6        5.1       66.0 
040622  121639  46  38.6330 N  61  13.0290 W   2.2        4.0        2.2        5.1       66.0 
040622  121641  46  38.6340 N  61  13.0280 W   2.3        4.0        2.2        5.6       69.9 
040622  121643  46  38.6350 N  61  13.0270 W   2.2        4.0        2.2        5.6       69.9 
040622  121645  46  38.6360 N  61  13.0260 W   2.2        4.0        2.2        5.9       69.9 
040622  121647  46  38.6370 N  61  13.0260 W   2.3       13.1        2.2        5.9       76.1 
040622  121649  46  38.6380 N  61  13.0250 W   2.2       13.1        2.2        5.9       76.1 
040622  121651  46  38.6390 N  61  13.0240 W   2.4       13.1        2.2        6.9       76.1 
040622  121653  46  38.6400 N  61  13.0230 W   2.1       13.1        4.5        6.9       72.1 
040622  121655  46  38.6410 N  61  13.0220 W   2.2       13.1        4.5        6.9       72.1 
040622  121657  46  38.6430 N  61  13.0210 W   2.3       13.1        4.5        6.3      118.3 
040622  121659  46  38.6440 N  61  13.0210 W   2.0       13.1        4.5        6.3      118.3 
040622  121701  46  38.6450 N  61  13.0200 W   2.3        5.1        4.5        7.0      118.3 
040622  121703  46  38.6460 N  61  13.0190 W   2.1        5.1        4.5        7.0       36.9 
040622  121705  46  38.6470 N  61  13.0180 W   2.4        5.1        4.5        7.0       36.9 
040622  121707  46  38.6480 N  61  13.0180 W   1.9        5.1        4.5        7.4       36.9 
040622  121709  46  38.6490 N  61  13.0170 W   2.5        5.1        4.5        7.4       80.5 
040622  121711  46  38.6500 N  61  13.0160 W   1.9        5.1        4.5        8.6       80.5 
040622  121713  46  38.6510 N  61  13.0150 W   2.3        5.1       11.9        8.6       75.2 
040622  121715  46  38.6520 N  61  13.0140 W   2.1        5.1       11.9        8.6       75.2 
040622  121717  46  38.6540 N  61  13.0130 W   2.0        5.1       11.9        9.2       75.2 
040622  121719  46  38.6550 N  61  13.0130 W   2.4        5.1       11.9        9.2       84.5 
040622  121721  46  38.6550 N  61  13.0120 W   1.9        5.1       11.9        9.2       84.5 
040622  121723  46  38.6560 N  61  13.0110 W   2.3        5.1       11.9        9.3       84.5 
040622  121725  46  38.6570 N  61  13.0100 W   2.1        5.1       11.9        9.3      104.7 
040622  121727  46  38.6580 N  61  13.0090 W   2.0        5.1       11.9        9.3      104.7 
040622  121729  46  38.6600 N  61  13.0090 W   2.3        5.1       11.9       11.1       55.0 
040622  121731  46  38.6610 N  61  13.0080 W   2.0        5.1       11.9       11.1       55.0 
040622  121733  46  38.6620 N  61  13.0070 W   2.1        5.1       11.9       11.5       55.0 
040622  121735  46  38.6620 N  61  13.0060 W   2.2        5.1       10.3       11.5       80.5 
040622  121737  46  38.6640 N  61  13.0050 W   2.0        5.1       10.3       11.5       80.5 
040622  121739  46  38.6640 N  61  13.0050 W   2.3        5.1       10.3       11.5       80.5 
040622  121741  46  38.6660 N  61  13.0040 W   1.9        5.1       10.3       11.5       80.5 
040622  121743  46  38.6660 N  61  13.0030 W   2.4        5.1       10.3        9.7       80.5 
040622  121745  46  38.6670 N  61  13.0020 W   1.8        5.1       10.3        9.7       80.9 
040622  121747  46  38.6680 N  61  13.0010 W   2.3        5.1       10.3        9.7       80.9 
040622  121749  46  38.6690 N  61  13.0010 W   1.9        5.1       11.0        9.7       80.9 
040622  121751  46  38.6700 N  61  13.0000 W   2.3        5.1       11.0        9.7       78.7 
040622  121753  46  38.6720 N  61  12.9990 W   2.2        5.1       11.0        9.7       78.7 
040622  121755  46  38.6730 N  61  12.9980 W   2.1        5.1       11.0        9.9       78.7 
040622  121757  46  38.6740 N  61  12.9970 W   2.4        5.1       11.0        9.9       82.3 
040622  121759  46  38.6750 N  61  12.9960 W   2.1        5.1       11.3       10.4       82.3 
040622  121801  46  38.6760 N  61  12.9960 W   2.3        5.1       11.3       10.4       80.5 
040622  121803  46  38.6770 N  61  12.9950 W   2.2        5.1       11.3       10.4       80.5 
040622  121805  46  38.6780 N  61  12.9940 W   2.3        5.1       11.3       10.3       80.5 
040622  121807  46  38.6790 N  61  12.9930 W   2.2        5.1       11.3       10.3       80.1 
040622  121809  46  38.6800 N  61  12.9920 W   2.1        5.1       11.3       10.3       80.1 
040622  121811  46  38.6810 N  61  12.9910 W   2.2        5.1       10.9       10.9       80.1 
040622  121813  46  38.6820 N  61  12.9910 W   2.1        5.1       10.9       10.9       80.5 
040622  121815  46  38.6830 N  61  12.9900 W   2.3        5.1       10.9       11.6       80.5 
040622  121817  46  38.6850 N  61  12.9890 W   2.1        5.1       10.9       11.6       80.5 
040622  121819  46  38.6860 N  61  12.9880 W   2.4        5.1       10.9       11.6      204.5 
040622  121821  46  38.6870 N  61  12.9880 W   2.1        5.1       10.9       11.5      204.5 
040622  121823  46  38.6880 N  61  12.9870 W   2.2        5.1        9.5       11.5      204.5 
040622  121825  46  38.6890 N  61  12.9860 W   2.2        5.1        9.5       11.5      204.5 
040622  121827  46  38.6900 N  61  12.9850 W   2.2        5.1        9.5       11.5      204.5 
040622  121829  46  38.6910 N  61  12.9850 W   2.2        5.1        9.5       11.5       80.5 
040622  121831  46  38.6920 N  61  12.9840 W   2.2        5.1        9.5       12.6       80.5 
040622  121833  46  38.6930 N  61  12.9820 W   1.8        5.1        9.5       12.6       80.5 
040622  121835  46  38.6940 N  61  12.9820 W   1.7        5.1       11.3       12.6       80.9 
040622  121837  46  38.6950 N  61  12.9800 W   1.8        5.1       11.3       13.1       80.9 
040622  121839  46  38.6960 N  61  12.9800 W   1.8        5.1       11.3       13.1       80.1 
040622  121841  46  38.6960 N  61  12.9790 W   1.9        5.1       11.3       13.1       80.1 
040622  121843  46  38.6980 N  61  12.9780 W   2.0        5.1       11.3       13.1       80.1 
040622  121845  46  38.6990 N  61  12.9780 W   1.9        5.1       11.3       13.1       81.8 
040622  121847  46  38.7000 N  61  12.9770 W   1.9        5.1       11.2       13.1       81.8 
040622  121849  46  38.7000 N  61  12.9760 W   2.0        5.1       11.2       13.1       81.8 
040622  121851  46  38.7010 N  61  12.9750 W   2.1        5.1       11.2       13.1       78.7 
040622  121853  46  38.7020 N  61  12.9740 W   1.9        5.1       11.2       11.8       78.7 
040622  121855  46  38.7030 N  61  12.9740 W   2.0        5.1       11.2       11.8       81.4 
040622  121857  46  38.7040 N  61  12.9730 W   2.1        5.1       11.2       11.8       81.4 
040622  121900  46  38.7060 N  61  12.9720 W   1.9        5.1       11.2       11.8       81.4 
040622  121901  46  38.7060 N  61  12.9710 W   1.9        5.1       11.2       11.8       81.8 
040622  121903  46  38.7070 N  61  12.9700 W   2.2        5.1       11.2       11.8       81.8 
040622  121905  46  38.7080 N  61  12.9700 W   1.9        5.1       11.2       11.8       81.8 
040622  121907  46  38.7090 N  61  12.9690 W   2.2        5.1       11.2       11.8       78.7 
040622  121909  46  38.7100 N  61  12.9680 W   2.0        5.1       11.2       12.2       78.7 
040622  121911  46  38.7110 N  61  12.9670 W   2.2        5.1       10.6       12.2       81.4 
040622  121913  46  38.7120 N  61  12.9660 W   1.9        5.1       10.6       12.2       81.4 
040622  121915  46  38.7130 N  61  12.9650 W   2.3        5.1       10.6       12.2       81.4 
040622  121917  46  38.7140 N  61  12.9650 W   1.8        5.1       10.6       12.2       82.3 
040622  121919  46  38.7150 N  61  12.9640 W   2.5        5.1       10.6       12.2       82.3 
040622  121921  46  38.7160 N  61  12.9630 W   1.6        5.1       10.6       12.2       82.3 
040622  121923  46  38.7170 N  61  12.9620 W   2.5        5.1        9.6       12.7       81.4 
040622  121925  46  38.7180 N  61  12.9610 W   1.8        5.1        9.6       12.7       81.4 
040622  121927  46  38.7190 N  61  12.9610 W   2.3        5.1        9.6       12.7       81.4 
040622  121929  46  38.7200 N  61  12.9600 W   1.8        5.1        9.6       11.5       79.6 
040622  121931  46  38.7210 N  61  12.9590 W   2.3        5.1        9.6       11.5       79.6 
040622  121933  46  38.7220 N  61  12.9590 W   2.0        5.1        9.6       11.5       82.3 
040622  121935  46  38.7230 N  61  12.9570 W   2.3        5.1        8.6       11.0       82.3 
040622  121937  46  38.7240 N  61  12.9570 W   2.0        5.1        8.6       11.0       82.3 
040622  121939  46  38.7240 N  61  12.9560 W   2.1        5.1        8.6       11.8       81.4 
040622  121942  46  38.7260 N  61  12.9540 W   1.9        5.1        8.6       11.8       81.4 
040622  121943  46  38.7260 N  61  12.9540 W   2.1        5.1        8.6       11.8       81.4 
040622  121945  46  38.7270 N  61  12.9530 W   2.0        5.1        8.6       12.8       81.8 
040622  121947  46  38.7290 N  61  12.9530 W   2.2        5.1       10.3       12.8       81.8 
040622  121949  46  38.7300 N  61  12.9520 W   2.0        5.1       10.3       12.8       80.5 
040622  121951  46  38.7300 N  61  12.9510 W   2.3        5.1       10.3       12.8       80.5 
040622  121953  46  38.7320 N  61  12.9500 W   1.8        5.1       10.3       12.8       80.5 
040622  121955  46  38.7320 N  61  12.9490 W   2.3        5.1       10.3       13.0       81.8 
040622  121957  46  38.7330 N  61  12.9480 W   1.9        5.1       10.3       13.0       81.8 
040622  121959  46  38.7350 N  61  12.9480 W   2.3        5.1       11.4       13.0       81.8 
040622  122001  46  38.7350 N  61  12.9470 W   2.1        5.1       11.4       13.0       81.4 
040622  122003  46  38.7370 N  61  12.9460 W   2.0        5.1       11.4       13.0       81.4 
040622  122006  46  38.7380 N  61  12.9450 W   2.1        5.1       11.4       12.0       81.4 
040622  122008  46  38.7390 N  61  12.9450 W   2.0        5.1       11.4       12.0       81.4 
040622  122009  46  38.7400 N  61  12.9440 W   2.2        5.1       11.4       12.0      170.2 
040622  122012  46  38.7410 N  61  12.9420 W   2.0        5.1       10.8       12.0      170.2 
040622  122013  46  38.7420 N  61  12.9420 W   2.2        5.1       10.8       12.0      170.2 
040622  122015  46  38.7430 N  61  12.9420 W   2.0        5.1       10.8       12.0      170.2 
040622  122018  46  38.7440 N  61  12.9400 W   2.0        5.1       10.8       12.0      170.2 
040622  122019  46  38.7450 N  61  12.9400 W   2.0        5.1       10.8       12.0      170.2 
040622  122021  46  38.7460 N  61  12.9390 W   2.2        5.1       10.8       11.2       79.2 
040622  122024  46  38.7480 N  61  12.9380 W   2.1        5.1       10.8       11.2       79.2 
040622  122025  46  38.7480 N  61  12.9370 W   2.2        5.1       10.8       11.2       79.2 
040622  122027  46  38.7490 N  61  12.9360 W   2.2        5.1       10.8       11.5       81.8 
040622  122030  46  38.7510 N  61  12.9360 W   2.0        5.1       10.8       11.5       81.8 
040622  122031  46  38.7510 N  61  12.9350 W   2.1        5.1       10.8       11.5       81.8 
040622  122033  46  38.7520 N  61  12.9340 W   2.1        5.1       10.8       12.6       81.8 
040622  122036  46  38.7540 N  61  12.9330 W   1.9        5.1       11.5       12.6       81.8 
040622  122038  46  38.7550 N  61  12.9320 W   2.2        5.1       11.5       13.9       80.9 
040622  122039  46  38.7550 N  61  12.9320 W   2.1        5.1       11.5       13.9       80.9 
040622  122042  46  38.7570 N  61  12.9310 W   2.1        5.1       11.5       13.9       80.9 
040622  122043  46  38.7570 N  61  12.9300 W   2.1        5.1       11.5       13.0       81.4 
040622  122045  46  38.7580 N  61  12.9290 W   2.2        5.1       11.5       13.0       81.4 
040622  122048  46  38.7600 N  61  12.9280 W   2.1        5.1       10.4       13.0       81.4 
040622  122049  46  38.7600 N  61  12.9270 W   2.4        5.1       10.4       12.0       81.8 
040622  122051  46  38.7620 N  61  12.9260 W   1.8        5.1       10.4       12.0       81.8 
040622  122054  46  38.7630 N  61  12.9250 W   2.1        5.1       10.4       11.8       82.3 
040622  122055  46  38.7630 N  61  12.9250 W   1.9        5.1       10.4       11.8       82.3 
040622  122057  46  38.7640 N  61  12.9240 W   2.2        5.1       10.4       11.8       82.3 
040622  122100  46  38.7660 N  61  12.9230 W   2.3        5.1       10.4       11.8       80.1 
040622  122101  46  38.7660 N  61  12.9230 W   2.1        5.1       10.4       11.8       80.1 
040622  122103  46  38.7670 N  61  12.9220 W   2.2        5.1       10.4       11.8       80.1 
040622  122106  46  38.7690 N  61  12.9210 W   2.2        5.1       10.4       16.4       82.3 
040622  122108  46  38.7700 N  61  12.9200 W   2.1        5.1       10.4       16.4       82.3 
040622  122109  46  38.7700 N  61  12.9190 W   2.1        5.1       10.4        5.9       82.3 
040622  122112  46  38.7720 N  61  12.9180 W   2.1        5.1       10.4        5.9       79.2 
040622  122113  46  38.7720 N  61  12.9180 W   2.2        5.1       10.4        5.9       79.2 
040622  122115  46  38.7730 N  61  12.9170 W   2.1        5.1       10.4       10.6      113.0 
040622  122118  46  38.7750 N  61  12.9160 W   2.3        5.1       10.4       10.6      113.0 
040622  122119  46  38.7750 N  61  12.9160 W   2.0        5.1       10.4       10.6      113.0 
040622  122121  46  38.7770 N  61  12.9150 W   2.3        5.1       10.4       10.8       50.6 
040622  122124  46  38.7780 N  61  12.9130 W   2.2        5.1       11.7       10.8       50.6 
040622  122125  46  38.7790 N  61  12.9130 W   2.3        5.1       11.7       10.3       50.6 
040622  122127  46  38.7800 N  61  12.9120 W   1.9        5.1       11.7       10.3       81.4 
040622  122130  46  38.7810 N  61  12.9110 W   2.1        5.1       11.7       10.3       81.4 
040622  122131  46  38.7820 N  61  12.9110 W   1.9        5.1       11.7       10.8       80.1 
040622  122133  46  38.7830 N  61  12.9100 W   2.4        5.1       11.7       10.8       80.1 
040622  122136  46  38.7840 N  61  12.9080 W   2.1        5.1       11.2       10.9       80.1 
040622  122137  46  38.7850 N  61  12.9080 W   2.2        5.1       11.2       10.9       82.3 
040622  122139  46  38.7860 N  61  12.9070 W   2.1        5.1       11.2       10.9       82.3 
040622  122142  46  38.7870 N  61  12.9060 W   1.9        5.1       11.2       11.6       82.3 
040622  122143  46  38.7880 N  61  12.9060 W   2.0        5.1       11.2       11.6       82.3 
040622  122145  46  38.7890 N  61  12.9040 W   2.2        5.1       11.2       11.6       82.3 
040622  122148  46  38.7900 N  61  12.9040 W   2.2        5.1       11.2       12.7       82.3 
040622  122149  46  38.7910 N  61  12.9030 W   2.1        5.1       11.2       12.7       82.3 
040622  122151  46  38.7920 N  61  12.9020 W   2.2        5.1       11.2       12.7       82.3 
040622  122154  46  38.7940 N  61  12.9010 W   2.1        5.1       11.2       12.7       79.2 
040622  122155  46  38.7940 N  61  12.9010 W   2.2        5.1       11.2       12.7       79.2 
040622  122157  46  38.7950 N  61  12.9000 W   1.9        5.1       11.2       11.5       79.2 
040622  122200  46  38.7960 N  61  12.8990 W   2.3        5.1       11.2       11.5       80.9 
040622  122201  46  38.7970 N  61  12.8980 W   2.1        5.1       11.2       11.5       80.9 
040622  122203  46  38.7980 N  61  12.8970 W   2.2        5.1       11.2       11.0       80.9 
040622  122206  46  38.8000 N  61  12.8960 W   2.2        5.1       11.2       11.0       83.1 
040622  122207  46  38.8000 N  61  12.8960 W   2.2        5.1       11.2       10.6       83.1 
040622  122209  46  38.8010 N  61  12.8950 W   2.1        5.1       11.2       10.6       80.9 
040622  122212  46  38.8030 N  61  12.8940 W   2.2        5.1       10.3       10.6       80.9 
040622  122213  46  38.8030 N  61  12.8930 W   2.1        5.1       10.3       10.9       80.9 
040622  122215  46  38.8050 N  61  12.8930 W   2.2        5.1       10.3       10.9       81.4 
040622  122218  46  38.8060 N  61  12.8910 W   2.2        5.1       10.3       10.9       81.4 
040622  122219  46  38.8060 N  61  12.8910 W   2.1        5.1       10.3       10.3       81.4 
040622  122221  46  38.8080 N  61  12.8900 W   2.3        5.1       10.3       10.3       80.9 
040622  122224  46  38.8090 N  61  12.8890 W   2.1        5.1       11.3       10.2       80.9 
040622  122225  46  38.8100 N  61  12.8880 W   2.3        5.1       11.3       10.2       82.7 
040622  122227  46  38.8110 N  61  12.8870 W   1.8        5.1       11.3       10.2       82.7 
040622  122230  46  38.8120 N  61  12.8860 W   1.8        5.1       11.3       14.4       82.7 
040622  122231  46  38.8130 N  61  12.8860 W   1.6        5.1       11.3       14.4      189.1 
040622  122233  46  38.8130 N  61  12.8860 W   1.6        5.1       11.3       14.4      189.1 
040622  122236  46  38.8140 N  61  12.8850 W   1.6        5.1       11.3       13.1      189.1 
040622  122237  46  38.8150 N  61  12.8840 W   1.3        5.1       11.3       13.1       32.6 
040622  122239  46  38.8150 N  61  12.8840 W   1.2        5.1       11.3       13.1       32.6 
040622  122242  46  38.8160 N  61  12.8830 W   0.9        5.1       11.3       13.1       74.8 
040622  122243  46  38.8160 N  61  12.8830 W   1.0        5.1       11.3       13.1       74.8 
040622  122245  46  38.8170 N  61  12.8820 W   1.0        5.1       11.3       13.1       74.8 
040622  122248  46  38.8170 N  61  12.8810 W   0.9        5.1       11.3       13.1       44.9 
040622  122249  46  38.8170 N  61  12.8810 W   0.9        5.1       11.3       13.1       44.9 
040622  122251  46  38.8180 N  61  12.8810 W   0.7        5.1       11.3        6.8       44.9 
040622  122254  46  38.8180 N  61  12.8800 W   0.6        5.1       11.3        6.8      103.4 
040622  122255  46  38.8180 N  61  12.8800 W   0.7        5.1       11.3       24.5      103.4 
040622  122257  46  38.8180 N  61  12.8790 W   0.7        5.1       11.3       24.5      103.4 
040622  122300  46  38.8190 N  61  12.8790 W   0.6        5.1       11.3       24.5       88.9 
040622  122301  46  38.8190 N  61  12.8790 W   0.9        5.1       11.3       24.5       88.9 
040622  122303  46  38.8190 N  61  12.8780 W   0.4        5.1       11.3       24.5       88.9 
040622  122306  46  38.8190 N  61  12.8770 W   0.8        5.1       11.3        8.2       88.9 
040622  122307  46  38.8190 N  61  12.8770 W   0.6        5.1       11.3        8.2       88.9 
040622  122309  46  38.8190 N  61  12.8770 W   0.4        5.1       11.3        8.2       88.9 
040622  122312  46  38.8200 N  61  12.8760 W   0.7        5.1       11.3        8.2       88.9 
040622  122313  46  38.8200 N  61  12.8760 W   0.6        5.1       11.3        8.2       88.9 
040622  122315  46  38.8200 N  61  12.8760 W   0.4        5.1       11.3        8.2       88.9 
040622  122318  46  38.8200 N  61  12.8760 W   0.5        5.1        2.9        8.2       88.9 
040622  122319  46  38.8200 N  61  12.8750 W   0.4        5.1        2.9        8.2       88.9 
040622  122321  46  38.8200 N  61  12.8750 W   0.5        5.1        2.9       10.1       88.9 
040622  122324  46  38.8200 N  61  12.8750 W   0.3        4.0        2.9       10.1       88.9 
040622  122325  46  38.8200 N  61  12.8750 W   0.4        4.0        2.9       10.1      110.8 
040622  122327  46  38.8200 N  61  12.8740 W   0.6        4.0        2.9       10.1      110.8 
040622  122330  46  38.8200 N  61  12.8740 W   0.6        4.0        2.1       10.1      110.8 
040622  122331  46  38.8200 N  61  12.8740 W   0.5        4.0        2.1       10.1       73.5 
040622  122333  46  38.8210 N  61  12.8730 W   0.3        4.0        2.1       10.1       73.5 
040622  122336  46  38.8210 N  61  12.8730 W   0.4        4.0        2.1       10.1       48.8 
040622  122337  46  38.8210 N  61  12.8730 W   0.5        3.7        2.1        3.7       48.8 
040622  122339  46  38.8210 N  61  12.8730 W   0.5        3.7        2.1        3.7       48.8 
040622  122342  46  38.8210 N  61  12.8720 W   0.6        3.7        2.1        3.7       80.9 
040622  122343  46  38.8210 N  61  12.8720 W   0.6        3.7        2.1       10.8       80.9 
040622  122345  46  38.8220 N  61  12.8720 W   0.4        3.7        2.1       10.8       80.9 
040622  122348  46  38.8220 N  61  12.8710 W   0.6        3.7        2.1       10.8      113.9 
040622  122349  46  38.8220 N  61  12.8710 W   0.4        3.7        2.1       10.8      113.9 
040622  122351  46  38.8220 N  61  12.8710 W   0.9        8.3        2.1       10.8      113.9 
040622  122354  46  38.8220 N  61  12.8700 W   0.4        8.3        2.1       10.8      104.3 
040622  122355  46  38.8230 N  61  12.8700 W   0.5        8.3        2.1       10.8      104.3 
040622  122357  46  38.8230 N  61  12.8700 W   0.7        8.3        2.1       10.8      144.7 
040622  122400  46  38.8230 N  61  12.8690 W   0.6        8.3        2.1       10.8      144.7 
040622  122401  46  38.8230 N  61  12.8690 W   0.7        8.3        2.1       10.8      144.7 
040622  122403  46  38.8240 N  61  12.8690 W   0.5        9.2        2.1       10.8      144.7 
040622  122406  46  38.8240 N  61  12.8680 W   0.7        9.2        2.1       10.8      144.7 
040622  122407  46  38.8240 N  61  12.8680 W   0.5        9.2        2.1       10.8       45.7 
040622  122409  46  38.8250 N  61  12.8680 W   0.6        9.2        2.7        8.4       45.7 
040622  122412  46  38.8240 N  61  12.8670 W   0.5        9.2        2.7        8.4       45.7 
040622  122413  46  38.8240 N  61  12.8670 W   0.6        9.2        2.7        8.4       71.7 
040622  122416  46  38.8250 N  61  12.8670 W   0.6        9.2        2.7       14.2       71.7 
040622  122418  46  38.8250 N  61  12.8670 W   0.6       12.4        2.7       14.2       71.7 
040622  122419  46  38.8250 N  61  12.8670 W   0.6       12.4        2.7        2.2       90.6 
040622  122421  46  38.8250 N  61  12.8660 W   0.6       12.4        2.7        2.2       90.6 
040622  122424  46  38.8260 N  61  12.8660 W   0.7       12.4        2.2        2.2       42.2 
040622  122425  46  38.8260 N  61  12.8650 W   0.5       12.4        2.2        2.2       42.2 
040622  122427  46  38.8260 N  61  12.8650 W   0.7       12.4        2.2        2.2       42.2 
040622  122430  46  38.8270 N  61  12.8640 W   0.6       12.4        2.2        5.1       93.3 
040622  122431  46  38.8270 N  61  12.8640 W   0.6        2.7        2.2        5.1       93.3 
040622  122433  46  38.8270 N  61  12.8640 W   0.7        2.7        2.2        5.1       93.3 
040622  122436  46  38.8270 N  61  12.8640 W   0.7        2.7        2.2        4.6       39.1 
040622  122437  46  38.8270 N  61  12.8630 W   0.8        2.7        2.2        4.6       39.1 
040622  122439  46  38.8270 N  61  12.8630 W   0.5        2.7        2.2        4.6       39.1 
040622  122442  46  38.8280 N  61  12.8620 W   0.3        2.7        2.2        5.0       36.9 
040622  122443  46  38.8280 N  61  12.8620 W   0.3        2.7       12.4        5.0       36.9 
040622  122445  46  38.8280 N  61  12.8620 W   0.4        2.7       12.4        4.7       52.3 
040622  122448  46  38.8280 N  61  12.8620 W   0.3        2.7       12.4        4.7       52.3 
040622  122449  46  38.8280 N  61  12.8620 W   0.5        2.7        2.3        4.7       52.3 
040622  122451  46  38.8270 N  61  12.8620 W   0.2        2.7        2.3        4.7       84.5 
040622  122454  46  38.8270 N  61  12.8620 W   0.6        2.7        2.3        4.7       84.5 
040622  122455  46  38.8270 N  61  12.8620 W   0.4        2.7        2.3        4.7       84.5 
040622  122457  46  38.8260 N  61  12.8620 W   0.7        2.7        2.3        4.7       54.5 
040622  122500  46  38.8260 N  61  12.8620 W   0.6        2.7        2.3        4.7       54.5 
040622  122501  46  38.8260 N  61  12.8620 W   0.5        2.7        2.3        4.7       54.5 
040622  122503  46  38.8260 N  61  12.8630 W   0.5        2.7        2.3        4.7       54.5 
040622  122506  46  38.8250 N  61  12.8630 W   0.2        2.7        2.3        4.7       54.5 
040622  122507  46  38.8250 N  61  12.8630 W   0.4        2.7        2.3        5.7       10.1 
040622  122510  46  38.8250 N  61  12.8620 W   0.3        2.7        2.3        5.7       10.1 
040622  122512  46  38.8260 N  61  12.8620 W   0.8        2.7        2.3       14.4       36.9 
040622  122513  46  38.8260 N  61  12.8610 W   0.7        2.7        2.3       14.4       36.9 
