FileName: C:\NETMIN~1\GP294.TXT
Local Time: Mon Aug 02 15:55:02 2004

Ship: Marco Michel Trip: 04 Tow: gp294
Comments: zone 12
 Date    Time     Latitude       Longitude    Speed    Primary  Secondary DoorSpread WingSpread      Depth 
040802  185503  47  26.6630 N  61   4.4480 W   4.1        6.5        2.3        0.0        5.3      679.2 
040802  185505  47  26.6640 N  61   4.4510 W   4.7        6.5        2.3        0.0        5.3      679.2 
040802  185507  47  26.6650 N  61   4.4540 W   3.9        6.5        2.3        0.0        3.3      679.2 
040802  185509  47  26.6660 N  61   4.4580 W   3.9        6.5        2.3        0.0        3.3      679.2 
040802  185511  47  26.6670 N  61   4.4600 W   3.3        6.5        2.3        0.0        2.3      679.2 
040802  185513  47  26.6680 N  61   4.4630 W   3.3        6.5        2.3        0.0        2.3      679.2 
040802  185515  47  26.6690 N  61   4.4650 W   3.1        6.5        2.3        0.0        2.3        6.6 
040802  185517  47  26.6700 N  61   4.4670 W   3.0        6.5        2.3        0.0        1.7        6.6 
040802  185519  47  26.6710 N  61   4.4690 W   3.1        6.5        2.3        0.0        1.7        6.6 
040802  185521  47  26.6720 N  61   4.4710 W   3.3        6.5        2.3        0.0        1.7        6.6 
040802  185523  47  26.6730 N  61   4.4740 W   3.6        6.5        2.3        0.0        5.1        6.6 
040802  185525  47  26.6740 N  61   4.4780 W   4.5        6.5        2.3        0.0        5.1        6.6 
040802  185527  47  26.6750 N  61   4.4820 W   5.1        6.5        2.3        0.0        2.6        6.6 
040802  185529  47  26.6760 N  61   4.4860 W   5.0        6.5        2.3        0.0        2.6        6.6 
040802  185531  47  26.6770 N  61   4.4900 W   5.8        6.5        2.3        0.0        2.6        6.6 
040802  185533  47  26.6780 N  61   4.4950 W   6.0        6.5        2.3        0.0        3.8        6.6 
040802  185535  47  26.6790 N  61   4.5000 W   6.3        6.5        2.3        0.0        3.8        6.6 
040802  185537  47  26.6800 N  61   4.5050 W   6.6        6.5        2.3        0.0        3.8        6.6 
040802  185539  47  26.6820 N  61   4.5100 W   7.0        6.5        2.3        0.0        3.8        6.6 
040802  185541  47  26.6830 N  61   4.5160 W   7.0        6.5        2.3        0.0        3.8        6.6 
040802  185543  47  26.6840 N  61   4.5220 W   7.1        6.5        2.3        0.0        3.8        6.6 
040802  185545  47  26.6860 N  61   4.5270 W   7.5        6.5        2.3        0.0        3.8        6.6 
040802  185547  47  26.6870 N  61   4.5330 W   7.1        6.5        2.3        0.0        3.8        6.6 
040802  185549  47  26.6880 N  61   4.5390 W   7.7        6.5        2.3        0.0        3.8        6.6 
040802  185551  47  26.6900 N  61   4.5450 W   8.0        6.5        2.3        0.0        3.8        6.6 
040802  185553  47  26.6910 N  61   4.5510 W   7.2        6.5        2.3        0.0        3.8        6.6 
040802  185555  47  26.6920 N  61   4.5580 W   7.7        6.5        2.3        0.0        3.8        6.6 
040802  185557  47  26.6940 N  61   4.5640 W   7.8        6.5        2.3        0.0        3.8        6.6 
040802  185559  47  26.6950 N  61   4.5700 W   7.5        6.5        2.3        0.0        3.8        6.6 
040802  185601  47  26.6970 N  61   4.5760 W   8.5        6.5        2.3        0.0        3.8        6.6 
040802  185603  47  26.6980 N  61   4.5820 W   7.3        6.5        2.3        0.0        3.8        6.6 
040802  185605  47  26.6990 N  61   4.5880 W   8.0        6.5        2.3        0.0        3.8        6.6 
040802  185607  47  26.7010 N  61   4.5940 W   7.8        6.5        2.3        0.0        3.8        6.6 
040802  185609  47  26.7020 N  61   4.6010 W   7.1        6.5        2.3        0.0        3.8        6.6 
040802  185611  47  26.7020 N  61   4.6070 W   8.2        6.5        2.3        0.0        3.8        6.6 
040802  185613  47  26.7030 N  61   4.6130 W   7.0        6.5        2.3        0.0        3.8        6.6 
040802  185615  47  26.7040 N  61   4.6190 W   7.9        6.5        2.3        0.0        3.8        6.6 
040802  185617  47  26.7040 N  61   4.6260 W   7.7        6.5        2.3        0.0        3.8        6.6 
040802  185619  47  26.7050 N  61   4.6320 W   7.9        6.5        2.3        0.0        3.8        6.6 
040802  185621  47  26.7060 N  61   4.6390 W   7.4        6.5        2.3        0.0        3.8        6.6 
040802  185623  47  26.7060 N  61   4.6450 W   7.2        6.5        2.3        0.0        3.8        6.6 
040802  185625  47  26.7060 N  61   4.6510 W   8.1        6.5        2.3        0.0        3.8        6.6 
040802  185627  47  26.7070 N  61   4.6580 W   7.0        6.5        2.3        0.0        3.8        6.6 
040802  185629  47  26.7080 N  61   4.6640 W   7.5        6.5        2.3        0.0        3.8        6.6 
040802  185631  47  26.7080 N  61   4.6700 W   7.1        6.5        2.3        0.0        3.8        6.6 
040802  185633  47  26.7090 N  61   4.6750 W   6.8        6.5        2.3        0.0        3.8        6.6 
040802  185635  47  26.7090 N  61   4.6810 W   6.3        2.1        2.3        0.0        6.3        6.6 
040802  185637  47  26.7100 N  61   4.6860 W   6.6        2.1        2.3        0.0        6.3        6.6 
040802  185639  47  26.7100 N  61   4.6910 W   5.8        2.1        2.3        0.0        6.3        6.6 
040802  185641  47  26.7110 N  61   4.6960 W   6.0        2.1        2.3        0.0        8.3       25.5 
040802  185643  47  26.7120 N  61   4.7010 W   6.2        2.1        2.3        0.0        8.3       25.5 
040802  185645  47  26.7130 N  61   4.7060 W   5.4        2.1        2.3        0.0        8.3       28.2 
040802  185647  47  26.7130 N  61   4.7100 W   6.0        2.1        2.3        0.0        6.8       28.2 
040802  185649  47  26.7140 N  61   4.7150 W   5.6        2.1        2.3        0.0        6.8       28.2 
040802  185651  47  26.7150 N  61   4.7200 W   5.5        2.1        2.3        0.0        6.9       22.0 
040802  185653  47  26.7160 N  61   4.7240 W   5.5        2.1        2.3        0.0        6.9       22.0 
040802  185655  47  26.7170 N  61   4.7280 W   5.8        2.1        2.3        0.0        6.9       22.0 
040802  185657  47  26.7180 N  61   4.7330 W   5.5        2.1        2.3        0.0        6.9       22.9 
040802  185659  47  26.7190 N  61   4.7380 W   5.5        2.1        2.3        0.0        6.9       22.9 
040802  185701  47  26.7200 N  61   4.7420 W   5.7        2.1        2.3        0.0        6.9       30.8 
040802  185703  47  26.7210 N  61   4.7470 W   5.5        2.1        2.3        0.0       64.5       30.8 
040802  185705  47  26.7220 N  61   4.7510 W   5.5        2.1        2.3        0.0       64.5       30.8 
040802  185707  47  26.7230 N  61   4.7560 W   5.5        2.1        2.3        0.0        7.1       17.2 
040802  185709  47  26.7230 N  61   4.7600 W   5.6        2.1        2.3        0.0        7.1       17.2 
040802  185711  47  26.7240 N  61   4.7640 W   5.4        2.1        2.3        0.0        7.1       17.2 
040802  185713  47  26.7240 N  61   4.7690 W   5.5        2.1        2.3        0.0        7.7       26.0 
040802  185715  47  26.7250 N  61   4.7730 W   5.8        2.1        2.3        0.0        7.7       26.0 
040802  185717  47  26.7260 N  61   4.7780 W   5.1        2.1        2.3        0.0        8.0       24.6 
040802  185719  47  26.7270 N  61   4.7820 W   5.6        2.1        2.3        0.0        8.0       24.6 
040802  185721  47  26.7280 N  61   4.7860 W   4.1        2.1        2.3        0.0        8.0       24.6 
040802  185723  47  26.7290 N  61   4.7890 W   4.1        2.1        2.3        0.0       28.1       13.6 
040802  185725  47  26.7300 N  61   4.7920 W   3.5        2.1        2.3        0.0       28.1       13.6 
040802  185727  47  26.7300 N  61   4.7950 W   3.0        2.1        2.3        0.0       28.1       13.6 
040802  185729  47  26.7310 N  61   4.7970 W   2.9        2.1        2.3        0.0        7.1       31.2 
040802  185731  47  26.7320 N  61   4.7980 W   2.9        2.1        2.3        0.0        7.1       31.2 
040802  185733  47  26.7330 N  61   4.8010 W   2.3        2.1        2.3        0.0        7.1       17.6 
040802  185735  47  26.7330 N  61   4.8020 W   2.6        2.1        2.3        0.0        6.4       17.6 
040802  185737  47  26.7340 N  61   4.8040 W   2.1        2.1        2.3        0.0        6.4       17.6 
040802  185739  47  26.7350 N  61   4.8050 W   2.3        2.1        2.3        0.0        8.0       26.8 
040802  185741  47  26.7350 N  61   4.8070 W   1.9        2.1        2.3        0.0        8.0       26.8 
040802  185743  47  26.7360 N  61   4.8080 W   1.8        2.1        2.3        0.0        8.0       26.8 
040802  185745  47  26.7370 N  61   4.8090 W   2.3        2.1        2.3        0.0        5.2       32.6 
040802  185748  47  26.7380 N  61   4.8120 W   1.9        2.1       11.6        0.0        5.2       32.6 
040802  185749  47  26.7380 N  61   4.8130 W   2.0        2.1       11.6        0.0        4.7       14.1 
040802  185751  47  26.7390 N  61   4.8140 W   1.8        2.1       11.6        0.0        4.7       14.1 
040802  185753  47  26.7400 N  61   4.8140 W   1.8        2.1        3.3        0.0        4.7       14.1 
040802  185755  47  26.7400 N  61   4.8160 W   1.9        2.1        3.3        0.0        5.9       26.4 
040802  185757  47  26.7410 N  61   4.8170 W   1.7        2.1        3.3        0.0        5.9       26.4 
040802  185759  47  26.7410 N  61   4.8180 W   1.9        2.1        3.3        0.0        5.9       26.4 
040802  185801  47  26.7420 N  61   4.8190 W   1.8        4.1        3.3        0.0        4.7       33.9 
040802  185803  47  26.7430 N  61   4.8200 W   1.7        4.1        3.3        0.0        4.7       33.9 
040802  185805  47  26.7440 N  61   4.8210 W   2.0        4.1        3.3        0.0        5.0       27.7 
040802  185807  47  26.7450 N  61   4.8220 W   1.6        4.1        3.6        0.0        5.0       27.7 
040802  185809  47  26.7460 N  61   4.8230 W   1.8        4.1        3.6        0.0        5.0       27.7 
040802  185811  47  26.7460 N  61   4.8240 W   1.8        4.1        3.6        0.0        5.1       36.5 
040802  185813  47  26.7470 N  61   4.8250 W   1.9        4.1        3.6        0.0        5.1       36.5 
040802  185815  47  26.7480 N  61   4.8260 W   1.8        3.8        3.6        0.0        5.2       36.5 
040802  185817  47  26.7480 N  61   4.8270 W   1.5        3.8        3.6        0.0        5.2       36.5 
040802  185819  47  26.7490 N  61   4.8280 W   2.2        3.8        3.6        0.0        5.2       36.5 
040802  185821  47  26.7500 N  61   4.8300 W   1.6        3.8        3.7        0.0        5.2       36.5 
040802  185823  47  26.7500 N  61   4.8310 W   2.0        3.8        3.7        0.0        5.2       36.5 
040802  185825  47  26.7510 N  61   4.8320 W   1.6        3.8        3.7        0.0        5.2       36.5 
040802  185827  47  26.7520 N  61   4.8330 W   2.1        9.5        3.7        0.0        5.6       36.5 
040802  185829  47  26.7530 N  61   4.8340 W   1.8        9.5        3.7        0.0        5.6       36.5 
040802  185831  47  26.7540 N  61   4.8350 W   1.9        9.5        3.7        0.0        5.6       36.5 
040802  185833  47  26.7540 N  61   4.8370 W   1.9        9.5        3.7        0.0        5.6       52.3 
040802  185835  47  26.7550 N  61   4.8380 W   1.8        9.5        3.7        0.0        5.6       52.3 
040802  185837  47  26.7550 N  61   4.8390 W   2.1        9.5        3.7        0.0        5.7       52.3 
040802  185839  47  26.7560 N  61   4.8410 W   1.8        9.5        3.7        0.0        5.7       54.1 
040802  185841  47  26.7570 N  61   4.8420 W   2.1        9.5       12.5        0.0        6.4       54.1 
040802  185843  47  26.7580 N  61   4.8440 W   1.4        9.5       12.5        0.0        6.4       23.8 
040802  185845  47  26.7590 N  61   4.8450 W   2.3        9.5       12.5        0.0        6.4       23.8 
040802  185848  47  26.7590 N  61   4.8470 W   2.3        9.5       12.5        0.0        5.9       23.8 
040802  185849  47  26.7600 N  61   4.8480 W   2.3        9.5       12.5        0.0        5.9       45.7 
040802  185851  47  26.7600 N  61   4.8490 W   1.5        9.5       12.5        0.0        5.9       45.7 
040802  185854  47  26.7610 N  61   4.8510 W   1.5        9.5       12.3        0.0        8.0       57.6 
040802  185855  47  26.7620 N  61   4.8520 W   1.6        9.5       12.3        0.0        8.0       57.6 
040802  185857  47  26.7620 N  61   4.8530 W   1.9        9.5       12.3        0.0        4.9       57.6 
040802  185859  47  26.7630 N  61   4.8550 W   2.1        9.5       12.3        0.0        4.9       35.2 
040802  185901  47  26.7630 N  61   4.8560 W   1.5        9.5       12.3        0.0        4.9       35.2 
040802  185903  47  26.7640 N  61   4.8570 W   2.3        9.5       12.3        0.0        6.6       35.2 
040802  185905  47  26.7650 N  61   4.8590 W   1.5        9.5       12.3        0.0        6.6       45.7 
040802  185907  47  26.7660 N  61   4.8600 W   2.3        9.5       12.3        0.0        6.6       45.7 
040802  185909  47  26.7660 N  61   4.8620 W   1.8        9.5       12.3        0.0        7.4       45.7 
040802  185911  47  26.7670 N  61   4.8630 W   1.8        9.5       12.3        0.0        7.4       45.7 
040802  185913  47  26.7670 N  61   4.8640 W   2.1        9.5       12.3        0.0        7.1       45.7 
040802  185915  47  26.7680 N  61   4.8650 W   1.8        9.5       12.3        0.0        7.1       47.9 
040802  185918  47  26.7690 N  61   4.8670 W   1.8        9.5       12.3        0.0        7.1       47.9 
040802  185919  47  26.7700 N  61   4.8680 W   2.2        9.5       12.3        0.0        7.5       47.9 
040802  185921  47  26.7700 N  61   4.8690 W   1.7        9.5       12.3        0.0        7.5       44.0 
040802  185924  47  26.7710 N  61   4.8720 W   1.9        9.5       12.3        0.0        7.5       44.0 
040802  185925  47  26.7720 N  61   4.8720 W   2.0        9.5       12.3        0.0        7.5       44.0 
040802  185927  47  26.7730 N  61   4.8740 W   1.9        9.5        9.9        0.0        7.5       55.4 
040802  185930  47  26.7740 N  61   4.8750 W   2.2        9.5        9.9        0.0        7.6       55.4 
040802  185931  47  26.7740 N  61   4.8760 W   1.7        9.5        9.9        0.0        7.6       55.4 
040802  185933  47  26.7750 N  61   4.8780 W   2.2        9.5        9.9        0.0        7.6       36.5 
040802  185936  47  26.7760 N  61   4.8800 W   2.2        9.5        9.9        0.0        8.0       36.5 
040802  185937  47  26.7760 N  61   4.8810 W   1.9        9.5        9.9        0.0        8.0       47.5 
040802  185939  47  26.7770 N  61   4.8820 W   2.3        9.5        9.9        0.0        9.7       47.5 
040802  185942  47  26.7770 N  61   4.8840 W   2.1        9.5        9.9        0.0        9.7       47.5 
040802  185943  47  26.7780 N  61   4.8850 W   2.4        9.5        9.9        0.0        9.7       56.3 
040802  185945  47  26.7790 N  61   4.8860 W   1.7        9.5        9.9        0.0        7.2       56.3 
040802  185948  47  26.7790 N  61   4.8890 W   1.8        9.5        9.9        0.0        7.2       47.9 
040802  185949  47  26.7800 N  61   4.8890 W   1.6        9.5        9.9        0.0        7.2       47.9 
040802  185951  47  26.7800 N  61   4.8910 W   2.2        9.5        9.9        0.0        5.7       47.9 
040802  185954  47  26.7820 N  61   4.8930 W   2.0        9.5        9.9        0.0        5.7       42.2 
040802  185955  47  26.7820 N  61   4.8930 W   1.9        9.5        9.9        0.0        7.6       42.2 
040802  185957  47  26.7830 N  61   4.8950 W   2.0        9.5        9.9        0.0        7.6       42.2 
040802  190000  47  26.7840 N  61   4.8970 W   2.1        9.5        9.9        0.0        7.6       37.4 
040802  190001  47  26.7840 N  61   4.8980 W   1.8        9.5        9.9        0.0        7.7       37.4 
040802  190003  47  26.7850 N  61   4.8990 W   2.4        9.5       11.8        0.0        7.7       37.4 
040802  190006  47  26.7860 N  61   4.9010 W   2.0        9.5       11.8        0.0        9.5       41.3 
040802  190007  47  26.7870 N  61   4.9020 W   2.1        9.5       11.8        0.0        9.5       41.3 
040802  190009  47  26.7870 N  61   4.9030 W   2.0        9.5        2.2        0.0        9.5       48.4 
040802  190012  47  26.7880 N  61   4.9050 W   2.4        9.5        2.2        0.0        6.6       48.4 
040802  190013  47  26.7880 N  61   4.9060 W   2.0        9.5        2.2        0.0        6.6       48.4 
040802  190015  47  26.7890 N  61   4.9070 W   2.3        9.5        2.2        0.0        6.6       44.0 
040802  190018  47  26.7900 N  61   4.9090 W   2.1        2.7        2.2        0.0        5.8       44.0 
040802  190019  47  26.7910 N  61   4.9110 W   2.1        2.7        2.2        0.0        5.8       44.0 
040802  190021  47  26.7910 N  61   4.9120 W   2.0        2.7        2.2        0.0        5.8       58.1 
040802  190024  47  26.7920 N  61   4.9140 W   2.0        2.7        2.2        0.0       10.6       58.1 
040802  190025  47  26.7920 N  61   4.9150 W   2.1        2.7        2.2        0.0       10.6       33.9 
040802  190027  47  26.7930 N  61   4.9160 W   1.9        2.7        2.2        0.0        3.7       33.9 
040802  190030  47  26.7940 N  61   4.9190 W   2.3        2.7        2.2        0.0        3.7       33.9 
040802  190031  47  26.7950 N  61   4.9190 W   1.8        2.7        2.2        0.0        3.7       55.9 
040802  190033  47  26.7950 N  61   4.9200 W   2.5        2.7        2.2        0.0        7.4       55.9 
040802  190036  47  26.7960 N  61   4.9220 W   1.9        2.7        2.6        0.0        7.4       55.9 
040802  190037  47  26.7960 N  61   4.9230 W   2.5        2.7        2.6        0.0        8.5       47.1 
040802  190039  47  26.7980 N  61   4.9250 W   1.4        2.7        2.6        0.0        8.5       47.1 
040802  190042  47  26.7990 N  61   4.9270 W   2.0        3.0        2.6        0.0        8.5       33.4 
040802  190043  47  26.7990 N  61   4.9270 W   2.0        3.0        2.6        0.0        8.2       33.4 
040802  190045  47  26.8000 N  61   4.9280 W   2.1        3.0        2.6        0.0        8.2       33.4 
040802  190048  47  26.8010 N  61   4.9310 W   1.8        3.0        2.6        0.0        8.2       44.4 
040802  190049  47  26.8010 N  61   4.9310 W   2.0        3.0        2.6        0.0        5.6       44.4 
040802  190051  47  26.8020 N  61   4.9330 W   1.9        3.0        2.6        0.0        5.6       44.4 
040802  190054  47  26.8030 N  61   4.9350 W   2.2        3.0       10.0        0.0        7.1       46.6 
040802  190055  47  26.8040 N  61   4.9350 W   2.0        3.0       10.0        0.0        7.1       46.6 
040802  190057  47  26.8040 N  61   4.9370 W   2.0        3.0       10.0        0.0        7.1       46.6 
040802  190100  47  26.8050 N  61   4.9390 W   1.8        3.0       10.0        0.0        8.5       54.1 
040802  190101  47  26.8060 N  61   4.9390 W   2.2        3.0       10.0        0.0        8.5       54.1 
040802  190103  47  26.8070 N  61   4.9410 W   2.1        3.0       10.0        0.0        8.5       36.5 
040802  190106  47  26.8080 N  61   4.9430 W   2.0        3.0       10.0        0.0        6.8       36.5 
040802  190107  47  26.8080 N  61   4.9440 W   2.3        3.0       10.0        0.0        6.8       36.5 
040802  190109  47  26.8090 N  61   4.9450 W   1.7        3.0       10.0        0.0        7.2       43.5 
040802  190112  47  26.8100 N  61   4.9470 W   1.9        3.0       10.0        0.0        7.2       43.5 
040802  190113  47  26.8110 N  61   4.9480 W   1.8        3.0       10.0        0.0        7.2       43.5 
040802  190115  47  26.8110 N  61   4.9500 W   2.1        3.0       10.0        0.0        9.4       57.2 
040802  190118  47  26.8130 N  61   4.9510 W   1.8        3.0        9.8        0.0        9.4       57.2 
040802  190119  47  26.8130 N  61   4.9520 W   2.1        3.0        9.8        0.0        9.4       32.6 
040802  190121  47  26.8130 N  61   4.9540 W   2.0        3.0        9.8        0.0        7.1       32.6 
040802  190124  47  26.8140 N  61   4.9560 W   2.3        3.0        2.2        0.0        7.1       32.6 
040802  190125  47  26.8150 N  61   4.9560 W   1.9        3.0        2.2        0.0        8.0       58.1 
040802  190127  47  26.8160 N  61   4.9580 W   2.0        3.0        2.2        0.0        8.0       58.1 
040802  190130  47  26.8160 N  61   4.9600 W   1.8        3.0        2.2        0.0        8.0       58.1 
040802  190131  47  26.8170 N  61   4.9600 W   2.2        2.9        2.2        0.0        8.6       94.6 
040802  190133  47  26.8170 N  61   4.9620 W   1.7        2.9        2.2        0.0        8.6       94.6 
040802  190136  47  26.8180 N  61   4.9640 W   2.1        2.9        2.2        0.0        8.2       94.6 
040802  190137  47  26.8190 N  61   4.9650 W   1.9        2.9        2.2        0.0        8.2       94.6 
040802  190139  47  26.8190 N  61   4.9650 W   1.8        2.9        2.2        0.0        8.2       94.6 
040802  190142  47  26.8210 N  61   4.9680 W   1.8        2.9        2.2        0.0        8.2       44.0 
040802  190143  47  26.8210 N  61   4.9680 W   2.1        2.9        2.2        0.0        8.2       44.0 
040802  190145  47  26.8210 N  61   4.9700 W   2.0        2.9        2.2        0.0        8.2       44.0 
040802  190148  47  26.8220 N  61   4.9720 W   1.8        2.9        2.2        0.0        7.7       34.8 
040802  190149  47  26.8230 N  61   4.9730 W   2.2        2.9        2.2        0.0        7.7       34.8 
040802  190151  47  26.8240 N  61   4.9740 W   1.9        2.9        2.2        0.0        7.1       34.8 
040802  190154  47  26.8240 N  61   4.9760 W   2.0        2.9        2.2        0.0        7.1       57.2 
040802  190155  47  26.8250 N  61   4.9770 W   2.1        2.9        6.4        0.0        7.1       57.2 
040802  190157  47  26.8250 N  61   4.9780 W   1.8        2.9        6.4        0.0        8.6       44.9 
040802  190200  47  26.8260 N  61   4.9800 W   2.2        2.9        6.4        0.0        8.6       44.9 
040802  190201  47  26.8270 N  61   4.9810 W   1.5        2.9        6.4        0.0        8.6       44.9 
040802  190203  47  26.8280 N  61   4.9820 W   2.6        2.9        6.4        0.0        9.0       51.0 
040802  190206  47  26.8290 N  61   4.9840 W   2.2        2.9        6.4        0.0        9.0       51.0 
040802  190207  47  26.8290 N  61   4.9850 W   2.2        2.9       11.2        0.0       10.4       51.0 
040802  190209  47  26.8300 N  61   4.9870 W   1.8        2.9       11.2        0.0       10.4       33.4 
040802  190212  47  26.8310 N  61   4.9890 W   2.0        2.9       11.2        0.0       10.4       33.4 
040802  190213  47  26.8310 N  61   4.9890 W   1.8        2.9       11.2        0.0        6.2       51.5 
040802  190215  47  26.8320 N  61   4.9910 W   2.1        2.9       11.2        0.0        6.2       51.5 
040802  190218  47  26.8340 N  61   4.9930 W   1.8        2.9       11.2        0.0        7.3       51.5 
040802  190219  47  26.8340 N  61   4.9930 W   2.1        4.1       11.2        0.0        7.3       44.9 
040802  190221  47  26.8350 N  61   4.9940 W   1.9        4.1       11.2        0.0        7.3       44.9 
040802  190224  47  26.8360 N  61   4.9960 W   2.3        4.1       11.2        0.0        8.4       44.9 
040802  190225  47  26.8360 N  61   4.9970 W   1.8        4.1       11.2        0.0        8.4       35.2 
040802  190227  47  26.8370 N  61   4.9990 W   2.0        4.1       11.2        0.0        8.4       35.2 
040802  190230  47  26.8380 N  61   5.0010 W   1.9        4.1       11.2        0.0        9.9       41.8 
040802  190231  47  26.8380 N  61   5.0010 W   2.0        4.1       11.2        0.0        9.9       41.8 
040802  190233  47  26.8390 N  61   5.0030 W   2.2        4.1       11.2        0.0        8.1       41.8 
040802  190236  47  26.8400 N  61   5.0050 W   2.3        4.1       11.2        0.0        8.1       44.0 
040802  190237  47  26.8410 N  61   5.0060 W   2.4        4.1        2.2        0.0        8.1       44.0 
040802  190239  47  26.8420 N  61   5.0060 W   1.8        4.1        2.2        0.0        8.0       44.0 
040802  190242  47  26.8430 N  61   5.0090 W   2.2        4.1        2.2        0.0        8.0       52.8 
040802  190243  47  26.8430 N  61   5.0100 W   1.9        4.1        2.2        0.0        8.0       52.8 
040802  190245  47  26.8440 N  61   5.0110 W   2.2        2.6        2.2        0.0        7.1       33.4 
040802  190248  47  26.8450 N  61   5.0130 W   1.8        2.6        2.2        0.0        7.1       33.4 
040802  190249  47  26.8460 N  61   5.0140 W   2.1        2.6        2.2        0.0        6.6       33.4 
040802  190251  47  26.8470 N  61   5.0150 W   1.9        2.6        2.2        0.0        6.6       49.3 
040802  190254  47  26.8480 N  61   5.0170 W   2.0        2.6        2.2        0.0        6.6       49.3 
040802  190255  47  26.8480 N  61   5.0180 W   1.9        2.6        2.2        0.0        8.0       49.3 
040802  190257  47  26.8490 N  61   5.0190 W   2.4        2.6        9.2        0.0        8.0       48.4 
040802  190300  47  26.8500 N  61   5.0210 W   2.0        2.6        9.2        0.0        8.0       48.4 
040802  190301  47  26.8500 N  61   5.0220 W   2.5        2.6        9.2        0.0        9.3       37.4 
040802  190303  47  26.8510 N  61   5.0230 W   1.8        2.6        9.2        0.0        9.3       37.4 
040802  190306  47  26.8520 N  61   5.0260 W   2.4        2.6        9.2        0.0        6.5       37.4 
040802  190307  47  26.8530 N  61   5.0260 W   1.8        2.6        9.2        0.0        6.5       57.6 
040802  190309  47  26.8530 N  61   5.0270 W   2.4        2.6        9.2        0.0        6.5       57.6 
040802  190312  47  26.8550 N  61   5.0290 W   1.7        2.6        9.2        0.0        9.9       57.6 
040802  190313  47  26.8550 N  61   5.0300 W   2.6        2.6        9.2        0.0        9.9       32.6 
040802  190315  47  26.8560 N  61   5.0310 W   1.5        2.6        2.1        0.0        5.9       32.6 
040802  190318  47  26.8580 N  61   5.0330 W   2.1        2.6        2.1        0.0        5.9       32.6 
040802  190319  47  26.8580 N  61   5.0340 W   1.7        2.6        2.1        0.0        5.9       42.7 
040802  190321  47  26.8590 N  61   5.0350 W   2.5        2.6        2.1        0.0       11.6       42.7 
040802  190324  47  26.8600 N  61   5.0380 W   1.9        2.6        2.1        0.0       11.6       45.7 
040802  190325  47  26.8600 N  61   5.0380 W   2.5        2.6        2.1        0.0       11.6       45.7 
040802  190327  47  26.8610 N  61   5.0400 W   1.8        2.6        2.1        0.0        6.5       45.7 
040802  190330  47  26.8620 N  61   5.0420 W   2.2        2.6        2.1        0.0        6.5       54.5 
040802  190331  47  26.8630 N  61   5.0430 W   2.0        2.6        2.1        0.0        6.8       54.5 
040802  190333  47  26.8630 N  61   5.0440 W   1.9        2.6       11.5        0.0        6.8       54.5 
040802  190336  47  26.8640 N  61   5.0450 W   2.3        2.6       11.5        0.0        6.8       40.5 
040802  190337  47  26.8650 N  61   5.0460 W   1.9        2.6       11.5        0.0       10.2       40.5 
040802  190339  47  26.8660 N  61   5.0480 W   2.6        2.6       11.5        0.0       10.2       40.0 
040802  190342  47  26.8670 N  61   5.0500 W   1.7        2.6       11.5        0.0       10.2       40.0 
040802  190343  47  26.8670 N  61   5.0500 W   2.6        2.6       11.5        0.0        6.2       40.0 
040802  190345  47  26.8680 N  61   5.0520 W   1.5        2.6       11.5        0.0        6.2       40.0 
040802  190348  47  26.8700 N  61   5.0540 W   2.0        2.6       11.5        0.0        7.8       40.0 
040802  190349  47  26.8700 N  61   5.0550 W   2.0        2.6       11.5        0.0        7.8       40.0 
040802  190351  47  26.8710 N  61   5.0570 W   2.3        2.6       11.5        0.0        7.8       40.0 
040802  190354  47  26.8720 N  61   5.0590 W   2.4        2.6       11.5        0.0        7.7       40.0 
040802  190355  47  26.8730 N  61   5.0590 W   2.0        2.6       11.5        0.0        7.7       40.0 
040802  190357  47  26.8740 N  61   5.0600 W   2.2        2.6       12.1        0.0        7.7       40.0 
040802  190400  47  26.8750 N  61   5.0620 W   2.1        2.6       12.1        0.0        8.2       40.0 
040802  190401  47  26.8750 N  61   5.0620 W   2.4        2.6       12.1        0.0        8.2       58.9 
040802  190403  47  26.8760 N  61   5.0640 W   2.2        2.6       12.1        0.0        8.0       58.9 
040802  190406  47  26.8770 N  61   5.0660 W   2.5        2.6       12.1        0.0        8.0       58.9 
040802  190407  47  26.8780 N  61   5.0670 W   2.0        2.6       12.1        0.0        8.0       54.1 
040802  190409  47  26.8790 N  61   5.0690 W   2.2        2.6       10.4        0.0        9.8       54.1 
040802  190412  47  26.8800 N  61   5.0700 W   2.3        2.6       10.4        0.0        9.8       22.0 
040802  190413  47  26.8800 N  61   5.0710 W   2.2        2.6       10.4        0.0        9.8       22.0 
040802  190415  47  26.8810 N  61   5.0720 W   2.2        2.6        2.5        0.0        6.1       22.0 
040802  190418  47  26.8830 N  61   5.0740 W   2.3        2.6        2.5        0.0        6.1       57.2 
040802  190419  47  26.8830 N  61   5.0740 W   2.2        2.6        2.5        0.0        7.4       57.2 
040802  190421  47  26.8840 N  61   5.0750 W   1.7        2.6        2.5        0.0        7.4       57.2 
040802  190424  47  26.8850 N  61   5.0760 W   1.3        2.7        2.5        0.0        7.4       56.7 
040802  190425  47  26.8850 N  61   5.0770 W   1.4        2.7        2.5        0.0       14.8       56.7 
040802  190427  47  26.8860 N  61   5.0770 W   1.1        2.7        2.5        0.0       14.8       56.7 
040802  190430  47  26.8870 N  61   5.0770 W   1.0        2.7        2.5        0.0       22.1       54.5 
040802  190431  47  26.8870 N  61   5.0770 W   0.7        2.7        2.5        0.0       22.1       54.5 
040802  190434  47  26.8870 N  61   5.0770 W   0.9        2.7        2.5        0.0       22.1      112.6 
040802  190436  47  26.8880 N  61   5.0760 W   0.6        2.7        2.5        0.0       22.1      112.6 
040802  190438  47  26.8880 N  61   5.0760 W   0.7        2.7        2.5        0.0       22.1      112.6 
040802  190440  47  26.8890 N  61   5.0760 W   0.8        2.7        2.5        0.0       22.1      112.6 
040802  190442  47  26.8880 N  61   5.0750 W   0.9        2.7        2.5        0.0        7.4      112.6 
040802  190444  47  26.8880 N  61   5.0740 W   1.1        2.7        2.5        0.0        7.4      112.6 
040802  190446  47  26.8880 N  61   5.0730 W   1.1        2.7        2.5        0.0        6.8       33.0 
040802  190448  47  26.8880 N  61   5.0720 W   1.0        2.7        2.5        0.0        6.8       33.0 
040802  190450  47  26.8880 N  61   5.0720 W   1.1        2.7        2.5        0.0        6.8       52.3 
040802  190452  47  26.8880 N  61   5.0710 W   1.2        2.7        2.5        0.0        3.1       52.3 
040802  190454  47  26.8880 N  61   5.0700 W   1.2        2.7        2.5        0.0        3.1       52.3 
040802  190456  47  26.8880 N  61   5.0690 W   1.3        2.7        2.5        0.0        3.1       55.9 
040802  190458  47  26.8880 N  61   5.0680 W   1.6        2.7        2.5        0.0       19.8       55.9 
040802  190500  47  26.8870 N  61   5.0670 W   1.3        2.7       10.6        0.0       19.8       55.9 
040802  190502  47  26.8870 N  61   5.0660 W   1.6        2.7       10.6        0.0       19.8      141.6 
040802  190504  47  26.8860 N  61   5.0650 W   1.2        2.7       10.6        0.0       19.8      141.6 
040802  190506  47  26.8860 N  61   5.0640 W   1.0        2.7       10.6        0.0       19.8      141.6 
040802  190508  47  26.8860 N  61   5.0630 W   1.2        2.7       10.6        0.0       13.2      141.6 
040802  190510  47  26.8860 N  61   5.0620 W   1.0        2.7       10.6        0.0       13.2      141.6 
040802  190512  47  26.8860 N  61   5.0620 W   0.9        2.7       11.3        0.0       13.2       44.0 
040802  190514  47  26.8860 N  61   5.0610 W   0.9        2.7       11.3        0.0       13.2       44.0 
040802  190516  47  26.8860 N  61   5.0610 W   0.6        2.7       11.3        0.0       13.2       44.0 
040802  190518  47  26.8860 N  61   5.0600 W   0.9        2.7       11.3        0.0       11.0       38.3 
040802  190520  47  26.8860 N  61   5.0600 W   0.7        2.7       11.3        0.0       11.0       38.3 
040802  190522  47  26.8860 N  61   5.0590 W   0.6        2.7       11.3        0.0       11.0       40.5 
040802  190524  47  26.8860 N  61   5.0590 W   0.7        2.7       11.3        0.0        4.5       40.5 
040802  190526  47  26.8860 N  61   5.0590 W   0.7        2.7       11.3        0.0        4.5       40.5 
040802  190528  47  26.8860 N  61   5.0580 W   0.6        2.7       11.3        0.0       10.6       44.4 
040802  190530  47  26.8870 N  61   5.0580 W   0.6        2.7       11.3        0.0       10.6       44.4 
040802  190532  47  26.8870 N  61   5.0570 W   0.7        2.7       11.3        0.0       10.6       44.4 
040802  190534  47  26.8870 N  61   5.0560 W   0.5        2.4       11.3        0.0        5.0       44.4 
040802  190536  47  26.8870 N  61   5.0560 W   0.8        2.4       11.3        0.0        5.0       44.4 
040802  190538  47  26.8880 N  61   5.0560 W   0.5        2.4       11.3        0.0        5.0       44.4 
040802  190540  47  26.8880 N  61   5.0560 W   0.7        2.4       11.3        0.0        5.0       44.4 
040802  190542  47  26.8880 N  61   5.0560 W   0.4        2.4        3.9        0.0        5.0       44.4 
040802  190544  47  26.8880 N  61   5.0550 W   0.9        2.4        3.9        0.0        5.0       44.4 
040802  190546  47  26.8880 N  61   5.0550 W   0.6        2.4        3.9        0.0        5.0       44.4 
040802  190548  47  26.8880 N  61   5.0540 W   0.9        6.1        3.9        0.0        5.0       44.4 
040802  190550  47  26.8890 N  61   5.0530 W   0.5        6.1        3.9        0.0        5.0       39.6 
040802  190552  47  26.8890 N  61   5.0530 W   0.9        6.1        3.9        0.0        5.0       39.6 
040802  190554  47  26.8890 N  61   5.0520 W   0.5        6.1        3.9        0.0        5.0       39.6 
040802  190556  47  26.8890 N  61   5.0520 W   1.1        6.1        3.9        0.0        5.0        4.4 
040802  190558  47  26.8900 N  61   5.0510 W   0.4        6.1        3.9        0.0        5.0        4.4 
040802  190600  47  26.8900 N  61   5.0510 W   1.2        6.1        3.9        0.0        3.5       31.2 
040802  190602  47  26.8910 N  61   5.0520 W   0.6        3.3        3.9        0.0        3.5       31.2 
040802  190604  47  26.8910 N  61   5.0520 W   1.1        3.3        3.9        0.0        3.5       31.2 
040802  190606  47  26.8920 N  61   5.0520 W   1.1        3.3        3.9        0.0        3.8       32.1 
040802  190608  47  26.8930 N  61   5.0520 W   1.1        3.3        2.8        0.0        3.8       32.1 
040802  190610  47  26.8940 N  61   5.0520 W   1.6        3.3        2.8        0.0        3.5       32.1 
040802  190612  47  26.8950 N  61   5.0520 W   0.9        3.3        2.8        0.0        3.5      161.4 
040802  190614  47  26.8950 N  61   5.0530 W   2.1        6.3        2.8        0.0        3.5      161.4 
040802  190616  47  26.8960 N  61   5.0530 W   1.5        6.3        2.8        0.0        3.3      161.4 
040802  190618  47  26.8980 N  61   5.0530 W   2.7        6.3        2.8        0.0        3.3      161.4 
040802  190620  47  26.8990 N  61   5.0540 W   1.9        6.3        2.8        0.0        3.4      161.4 
040802  190622  47  26.9000 N  61   5.0550 W   2.8        6.3        2.8        0.0        3.4       34.3 
