FileName: C:\NETMIN~1\GP308.TXT
Local Time: Thu Jun 24 15:39:36 2004

Ship: Marco Michel Trip: 01 Tow: gp308
Comments: area 19
 Date    Time     Latitude       Longitude    Speed    Primary  Secondary DoorSpread      Depth 
040624  183940  47  21.7780 N  60  37.5350 W   3.7        4.1       12.0        3.6      360.7 
040624  183942  47  21.7790 N  60  37.5370 W   3.9        4.1       12.0        3.6      360.7 
040624  183944  47  21.7800 N  60  37.5400 W   3.9        4.1       12.0        3.6      360.7 
040624  183946  47  21.7810 N  60  37.5430 W   4.6        4.1       12.0        3.6      360.7 
040624  183948  47  21.7830 N  60  37.5480 W   5.1        4.1       12.0        3.6      360.7 
040624  183950  47  21.7830 N  60  37.5520 W   5.8        4.1       12.0        3.6      360.7 
040624  183952  47  21.7850 N  60  37.5570 W   6.2        4.1       12.0        3.6      360.7 
040624  183954  47  21.7860 N  60  37.5620 W   6.5        4.1       12.0        3.6      360.7 
040624  183956  47  21.7880 N  60  37.5670 W   7.1        4.1       12.0        3.6      360.7 
040624  183958  47  21.7890 N  60  37.5720 W   7.3        4.1       12.0        3.6      360.7 
040624  184000  47  21.7910 N  60  37.5780 W   7.3        4.1       12.0        3.6      360.7 
040624  184002  47  21.7930 N  60  37.5830 W   6.8        4.1       12.0        3.6      360.7 
040624  184004  47  21.7940 N  60  37.5880 W   6.1        4.1       12.0        3.6      360.7 
040624  184006  47  21.7950 N  60  37.5930 W   6.1        4.1       12.0        3.6      360.7 
040624  184008  47  21.7960 N  60  37.5960 W   5.5        4.1       12.0        3.2      360.7 
040624  184010  47  21.7980 N  60  37.6010 W   5.2        4.1       12.0        3.2        5.7 
040624  184012  47  21.7990 N  60  37.6040 W   4.9        4.1       12.0        3.2        5.7 
040624  184014  47  21.8000 N  60  37.6060 W   4.5        4.1       12.0        2.7        5.7 
040624  184016  47  21.8010 N  60  37.6090 W   4.6        4.1       12.0        2.7       28.2 
040624  184018  47  21.8030 N  60  37.6120 W   4.4        4.1       12.0        2.7       28.2 
040624  184020  47  21.8040 N  60  37.6150 W   4.3        4.1       12.0        3.9       28.2 
040624  184022  47  21.8050 N  60  37.6190 W   3.9        4.1       12.0        3.9       28.2 
040624  184024  47  21.8060 N  60  37.6220 W   4.0        4.1       12.0        1.9       28.2 
040624  184026  47  21.8070 N  60  37.6250 W   3.6        4.1       12.0        1.9        7.9 
040624  184028  47  21.8080 N  60  37.6270 W   3.7        4.1       12.0        1.9        7.9 
040624  184030  47  21.8090 N  60  37.6300 W   3.6        4.1       12.0        3.0        7.9 
040624  184032  47  21.8100 N  60  37.6330 W   3.3        4.1       12.0        3.0        7.9 
040624  184034  47  21.8110 N  60  37.6360 W   3.5        4.1       12.0        3.0        7.9 
040624  184036  47  21.8120 N  60  37.6380 W   3.2        4.1       12.0        3.0        7.5 
040624  184038  47  21.8130 N  60  37.6390 W   3.3        4.1       10.9        3.0        7.5 
040624  184040  47  21.8140 N  60  37.6420 W   3.1        4.1       10.9        3.0        7.5 
040624  184042  47  21.8150 N  60  37.6440 W   3.5        4.1       10.9        3.0       10.1 
040624  184044  47  21.8160 N  60  37.6470 W   4.1        4.1       10.9        3.0       10.1 
040624  184046  47  21.8170 N  60  37.6510 W   4.6        4.1       10.9        3.2       10.1 
040624  184048  47  21.8190 N  60  37.6550 W   5.5        4.1       10.9        3.2       40.5 
040624  184050  47  21.8200 N  60  37.6590 W   5.9        4.1       10.9        3.2       40.5 
040624  184052  47  21.8220 N  60  37.6630 W   6.2        4.1       10.9        3.2        4.8 
040624  184054  47  21.8230 N  60  37.6680 W   6.8        4.1       10.9        3.2        4.8 
040624  184056  47  21.8250 N  60  37.6730 W   6.8        4.1       10.9        3.2        4.8 
040624  184058  47  21.8270 N  60  37.6790 W   7.3        4.1       10.9        3.2        4.8 
040624  184100  47  21.8290 N  60  37.6840 W   7.4        4.1       10.9        3.2        4.8 
040624  184102  47  21.8310 N  60  37.6890 W   7.3        4.1       10.9        3.2        4.8 
040624  184104  47  21.8320 N  60  37.6950 W   7.6        4.1       10.9        3.2        4.8 
040624  184106  47  21.8340 N  60  37.7000 W   7.5        4.1       10.9        3.2        4.8 
040624  184108  47  21.8360 N  60  37.7060 W   7.7        4.1       10.9        3.2        5.7 
040624  184110  47  21.8380 N  60  37.7120 W   7.7        4.1       10.9        3.2        5.7 
040624  184112  47  21.8400 N  60  37.7180 W   7.6        4.1       10.9        3.2        5.7 
040624  184114  47  21.8420 N  60  37.7230 W   7.7        4.1       10.9        3.2        5.7 
040624  184116  47  21.8440 N  60  37.7290 W   7.6        4.1       10.9       10.3        5.7 
040624  184118  47  21.8460 N  60  37.7350 W   7.7        4.1       10.9       10.3        5.7 
040624  184120  47  21.8480 N  60  37.7400 W   7.4        4.1       10.9       10.3        5.7 
040624  184122  47  21.8500 N  60  37.7460 W   7.6        4.1       10.9       10.3        5.7 
040624  184124  47  21.8520 N  60  37.7510 W   7.5        4.1       10.9       10.3        5.7 
040624  184126  47  21.8540 N  60  37.7570 W   7.4        4.1       10.9       10.3        5.7 
040624  184128  47  21.8560 N  60  37.7620 W   7.6        4.1       10.9       10.3        5.7 
040624  184130  47  21.8580 N  60  37.7680 W   7.3        4.1       10.9       10.3       32.1 
040624  184132  47  21.8590 N  60  37.7730 W   7.5        4.1       10.9       10.3       32.1 
040624  184134  47  21.8610 N  60  37.7780 W   7.5        4.1       10.9       10.3       17.2 
040624  184136  47  21.8630 N  60  37.7830 W   7.4        4.1       10.9       10.3       17.2 
040624  184138  47  21.8650 N  60  37.7890 W   7.3        4.1       10.9       10.1       17.2 
040624  184140  47  21.8670 N  60  37.7940 W   7.4        4.1       10.9       10.1       17.2 
040624  184142  47  21.8690 N  60  37.8000 W   7.5        4.1       10.9        6.0       17.2 
040624  184144  47  21.8710 N  60  37.8060 W   7.2        4.1       10.9        6.0       17.2 
040624  184146  47  21.8730 N  60  37.8110 W   7.4        4.1       10.9        6.0       17.2 
040624  184148  47  21.8750 N  60  37.8170 W   7.2        4.1       10.9        6.0       17.2 
040624  184150  47  21.8770 N  60  37.8220 W   7.5        4.1        8.6        6.0       37.8 
040624  184152  47  21.8780 N  60  37.8270 W   7.4        4.1        8.6        6.0       37.8 
040624  184154  47  21.8800 N  60  37.8310 W   7.3        4.1        8.6        6.0       37.8 
040624  184156  47  21.8820 N  60  37.8360 W   7.4        4.1        8.6        6.0        5.3 
040624  184158  47  21.8840 N  60  37.8420 W   7.2        4.1        8.6        6.0        5.3 
040624  184200  47  21.8860 N  60  37.8470 W   7.3        4.1        8.6        6.0       26.0 
040624  184202  47  21.8880 N  60  37.8530 W   7.3        4.1        8.6        6.0       26.0 
040624  184204  47  21.8900 N  60  37.8580 W   7.3        4.1        8.6        6.0       26.0 
040624  184206  47  21.8930 N  60  37.8640 W   7.4        4.1        8.6        6.0       15.8 
040624  184208  47  21.8940 N  60  37.8690 W   7.3        4.1        8.6        6.0       15.8 
040624  184210  47  21.8970 N  60  37.8750 W   7.2        4.1        8.6       43.1       15.8 
040624  184212  47  21.8980 N  60  37.8790 W   7.4        4.1        8.6       43.1       11.0 
040624  184214  47  21.9010 N  60  37.8850 W   7.2        4.1        8.6       43.1       11.0 
040624  184216  47  21.9030 N  60  37.8900 W   7.5        4.1        8.6       43.1       23.8 
040624  184218  47  21.9050 N  60  37.8960 W   7.3        4.1        8.6       43.1       23.8 
040624  184220  47  21.9070 N  60  37.9010 W   7.4        4.1        8.6       43.1       23.8 
040624  184222  47  21.9090 N  60  37.9060 W   7.3        4.1        8.6       43.1       54.1 
040624  184224  47  21.9110 N  60  37.9110 W   7.6        4.1        8.6       43.1       54.1 
040624  184226  47  21.9130 N  60  37.9170 W   7.1        4.1        8.6       43.1       30.8 
040624  184228  47  21.9150 N  60  37.9220 W   7.6        4.1        8.6       43.1       30.8 
040624  184230  47  21.9170 N  60  37.9270 W   7.2        4.1        8.6       43.1       30.8 
040624  184232  47  21.9180 N  60  37.9320 W   7.3        4.1        8.6       43.1       30.8 
040624  184234  47  21.9210 N  60  37.9370 W   7.4        4.1        8.6       43.1       30.8 
040624  184236  47  21.9230 N  60  37.9430 W   7.5        4.1        8.6       43.1       30.8 
040624  184238  47  21.9250 N  60  37.9480 W   7.2        2.5        8.6       43.1       30.8 
040624  184240  47  21.9260 N  60  37.9530 W   7.4        2.5        8.6       43.1       30.8 
040624  184242  47  21.9290 N  60  37.9580 W   7.3        2.5        8.6       43.1       30.8 
040624  184244  47  21.9300 N  60  37.9630 W   7.3        2.5        8.6       43.1       30.8 
040624  184246  47  21.9320 N  60  37.9680 W   7.0        2.5        8.6       43.1       30.8 
040624  184248  47  21.9340 N  60  37.9730 W   6.5        2.5        8.6       43.1        6.6 
040624  184250  47  21.9360 N  60  37.9780 W   6.5        2.5        8.6       43.1        6.6 
040624  184252  47  21.9380 N  60  37.9830 W   6.4        2.5        8.6       43.1        6.6 
040624  184254  47  21.9400 N  60  37.9880 W   6.2        2.5        8.6       43.1       30.4 
040624  184256  47  21.9410 N  60  37.9910 W   5.6        2.5        8.6       43.1       30.4 
040624  184258  47  21.9420 N  60  37.9950 W   4.9        2.5        8.6       43.1       25.1 
040624  184300  47  21.9430 N  60  37.9990 W   4.4        2.5        8.6       43.1       25.1 
040624  184302  47  21.9450 N  60  38.0020 W   3.8        2.5        8.6       43.1       25.1 
040624  184304  47  21.9460 N  60  38.0050 W   3.8        2.5        8.6       43.1       40.5 
040624  184306  47  21.9470 N  60  38.0080 W   3.3        2.5        8.6       10.5       40.5 
040624  184308  47  21.9480 N  60  38.0100 W   3.2        2.5        8.6       10.5       40.5 
040624  184310  47  21.9490 N  60  38.0120 W   2.9        2.5        8.6       10.5       31.2 
040624  184312  47  21.9500 N  60  38.0140 W   2.8        2.5        8.6       10.3       31.2 
040624  184314  47  21.9500 N  60  38.0160 W   2.8        2.5        8.6       10.3       32.1 
040624  184316  47  21.9510 N  60  38.0180 W   2.5        2.5        8.6       10.3       32.1 
040624  184318  47  21.9510 N  60  38.0200 W   2.6        2.5        8.6        7.8       32.1 
040624  184320  47  21.9520 N  60  38.0220 W   2.2        2.5        8.6        7.8       24.6 
040624  184322  47  21.9530 N  60  38.0230 W   2.4        2.5        8.6        7.8       24.6 
040624  184324  47  21.9540 N  60  38.0240 W   2.3        2.5        8.6        7.8       35.6 
040624  184326  47  21.9540 N  60  38.0260 W   2.1        2.5        8.6        7.8       35.6 
040624  184328  47  21.9550 N  60  38.0280 W   2.1        2.5        8.6        7.9       35.6 
040624  184330  47  21.9550 N  60  38.0290 W   2.1        2.5        8.6        7.9       36.1 
040624  184332  47  21.9560 N  60  38.0300 W   2.2        2.5        8.6        7.2       36.1 
040624  184334  47  21.9560 N  60  38.0310 W   2.0        2.5        8.6        7.2       36.1 
040624  184336  47  21.9570 N  60  38.0330 W   2.1        2.5        8.6        7.2       40.9 
040624  184338  47  21.9570 N  60  38.0340 W   2.0        2.5        8.6        6.9       40.9 
040624  184340  47  21.9580 N  60  38.0360 W   1.8        2.5        8.6        6.9       40.5 
040624  184342  47  21.9580 N  60  38.0370 W   2.1        2.5        8.6        6.9       40.5 
040624  184344  47  21.9590 N  60  38.0380 W   2.0        2.5        8.6       11.9       40.5 
040624  184346  47  21.9600 N  60  38.0400 W   2.1        2.5        8.6       11.9       47.1 
040624  184348  47  21.9600 N  60  38.0410 W   1.7        2.5        8.6        2.0       47.1 
040624  184350  47  21.9610 N  60  38.0430 W   1.9        2.5        8.6        2.0       47.1 
040624  184352  47  21.9610 N  60  38.0440 W   1.9        2.5        8.6        2.0       44.9 
040624  184354  47  21.9610 N  60  38.0460 W   1.9        2.5        8.6        6.8       44.9 
040624  184356  47  21.9620 N  60  38.0470 W   1.8        2.5        8.6        6.8       49.3 
040624  184358  47  21.9630 N  60  38.0480 W   1.8        2.5        8.6        6.8       49.3 
040624  184400  47  21.9630 N  60  38.0490 W   1.8        2.5        8.6        6.6       49.3 
040624  184402  47  21.9630 N  60  38.0510 W   1.8        2.5        8.6        6.6       50.6 
040624  184404  47  21.9640 N  60  38.0520 W   2.0        2.5        8.6        6.6       50.6 
040624  184406  47  21.9640 N  60  38.0540 W   1.7        2.5        8.6        6.6       50.6 
040624  184408  47  21.9650 N  60  38.0550 W   1.9        2.5        2.1        6.6       55.9 
040624  184410  47  21.9650 N  60  38.0560 W   2.0        2.5        2.1        8.8       55.9 
040624  184412  47  21.9660 N  60  38.0580 W   1.8        2.5        2.1        8.8       57.2 
040624  184414  47  21.9660 N  60  38.0590 W   1.8        2.5        2.1        4.2       57.2 
040624  184416  47  21.9670 N  60  38.0600 W   2.1       13.2        2.1        4.2       57.2 
040624  184418  47  21.9680 N  60  38.0620 W   1.9       13.2        2.1        4.2       61.1 
040624  184420  47  21.9680 N  60  38.0630 W   2.2       13.2        2.1        7.2       61.1 
040624  184422  47  21.9690 N  60  38.0650 W   1.8       13.2        3.6        7.2       61.1 
040624  184424  47  21.9690 N  60  38.0670 W   2.1       13.2        3.6        7.2       60.7 
040624  184426  47  21.9700 N  60  38.0680 W   1.8       13.2        3.6        6.6       60.7 
040624  184428  47  21.9700 N  60  38.0700 W   2.0       13.2        3.6        6.6       63.8 
040624  184430  47  21.9710 N  60  38.0720 W   2.1        6.4        3.6        6.9       63.8 
040624  184432  47  21.9710 N  60  38.0730 W   2.1        6.4        3.6        6.9       63.8 
040624  184434  47  21.9720 N  60  38.0750 W   2.1        6.4        3.6        6.9       66.9 
040624  184436  47  21.9720 N  60  38.0770 W   1.9        6.4        3.6        7.2       66.9 
040624  184438  47  21.9730 N  60  38.0780 W   2.0        6.4        3.6        7.2       66.9 
040624  184440  47  21.9730 N  60  38.0790 W   2.1        6.4        3.6        7.2       68.2 
040624  184442  47  21.9730 N  60  38.0800 W   2.2        6.4       11.6        7.8       68.2 
040624  184444  47  21.9740 N  60  38.0820 W   2.0        6.4       11.6        7.8       65.5 
040624  184446  47  21.9740 N  60  38.0830 W   2.2        6.4       11.6        7.5       65.5 
040624  184448  47  21.9750 N  60  38.0840 W   2.1        6.4        2.2        7.5       65.5 
040624  184450  47  21.9760 N  60  38.0860 W   2.2        6.4        2.2        7.5       64.7 
040624  184452  47  21.9760 N  60  38.0880 W   2.3        6.4        2.2        8.5       64.7 
040624  184454  47  21.9770 N  60  38.0890 W   2.1        6.4        2.2        8.5       64.7 
040624  184456  47  21.9770 N  60  38.0910 W   2.3        3.0        2.2        9.0       69.5 
040624  184458  47  21.9780 N  60  38.0920 W   2.1        3.0        2.2        9.0       69.5 
040624  184500  47  21.9780 N  60  38.0940 W   2.3        3.0        2.2        9.0       66.4 
040624  184502  47  21.9790 N  60  38.0960 W   2.1        3.0        2.8        9.0       66.4 
040624  184504  47  21.9800 N  60  38.0980 W   2.2        3.0        2.8        9.0       66.4 
040624  184506  47  21.9800 N  60  38.1000 W   2.3        3.0        2.8        9.0       69.1 
040624  184508  47  21.9810 N  60  38.1020 W   2.3        3.5        2.8        9.2       69.1 
040624  184510  47  21.9820 N  60  38.1030 W   2.2        3.5        2.8        9.2       69.1 
040624  184512  47  21.9820 N  60  38.1050 W   2.2        3.5        2.8        9.0       67.7 
040624  184514  47  21.9830 N  60  38.1060 W   2.0        3.5        2.8        9.0       67.7 
040624  184516  47  21.9830 N  60  38.1080 W   2.4        3.5        2.8        9.0       67.3 
040624  184518  47  21.9840 N  60  38.1090 W   2.1        3.5        2.8        9.7       67.3 
040624  184520  47  21.9850 N  60  38.1110 W   2.3        3.5        2.8        9.7       67.3 
040624  184522  47  21.9860 N  60  38.1130 W   2.1        3.5        2.8        9.7       67.7 
040624  184524  47  21.9860 N  60  38.1140 W   2.2        3.5        2.8        9.3       67.7 
040624  184526  47  21.9870 N  60  38.1160 W   2.2        3.5        2.5        9.3       67.7 
040624  184528  47  21.9870 N  60  38.1170 W   2.2        3.5        2.5        9.3       68.6 
040624  184530  47  21.9880 N  60  38.1190 W   2.2        3.5        2.5        9.3       68.6 
040624  184532  47  21.9880 N  60  38.1210 W   2.2        3.5        2.5        9.3       65.5 
040624  184534  47  21.9890 N  60  38.1230 W   2.2        3.0        2.5        9.3       65.5 
040624  184536  47  21.9890 N  60  38.1240 W   2.3        3.0        2.5        9.3       65.5 
040624  184538  47  21.9900 N  60  38.1260 W   2.1        3.0        2.5        9.9       68.2 
040624  184540  47  21.9900 N  60  38.1270 W   2.0        3.0        2.5        9.9       68.2 
040624  184542  47  21.9910 N  60  38.1290 W   2.2        3.0        2.5        9.9       68.2 
040624  184544  47  21.9910 N  60  38.1300 W   2.0        3.0        2.5        9.9       66.4 
040624  184546  47  21.9920 N  60  38.1320 W   2.5        3.0        2.5        9.9       66.4 
040624  184548  47  21.9920 N  60  38.1340 W   1.9        3.0        2.5        9.9       67.3 
040624  184550  47  21.9930 N  60  38.1350 W   2.1        3.0        2.5        9.9       67.3 
040624  184552  47  21.9930 N  60  38.1370 W   2.0        3.0        2.5        9.9       67.3 
040624  184554  47  21.9940 N  60  38.1390 W   2.2        3.0        2.5        9.9       65.5 
040624  184556  47  21.9950 N  60  38.1400 W   2.2        3.0        2.5        9.9       65.5 
040624  184558  47  21.9950 N  60  38.1420 W   2.0        3.0       12.0        9.9       65.5 
040624  184600  47  21.9960 N  60  38.1430 W   1.9        3.0       12.0       10.3       69.5 
040624  184602  47  21.9960 N  60  38.1450 W   2.3        3.0       12.0       10.3       69.5 
040624  184604  47  21.9970 N  60  38.1460 W   2.0        3.0       12.0       10.3       69.5 
040624  184606  47  21.9970 N  60  38.1470 W   2.2        3.0       12.0       10.3       66.0 
040624  184608  47  21.9980 N  60  38.1490 W   2.1        3.0       12.0       10.3       66.0 
040624  184610  47  21.9980 N  60  38.1500 W   1.9        3.0       12.0       11.1       69.1 
040624  184612  47  21.9990 N  60  38.1520 W   1.9        3.0       12.0       11.1       69.1 
040624  184614  47  21.9990 N  60  38.1530 W   1.8        3.0       12.0       11.1       69.1 
040624  184616  47  22.0000 N  60  38.1550 W   2.0        3.0       12.0       11.1       65.1 
040624  184618  47  22.0000 N  60  38.1560 W   2.1        3.0       12.0       11.1       65.1 
040624  184620  47  22.0010 N  60  38.1570 W   1.9        3.0       12.0       11.1       68.6 
040624  184622  47  22.0010 N  60  38.1590 W   2.2        3.0       12.0       11.1       68.6 
040624  184624  47  22.0020 N  60  38.1610 W   1.9        3.0       12.0       11.1       68.6 
040624  184626  47  22.0020 N  60  38.1620 W   2.0        3.0       12.0       10.7       65.1 
040624  184628  47  22.0030 N  60  38.1630 W   2.1        3.0        2.3       10.7       65.1 
040624  184630  47  22.0030 N  60  38.1650 W   2.0        3.0        2.3       10.7       65.1 
040624  184632  47  22.0040 N  60  38.1660 W   2.1        3.0        2.3       10.7       67.3 
040624  184634  47  22.0050 N  60  38.1680 W   2.0        3.5        2.3       10.7       67.3 
040624  184636  47  22.0050 N  60  38.1690 W   2.0        3.5        2.3       10.7       67.3 
040624  184638  47  22.0050 N  60  38.1700 W   1.9        3.5        2.3       10.7       68.2 
040624  184640  47  22.0050 N  60  38.1720 W   2.1        3.5        2.3       10.7       68.2 
040624  184642  47  22.0060 N  60  38.1740 W   1.9        3.5        2.3       10.7       66.9 
040624  184644  47  22.0070 N  60  38.1750 W   2.2        3.5        2.3       10.7       66.9 
040624  184646  47  22.0080 N  60  38.1760 W   1.7        3.5        2.3       10.7       66.9 
040624  184648  47  22.0090 N  60  38.1780 W   2.0        3.5        2.3       10.7       66.9 
040624  184650  47  22.0090 N  60  38.1790 W   1.8        3.5        2.3       12.1       66.9 
040624  184652  47  22.0100 N  60  38.1800 W   2.1        3.5        2.2       12.1       66.9 
040624  184654  47  22.0100 N  60  38.1820 W   2.1        3.5        2.2       12.1      114.8 
040624  184656  47  22.0110 N  60  38.1830 W   2.1        3.5        2.2       10.5      114.8 
040624  184658  47  22.0110 N  60  38.1840 W   1.9        3.5        2.2       10.5       18.5 
040624  184700  47  22.0120 N  60  38.1860 W   1.9        2.5        2.2       10.5       18.5 
040624  184702  47  22.0120 N  60  38.1870 W   2.0        2.5        2.2       10.9       18.5 
040624  184704  47  22.0120 N  60  38.1890 W   1.9        2.5        2.2       10.9       66.9 
040624  184706  47  22.0130 N  60  38.1900 W   2.1        2.5        2.2       10.9       66.9 
040624  184708  47  22.0140 N  60  38.1920 W   1.9        2.5        2.2       10.9       66.9 
040624  184710  47  22.0140 N  60  38.1940 W   2.0        2.5        2.2       10.9       67.7 
040624  184712  47  22.0150 N  60  38.1950 W   2.1        2.5       11.2       10.9       67.7 
040624  184714  47  22.0150 N  60  38.1970 W   2.1        2.5       11.2       10.9       66.0 
040624  184716  47  22.0160 N  60  38.1990 W   2.1        2.5       11.2       10.9       66.0 
040624  184718  47  22.0160 N  60  38.2000 W   2.0        2.5       11.2       10.9       66.0 
040624  184720  47  22.0170 N  60  38.2020 W   2.1        2.5       11.2       10.9       68.2 
040624  184722  47  22.0180 N  60  38.2030 W   1.8        2.5       11.2       10.3       68.2 
040624  184724  47  22.0180 N  60  38.2040 W   2.0        2.5       11.0       10.3       68.2 
040624  184726  47  22.0180 N  60  38.2060 W   1.9        2.5       11.0       10.3       65.1 
040624  184728  47  22.0190 N  60  38.2070 W   2.1        2.5       11.0       10.3       65.1 
040624  184730  47  22.0190 N  60  38.2090 W   1.9        2.5       11.0       10.3       67.3 
040624  184732  47  22.0200 N  60  38.2090 W   2.0        2.5       11.0       10.3       67.3 
040624  184734  47  22.0200 N  60  38.2110 W   2.0        2.5       11.0       10.3       67.3 
040624  184736  47  22.0210 N  60  38.2130 W   2.0        2.5       11.6       10.3       66.0 
040624  184738  47  22.0220 N  60  38.2150 W   2.2        2.5       11.6       10.3       66.0 
040624  184740  47  22.0220 N  60  38.2170 W   1.9        2.5       11.6       10.3       66.0 
040624  184742  47  22.0220 N  60  38.2180 W   2.0        2.5       11.6       10.2       66.4 
040624  184744  47  22.0230 N  60  38.2200 W   1.9        2.5       11.6       10.2       66.4 
040624  184746  47  22.0230 N  60  38.2210 W   2.1        2.5       11.6       10.2       68.2 
040624  184748  47  22.0240 N  60  38.2230 W   2.0        2.5       11.6       10.2       68.2 
040624  184750  47  22.0240 N  60  38.2250 W   2.0        2.5       11.6       10.2       68.2 
040624  184752  47  22.0250 N  60  38.2270 W   1.9        2.5       11.6       10.2       66.9 
040624  184754  47  22.0250 N  60  38.2270 W   2.2        2.5       11.6       10.2       66.9 
040624  184756  47  22.0260 N  60  38.2280 W   1.9        2.5       11.6       10.2       66.9 
040624  184758  47  22.0270 N  60  38.2300 W   1.9        2.5       11.6       10.2       65.1 
040624  184800  47  22.0270 N  60  38.2310 W   2.1        2.5       11.6       10.2       65.1 
040624  184802  47  22.0280 N  60  38.2330 W   1.8        2.5       11.6       10.2       66.9 
040624  184804  47  22.0280 N  60  38.2340 W   2.0        2.5       11.6       10.2       66.9 
040624  184806  47  22.0290 N  60  38.2360 W   1.9        2.5       11.6       10.2       66.9 
040624  184808  47  22.0290 N  60  38.2370 W   1.9        2.5       11.6       10.2       65.5 
040624  184810  47  22.0300 N  60  38.2390 W   2.0        2.5       11.6       10.2       65.5 
040624  184812  47  22.0300 N  60  38.2400 W   2.0        2.5       11.6       10.2       65.5 
040624  184814  47  22.0310 N  60  38.2420 W   2.1        2.5       11.6       10.2       68.6 
040624  184816  47  22.0310 N  60  38.2440 W   2.2        2.5        2.2       10.2       68.6 
040624  184818  47  22.0320 N  60  38.2450 W   1.9        2.5        2.2       10.2       67.3 
040624  184820  47  22.0320 N  60  38.2460 W   2.0        2.5        2.2       10.2       67.3 
040624  184822  47  22.0330 N  60  38.2480 W   2.0        2.5        2.2       10.2       67.3 
040624  184824  47  22.0330 N  60  38.2490 W   2.0        2.4        2.2       10.2       66.4 
040624  184826  47  22.0340 N  60  38.2510 W   2.1        2.4        2.2       10.2       66.4 
040624  184828  47  22.0340 N  60  38.2520 W   1.9        2.4        2.2       10.2       66.4 
040624  184830  47  22.0340 N  60  38.2540 W   2.0        2.4        2.2       10.2       68.2 
040624  184832  47  22.0350 N  60  38.2550 W   1.9        2.4        2.2       10.2       68.2 
040624  184834  47  22.0360 N  60  38.2560 W   2.1        2.4        2.2       10.2       65.1 
040624  184836  47  22.0360 N  60  38.2580 W   2.0        2.4       11.2       10.2       65.1 
040624  184838  47  22.0370 N  60  38.2600 W   2.0        2.4       11.2       10.7       65.1 
040624  184840  47  22.0370 N  60  38.2610 W   2.1        2.4       11.2       10.7       68.2 
040624  184842  47  22.0380 N  60  38.2630 W   2.0        2.4       11.2       10.7       68.2 
040624  184844  47  22.0380 N  60  38.2640 W   1.9        2.4       11.2       10.7       68.2 
040624  184846  47  22.0390 N  60  38.2660 W   2.1        2.4       11.2       10.7       65.5 
040624  184848  47  22.0390 N  60  38.2670 W   1.9        2.4       11.2       10.7       65.5 
040624  184850  47  22.0400 N  60  38.2690 W   2.2        2.4       11.2       10.7       65.5 
040624  184852  47  22.0400 N  60  38.2700 W   1.9        2.4       11.2       10.7       65.5 
040624  184854  47  22.0410 N  60  38.2720 W   2.1        2.4        2.4       10.7       65.5 
040624  184856  47  22.0410 N  60  38.2730 W   2.0        2.4        2.4       10.7       68.6 
040624  184858  47  22.0420 N  60  38.2750 W   1.9        2.4        2.4       10.6       68.6 
040624  184900  47  22.0420 N  60  38.2760 W   2.0        2.8        2.4       10.6       68.6 
040624  184902  47  22.0420 N  60  38.2780 W   2.0        2.8        2.4       10.6       66.9 
040624  184904  47  22.0430 N  60  38.2800 W   2.1        2.8        2.4       10.6       66.9 
040624  184906  47  22.0430 N  60  38.2810 W   2.0        2.8        2.4       10.6       64.7 
040624  184908  47  22.0440 N  60  38.2820 W   2.0        2.8        2.4       10.0       64.7 
040624  184910  47  22.0450 N  60  38.2840 W   2.0        2.8        2.4       10.0       64.7 
040624  184912  47  22.0450 N  60  38.2850 W   1.9        2.8       11.2       10.0       68.6 
040624  184914  47  22.0450 N  60  38.2870 W   2.2        2.8       11.2       10.5       68.6 
040624  184916  47  22.0460 N  60  38.2880 W   2.1        2.8       11.2       10.5       68.6 
040624  184918  47  22.0460 N  60  38.2900 W   2.0        2.8        2.2       10.5       67.3 
040624  184920  47  22.0470 N  60  38.2910 W   1.9        2.8        2.2       10.5       67.3 
040624  184922  47  22.0470 N  60  38.2930 W   2.1        2.8        2.2       10.5       67.3 
040624  184924  47  22.0480 N  60  38.2940 W   1.9        2.8        2.2       10.6       63.8 
040624  184926  47  22.0480 N  60  38.2960 W   2.1        2.7        2.2       10.6       63.8 
040624  184928  47  22.0490 N  60  38.2980 W   2.1        2.7        2.2       10.6       68.6 
040624  184930  47  22.0490 N  60  38.2990 W   2.1        2.7        2.2       10.2       68.6 
040624  184932  47  22.0490 N  60  38.3010 W   1.8        2.7        2.2       10.2       68.6 
040624  184934  47  22.0500 N  60  38.3020 W   2.0        2.7        2.2       10.2       66.0 
040624  184936  47  22.0500 N  60  38.3040 W   2.0        2.7        2.2       10.2       66.0 
040624  184938  47  22.0510 N  60  38.3060 W   2.1        2.7        2.2       10.2       66.0 
040624  184940  47  22.0520 N  60  38.3070 W   2.0        2.7        2.2       10.2       67.3 
040624  184942  47  22.0520 N  60  38.3080 W   1.8        2.7        2.2       10.2       67.3 
040624  184944  47  22.0530 N  60  38.3090 W   1.5        2.7        2.2       10.2      123.2 
040624  184946  47  22.0530 N  60  38.3110 W   1.1        2.7        2.2       16.7      123.2 
040624  184948  47  22.0530 N  60  38.3110 W   1.1        2.7        2.2       16.7      123.2 
040624  184950  47  22.0530 N  60  38.3120 W   1.0        2.7        2.2       16.7      123.2 
040624  184952  47  22.0530 N  60  38.3120 W   0.5        2.7        2.2       27.8      123.2 
040624  184954  47  22.0530 N  60  38.3120 W   0.6        2.7        2.2       27.8      123.2 
040624  184956  47  22.0530 N  60  38.3120 W   0.3        2.7        2.2       27.8      123.2 
040624  184958  47  22.0530 N  60  38.3120 W   0.1        2.7        2.2       27.8      123.2 
040624  185000  47  22.0530 N  60  38.3120 W   0.6        2.7        2.2       27.8      123.2 
040624  185002  47  22.0520 N  60  38.3120 W   0.5        2.7        2.2       27.8      123.2 
040624  185004  47  22.0520 N  60  38.3120 W   0.6        2.7        2.2       27.8      123.2 
040624  185006  47  22.0520 N  60  38.3110 W   0.9        2.7        2.2       27.8       24.2 
040624  185008  47  22.0510 N  60  38.3100 W   0.9        2.7        2.2       27.8       24.2 
040624  185010  47  22.0510 N  60  38.3100 W   1.2        2.7        2.2       27.8       24.2 
040624  185012  47  22.0510 N  60  38.3090 W   1.0        2.7        2.2       21.9       24.2 
040624  185014  47  22.0500 N  60  38.3090 W   1.3        2.2        2.2       21.9       24.2 
040624  185016  47  22.0500 N  60  38.3070 W   1.2        2.2        2.2       21.9       24.2 
040624  185018  47  22.0490 N  60  38.3070 W   1.4        2.2        2.2       21.9       24.2 
040624  185020  47  22.0490 N  60  38.3060 W   1.5        2.2        2.2       21.9       24.2 
040624  185022  47  22.0490 N  60  38.3050 W   1.5        2.2        2.2       21.9       68.6 
040624  185024  47  22.0490 N  60  38.3030 W   1.5        2.2        2.2       21.9       68.6 
040624  185026  47  22.0480 N  60  38.3020 W   1.6        2.2        2.2       21.9       68.6 
040624  185028  47  22.0480 N  60  38.3010 W   1.5        2.2        2.2       21.9      186.1 
040624  185030  47  22.0470 N  60  38.2990 W   1.8        2.2        2.2       21.9      186.1 
040624  185032  47  22.0470 N  60  38.2980 W   1.8        2.2        2.2       11.4      186.1 
040624  185034  47  22.0460 N  60  38.2970 W   1.7        2.2        2.2       11.4      186.1 
040624  185036  47  22.0450 N  60  38.2960 W   1.8        2.2        2.2       11.4      186.1 
040624  185038  47  22.0450 N  60  38.2940 W   1.6        2.2        2.2       11.4      186.1 
040624  185040  47  22.0440 N  60  38.2930 W   2.0        2.2        2.2       11.4      186.1 
040624  185042  47  22.0440 N  60  38.2920 W   1.9        2.2        2.2       11.4      186.1 
040624  185044  47  22.0430 N  60  38.2910 W   1.9        2.2        2.2       11.4       77.4 
040624  185046  47  22.0430 N  60  38.2890 W   2.1        2.2        2.2       11.4       77.4 
040624  185048  47  22.0430 N  60  38.2870 W   1.8        2.2        2.2       11.4       82.7 
040624  185050  47  22.0420 N  60  38.2860 W   2.1        2.2        2.2       11.4       82.7 
040624  185052  47  22.0420 N  60  38.2840 W   1.9        2.2        2.2       11.4       82.7 
040624  185054  47  22.0410 N  60  38.2830 W   2.0        2.2        2.2       11.4       89.3 
040624  185056  47  22.0410 N  60  38.2810 W   1.9        2.2        2.2       11.4       89.3 
040624  185058  47  22.0400 N  60  38.2810 W   2.2        2.2        2.2       17.9       89.3 
040624  185100  47  22.0400 N  60  38.2790 W   1.7        2.2        2.2       17.9       25.5 
040624  185102  47  22.0400 N  60  38.2780 W   2.2        2.2        2.2       13.1       25.5 
040624  185104  47  22.0390 N  60  38.2770 W   2.0        2.2        2.2       13.1       49.7 
040624  185106  47  22.0390 N  60  38.2740 W   2.0        2.2        2.2       13.1       49.7 
040624  185108  47  22.0380 N  60  38.2730 W   2.1        2.2        2.3       13.1       49.7 
040624  185110  47  22.0380 N  60  38.2710 W   1.3        2.2        2.3       13.1       76.5 
040624  185112  47  22.0380 N  60  38.2700 W   1.6        2.2        2.3        7.7       76.5 
040624  185114  47  22.0370 N  60  38.2690 W   1.0        2.9        2.3        7.7       76.5 
040624  185116  47  22.0370 N  60  38.2690 W   1.3        2.9        2.3        7.7       66.9 
040624  185118  47  22.0370 N  60  38.2680 W   0.8        2.9        2.3       11.6       66.9 
040624  185120  47  22.0360 N  60  38.2680 W   1.1        2.9        2.3       11.6       36.1 
040624  185122  47  22.0360 N  60  38.2670 W   0.5        2.9        2.3       11.6       36.1 
040624  185124  47  22.0360 N  60  38.2670 W   0.8        2.9        2.3       11.6       36.1 
040624  185126  47  22.0360 N  60  38.2660 W   0.2        2.9        2.3       11.6       67.7 
040624  185128  47  22.0350 N  60  38.2660 W   0.7        2.9        2.3        7.0       67.7 
040624  185130  47  22.0350 N  60  38.2670 W   0.1        2.9        2.3        7.0       67.7 
040624  185132  47  22.0350 N  60  38.2660 W   1.0        2.9        2.3        7.0       79.2 
040624  185134  47  22.0340 N  60  38.2670 W   0.2        2.9        2.3        5.7       79.2 
040624  185136  47  22.0350 N  60  38.2670 W   0.4        2.9        2.3        5.7       63.8 
040624  185138  47  22.0340 N  60  38.2680 W   0.9        2.9        2.3        5.7       63.8 
040624  185140  47  22.0350 N  60  38.2680 W   0.5        2.9        2.3        5.0       63.8 
040624  185142  47  22.0350 N  60  38.2680 W   0.6        2.9        2.3        5.0       73.9 
040624  185144  47  22.0340 N  60  38.2690 W   0.7        2.9        2.3        0.7       73.9 
040624  185146  47  22.0340 N  60  38.2700 W   0.5        2.9        2.3        0.7       73.9 
040624  185148  47  22.0340 N  60  38.2700 W   1.0        2.9        2.3        0.7       73.9 
040624  185150  47  22.0340 N  60  38.2710 W   0.7        2.9        2.3        3.7       73.9 
040624  185152  47  22.0350 N  60  38.2710 W   1.4        2.9       11.1        3.7      179.0 
040624  185154  47  22.0350 N  60  38.2720 W   1.0        2.9       11.1        4.1      179.0 
040624  185156  47  22.0350 N  60  38.2730 W   1.4        2.9       11.1        4.1      179.0 
040624  185158  47  22.0350 N  60  38.2740 W   1.4        2.9       11.1        4.1      179.0 
040624  185200  47  22.0360 N  60  38.2750 W   1.5        2.9       11.1        3.8      179.0 
040624  185202  47  22.0370 N  60  38.2760 W   1.6        2.9       11.1        3.8      179.0 
040624  185204  47  22.0370 N  60  38.2770 W   1.7        2.9        9.8        3.8       44.0 
040624  185206  47  22.0370 N  60  38.2780 W   1.6        2.9        9.8        3.6       44.0 
040624  185208  47  22.0370 N  60  38.2800 W   2.0        2.9        9.8        3.6       44.0 
040624  185210  47  22.0380 N  60  38.2820 W   1.8        2.9        2.3        3.5       44.0 
040624  185212  47  22.0390 N  60  38.2830 W   1.9        2.9        2.3        3.5       44.0 
040624  185214  47  22.0390 N  60  38.2850 W   1.9        2.9        2.3        3.5       43.1 
040624  185216  47  22.0390 N  60  38.2870 W   2.1        2.5        2.3        3.5       43.1 
040624  185218  47  22.0400 N  60  38.2880 W   2.1        2.5        2.3        3.5       43.1 
040624  185220  47  22.0400 N  60  38.2900 W   2.4        2.5        2.3        3.3       40.0 
040624  185222  47  22.0410 N  60  38.2920 W   2.4        2.5        2.3        3.3       40.0 
040624  185224  47  22.0420 N  60  38.2930 W   2.7        2.5        2.3        3.3       37.8 
