13071992 006 481836.1 641355.2  4.1                                               
13071992 006                    4.1                                               
13071992 006                    4.4                                               
13071992 006                    4.3                                               
13071992 006                    3.8                                               
13071992 006                    3.8                                               
13071992 006                    4.1                                               
13071992 006                    4.6                                               
13071992 006                    6.6                                               
13071992 006                    7.2                                               
13071992 006                    7.2                                               
13071992 006 481848.5 641405.8  7.2                                               