22071992 004 474904.3 634428.8  3.1                                               
22071992 004                    2.8                                               
22071992 004                    3.3                                               
22071992 004                    3.4                                               
22071992 004                    3.9                                               
22071992 004                    4.6                                               
22071992 004                    4.8                                               
22071992 004                    6.1                                               
22071992 004                    6.7                                               
22071992 004                    7.4                                               
22071992 004                    7.5                                               
22071992 004                    7.1                                               
22071992 004                    7.8                                               
22071992 004                    8.2                                               
22071992 004                    8.0                                               
22071992 004                    8.1                                               
22071992 004                    7.6                                               
22071992 004 474920.3 634435.2  8.1                                               