29091992 006 470439.3 623138.7  3.0                                               
29091992 006                    3.0                                               
29091992 006                    3.5                                               
29091992 006                    5.8                                               
29091992 006                    7.0                                               
29091992 006                    8.1                                               
29091992 006                    8.4                                               
29091992 006                    8.4                                               
29091992 006                    9.4                                               
29091992 006                    8.8                                               
29091992 006                    8.1                                               
29091992 006                    8.1                                               
29091992 006                    8.0                                               
29091992 006 470432.8 623121.4  8.0                                               