#B	Created:	02.08.2022 09:45:59
##	Version	SeaStar	9.05
#5	Field separation:	0
#2	Date & Time:	1
#6	Decimal point:	,
#7	Date def.:	dd.mm.yyyy	.
#8	Time def.:	:
##	Axis	0	Temperature(°C)	clRed	FALSE
##	Axis	1	Pressure(Bar)	clBlue	FALSE
##	Axis	2	Angle(°)	clGreen	FALSE
##	Axis	3	EAL	clSkyBlue	FALSE
##	Axis	4	Roll(°)	$00404080	FALSE
##	Series	0	Temp(°C)	clRed	0	Temp(°C)	2
##	Series	1	Press(Bar)	clBlue	1	Press(Bar)	2
##	Series	2	Tilt-X(°)	clGreen	2	Tilt-X(°)	0
##	Series	3	Tilt-Y(°)	$00404080	2	Tilt-Y(°)	0
##	Series	4	Tilt-Z(°)	$00FF0080	2	Tilt-Z(°)	0
##	Series	5	EAL	clSkyBlue	3	EAL	0
##	Series	6	Roll(°)	$00404080	4	Roll(°)	0
##	Recorder	139	DST tilt	1033
##	Chart	139H1033DAT	
#D	Data:	1746	02.08.2022 09:16:00	02.08.2022 09:45:05
1	02.08.2022 09:16:00,000	21,72	0,48	56	17	17	0	45
2	02.08.2022 09:16:01,000	21,72	0,48	61	23	6	0	75
3	02.08.2022 09:16:02,000	21,72	0,48	60	16	14	0	75
4	02.08.2022 09:16:03,000	21,75	0,48	50	14	26	0	29
5	02.08.2022 09:16:04,000	21,75	0,48	66	16	8	0	29
6	02.08.2022 09:16:05,000	21,75	0,48	58	16	15	0	47
7	02.08.2022 09:16:06,000	21,75	0,48	39	22	29	0	38
8	02.08.2022 09:16:07,000	21,75	0,48	69	16	4	0	38
9	02.08.2022 09:16:08,000	21,75	0,48	57	12	21	0	30
10	02.08.2022 09:16:09,000	21,75	0,48	49	25	16	0	56
11	02.08.2022 09:16:10,000	21,75	0,48	60	17	13	0	56
12	02.08.2022 09:16:11,000	21,75	0,50	58	18	13	0	54
13	02.08.2022 09:16:12,000	21,75	0,48	49	22	19	0	50
14	02.08.2022 09:16:13,000	21,75	0,48	53	20	17	0	49
15	02.08.2022 09:16:14,000	21,75	0,46	67	18	5	0	49
16	02.08.2022 09:16:15,000	21,75	0,46	42	25	23	0	47
17	02.08.2022 09:16:16,000	21,75	0,46	52	21	17	0	51
18	02.08.2022 09:16:17,000	21,78	0,48	64	22	4	0	51
19	02.08.2022 09:16:18,000	21,78	0,48	43	14	33	0	24
20	02.08.2022 09:16:19,000	21,78	0,48	55	20	15	0	52
21	02.08.2022 09:16:20,000	21,78	0,48	61	23	6	0	75
22	02.08.2022 09:16:21,000	21,78	0,48	45	20	26	0	38
23	02.08.2022 09:16:22,000	21,78	0,46	48	19	23	0	40
24	02.08.2022 09:16:23,000	21,78	0,48	64	21	5	0	40
25	02.08.2022 09:16:24,000	21,78	0,48	51	18	21	0	41
26	02.08.2022 09:16:25,000	21,78	0,48	50	23	17	0	52
27	02.08.2022 09:16:26,000	21,78	0,48	66	16	8	0	52
28	02.08.2022 09:16:27,000	21,78	0,48	47	21	23	0	43
29	02.08.2022 09:16:28,000	21,78	0,48	54	19	17	0	47
30	02.08.2022 09:16:29,000	21,78	0,48	59	20	11	0	60
31	02.08.2022 09:16:30,000	21,78	0,46	47	22	20	0	47
32	02.08.2022 09:16:31,000	21,78	0,48	63	17	10	0	47
33	02.08.2022 09:16:32,000	21,78	0,51	50	18	23	0	38
34	02.08.2022 09:16:33,000	21,78	0,48	53	24	14	0	59
35	02.08.2022 09:16:34,000	21,78	0,48	63	22	5	0	59
36	02.08.2022 09:16:35,000	21,78	0,48	39	24	27	0	42
37	02.08.2022 09:16:36,000	21,78	0,48	53	20	17	0	49
38	02.08.2022 09:16:37,000	21,78	0,51	66	20	4	0	49
39	02.08.2022 09:16:38,000	21,81	0,49	42	22	26	0	41
40	02.08.2022 09:16:39,000	21,81	0,49	56	20	14	0	54
41	02.08.2022 09:16:40,000	21,81	0,49	67	18	5	0	54
42	02.08.2022 09:16:41,000	21,81	0,46	55	16	18	0	42
43	02.08.2022 09:16:42,000	21,81	0,49	69	8	14	0	42
44	02.08.2022 09:16:43,000	21,81	0,49	62	18	10	0	42
45	02.08.2022 09:16:44,000	21,81	0,49	61	20	9	0	42
46	02.08.2022 09:16:45,000	21,81	0,49	65	17	7	0	42
47	02.08.2022 09:16:46,000	21,81	0,49	60	19	10	0	42
48	02.08.2022 09:16:47,000	21,81	0,49	61	20	9	0	42
49	02.08.2022 09:16:48,000	21,81	0,46	66	17	8	0	42
50	02.08.2022 09:16:49,000	21,81	0,49	57	21	12	0	59
51	02.08.2022 09:16:50,000	21,81	0,49	63	19	8	0	59
52	02.08.2022 09:16:51,000	21,81	0,49	66	17	7	0	59
53	02.08.2022 09:16:52,000	21,81	0,49	61	19	10	0	59
54	02.08.2022 09:16:53,000	21,81	0,49	61	19	11	0	59
55	02.08.2022 09:16:54,000	21,81	0,49	65	17	8	0	59
56	02.08.2022 09:16:55,000	21,81	0,49	60	19	11	0	59
57	02.08.2022 09:16:56,000	21,81	0,49	63	18	9	0	59
58	02.08.2022 09:16:57,000	21,81	0,49	66	17	7	0	59
59	02.08.2022 09:16:58,000	21,84	0,49	60	20	10	0	59
60	02.08.2022 09:16:59,000	21,81	0,49	64	17	9	0	59
61	02.08.2022 09:17:00,000	21,84	0,49	59	21	10	0	65
62	02.08.2022 09:17:01,000	21,84	0,49	62	19	10	0	65
63	02.08.2022 09:17:02,000	21,84	0,49	66	17	7	0	65
64	02.08.2022 09:17:03,000	21,84	0,49	60	19	11	0	65
65	02.08.2022 09:17:04,000	21,84	0,49	62	18	10	0	65
66	02.08.2022 09:17:05,000	21,84	0,49	66	17	7	0	65
67	02.08.2022 09:17:06,000	21,84	0,49	53	21	15	0	54
68	02.08.2022 09:17:07,000	21,84	0,49	65	17	8	0	54
69	02.08.2022 09:17:08,000	21,84	0,49	66	16	8	0	54
70	02.08.2022 09:17:09,000	21,84	0,49	61	20	9	0	54
71	02.08.2022 09:17:10,000	21,84	0,49	61	18	10	0	54
72	02.08.2022 09:17:11,000	21,84	0,47	66	16	8	0	54
73	02.08.2022 09:17:12,000	21,84	0,49	62	19	9	0	54
74	02.08.2022 09:17:13,000	21,84	0,49	65	17	8	0	54
75	02.08.2022 09:17:14,000	21,84	0,51	57	21	12	0	61
76	02.08.2022 09:17:15,000	21,84	0,47	60	20	9	0	61
77	02.08.2022 09:17:16,000	21,84	0,49	65	19	6	0	61
78	02.08.2022 09:17:17,000	21,84	0,49	57	22	11	0	62
79	02.08.2022 09:17:18,000	21,84	0,49	65	19	7	0	62
80	02.08.2022 09:17:19,000	21,84	0,47	61	19	10	0	62
81	02.08.2022 09:17:20,000	21,84	0,47	65	17	8	0	62
82	02.08.2022 09:17:21,000	21,84	0,49	60	20	10	0	62
83	02.08.2022 09:17:22,000	21,84	0,47	60	20	10	0	62
84	02.08.2022 09:17:23,000	21,84	0,49	68	16	6	0	62
85	02.08.2022 09:17:24,000	21,84	0,49	58	21	12	1	60
86	02.08.2022 09:17:25,000	21,84	0,49	61	19	10	0	60
87	02.08.2022 09:17:26,000	21,84	0,49	68	17	5	0	60
88	02.08.2022 09:17:27,000	21,84	0,47	54	27	10	0	69
89	02.08.2022 09:17:28,000	21,84	0,49	58	24	8	0	72
90	02.08.2022 09:17:29,000	21,87	0,49	65	19	6	0	72
91	02.08.2022 09:17:30,000	21,84	0,47	55	26	9	0	70
92	02.08.2022 09:17:31,000	21,84	0,49	65	20	5	0	70
93	02.08.2022 09:17:32,000	21,87	0,47	47	18	24	0	38
94	02.08.2022 09:17:33,000	21,87	0,49	55	19	16	1	50
95	02.08.2022 09:17:34,000	21,87	0,49	71	18	1	0	50
96	02.08.2022 09:17:35,000	21,87	0,49	57	18	16	0	48
97	02.08.2022 09:17:36,000	21,87	0,47	58	18	14	0	52
98	02.08.2022 09:17:37,000	21,87	0,47	67	17	6	0	52
99	02.08.2022 09:17:38,000	21,87	0,47	65	17	8	0	52
100	02.08.2022 09:17:39,000	21,87	0,49	57	18	15	0	50
101	02.08.2022 09:17:40,000	21,87	0,47	66	19	5	0	50
102	02.08.2022 09:17:41,000	21,87	0,47	57	14	19	0	36
103	02.08.2022 09:17:42,000	21,87	0,47	52	28	10	0	70
104	02.08.2022 09:17:43,000	21,87	0,49	66	19	6	0	70
105	02.08.2022 09:17:44,000	21,87	0,49	58	17	16	0	47
106	02.08.2022 09:17:45,000	21,87	0,47	62	18	10	0	47
107	02.08.2022 09:17:46,000	21,87	0,49	61	17	12	0	47
108	02.08.2022 09:17:47,000	21,87	0,47	61	18	11	0	47
109	02.08.2022 09:17:48,000	21,87	0,49	65	18	8	0	47
110	02.08.2022 09:17:49,000	21,87	0,49	57	17	15	0	49
111	02.08.2022 09:17:50,000	21,87	0,49	63	17	10	0	49
112	02.08.2022 09:17:51,000	21,87	0,49	63	17	9	0	49
113	02.08.2022 09:17:52,000	21,87	0,49	60	18	12	0	49
114	02.08.2022 09:17:53,000	21,87	0,49	62	18	10	0	49
115	02.08.2022 09:17:54,000	21,87	0,49	63	18	8	0	49
116	02.08.2022 09:17:55,000	21,87	0,49	54	18	18	0	45
117	02.08.2022 09:17:56,000	21,87	0,47	63	18	8	0	45
118	02.08.2022 09:17:57,000	21,87	0,47	70	19	-1	0	45
119	02.08.2022 09:17:58,000	21,87	0,49	39	17	34	0	29
120	02.08.2022 09:17:59,000	21,87	0,49	62	22	6	1	29
121	02.08.2022 09:18:00,000	21,87	0,49	69	19	2	1	29
122	02.08.2022 09:18:01,000	21,87	0,49	37	38	15	0	67
123	02.08.2022 09:18:02,000	21,87	0,49	63	18	-8	0	67
124	02.08.2022 09:18:03,000	21,87	0,47	54	25	12	0	64
125	02.08.2022 09:18:04,000	21,87	0,47	53	31	6	1	79
126	02.08.2022 09:18:05,000	21,87	0,49	60	27	2	0	85
127	02.08.2022 09:18:06,000	21,87	0,47	60	24	6	0	75
128	02.08.2022 09:18:07,000	21,87	0,49	59	25	6	0	76
129	02.08.2022 09:18:08,000	21,87	0,47	62	23	5	0	76
130	02.08.2022 09:18:09,000	21,87	0,49	61	25	4	0	81
131	02.08.2022 09:18:10,000	21,87	0,47	61	26	3	0	83
132	02.08.2022 09:18:11,000	21,90	0,47	61	25	4	0	81
133	02.08.2022 09:18:12,000	21,90	0,47	60	23	7	0	72
134	02.08.2022 09:18:13,000	21,90	0,47	62	26	1	0	87
135	02.08.2022 09:18:14,000	21,90	0,49	59	26	5	0	79
136	02.08.2022 09:18:15,000	21,90	0,49	55	30	5	1	81
137	02.08.2022 09:18:16,000	21,90	0,47	59	29	2	0	85
138	02.08.2022 09:18:17,000	21,90	0,47	61	23	6	0	76
139	02.08.2022 09:18:18,000	21,90	0,47	62	25	3	0	83
140	02.08.2022 09:18:19,000	21,90	0,49	62	24	4	0	80
141	02.08.2022 09:18:20,000	21,90	0,47	61	25	4	0	81
142	02.08.2022 09:18:21,000	21,90	0,47	62	23	5	0	78
143	02.08.2022 09:18:22,000	21,90	0,47	60	26	3	0	82
144	02.08.2022 09:18:23,000	21,90	0,49	61	25	4	0	80
145	02.08.2022 09:18:24,000	21,90	0,49	64	24	2	0	80
146	02.08.2022 09:18:25,000	21,90	0,49	59	27	4	0	81
147	02.08.2022 09:18:26,000	21,90	0,47	61	26	3	0	84
148	02.08.2022 09:18:27,000	21,90	0,47	58	25	7	0	73
149	02.08.2022 09:18:28,000	21,90	0,47	57	29	3	0	83
150	02.08.2022 09:18:29,000	21,90	0,47	60	24	6	0	77
151	02.08.2022 09:18:30,000	21,90	0,47	60	24	5	0	77
152	02.08.2022 09:18:31,000	21,90	0,49	60	25	4	0	80
153	02.08.2022 09:18:32,000	21,90	0,49	63	26	2	0	86
154	02.08.2022 09:18:33,000	21,90	0,49	60	26	5	0	80
155	02.08.2022 09:18:34,000	21,90	0,47	63	21	5	0	80
156	02.08.2022 09:18:35,000	21,90	0,49	56	33	1	0	89
157	02.08.2022 09:18:36,000	21,90	0,49	57	25	7	1	73
158	02.08.2022 09:18:37,000	21,90	0,47	57	27	6	0	77
159	02.08.2022 09:18:38,000	21,90	0,49	67	23	-1	0	77
160	02.08.2022 09:18:39,000	21,90	0,49	66	22	-1	0	77
161	02.08.2022 09:18:40,000	21,90	0,49	60	26	4	0	80
162	02.08.2022 09:18:41,000	21,90	0,47	59	27	4	0	81
163	02.08.2022 09:18:42,000	21,90	0,47	57	32	1	0	89
164	02.08.2022 09:18:43,000	21,90	0,49	55	28	7	0	76
165	02.08.2022 09:18:44,000	21,90	0,49	66	22	-2	0	76
166	02.08.2022 09:18:45,000	21,90	0,49	60	23	7	0	73
167	02.08.2022 09:18:46,000	21,90	0,47	63	26	2	0	86
168	02.08.2022 09:18:47,000	21,90	0,47	59	25	6	0	77
169	02.08.2022 09:18:48,000	21,90	0,47	59	25	6	0	77
170	02.08.2022 09:18:49,000	21,90	0,49	61	26	3	0	83
171	02.08.2022 09:18:50,000	21,90	0,47	60	26	4	0	80
172	02.08.2022 09:18:51,000	21,90	0,47	60	26	3	0	82
173	02.08.2022 09:18:52,000	21,90	0,47	59	25	6	0	76
174	02.08.2022 09:18:53,000	21,90	0,47	61	27	2	0	85
175	02.08.2022 09:18:54,000	21,90	0,47	57	27	6	0	78
176	02.08.2022 09:18:55,000	21,90	0,49	57	27	6	0	78
177	02.08.2022 09:18:56,000	21,90	0,47	59	29	2	0	85
178	02.08.2022 09:18:57,000	21,90	0,47	58	27	5	0	79
179	02.08.2022 09:18:58,000	21,90	0,47	59	26	5	0	79
180	02.08.2022 09:18:59,000	21,90	0,49	58	27	5	0	80
181	02.08.2022 09:19:00,000	21,90	0,49	60	28	2	0	86
182	02.08.2022 09:19:01,000	21,90	0,47	57	32	1	0	88
183	02.08.2022 09:19:02,000	21,90	0,49	60	24	6	0	75
184	02.08.2022 09:19:03,000	21,90	0,47	57	28	5	0	79
185	02.08.2022 09:19:04,000	21,90	0,47	60	25	5	0	79
186	02.08.2022 09:19:05,000	21,90	0,49	61	22	7	0	79
187	02.08.2022 09:19:06,000	21,90	0,49	64	23	3	0	79
188	02.08.2022 09:19:07,000	21,90	0,47	57	29	4	0	82
189	02.08.2022 09:19:08,000	21,90	0,47	60	23	6	0	75
190	02.08.2022 09:19:09,000	21,90	0,49	62	26	2	0	86
191	02.08.2022 09:19:10,000	21,90	0,49	56	32	2	0	86
192	02.08.2022 09:19:11,000	21,90	0,47	60	23	7	0	72
193	02.08.2022 09:19:12,000	21,90	0,49	60	25	5	0	77
194	02.08.2022 09:19:13,000	21,90	0,47	58	30	2	0	86
195	02.08.2022 09:19:14,000	21,90	0,49	61	26	3	0	83
196	02.08.2022 09:19:15,000	21,90	0,49	60	25	5	0	78
197	02.08.2022 09:19:16,000	21,90	0,47	58	31	2	0	87
198	02.08.2022 09:19:17,000	21,90	0,49	61	21	8	0	87
199	02.08.2022 09:19:18,000	21,90	0,47	66	21	3	0	87
200	02.08.2022 09:19:19,000	21,90	0,49	55	34	-1	0	91
201	02.08.2022 09:19:20,000	21,90	0,49	58	26	6	0	77
202	02.08.2022 09:19:21,000	21,90	0,49	57	26	7	0	75
203	02.08.2022 09:19:22,000	21,90	0,47	60	27	2	0	85
204	02.08.2022 09:19:23,000	21,90	0,47	57	26	8	0	73
205	02.08.2022 09:19:24,000	21,90	0,47	61	23	6	0	76
206	02.08.2022 09:19:25,000	21,90	0,47	52	38	-1	0	91
207	02.08.2022 09:19:26,000	21,90	0,47	60	26	4	0	80
208	02.08.2022 09:19:27,000	21,90	0,47	58	27	5	0	79
209	02.08.2022 09:19:28,000	21,90	0,47	57	29	4	0	82
210	02.08.2022 09:19:29,000	21,90	0,47	57	28	5	0	80
211	02.08.2022 09:19:30,000	21,90	0,47	56	29	5	0	80
212	02.08.2022 09:19:31,000	21,90	0,49	57	29	4	0	83
213	02.08.2022 09:19:32,000	21,90	0,49	55	29	5	0	79
214	02.08.2022 09:19:33,000	21,90	0,47	58	29	4	0	82
215	02.08.2022 09:19:34,000	21,90	0,47	58	31	2	0	86
216	02.08.2022 09:19:35,000	21,90	0,47	51	31	8	0	74
217	02.08.2022 09:19:36,000	21,90	0,47	54	31	5	0	81
218	02.08.2022 09:19:37,000	21,90	0,49	58	31	-1	0	92
219	02.08.2022 09:19:38,000	21,90	0,47	55	27	8	0	73
220	02.08.2022 09:19:39,000	21,90	0,47	59	23	9	0	69
221	02.08.2022 09:19:40,000	21,90	0,47	56	31	-3	0	97
222	02.08.2022 09:19:41,000	21,90	0,47	57	32	-1	0	92
223	02.08.2022 09:19:42,000	21,90	0,47	58	29	3	0	85
224	02.08.2022 09:19:43,000	21,90	0,47	60	28	2	0	86
225	02.08.2022 09:19:44,000	21,90	0,47	58	32	0	0	90
226	02.08.2022 09:19:45,000	21,90	0,47	60	25	6	0	77
227	02.08.2022 09:19:46,000	21,90	0,49	64	25	1	1	89
228	02.08.2022 09:19:47,000	21,90	0,47	52	35	3	0	85
229	02.08.2022 09:19:48,000	21,90	0,47	62	22	5	1	85
230	02.08.2022 09:19:49,000	21,90	0,47	67	21	2	0	85
231	02.08.2022 09:19:50,000	21,90	0,47	57	28	-5	0	101
232	02.08.2022 09:19:51,000	21,90	0,49	51	32	7	0	77
233	02.08.2022 09:19:52,000	21,90	0,47	65	23	-1	0	77
234	02.08.2022 09:19:53,000	21,90	0,49	48	35	-7	0	102
235	02.08.2022 09:19:54,000	21,90	0,49	53	36	1	0	88
236	02.08.2022 09:19:55,000	21,90	0,49	67	23	0	0	88
237	02.08.2022 09:19:56,000	21,90	0,47	54	25	-12	0	116
238	02.08.2022 09:19:57,000	21,90	0,47	57	25	8	0	72
239	02.08.2022 09:19:58,000	21,90	0,49	55	27	8	0	73
240	02.08.2022 09:19:59,000	21,90	0,47	57	28	-4	0	99
241	02.08.2022 09:20:00,000	21,90	0,49	54	32	4	0	83
242	02.08.2022 09:20:01,000	21,90	0,49	59	29	-2	0	95
243	02.08.2022 09:20:02,000	21,90	0,47	57	30	2	0	85
244	02.08.2022 09:20:03,000	21,90	0,49	57	32	-2	0	93
245	02.08.2022 09:20:04,000	21,90	0,47	49	39	-2	0	93
246	02.08.2022 09:20:05,000	21,90	0,49	58	27	5	0	78
247	02.08.2022 09:20:06,000	21,90	0,49	59	27	-4	0	98
248	02.08.2022 09:20:07,000	21,90	0,47	53	26	10	0	68
249	02.08.2022 09:20:08,000	21,90	0,49	61	26	4	0	81
250	02.08.2022 09:20:09,000	21,90	0,47	55	23	-12	0	118
251	02.08.2022 09:20:10,000	21,90	0,47	52	31	6	0	78
252	02.08.2022 09:20:11,000	21,90	0,47	62	25	-3	0	98
253	02.08.2022 09:20:12,000	21,90	0,47	60	24	6	0	75
254	02.08.2022 09:20:13,000	21,87	0,49	64	20	6	0	75
255	02.08.2022 09:20:14,000	21,87	0,49	52	22	-17	0	128
256	02.08.2022 09:20:15,000	21,87	0,49	56	25	9	1	70
257	02.08.2022 09:20:16,000	21,87	0,49	68	21	-2	0	70
258	02.08.2022 09:20:17,000	21,87	0,47	40	45	-5	0	98
259	02.08.2022 09:20:18,000	21,87	0,49	53	31	6	0	78
260	02.08.2022 09:20:19,000	21,87	0,49	65	23	-2	1	78
261	02.08.2022 09:20:20,000	21,87	0,47	42	47	-1	0	92
262	02.08.2022 09:20:21,000	21,87	0,47	42	17	31	0	30
263	02.08.2022 09:20:22,000	21,87	0,47	42	35	13	0	68
264	02.08.2022 09:20:23,000	21,87	0,49	49	36	4	0	83
265	02.08.2022 09:20:24,000	21,87	0,49	46	23	21	0	47
266	02.08.2022 09:20:25,000	21,87	0,47	42	28	20	0	54
267	02.08.2022 09:20:26,000	21,87	0,49	62	26	-2	0	94
268	02.08.2022 09:20:27,000	21,87	0,47	52	28	9	0	71
269	02.08.2022 09:20:28,000	21,87	0,49	39	30	21	0	54
270	02.08.2022 09:20:29,000	21,87	0,47	58	31	-1	0	92
271	02.08.2022 09:20:30,000	21,87	0,47	55	27	8	0	72
272	02.08.2022 09:20:31,000	21,87	0,49	41	34	15	0	65
273	02.08.2022 09:20:32,000	21,87	0,47	54	25	11	0	65
274	02.08.2022 09:20:33,000	21,87	0,49	58	28	4	0	81
275	02.08.2022 09:20:34,000	21,87	0,47	47	27	17	0	58
276	02.08.2022 09:20:35,000	21,87	0,49	48	30	12	0	67
277	02.08.2022 09:20:36,000	21,87	0,47	57	27	6	0	77
278	02.08.2022 09:20:37,000	21,87	0,49	43	28	19	0	54
279	02.08.2022 09:20:38,000	21,87	0,47	55	29	6	0	77
280	02.08.2022 09:20:39,000	21,87	0,49	50	28	12	0	65
281	02.08.2022 09:20:40,000	21,87	0,49	46	30	14	0	64
282	02.08.2022 09:20:41,000	21,87	0,47	58	28	4	0	83
283	02.08.2022 09:20:42,000	21,87	0,47	44	29	18	0	57
284	02.08.2022 09:20:43,000	21,87	0,49	56	28	6	0	77
285	02.08.2022 09:20:44,000	21,87	0,47	52	28	10	0	70
286	02.08.2022 09:20:45,000	21,87	0,49	41	31	18	0	59
287	02.08.2022 09:20:46,000	21,87	0,49	62	27	1	0	88
288	02.08.2022 09:20:47,000	21,87	0,47	45	25	20	0	51
289	02.08.2022 09:20:48,000	21,87	0,47	47	24	19	0	52
290	02.08.2022 09:20:49,000	21,87	0,49	53	26	11	0	67
291	02.08.2022 09:20:50,000	21,87	0,49	46	26	17	0	56
292	02.08.2022 09:20:51,000	21,87	0,49	47	27	15	0	60
293	02.08.2022 09:20:52,000	21,87	0,47	52	28	10	0	70
294	02.08.2022 09:20:53,000	21,87	0,47	45	25	19	0	52
295	02.08.2022 09:20:54,000	21,87	0,49	52	33	5	0	81
296	02.08.2022 09:20:55,000	21,87	0,49	43	25	22	0	48
297	02.08.2022 09:20:56,000	21,87	0,47	45	27	18	0	56
298	02.08.2022 09:20:57,000	21,87	0,47	52	32	6	0	78
299	02.08.2022 09:20:58,000	21,87	0,49	45	23	22	0	47
300	02.08.2022 09:20:59,000	21,84	0,47	44	27	19	0	55
301	02.08.2022 09:21:00,000	21,84	0,47	55	31	4	0	82
302	02.08.2022 09:21:01,000	21,84	0,49	42	26	22	0	50
303	02.08.2022 09:21:02,000	21,84	0,47	51	29	10	0	71
304	02.08.2022 09:21:03,000	21,84	0,47	58	27	5	0	79
305	02.08.2022 09:21:04,000	21,84	0,49	41	28	22	0	51
306	02.08.2022 09:21:05,000	21,84	0,49	47	25	18	0	54
307	02.08.2022 09:21:06,000	21,84	0,49	58	31	0	0	89
308	02.08.2022 09:21:07,000	21,84	0,49	42	24	24	0	44
309	02.08.2022 09:21:08,000	21,84	0,47	40	37	12	0	70
310	02.08.2022 09:21:09,000	21,84	0,47	58	30	-2	0	93
311	02.08.2022 09:21:10,000	21,84	0,49	41	27	22	0	50
312	02.08.2022 09:21:11,000	21,84	0,47	47	32	11	0	70
313	02.08.2022 09:21:12,000	21,84	0,49	55	30	5	0	80
314	02.08.2022 09:21:13,000	21,84	0,47	41	28	21	0	53
315	02.08.2022 09:21:14,000	21,84	0,49	61	28	1	0	88
316	02.08.2022 09:21:15,000	21,84	0,49	50	24	16	0	56
317	02.08.2022 09:21:16,000	21,84	0,49	45	29	16	0	61
318	02.08.2022 09:21:17,000	21,84	0,49	62	26	-2	0	95
319	02.08.2022 09:21:18,000	21,84	0,47	43	26	20	0	52
320	02.08.2022 09:21:19,000	21,84	0,49	47	29	14	0	63
321	02.08.2022 09:21:20,000	21,84	0,47	49	30	11	0	70
322	02.08.2022 09:21:21,000	21,84	0,49	49	23	17	0	53
323	02.08.2022 09:21:22,000	21,84	0,47	44	29	17	0	59
324	02.08.2022 09:21:23,000	21,84	0,49	54	25	11	0	65
325	02.08.2022 09:21:24,000	21,84	0,47	49	29	12	0	66
326	02.08.2022 09:21:25,000	21,84	0,47	44	25	21	0	50
327	02.08.2022 09:21:26,000	21,84	0,47	54	30	6	0	78
328	02.08.2022 09:21:27,000	21,84	0,47	51	25	15	0	58
329	02.08.2022 09:21:28,000	21,84	0,49	46	27	17	0	57
330	02.08.2022 09:21:29,000	21,84	0,47	48	26	16	0	58
331	02.08.2022 09:21:30,000	21,84	0,49	55	33	2	0	86
332	02.08.2022 09:21:31,000	21,84	0,47	43	20	27	0	37
333	02.08.2022 09:21:32,000	21,84	0,49	48	38	4	0	84
334	02.08.2022 09:21:33,000	21,84	0,47	51	35	4	1	83
335	02.08.2022 09:21:34,000	21,84	0,49	28	46	15	0	69
336	02.08.2022 09:21:35,000	21,84	0,49	60	27	3	1	82
337	02.08.2022 09:21:36,000	21,84	0,49	54	25	11	0	65
338	02.08.2022 09:21:37,000	21,84	0,49	38	30	22	0	52
339	02.08.2022 09:21:38,000	21,84	0,49	60	26	-4	0	100
340	02.08.2022 09:21:39,000	21,84	0,49	46	26	18	0	54
341	02.08.2022 09:21:40,000	21,84	0,49	48	25	17	0	55
342	02.08.2022 09:21:41,000	21,84	0,47	63	24	4	0	81
343	02.08.2022 09:21:42,000	21,84	0,49	35	33	22	0	55
344	02.08.2022 09:21:43,000	21,81	0,49	58	31	1	1	88
345	02.08.2022 09:21:44,000	21,81	0,46	41	40	9	0	76
346	02.08.2022 09:21:45,000	21,81	0,49	25	54	10	0	77
347	02.08.2022 09:21:46,000	21,81	0,49	28	48	15	0	71
348	02.08.2022 09:21:47,000	21,81	0,49	25	31	34	0	43
349	02.08.2022 09:21:48,000	21,81	0,49	19	46	25	0	59
350	02.08.2022 09:21:49,000	21,81	0,49	23	55	12	0	76
351	02.08.2022 09:21:50,000	21,81	0,49	33	36	20	0	59
352	02.08.2022 09:21:51,000	21,81	0,49	29	51	10	0	77
353	02.08.2022 09:21:52,000	21,81	0,49	32	50	-8	0	100
354	02.08.2022 09:21:53,000	21,81	0,49	37	42	11	0	74
355	02.08.2022 09:21:54,000	21,81	0,49	36	39	15	0	68
356	02.08.2022 09:21:55,000	21,81	0,49	32	56	-2	0	93
357	02.08.2022 09:21:56,000	21,81	0,49	37	37	16	0	64
358	02.08.2022 09:21:57,000	21,81	0,49	39	34	17	0	63
359	02.08.2022 09:21:58,000	21,81	0,49	60	24	6	0	76
360	02.08.2022 09:21:59,000	21,81	0,46	62	23	6	0	76
361	02.08.2022 09:22:00,000	21,81	0,49	64	21	5	0	76
362	02.08.2022 09:22:01,000	21,81	0,49	71	17	2	1	76
363	02.08.2022 09:22:02,000	21,81	0,51	67	18	5	1	76
364	02.08.2022 09:22:03,000	21,81	0,49	70	16	5	0	76
365	02.08.2022 09:22:04,000	21,81	0,49	66	19	5	1	76
366	02.08.2022 09:22:05,000	21,81	0,49	65	20	5	0	76
367	02.08.2022 09:22:06,000	21,81	0,49	65	20	5	0	76
368	02.08.2022 09:22:07,000	21,81	0,49	63	21	5	0	76
369	02.08.2022 09:22:08,000	21,78	0,48	62	22	6	0	76
370	02.08.2022 09:22:09,000	21,78	0,46	63	22	5	0	76
371	02.08.2022 09:22:10,000	21,78	0,48	63	21	6	0	76
372	02.08.2022 09:22:11,000	21,78	0,48	64	21	5	0	76
373	02.08.2022 09:22:12,000	21,78	0,48	67	19	4	0	76
374	02.08.2022 09:22:13,000	21,78	0,48	64	21	5	0	76
375	02.08.2022 09:22:14,000	21,78	0,51	65	19	6	0	76
376	02.08.2022 09:22:15,000	21,78	0,48	64	20	6	0	76
377	02.08.2022 09:22:16,000	21,78	0,48	65	20	5	0	76
378	02.08.2022 09:22:17,000	21,78	0,51	65	19	6	1	76
379	02.08.2022 09:22:18,000	21,78	0,48	62	21	6	0	76
380	02.08.2022 09:22:19,000	21,78	0,48	61	23	6	0	75
381	02.08.2022 09:22:20,000	21,78	0,51	59	26	6	0	76
382	02.08.2022 09:22:21,000	21,78	0,51	64	20	6	0	76
383	02.08.2022 09:22:22,000	21,78	0,51	63	22	5	0	76
384	02.08.2022 09:22:23,000	21,78	0,48	63	21	6	1	76
385	02.08.2022 09:22:24,000	21,78	0,48	63	22	6	0	76
386	02.08.2022 09:22:25,000	21,78	0,48	63	21	6	1	76
387	02.08.2022 09:22:26,000	21,78	0,48	65	20	5	0	76
388	02.08.2022 09:22:27,000	21,78	0,51	64	20	6	0	76
389	02.08.2022 09:22:28,000	21,78	0,48	71	14	6	0	76
390	02.08.2022 09:22:29,000	21,78	0,48	62	22	6	0	76
391	02.08.2022 09:22:30,000	21,78	0,48	61	23	6	0	75
392	02.08.2022 09:22:31,000	21,78	0,51	58	26	6	0	76
393	02.08.2022 09:22:32,000	21,78	0,48	57	27	6	0	77
394	02.08.2022 09:22:33,000	21,78	0,48	65	20	6	0	77
395	02.08.2022 09:22:34,000	21,78	0,48	65	20	5	0	77
396	02.08.2022 09:22:35,000	21,78	0,51	64	20	6	0	77
397	02.08.2022 09:22:36,000	21,78	0,51	67	18	5	0	77
398	02.08.2022 09:22:37,000	21,78	0,48	69	15	5	1	77
399	02.08.2022 09:22:38,000	21,75	0,48	65	21	3	0	77
400	02.08.2022 09:22:39,000	21,75	0,48	47	42	1	0	89
401	02.08.2022 09:22:40,000	21,75	0,48	46	41	3	0	86
402	02.08.2022 09:22:41,000	21,75	0,48	52	38	0	0	89
403	02.08.2022 09:22:42,000	21,75	0,48	55	32	4	0	83
404	02.08.2022 09:22:43,000	21,75	0,50	55	34	1	0	88
405	02.08.2022 09:22:44,000	21,75	0,48	56	34	0	0	90
406	02.08.2022 09:22:45,000	21,75	0,48	57	32	1	0	88
407	02.08.2022 09:22:46,000	21,75	0,46	61	28	-2	0	94
408	02.08.2022 09:22:47,000	21,75	0,48	60	30	0	0	90
409	02.08.2022 09:22:48,000	21,75	0,50	62	25	-3	0	97
410	02.08.2022 09:22:49,000	21,75	0,48	63	26	0	0	91
411	02.08.2022 09:22:50,000	21,75	0,48	65	20	-5	0	91
412	02.08.2022 09:22:51,000	21,75	0,48	59	29	-2	0	93
413	02.08.2022 09:22:52,000	21,75	0,48	58	26	5	0	78
414	02.08.2022 09:22:53,000	21,75	0,48	53	30	6	0	78
415	02.08.2022 09:22:54,000	21,75	0,48	53	30	7	0	77
416	02.08.2022 09:22:55,000	21,75	0,48	63	24	3	0	83
417	02.08.2022 09:22:56,000	21,75	0,48	59	30	1	0	88
418	02.08.2022 09:22:57,000	21,75	0,46	63	24	3	0	83
419	02.08.2022 09:22:58,000	21,75	0,48	58	30	-2	0	95
420	02.08.2022 09:22:59,000	21,75	0,48	60	29	-1	0	92
421	02.08.2022 09:23:00,000	21,75	0,48	58	28	-3	0	97
422	02.08.2022 09:23:01,000	21,75	0,50	63	24	2	0	85
423	02.08.2022 09:23:02,000	21,72	0,48	67	23	0	0	85
424	02.08.2022 09:23:03,000	21,72	0,48	57	22	11	0	63
425	02.08.2022 09:23:04,000	21,72	0,48	68	18	4	0	63
426	02.08.2022 09:23:05,000	21,72	0,48	69	19	2	0	63
427	02.08.2022 09:23:06,000	21,72	0,48	62	21	-7	0	63
428	02.08.2022 09:23:07,000	21,72	0,48	59	26	5	0	79
429	02.08.2022 09:23:08,000	21,72	0,48	57	28	6	0	78
430	02.08.2022 09:23:09,000	21,72	0,48	64	26	-1	0	92
431	02.08.2022 09:23:10,000	21,72	0,48	61	25	4	0	82
432	02.08.2022 09:23:11,000	21,72	0,48	62	24	4	0	80
433	02.08.2022 09:23:12,000	21,72	0,50	54	31	5	0	81
434	02.08.2022 09:23:13,000	21,72	0,48	53	29	9	0	73
435	02.08.2022 09:23:14,000	21,72	0,48	50	37	3	0	84
436	02.08.2022 09:23:15,000	21,72	0,50	51	35	4	0	83
437	02.08.2022 09:23:16,000	21,72	0,50	52	35	4	0	83
438	02.08.2022 09:23:17,000	21,72	0,48	55	31	4	0	83
439	02.08.2022 09:23:18,000	21,72	0,48	54	34	2	0	87
440	02.08.2022 09:23:19,000	21,72	0,48	53	36	1	0	89
441	02.08.2022 09:23:20,000	21,72	0,48	50	38	-1	0	92
442	02.08.2022 09:23:21,000	21,72	0,48	55	33	1	0	87
443	02.08.2022 09:23:22,000	21,72	0,48	49	40	-1	0	91
444	02.08.2022 09:23:23,000	21,72	0,48	49	40	-1	0	92
445	02.08.2022 09:23:24,000	21,72	0,48	49	41	1	0	89
446	02.08.2022 09:23:25,000	21,72	0,50	49	40	1	0	88
447	02.08.2022 09:23:26,000	21,72	0,48	52	36	2	0	86
448	02.08.2022 09:23:27,000	21,72	0,48	50	40	-1	0	91
449	02.08.2022 09:23:28,000	21,72	0,50	48	42	-1	0	91
450	02.08.2022 09:23:29,000	21,69	0,48	44	36	10	1	74
451	02.08.2022 09:23:30,000	21,69	0,48	-10	-8	72	0	-8
452	02.08.2022 09:23:31,000	21,69	0,48	-8	-4	77	0	-5
453	02.08.2022 09:23:32,000	21,69	0,48	-5	2	83	0	2
454	02.08.2022 09:23:33,000	21,69	0,48	-6	-9	75	1	-9
455	02.08.2022 09:23:34,000	21,69	0,50	2	4	85	1	4
456	02.08.2022 09:23:35,000	21,69	0,48	18	-28	-44	1	-146
457	02.08.2022 09:23:36,000	21,69	0,50	25	-18	-47	1	-157
458	02.08.2022 09:23:37,000	21,54	0,51	-14	-17	-59	0	-161
459	02.08.2022 09:23:38,000	21,34	0,61	-10	-16	-64	0	-162
460	02.08.2022 09:23:39,000	21,16	0,64	2	-27	-61	0	-152
461	02.08.2022 09:23:40,000	21,05	0,65	11	-63	-15	0	-107
462	02.08.2022 09:23:41,000	20,93	0,71	-1	-46	43	0	-46
463	02.08.2022 09:23:42,000	20,90	0,73	-4	-35	51	0	-37
464	02.08.2022 09:23:43,000	20,84	0,72	-6	-30	54	0	-32
465	02.08.2022 09:23:44,000	20,78	0,72	-1	-24	64	0	-25
466	02.08.2022 09:23:45,000	20,72	0,74	-2	-35	54	0	-35
467	02.08.2022 09:23:46,000	20,69	0,76	-8	-36	45	0	-40
468	02.08.2022 09:23:47,000	20,66	0,73	-18	-27	45	0	-34
469	02.08.2022 09:23:48,000	20,63	0,75	-23	-25	42	0	-33
470	02.08.2022 09:23:49,000	20,60	0,75	-25	-21	43	0	-29
471	02.08.2022 09:23:50,000	20,57	0,77	20	-61	9	1	-80
472	02.08.2022 09:23:51,000	20,55	0,86	52	-8	30	0	-16
473	02.08.2022 09:23:52,000	20,52	0,88	36	-12	42	0	-17
474	02.08.2022 09:23:53,000	20,52	0,86	37	-4	49	0	-5
475	02.08.2022 09:23:54,000	20,49	0,85	34	-2	54	0	-3
476	02.08.2022 09:23:55,000	20,49	0,88	38	4	48	0	5
477	02.08.2022 09:23:56,000	20,46	0,87	47	-3	41	0	-4
478	02.08.2022 09:23:57,000	20,46	0,90	53	-7	31	0	-13
479	02.08.2022 09:23:58,000	20,46	0,94	44	-9	37	0	-15
480	02.08.2022 09:23:59,000	20,43	0,94	36	13	41	0	20
481	02.08.2022 09:24:00,000	20,43	0,96	57	-6	27	0	-13
482	02.08.2022 09:24:01,000	20,43	0,98	61	-3	27	0	-6
483	02.08.2022 09:24:02,000	20,40	1,01	59	-4	27	0	-9
484	02.08.2022 09:24:03,000	20,40	1,01	62	-4	23	0	-9
485	02.08.2022 09:24:04,000	20,40	1,03	66	-2	22	0	-9
486	02.08.2022 09:24:05,000	20,37	1,03	66	-3	22	0	-9
487	02.08.2022 09:24:06,000	20,37	1,03	59	-7	24	0	-17
488	02.08.2022 09:24:07,000	20,37	1,03	58	-5	26	0	-12
489	02.08.2022 09:24:08,000	20,37	1,05	69	0	21	0	-12
490	02.08.2022 09:24:09,000	20,37	1,07	70	2	19	0	-12
491	02.08.2022 09:24:10,000	20,34	1,07	66	-3	22	0	-12
492	02.08.2022 09:24:11,000	20,34	1,05	59	-6	26	0	-13
493	02.08.2022 09:24:12,000	20,34	1,07	66	-1	23	0	-13
494	02.08.2022 09:24:13,000	20,34	1,09	68	3	20	0	-13
495	02.08.2022 09:24:14,000	20,34	1,11	68	1	22	0	-13
496	02.08.2022 09:24:15,000	20,34	1,11	66	-2	21	0	-13
497	02.08.2022 09:24:16,000	20,31	1,11	68	1	22	0	-13
498	02.08.2022 09:24:17,000	20,31	1,11	70	-1	19	0	-13
499	02.08.2022 09:24:18,000	20,28	1,13	70	2	18	0	-13
500	02.08.2022 09:24:19,000	20,28	1,16	70	2	18	0	-13
501	02.08.2022 09:24:20,000	20,28	1,13	68	-3	19	0	-13
502	02.08.2022 09:24:21,000	20,25	1,13	67	-2	20	0	-13
503	02.08.2022 09:24:22,000	20,25	1,15	72	1	17	0	-13
504	02.08.2022 09:24:23,000	20,25	1,20	72	0	18	0	-13
505	02.08.2022 09:24:24,000	20,22	1,20	65	-6	19	0	-13
506	02.08.2022 09:24:25,000	20,22	1,17	66	-7	17	0	-13
507	02.08.2022 09:24:26,000	20,19	1,17	71	-2	17	0	-13
508	02.08.2022 09:24:27,000	20,19	1,19	70	3	17	0	-13
509	02.08.2022 09:24:28,000	20,19	1,24	72	2	16	0	-13
510	02.08.2022 09:24:29,000	20,13	1,23	70	-2	18	0	-13
511	02.08.2022 09:24:30,000	20,13	1,23	67	-3	21	0	-13
512	02.08.2022 09:24:31,000	20,10	1,28	69	1	19	0	-13
513	02.08.2022 09:24:32,000	20,10	1,30	73	1	15	0	-13
514	02.08.2022 09:24:33,000	20,10	1,30	72	-1	17	0	-13
515	02.08.2022 09:24:34,000	20,10	1,30	64	-4	22	0	-13
516	02.08.2022 09:24:35,000	20,07	1,32	63	-3	24	0	-13
517	02.08.2022 09:24:36,000	20,07	1,34	73	-1	16	0	-13
518	02.08.2022 09:24:37,000	20,07	1,37	71	-1	17	0	-13
519	02.08.2022 09:24:38,000	20,04	1,36	64	-2	24	0	-13
520	02.08.2022 09:24:39,000	20,04	1,36	69	0	21	0	-13
521	02.08.2022 09:24:40,000	20,01	1,38	75	1	14	0	-13
522	02.08.2022 09:24:41,000	20,01	1,41	70	0	20	0	-13
523	02.08.2022 09:24:42,000	20,01	1,41	67	0	22	0	-13
524	02.08.2022 09:24:43,000	20,01	1,43	72	1	17	0	-13
525	02.08.2022 09:24:44,000	20,01	1,43	73	1	16	0	-13
526	02.08.2022 09:24:45,000	20,01	1,45	69	-1	20	0	-13
527	02.08.2022 09:24:46,000	20,01	1,48	70	-1	20	0	-13
528	02.08.2022 09:24:47,000	19,98	1,47	70	-2	18	0	-13
529	02.08.2022 09:24:48,000	19,98	1,50	73	-2	15	0	-13
530	02.08.2022 09:24:49,000	19,98	1,54	69	-4	17	0	-13
531	02.08.2022 09:24:50,000	19,98	1,54	66	-4	20	0	-13
532	02.08.2022 09:24:51,000	19,96	1,56	66	-6	17	0	-13
533	02.08.2022 09:24:52,000	19,96	1,61	70	-8	12	0	-13
534	02.08.2022 09:24:53,000	19,93	1,61	68	-8	14	0	-13
535	02.08.2022 09:24:54,000	19,87	1,65	64	-9	17	0	-13
536	02.08.2022 09:24:55,000	19,84	1,69	65	-10	15	0	-13
537	02.08.2022 09:24:56,000	19,75	1,73	63	-11	16	0	-13
538	02.08.2022 09:24:57,000	19,66	1,74	63	-11	16	0	-13
539	02.08.2022 09:24:58,000	19,63	1,76	63	-12	15	0	-13
540	02.08.2022 09:24:59,000	19,60	1,81	60	-13	17	0	-13
541	02.08.2022 09:25:00,000	19,54	1,85	59	-13	18	0	-13
542	02.08.2022 09:25:01,000	19,42	1,86	59	-15	16	0	-13
543	02.08.2022 09:25:02,000	19,36	1,90	60	-15	15	0	-13
544	02.08.2022 09:25:03,000	19,30	1,85	54	-17	20	0	-40
545	02.08.2022 09:25:04,000	19,10	1,99	55	-15	20	0	-38
546	02.08.2022 09:25:05,000	18,98	2,05	55	-17	18	0	-44
547	02.08.2022 09:25:06,000	18,89	2,04	58	-17	15	0	-48
548	02.08.2022 09:25:07,000	18,80	2,08	56	-16	18	0	-42
549	02.08.2022 09:25:08,000	18,74	2,08	55	-17	18	0	-42
550	02.08.2022 09:25:09,000	18,65	2,07	53	-10	27	0	-21
551	02.08.2022 09:25:10,000	18,56	2,11	49	-14	27	0	-28
552	02.08.2022 09:25:11,000	18,47	2,17	54	-16	20	0	-39
553	02.08.2022 09:25:12,000	18,41	2,18	52	-17	22	0	-38
554	02.08.2022 09:25:13,000	18,35	2,18	55	-17	19	0	-42
555	02.08.2022 09:25:14,000	18,29	2,22	60	-15	15	0	-42
556	02.08.2022 09:25:15,000	18,26	2,26	59	-12	19	0	-42
557	02.08.2022 09:25:16,000	18,17	2,14	55	-13	22	0	-30
558	02.08.2022 09:25:17,000	17,87	2,37	54	-14	22	0	-34
559	02.08.2022 09:25:18,000	17,69	2,44	57	-15	18	0	-40
560	02.08.2022 09:25:19,000	17,54	2,48	60	-15	15	0	-40
561	02.08.2022 09:25:20,000	17,45	2,40	57	-15	19	0	-38
562	02.08.2022 09:25:21,000	17,33	2,41	53	-14	23	0	-32
563	02.08.2022 09:25:22,000	17,21	2,49	54	-17	19	0	-42
564	02.08.2022 09:25:23,000	17,12	2,51	55	-17	17	0	-45
565	02.08.2022 09:25:24,000	17,06	2,53	52	-15	22	0	-35
566	02.08.2022 09:25:25,000	17,00	2,52	50	-14	25	0	-30
567	02.08.2022 09:25:26,000	16,94	2,51	51	-16	24	0	-34
568	02.08.2022 09:25:27,000	16,91	2,49	56	-7	27	0	-16
569	02.08.2022 09:25:28,000	16,88	2,49	48	-9	33	0	-16
570	02.08.2022 09:25:29,000	16,85	2,51	49	-6	34	0	-11
571	02.08.2022 09:25:30,000	16,76	2,52	50	-8	32	0	-14
572	02.08.2022 09:25:31,000	16,70	2,52	49	-6	35	0	-11
573	02.08.2022 09:25:32,000	16,61	2,53	50	-3	37	0	-6
574	02.08.2022 09:25:33,000	16,45	2,56	48	-10	32	0	-19
575	02.08.2022 09:25:34,000	16,30	2,57	51	-10	29	0	-20
576	02.08.2022 09:25:35,000	16,21	2,54	53	-3	34	0	-5
577	02.08.2022 09:25:36,000	16,15	2,54	41	-10	39	0	-16
578	02.08.2022 09:25:37,000	16,09	2,53	48	-3	39	0	-5
579	02.08.2022 09:25:38,000	16,00	2,48	40	-4	46	0	-6
580	02.08.2022 09:25:39,000	15,94	2,47	35	-6	49	0	-8
581	02.08.2022 09:25:40,000	15,82	2,35	32	-7	51	0	-9
582	02.08.2022 09:25:41,000	15,63	2,45	34	-5	50	0	-7
583	02.08.2022 09:25:42,000	15,42	2,45	31	-7	52	0	-9
584	02.08.2022 09:25:43,000	15,26	2,44	31	-3	55	0	-4
585	02.08.2022 09:25:44,000	15,08	2,47	38	-1	52	0	-1
586	02.08.2022 09:25:45,000	14,89	2,43	27	-9	54	0	-11
587	02.08.2022 09:25:46,000	14,80	2,40	27	0	63	0	0
588	02.08.2022 09:25:47,000	14,71	2,39	29	-2	59	0	-2
589	02.08.2022 09:25:48,000	14,68	2,36	26	2	62	0	2
590	02.08.2022 09:25:49,000	14,65	2,31	25	2	63	0	2
591	02.08.2022 09:25:50,000	14,65	2,29	25	3	62	0	3
592	02.08.2022 09:25:51,000	14,62	2,29	26	4	60	0	5
593	02.08.2022 09:25:52,000	14,59	2,24	33	-4	53	0	-6
594	02.08.2022 09:25:53,000	14,62	2,20	26	5	59	0	6
595	02.08.2022 09:25:54,000	14,65	2,18	29	3	58	0	3
596	02.08.2022 09:25:55,000	14,68	2,13	31	-3	56	1	-4
597	02.08.2022 09:25:56,000	14,71	2,09	24	3	63	0	3
598	02.08.2022 09:25:57,000	14,77	2,07	22	-1	67	0	-1
599	02.08.2022 09:25:58,000	14,86	2,01	21	-2	67	0	-3
600	02.08.2022 09:25:59,000	14,96	1,95	22	-8	60	0	-9
601	02.08.2022 09:26:00,000	15,02	1,96	25	-11	54	0	-14
602	02.08.2022 09:26:01,000	15,11	1,94	26	-14	50	0	-18
603	02.08.2022 09:26:02,000	15,17	1,92	28	-16	46	0	-22
604	02.08.2022 09:26:03,000	15,20	1,90	29	-17	44	0	-24
605	02.08.2022 09:26:04,000	15,26	1,91	30	-20	40	0	-28
606	02.08.2022 09:26:05,000	15,29	1,89	32	-21	37	0	-31
607	02.08.2022 09:26:06,000	15,33	1,87	32	-22	36	0	-32
608	02.08.2022 09:26:07,000	15,36	1,89	32	-21	36	0	-32
609	02.08.2022 09:26:08,000	15,36	1,87	34	-23	33	0	-36
610	02.08.2022 09:26:09,000	15,39	1,87	35	-24	31	0	-39
611	02.08.2022 09:26:10,000	15,42	1,90	36	-25	30	0	-41
612	02.08.2022 09:26:11,000	15,42	1,90	37	-25	28	0	-43
613	02.08.2022 09:26:12,000	15,45	1,90	37	-26	27	0	-44
614	02.08.2022 09:26:13,000	15,45	1,90	47	-27	16	0	-59
615	02.08.2022 09:26:14,000	15,45	1,93	63	-24	-2	0	-59
616	02.08.2022 09:26:15,000	15,48	1,95	52	-23	14	0	-58
617	02.08.2022 09:26:16,000	15,48	1,95	62	-27	-1	0	-92
618	02.08.2022 09:26:17,000	15,48	1,97	52	-23	15	0	-56
619	02.08.2022 09:26:18,000	15,45	1,99	57	-24	-9	0	-110
620	02.08.2022 09:26:19,000	15,45	1,99	47	-22	21	0	-47
621	02.08.2022 09:26:20,000	15,45	1,97	36	-26	28	0	-43
622	02.08.2022 09:26:21,000	15,45	2,02	43	-27	19	0	-54
623	02.08.2022 09:26:22,000	15,42	2,01	55	-28	6	0	-77
624	02.08.2022 09:26:23,000	15,36	2,06	59	-29	2	0	-86
625	02.08.2022 09:26:24,000	15,29	2,12	40	-22	27	0	-40
626	02.08.2022 09:26:25,000	15,23	2,11	56	-33	1	0	-88
627	02.08.2022 09:26:26,000	15,17	2,18	52	-22	16	0	-53
628	02.08.2022 09:26:27,000	15,14	2,15	41	-28	20	0	-54
629	02.08.2022 09:26:28,000	15,11	2,19	55	-31	5	0	-81
630	02.08.2022 09:26:29,000	15,05	2,17	51	-25	13	0	-61
631	02.08.2022 09:26:30,000	14,93	2,27	52	-31	6	0	-78
632	02.08.2022 09:26:31,000	14,83	2,31	60	-29	-1	0	-92
633	02.08.2022 09:26:32,000	14,65	2,36	32	-14	43	0	-20
634	02.08.2022 09:26:33,000	14,59	2,38	45	-31	14	0	-64
635	02.08.2022 09:26:34,000	14,52	2,42	58	-26	-7	0	-105
636	02.08.2022 09:26:35,000	14,46	2,44	44	-21	25	0	-41
637	02.08.2022 09:26:36,000	14,40	2,41	33	-25	33	0	-38
638	02.08.2022 09:26:37,000	14,37	2,43	39	-27	24	0	-48
639	02.08.2022 09:26:38,000	14,24	2,48	46	-30	14	0	-65
640	02.08.2022 09:26:39,000	14,15	2,50	59	-25	-6	0	-104
641	02.08.2022 09:26:40,000	14,09	2,52	52	-23	14	0	-58
642	02.08.2022 09:26:41,000	14,06	2,56	34	-17	39	0	-26
643	02.08.2022 09:26:42,000	14,00	2,58	44	-28	18	0	-57
644	02.08.2022 09:26:43,000	13,90	2,62	54	-30	7	0	-77
645	02.08.2022 09:26:44,000	13,87	2,64	60	-28	-2	0	-94
646	02.08.2022 09:26:45,000	13,81	2,65	34	-14	42	0	-21
647	02.08.2022 09:26:46,000	13,71	2,67	45	-28	17	0	-57
648	02.08.2022 09:26:47,000	13,65	2,73	60	-25	4	0	-80
649	02.08.2022 09:26:48,000	13,56	2,79	57	-19	-14	0	-127
650	02.08.2022 09:26:49,000	13,40	2,82	37	-13	40	0	-20
651	02.08.2022 09:26:50,000	13,31	2,79	38	-24	28	0	-40
652	02.08.2022 09:26:51,000	13,21	2,90	51	-28	11	0	-68
653	02.08.2022 09:26:52,000	13,09	2,91	62	-27	1	0	-88
654	02.08.2022 09:26:53,000	12,96	2,95	60	-25	-6	0	-103
655	02.08.2022 09:26:54,000	12,90	2,96	37	-10	43	0	-15
656	02.08.2022 09:26:55,000	12,80	2,95	38	-22	30	0	-37
657	02.08.2022 09:26:56,000	12,74	3,02	45	-23	22	0	-47
658	02.08.2022 09:26:57,000	12,64	3,08	52	-26	12	0	-64
659	02.08.2022 09:26:58,000	12,52	3,11	54	-25	12	0	-63
660	02.08.2022 09:26:59,000	12,42	3,15	49	-23	18	0	-52
661	02.08.2022 09:27:00,000	12,39	3,15	43	-22	25	0	-42
662	02.08.2022 09:27:01,000	12,36	3,14	36	-18	36	0	-29
663	02.08.2022 09:27:02,000	12,36	3,17	34	-16	41	0	-23
664	02.08.2022 09:27:03,000	12,33	3,19	35	-11	43	0	-16
665	02.08.2022 09:27:04,000	12,33	3,23	39	-13	38	0	-21
666	02.08.2022 09:27:05,000	12,26	3,25	41	-10	39	0	-16
667	02.08.2022 09:27:06,000	12,23	3,27	39	-10	41	0	-15
668	02.08.2022 09:27:07,000	12,20	3,29	34	-10	46	0	-14
669	02.08.2022 09:27:08,000	12,17	3,33	26	0	64	0	0
670	02.08.2022 09:27:09,000	12,14	3,35	22	5	64	0	5
671	02.08.2022 09:27:10,000	12,01	3,46	30	2	57	0	3
672	02.08.2022 09:27:11,000	11,72	3,50	39	-2	48	0	-3
673	02.08.2022 09:27:12,000	11,56	3,56	42	0	48	0	0
674	02.08.2022 09:27:13,000	11,43	3,59	43	0	47	0	0
675	02.08.2022 09:27:14,000	11,40	3,61	42	0	48	0	-1
676	02.08.2022 09:27:15,000	11,36	3,63	33	4	53	0	5
677	02.08.2022 09:27:16,000	11,33	3,65	28	6	56	0	7
678	02.08.2022 09:27:17,000	11,30	3,65	37	-6	48	0	-8
679	02.08.2022 09:27:18,000	11,27	3,71	33	8	49	0	11
680	02.08.2022 09:27:19,000	11,17	3,73	42	5	43	0	7
681	02.08.2022 09:27:20,000	11,11	3,77	42	7	41	0	10
682	02.08.2022 09:27:21,000	11,11	3,81	41	8	41	0	12
683	02.08.2022 09:27:22,000	11,04	3,88	41	2	48	0	2
684	02.08.2022 09:27:23,000	10,98	3,78	40	-4	46	0	-5
685	02.08.2022 09:27:24,000	10,88	3,88	33	10	47	0	14
686	02.08.2022 09:27:25,000	10,75	3,96	41	1	48	0	1
687	02.08.2022 09:27:26,000	10,65	4,05	46	0	44	0	0
688	02.08.2022 09:27:27,000	10,55	4,06	45	6	39	0	10
689	02.08.2022 09:27:28,000	10,26	4,17	49	5	36	0	8
690	02.08.2022 09:27:29,000	10,03	4,22	47	7	37	0	11
691	02.08.2022 09:27:30,000	9,89	4,21	46	2	42	0	2
692	02.08.2022 09:27:31,000	9,79	4,22	44	4	42	0	7
693	02.08.2022 09:27:32,000	9,76	4,27	45	6	39	0	10
694	02.08.2022 09:27:33,000	9,69	4,28	48	1	41	0	1
695	02.08.2022 09:27:34,000	9,66	4,33	48	4	39	0	6
696	02.08.2022 09:27:35,000	9,56	4,36	50	0	39	0	-1
697	02.08.2022 09:27:36,000	9,50	4,38	49	3	38	0	5
698	02.08.2022 09:27:37,000	9,46	4,42	48	2	40	0	3
699	02.08.2022 09:27:38,000	9,36	4,44	45	3	42	0	5
700	02.08.2022 09:27:39,000	9,26	4,48	45	2	43	0	3
701	02.08.2022 09:27:40,000	9,16	4,53	46	1	43	0	1
702	02.08.2022 09:27:41,000	9,06	4,59	48	1	41	0	2
703	02.08.2022 09:27:42,000	8,96	4,61	48	-1	41	0	-2
704	02.08.2022 09:27:43,000	8,82	4,67	49	0	41	0	-1
705	02.08.2022 09:27:44,000	8,72	4,68	45	4	41	0	6
706	02.08.2022 09:27:45,000	8,69	4,68	42	5	43	0	7
707	02.08.2022 09:27:46,000	8,62	4,72	41	7	43	0	10
708	02.08.2022 09:27:47,000	8,59	4,74	40	4	46	0	5
709	02.08.2022 09:27:48,000	8,55	4,78	43	2	45	0	3
710	02.08.2022 09:27:49,000	8,52	4,80	45	2	43	0	3
711	02.08.2022 09:27:50,000	8,45	4,82	46	-1	43	0	-2
712	02.08.2022 09:27:51,000	8,38	4,83	45	2	43	0	3
713	02.08.2022 09:27:52,000	8,38	4,86	44	3	44	0	4
714	02.08.2022 09:27:53,000	8,38	4,86	40	4	46	0	6
715	02.08.2022 09:27:54,000	8,35	4,90	30	-3	57	0	-4
716	02.08.2022 09:27:55,000	8,32	4,94	32	4	54	0	5
717	02.08.2022 09:27:56,000	8,25	4,91	30	3	57	0	4
718	02.08.2022 09:27:57,000	8,21	4,96	31	-1	58	0	-1
719	02.08.2022 09:27:58,000	8,15	5,02	22	-10	58	0	-12
720	02.08.2022 09:27:59,000	8,08	5,03	24	3	63	0	3
721	02.08.2022 09:28:00,000	8,04	5,08	25	-3	62	0	-3
722	02.08.2022 09:28:01,000	7,98	5,07	26	-5	59	0	-6
723	02.08.2022 09:28:02,000	7,91	5,11	29	-1	60	0	-2
724	02.08.2022 09:28:03,000	7,84	5,15	30	-1	59	0	-2
725	02.08.2022 09:28:04,000	7,84	5,13	35	2	53	0	2
726	02.08.2022 09:28:05,000	7,84	5,15	37	1	52	0	1
727	02.08.2022 09:28:06,000	7,84	5,17	39	-1	51	0	-1
728	02.08.2022 09:28:07,000	7,84	5,17	39	2	49	0	2
729	02.08.2022 09:28:08,000	7,84	5,24	41	4	46	0	5
730	02.08.2022 09:28:09,000	7,74	5,26	42	2	46	0	3
731	02.08.2022 09:28:10,000	7,67	5,30	44	0	46	0	1
732	02.08.2022 09:28:11,000	7,56	5,33	46	-2	42	0	-3
733	02.08.2022 09:28:12,000	7,42	5,34	48	1	42	0	1
734	02.08.2022 09:28:13,000	7,29	5,40	44	3	44	0	4
735	02.08.2022 09:28:14,000	7,25	5,42	47	-1	43	0	-1
736	02.08.2022 09:28:15,000	7,22	5,44	50	-4	36	0	-7
737	02.08.2022 09:28:16,000	7,15	5,46	50	-4	36	0	-7
738	02.08.2022 09:28:17,000	7,08	5,47	49	-2	39	0	-3
739	02.08.2022 09:28:18,000	7,01	5,49	48	-2	40	0	-4
740	02.08.2022 09:28:19,000	6,97	5,53	51	-7	32	0	-13
741	02.08.2022 09:28:20,000	6,87	5,57	54	-4	32	0	-7
742	02.08.2022 09:28:21,000	6,83	5,59	49	-5	36	0	-9
743	02.08.2022 09:28:22,000	6,80	5,59	49	-5	36	0	-8
744	02.08.2022 09:28:23,000	6,76	5,61	51	-6	33	0	-10
745	02.08.2022 09:28:24,000	6,73	5,60	53	-7	29	0	-15
746	02.08.2022 09:28:25,000	6,73	5,63	55	-4	31	0	-7
747	02.08.2022 09:28:26,000	6,76	5,65	51	-6	33	0	-10
748	02.08.2022 09:28:27,000	6,76	5,67	51	-6	33	0	-11
749	02.08.2022 09:28:28,000	6,76	5,72	52	-4	34	0	-6
750	02.08.2022 09:28:29,000	6,73	5,76	50	-5	35	0	-9
751	02.08.2022 09:28:30,000	6,69	5,76	51	-4	35	0	-7
752	02.08.2022 09:28:31,000	6,69	5,81	48	-7	35	0	-12
753	02.08.2022 09:28:32,000	6,69	5,81	50	-2	38	0	-3
754	02.08.2022 09:28:33,000	6,69	5,85	48	-6	36	0	-10
755	02.08.2022 09:28:34,000	6,69	5,87	50	-2	38	0	-3
756	02.08.2022 09:28:35,000	6,69	5,90	48	-5	37	0	-9
757	02.08.2022 09:28:36,000	6,69	5,92	49	-7	33	0	-13
758	02.08.2022 09:28:37,000	6,66	5,99	54	-4	32	0	-7
759	02.08.2022 09:28:38,000	6,62	5,98	49	-5	36	0	-9
760	02.08.2022 09:28:39,000	6,62	5,98	45	-4	41	0	-6
761	02.08.2022 09:28:40,000	6,62	6,05	52	-5	33	0	-9
762	02.08.2022 09:28:41,000	6,52	6,11	57	-6	27	0	-14
763	02.08.2022 09:28:42,000	6,45	6,15	52	-2	35	0	-4
764	02.08.2022 09:28:43,000	6,41	6,19	45	-5	40	0	-7
765	02.08.2022 09:28:44,000	6,38	6,21	50	-6	34	0	-10
766	02.08.2022 09:28:45,000	6,41	6,22	52	-5	32	0	-10
767	02.08.2022 09:28:46,000	6,41	6,26	52	-4	34	0	-8
768	02.08.2022 09:28:47,000	6,34	6,30	49	-5	37	0	-8
769	02.08.2022 09:28:48,000	6,30	6,32	48	-3	39	0	-5
770	02.08.2022 09:28:49,000	6,27	6,34	48	-8	35	0	-13
771	02.08.2022 09:28:50,000	6,27	6,36	50	-3	37	0	-4
772	02.08.2022 09:28:51,000	6,27	6,41	48	-7	35	0	-12
773	02.08.2022 09:28:52,000	6,30	6,44	50	-4	35	0	-8
774	02.08.2022 09:28:53,000	6,30	6,46	49	-3	38	0	-5
775	02.08.2022 09:28:54,000	6,30	6,53	47	-5	38	0	-9
776	02.08.2022 09:28:55,000	6,30	6,55	52	-3	36	0	-5
777	02.08.2022 09:28:56,000	6,27	6,64	52	-8	30	0	-16
778	02.08.2022 09:28:57,000	6,20	6,66	53	-2	35	0	-4
779	02.08.2022 09:28:58,000	6,13	6,67	46	-7	38	0	-11
780	02.08.2022 09:28:59,000	6,09	6,72	51	-1	38	0	-1
781	02.08.2022 09:29:00,000	6,09	6,76	50	-7	32	0	-13
782	02.08.2022 09:29:01,000	6,06	6,80	55	-2	33	0	-4
783	02.08.2022 09:29:02,000	6,06	6,83	49	-6	35	0	-9
784	02.08.2022 09:29:03,000	6,02	6,82	50	-4	35	0	-8
785	02.08.2022 09:29:04,000	6,02	6,87	53	-5	32	0	-10
786	02.08.2022 09:29:05,000	6,02	6,94	54	-2	33	0	-4
787	02.08.2022 09:29:06,000	5,98	6,96	54	-1	35	0	-1
788	02.08.2022 09:29:07,000	5,98	6,98	57	-4	29	0	-8
789	02.08.2022 09:29:08,000	5,98	6,98	60	-2	27	0	-5
790	02.08.2022 09:29:09,000	5,98	7,05	55	-4	31	0	-7
791	02.08.2022 09:29:10,000	5,98	7,05	57	-2	31	0	-5
792	02.08.2022 09:29:11,000	6,02	7,08	56	-5	29	0	-10
793	02.08.2022 09:29:12,000	5,98	7,10	59	-3	29	0	-5
794	02.08.2022 09:29:13,000	5,98	7,14	63	-3	24	0	-8
795	02.08.2022 09:29:14,000	5,95	7,16	65	-2	23	0	-8
796	02.08.2022 09:29:15,000	5,95	7,16	52	-6	33	0	-10
797	02.08.2022 09:29:16,000	5,91	7,16	38	-4	48	0	-5
798	02.08.2022 09:29:17,000	5,91	7,16	0	-8	82	0	-8
799	02.08.2022 09:29:18,000	5,88	7,20	0	-5	84	0	-5
800	02.08.2022 09:29:19,000	5,88	7,18	2	-7	81	0	-7
801	02.08.2022 09:29:20,000	5,88	7,20	-1	-7	82	1	-7
802	02.08.2022 09:29:21,000	5,84	7,20	-15	-10	65	1	-11
803	02.08.2022 09:29:22,000	5,77	7,24	-13	-4	72	0	-5
804	02.08.2022 09:29:23,000	5,70	7,25	-7	-3	79	0	-4
805	02.08.2022 09:29:24,000	5,59	7,27	-15	-9	67	0	-10
806	02.08.2022 09:29:25,000	5,48	7,28	-17	1	72	0	1
807	02.08.2022 09:29:26,000	5,37	7,39	-5	7	78	1	7
808	02.08.2022 09:29:27,000	5,30	7,29	10	0	80	1	0
809	02.08.2022 09:29:28,000	5,27	7,28	-10	4	76	0	5
810	02.08.2022 09:29:29,000	5,23	7,26	0	-3	87	0	-3
811	02.08.2022 09:29:30,000	5,23	7,23	-5	-9	76	0	-10
812	02.08.2022 09:29:31,000	5,23	7,23	-11	0	79	0	0
813	02.08.2022 09:29:32,000	5,23	7,26	-15	-9	66	0	-10
814	02.08.2022 09:29:33,000	5,23	7,23	-7	2	80	0	3
815	02.08.2022 09:29:34,000	5,23	7,23	-6	-2	82	0	-2
816	02.08.2022 09:29:35,000	5,19	7,25	-1	-4	86	1	-4
817	02.08.2022 09:29:36,000	5,12	7,29	-1	9	80	1	9
818	02.08.2022 09:29:37,000	5,09	7,27	-13	3	73	0	4
819	02.08.2022 09:29:38,000	5,05	7,26	-11	2	77	1	2
820	02.08.2022 09:29:39,000	5,01	7,26	-6	-2	83	0	-2
821	02.08.2022 09:29:40,000	4,98	7,23	-2	-5	83	0	-5
822	02.08.2022 09:29:41,000	4,94	7,25	-1	-3	87	0	-3
823	02.08.2022 09:29:42,000	4,90	7,25	-1	-10	79	0	-10
824	02.08.2022 09:29:43,000	4,83	7,24	-1	-9	80	0	-9
825	02.08.2022 09:29:44,000	4,79	7,26	-4	-10	76	0	-10
826	02.08.2022 09:29:45,000	4,76	7,24	-2	-9	79	0	-9
827	02.08.2022 09:29:46,000	4,72	7,26	-8	5	78	0	5
828	02.08.2022 09:29:47,000	4,68	7,21	2	-6	83	1	-6
829	02.08.2022 09:29:48,000	4,65	7,23	-2	4	84	1	4
830	02.08.2022 09:29:49,000	4,65	7,25	21	11	58	0	13
831	02.08.2022 09:29:50,000	4,61	7,22	20	-3	67	0	-3
832	02.08.2022 09:29:51,000	4,57	7,22	1	-9	80	0	-9
833	02.08.2022 09:29:52,000	4,54	7,24	-7	0	83	0	0
834	02.08.2022 09:29:53,000	4,50	7,24	1	-1	88	0	-1
835	02.08.2022 09:29:54,000	4,50	7,24	0	-7	83	0	-7
836	02.08.2022 09:29:55,000	4,46	7,23	-3	-4	83	0	-4
837	02.08.2022 09:29:56,000	4,43	7,23	0	-3	87	0	-3
838	02.08.2022 09:29:57,000	4,39	7,23	-1	0	89	0	0
839	02.08.2022 09:29:58,000	4,35	7,22	-7	2	80	0	2
840	02.08.2022 09:29:59,000	4,35	7,22	-1	-4	85	0	-5
841	02.08.2022 09:30:00,000	4,32	7,22	9	4	78	0	4
842	02.08.2022 09:30:01,000	4,32	7,22	-13	5	72	1	6
843	02.08.2022 09:30:02,000	4,28	7,22	6	-5	79	1	-5
844	02.08.2022 09:30:03,000	4,20	7,21	-14	32	43	1	38
845	02.08.2022 09:30:04,000	4,17	7,23	9	-9	72	0	-9
846	02.08.2022 09:30:05,000	4,13	7,27	5	7	78	1	8
847	02.08.2022 09:30:06,000	4,09	7,22	5	-6	78	0	-7
848	02.08.2022 09:30:07,000	4,06	7,22	14	-3	73	0	-4
849	02.08.2022 09:30:08,000	4,02	7,22	-8	-9	73	0	-9
850	02.08.2022 09:30:09,000	3,98	7,21	21	-3	67	0	-3
851	02.08.2022 09:30:10,000	3,94	7,21	-5	-8	77	0	-9
852	02.08.2022 09:30:11,000	3,94	7,21	10	-16	65	0	-17
853	02.08.2022 09:30:12,000	3,91	7,23	6	16	68	1	17
854	02.08.2022 09:30:13,000	3,91	7,23	7	-12	71	0	-13
855	02.08.2022 09:30:14,000	3,87	7,11	65	11	14	1	-13
856	02.08.2022 09:30:15,000	3,83	7,18	-9	4	77	0	4
857	02.08.2022 09:30:16,000	3,79	7,20	-7	4	79	0	4
858	02.08.2022 09:30:17,000	3,79	7,20	-10	-1	79	0	-1
859	02.08.2022 09:30:18,000	3,76	7,17	-12	1	77	0	1
860	02.08.2022 09:30:19,000	3,76	7,19	2	0	88	1	0
861	02.08.2022 09:30:20,000	3,76	7,17	-2	-1	87	0	-1
862	02.08.2022 09:30:21,000	3,72	7,19	-9	4	77	0	4
863	02.08.2022 09:30:22,000	3,68	7,16	-2	-3	85	0	-3
864	02.08.2022 09:30:23,000	3,68	7,19	-7	-6	77	0	-6
865	02.08.2022 09:30:24,000	3,68	7,16	1	-3	87	0	-3
866	02.08.2022 09:30:25,000	3,68	7,16	-13	-4	74	0	-4
867	02.08.2022 09:30:26,000	3,64	7,14	-6	-1	83	0	-1
868	02.08.2022 09:30:27,000	3,64	7,14	-3	-4	84	0	-4
869	02.08.2022 09:30:28,000	3,64	7,14	-1	7	82	0	7
870	02.08.2022 09:30:29,000	3,61	7,13	2	4	84	0	4
871	02.08.2022 09:30:30,000	3,61	7,16	-11	2	78	1	2
872	02.08.2022 09:30:31,000	3,57	7,18	-4	-3	83	0	-3
873	02.08.2022 09:30:32,000	3,53	7,15	-5	-2	83	0	-2
874	02.08.2022 09:30:33,000	3,49	7,17	2	7	80	0	8
875	02.08.2022 09:30:34,000	3,49	7,15	0	8	82	0	8
876	02.08.2022 09:30:35,000	3,46	7,17	-3	4	83	0	4
877	02.08.2022 09:30:36,000	3,42	7,16	-9	4	77	0	4
878	02.08.2022 09:30:37,000	3,42	7,16	20	9	61	0	10
879	02.08.2022 09:30:38,000	3,38	7,16	12	9	69	0	10
880	02.08.2022 09:30:39,000	3,34	7,16	-12	7	71	1	7
881	02.08.2022 09:30:40,000	3,34	7,22	-6	-11	72	0	-12
882	02.08.2022 09:30:41,000	3,31	7,15	-13	-2	74	0	-3
883	02.08.2022 09:30:42,000	3,31	7,15	3	-4	83	0	-4
884	02.08.2022 09:30:43,000	3,31	7,13	-6	4	80	0	4
885	02.08.2022 09:30:44,000	3,31	7,15	-4	9	77	0	10
886	02.08.2022 09:30:45,000	3,27	7,13	-3	4	83	0	4
887	02.08.2022 09:30:46,000	3,27	7,15	7	4	78	0	4
888	02.08.2022 09:30:47,000	3,23	7,14	-3	2	85	0	2
889	02.08.2022 09:30:48,000	3,23	7,12	-1	2	87	0	2
890	02.08.2022 09:30:49,000	3,19	7,14	-5	5	80	0	5
891	02.08.2022 09:30:50,000	3,19	7,14	-5	6	79	0	6
892	02.08.2022 09:30:51,000	3,19	7,14	-2	9	79	0	9
893	02.08.2022 09:30:52,000	3,15	7,14	-6	-1	83	0	-1
894	02.08.2022 09:30:53,000	3,15	7,14	15	7	68	0	8
895	02.08.2022 09:30:54,000	3,12	7,11	1	5	84	1	5
896	02.08.2022 09:30:55,000	3,08	7,13	-7	2	80	0	3
897	02.08.2022 09:30:56,000	3,04	7,13	-8	3	79	0	3
898	02.08.2022 09:30:57,000	3,00	7,12	7	7	76	0	7
899	02.08.2022 09:30:58,000	3,00	7,15	21	-9	60	1	-11
900	02.08.2022 09:30:59,000	2,96	7,10	-12	0	77	0	1
901	02.08.2022 09:31:00,000	2,96	7,14	5	-15	70	0	-16
902	02.08.2022 09:31:01,000	2,96	7,12	19	19	52	0	23
903	02.08.2022 09:31:02,000	2,93	7,12	-3	2	85	0	2
904	02.08.2022 09:31:03,000	2,93	7,12	-11	1	79	0	1
905	02.08.2022 09:31:04,000	2,93	7,12	0	-2	88	0	-2
906	02.08.2022 09:31:05,000	2,89	7,11	2	4	84	0	4
907	02.08.2022 09:31:06,000	2,89	7,11	-2	15	73	0	15
908	02.08.2022 09:31:07,000	2,93	7,12	7	-25	58	1	-27
909	02.08.2022 09:31:08,000	2,89	7,09	10	-11	69	1	-12
910	02.08.2022 09:31:09,000	2,89	7,11	2	3	85	0	3
911	02.08.2022 09:31:10,000	2,85	7,11	-6	4	80	1	5
912	02.08.2022 09:31:11,000	2,85	7,11	-8	-1	80	1	-1
913	02.08.2022 09:31:12,000	2,81	7,11	1	1	88	0	1
914	02.08.2022 09:31:13,000	2,81	7,13	-5	-5	80	1	-5
915	02.08.2022 09:31:14,000	2,77	7,10	16	-16	57	1	-19
916	02.08.2022 09:31:15,000	2,77	7,13	-6	-4	80	0	-4
917	02.08.2022 09:31:16,000	2,77	7,13	-10	1	79	1	1
918	02.08.2022 09:31:17,000	2,73	7,15	9	-2	80	1	-2
919	02.08.2022 09:31:18,000	2,73	7,10	8	2	80	1	2
920	02.08.2022 09:31:19,000	2,70	7,12	-1	-5	84	0	-5
921	02.08.2022 09:31:20,000	2,70	7,07	18	-8	63	0	-10
922	02.08.2022 09:31:21,000	2,70	7,10	-3	1	86	1	1
923	02.08.2022 09:31:22,000	2,66	7,12	24	14	52	1	18
924	02.08.2022 09:31:23,000	2,62	7,09	-16	3	71	1	3
925	02.08.2022 09:31:24,000	2,58	7,11	-3	-2	86	0	-2
926	02.08.2022 09:31:25,000	2,58	7,11	-2	2	87	0	2
927	02.08.2022 09:31:26,000	2,54	7,10	-6	-3	81	0	-3
928	02.08.2022 09:31:27,000	2,54	7,13	7	-5	78	0	-5
929	02.08.2022 09:31:28,000	2,54	7,10	-10	-5	75	1	-5
930	02.08.2022 09:31:29,000	2,54	7,10	9	8	73	0	8
931	02.08.2022 09:31:30,000	2,50	7,12	2	2	86	1	2
932	02.08.2022 09:31:31,000	2,50	7,12	-9	-8	73	0	-9
933	02.08.2022 09:31:32,000	2,46	7,12	-6	1	83	0	1
934	02.08.2022 09:31:33,000	2,46	7,12	-10	-5	74	0	-6
935	02.08.2022 09:31:34,000	2,43	7,12	-7	4	79	0	4
936	02.08.2022 09:31:35,000	2,43	7,12	-2	8	80	0	8
937	02.08.2022 09:31:36,000	2,43	7,12	-6	4	81	0	4
938	02.08.2022 09:31:37,000	2,39	7,11	-9	0	81	0	0
939	02.08.2022 09:31:38,000	2,39	7,14	16	5	69	1	6
940	02.08.2022 09:31:39,000	2,35	7,04	15	2	73	1	3
941	02.08.2022 09:31:40,000	2,31	7,18	-5	-5	80	0	-5
942	02.08.2022 09:31:41,000	2,27	7,10	20	10	61	1	11
943	02.08.2022 09:31:42,000	2,27	7,13	4	-16	70	0	-17
944	02.08.2022 09:31:43,000	2,23	7,15	4	-4	83	0	-4
945	02.08.2022 09:31:44,000	2,19	7,12	-10	-8	72	1	-9
946	02.08.2022 09:31:45,000	2,19	7,12	-1	7	82	0	7
947	02.08.2022 09:31:46,000	2,15	7,18	-8	5	77	0	5
948	02.08.2022 09:31:47,000	2,15	7,12	3	4	83	1	4
949	02.08.2022 09:31:48,000	2,15	7,12	14	-13	62	0	-15
950	02.08.2022 09:31:49,000	2,12	7,11	2	0	88	0	0
951	02.08.2022 09:31:50,000	2,12	7,13	-7	-6	77	1	-6
952	02.08.2022 09:31:51,000	2,08	7,15	9	-9	71	1	-10
953	02.08.2022 09:31:52,000	2,08	7,13	-4	0	86	1	0
954	02.08.2022 09:31:53,000	2,08	7,13	9	-3	78	0	-3
955	02.08.2022 09:31:54,000	2,08	7,13	7	-4	79	0	-4
956	02.08.2022 09:31:55,000	2,08	7,13	-5	3	82	0	3
957	02.08.2022 09:31:56,000	2,08	7,11	-1	2	87	0	2
958	02.08.2022 09:31:57,000	2,08	7,11	-6	1	83	0	1
959	02.08.2022 09:31:58,000	2,08	7,09	-19	-3	68	1	-3
960	02.08.2022 09:31:59,000	2,08	7,13	5	-4	81	1	-4
961	02.08.2022 09:32:00,000	2,08	7,06	14	19	57	1	22
962	02.08.2022 09:32:01,000	2,04	7,10	-12	0	78	0	0
963	02.08.2022 09:32:02,000	2,04	7,10	-2	-3	85	0	-3
964	02.08.2022 09:32:03,000	2,00	7,12	-8	-4	78	0	-4
965	02.08.2022 09:32:04,000	2,00	7,12	-11	2	76	0	2
966	02.08.2022 09:32:05,000	1,96	7,10	1	-8	81	1	-8
967	02.08.2022 09:32:06,000	1,96	7,10	8	4	79	1	4
968	02.08.2022 09:32:07,000	1,96	7,10	-12	7	71	0	8
969	02.08.2022 09:32:08,000	1,92	7,12	-4	0	86	0	0
970	02.08.2022 09:32:09,000	1,92	7,12	-3	0	86	0	0
971	02.08.2022 09:32:10,000	1,88	7,11	-5	1	84	0	1
972	02.08.2022 09:32:11,000	1,88	7,11	-21	-2	67	1	-2
973	02.08.2022 09:32:12,000	1,88	7,11	-6	-1	83	0	-1
974	02.08.2022 09:32:13,000	1,88	7,14	-6	-4	81	0	-4
975	02.08.2022 09:32:14,000	1,84	7,13	-2	4	85	0	4
976	02.08.2022 09:32:15,000	1,84	7,11	-4	2	84	0	2
977	02.08.2022 09:32:16,000	1,80	7,11	-12	1	77	0	1
978	02.08.2022 09:32:17,000	1,80	7,13	-8	3	79	0	3
979	02.08.2022 09:32:18,000	1,80	7,11	-8	3	79	0	3
980	02.08.2022 09:32:19,000	1,80	7,11	2	11	77	0	11
981	02.08.2022 09:32:20,000	1,76	7,08	-7	2	81	0	2
982	02.08.2022 09:32:21,000	1,76	7,13	-2	-4	84	1	-4
983	02.08.2022 09:32:22,000	1,76	7,15	2	-6	82	0	-6
984	02.08.2022 09:32:23,000	1,72	7,12	-6	15	69	0	16
985	02.08.2022 09:32:24,000	1,72	7,12	1	5	83	1	5
986	02.08.2022 09:32:25,000	1,72	7,19	0	-17	73	1	-17
987	02.08.2022 09:32:26,000	1,72	7,12	-5	-11	74	1	-12
988	02.08.2022 09:32:27,000	1,69	7,10	8	-6	76	0	-6
989	02.08.2022 09:32:28,000	1,69	7,12	5	-5	80	0	-5
990	02.08.2022 09:32:29,000	1,69	7,12	-4	-3	82	1	-3
991	02.08.2022 09:32:30,000	1,69	7,12	-15	-2	73	1	-2
992	02.08.2022 09:32:31,000	1,69	7,10	-1	-1	88	1	-1
993	02.08.2022 09:32:32,000	1,69	7,07	-1	-1	89	1	-1
994	02.08.2022 09:32:33,000	1,69	7,12	1	-12	77	0	-12
995	02.08.2022 09:32:34,000	1,65	7,11	-10	-6	74	0	-6
996	02.08.2022 09:32:35,000	1,65	7,11	12	0	78	1	0
997	02.08.2022 09:32:36,000	1,65	7,11	-11	-2	77	0	-2
998	02.08.2022 09:32:37,000	1,65	7,11	-1	7	81	0	7
999	02.08.2022 09:32:38,000	1,65	7,11	-4	-2	84	1	-2
1000	02.08.2022 09:32:39,000	1,65	7,14	-9	-1	80	0	-1
1001	02.08.2022 09:32:40,000	1,65	7,14	-10	-1	79	0	-1
1002	02.08.2022 09:32:41,000	1,65	7,14	-4	-4	82	0	-5
1003	02.08.2022 09:32:42,000	1,61	7,13	0	-5	85	0	-5
1004	02.08.2022 09:32:43,000	1,61	7,13	-1	-5	85	0	-5
1005	02.08.2022 09:32:44,000	1,61	7,13	-8	-3	78	0	-3
1006	02.08.2022 09:32:45,000	1,57	7,11	-8	2	80	0	2
1007	02.08.2022 09:32:46,000	1,57	7,13	-12	3	75	0	3
1008	02.08.2022 09:32:47,000	1,53	7,15	2	-5	84	0	-5
1009	02.08.2022 09:32:48,000	1,53	7,15	5	16	69	0	17
1010	02.08.2022 09:32:49,000	1,53	7,15	0	5	84	0	5
1011	02.08.2022 09:32:50,000	1,49	7,12	-4	1	85	0	1
1012	02.08.2022 09:32:51,000	1,49	7,15	-3	-4	83	0	-4
1013	02.08.2022 09:32:52,000	1,49	7,12	-4	2	84	0	2
1014	02.08.2022 09:32:53,000	1,49	7,15	-4	-4	82	0	-4
1015	02.08.2022 09:32:54,000	1,49	7,15	-3	1	86	0	1
1016	02.08.2022 09:32:55,000	1,49	7,15	-5	-2	83	0	-2
1017	02.08.2022 09:32:56,000	1,45	7,12	-6	1	83	0	1
1018	02.08.2022 09:32:57,000	1,45	7,14	-6	-2	82	0	-2
1019	02.08.2022 09:32:58,000	1,45	7,14	-1	0	89	0	0
1020	02.08.2022 09:32:59,000	1,45	7,14	2	4	84	0	4
1021	02.08.2022 09:33:00,000	1,45	7,12	-7	0	82	0	0
1022	02.08.2022 09:33:01,000	1,45	7,14	-5	-2	83	0	-2
1023	02.08.2022 09:33:02,000	1,45	7,14	-4	-2	84	0	-2
1024	02.08.2022 09:33:03,000	1,41	7,12	-1	0	88	0	0
1025	02.08.2022 09:33:04,000	1,41	7,12	-4	2	85	0	2
1026	02.08.2022 09:33:05,000	1,41	7,14	-2	4	85	0	4
1027	02.08.2022 09:33:06,000	1,41	7,14	-3	1	86	0	1
1028	02.08.2022 09:33:07,000	1,41	7,14	-2	-2	86	0	-2
1029	02.08.2022 09:33:08,000	1,37	7,11	-3	-3	84	0	-3
1030	02.08.2022 09:33:09,000	1,37	7,13	-4	-1	85	0	-1
1031	02.08.2022 09:33:10,000	1,37	7,13	-2	6	82	0	6
1032	02.08.2022 09:33:11,000	1,37	7,13	-2	1	87	0	1
1033	02.08.2022 09:33:12,000	1,37	7,13	-4	-3	83	0	-4
1034	02.08.2022 09:33:13,000	1,37	7,13	-4	-4	82	0	-4
1035	02.08.2022 09:33:14,000	1,33	7,13	1	-5	84	0	-5
1036	02.08.2022 09:33:15,000	1,33	7,13	0	3	86	0	3
1037	02.08.2022 09:33:16,000	1,33	7,13	-3	1	85	0	1
1038	02.08.2022 09:33:17,000	1,33	7,13	-4	-2	84	0	-2
1039	02.08.2022 09:33:18,000	1,33	7,13	2	3	85	0	3
1040	02.08.2022 09:33:19,000	1,33	7,13	-2	1	87	0	1
1041	02.08.2022 09:33:20,000	1,33	7,13	-4	2	84	0	2
1042	02.08.2022 09:33:21,000	1,33	7,15	-4	8	78	0	8
1043	02.08.2022 09:33:22,000	1,29	7,13	-3	0	87	1	0
1044	02.08.2022 09:33:23,000	1,29	7,13	-1	1	87	0	1
1045	02.08.2022 09:33:24,000	1,29	7,15	-4	-6	81	0	-6
1046	02.08.2022 09:33:25,000	1,29	7,13	-5	-5	80	0	-5
1047	02.08.2022 09:33:26,000	1,29	7,13	-12	-6	72	0	-6
1048	02.08.2022 09:33:27,000	1,29	7,13	-7	-6	77	0	-6
1049	02.08.2022 09:33:28,000	1,29	7,13	-3	-3	84	0	-3
1050	02.08.2022 09:33:29,000	1,29	7,15	-3	-1	86	0	-1
1051	02.08.2022 09:33:30,000	1,29	7,13	-3	-3	84	0	-3
1052	02.08.2022 09:33:31,000	1,29	7,13	-4	1	85	0	1
1053	02.08.2022 09:33:32,000	1,29	7,15	-3	-2	85	0	-2
1054	02.08.2022 09:33:33,000	1,29	7,15	-3	1	87	0	1
1055	02.08.2022 09:33:34,000	1,29	7,13	-5	-7	79	0	-7
1056	02.08.2022 09:33:35,000	1,25	7,15	-5	-5	80	0	-5
1057	02.08.2022 09:33:36,000	1,25	7,12	-4	-3	83	0	-3
1058	02.08.2022 09:33:37,000	1,25	7,12	-2	-2	86	0	-2
1059	02.08.2022 09:33:38,000	1,25	7,15	-3	0	87	0	0
1060	02.08.2022 09:33:39,000	1,25	7,12	-6	-2	82	0	-2
1061	02.08.2022 09:33:40,000	1,25	7,12	-6	-3	81	0	-3
1062	02.08.2022 09:33:41,000	1,25	7,15	-2	-1	86	0	-1
1063	02.08.2022 09:33:42,000	1,25	7,15	-1	-1	88	0	-1
1064	02.08.2022 09:33:43,000	1,25	7,12	-2	-2	86	0	-2
1065	02.08.2022 09:33:44,000	1,25	7,12	-4	-5	81	0	-5
1066	02.08.2022 09:33:45,000	1,25	7,15	-7	1	82	0	1
1067	02.08.2022 09:33:46,000	1,25	7,12	-3	-4	83	0	-4
1068	02.08.2022 09:33:47,000	1,25	7,12	-3	-4	83	0	-5
1069	02.08.2022 09:33:48,000	1,25	7,15	-2	0	88	0	0
1070	02.08.2022 09:33:49,000	1,25	7,15	-2	0	88	0	0
1071	02.08.2022 09:33:50,000	1,25	7,15	-1	3	85	0	3
1072	02.08.2022 09:33:51,000	1,21	7,12	-4	-6	80	0	-6
1073	02.08.2022 09:33:52,000	1,21	7,14	0	3	87	0	3
1074	02.08.2022 09:33:53,000	1,21	7,14	-4	1	86	0	1
1075	02.08.2022 09:33:54,000	1,21	7,14	-4	-2	84	0	-3
1076	02.08.2022 09:33:55,000	1,21	7,14	-2	2	87	0	2
1077	02.08.2022 09:33:56,000	1,21	7,14	-2	2	85	0	2
1078	02.08.2022 09:33:57,000	1,21	7,14	-4	-1	85	0	-1
1079	02.08.2022 09:33:58,000	1,21	7,12	-3	0	87	0	0
1080	02.08.2022 09:33:59,000	1,21	7,14	-2	1	87	0	1
1081	02.08.2022 09:34:00,000	1,21	7,14	-1	-4	85	0	-4
1082	02.08.2022 09:34:01,000	1,21	7,14	-5	-3	82	0	-3
1083	02.08.2022 09:34:02,000	1,21	7,14	-4	-2	83	0	-2
1084	02.08.2022 09:34:03,000	1,21	7,14	-6	-1	83	0	-1
1085	02.08.2022 09:34:04,000	1,21	7,14	-3	1	86	0	1
1086	02.08.2022 09:34:05,000	1,21	7,12	-2	-6	82	0	-6
1087	02.08.2022 09:34:06,000	1,21	7,14	-3	2	85	0	2
1088	02.08.2022 09:34:07,000	1,21	7,14	-2	4	84	0	4
1089	02.08.2022 09:34:08,000	1,21	7,14	-6	1	83	0	1
1090	02.08.2022 09:34:09,000	1,21	7,14	-5	1	84	0	1
1091	02.08.2022 09:34:10,000	1,21	7,14	-1	-6	83	0	-6
1092	02.08.2022 09:34:11,000	1,21	7,14	1	5	84	0	5
1093	02.08.2022 09:34:12,000	1,21	7,14	-2	1	87	0	1
1094	02.08.2022 09:34:13,000	1,21	7,14	-3	0	87	0	0
1095	02.08.2022 09:34:14,000	1,17	7,14	-3	-2	86	0	-2
1096	02.08.2022 09:34:15,000	1,21	7,14	0	10	80	0	10
1097	02.08.2022 09:34:16,000	1,17	7,14	-4	18	69	0	18
1098	02.08.2022 09:34:17,000	1,17	7,14	-6	1	83	0	1
1099	02.08.2022 09:34:18,000	1,17	7,14	-1	3	85	0	3
1100	02.08.2022 09:34:19,000	1,17	7,14	-4	0	86	0	0
1101	02.08.2022 09:34:20,000	1,17	7,14	-2	2	86	0	2
1102	02.08.2022 09:34:21,000	1,17	7,16	-2	-2	86	1	-2
1103	02.08.2022 09:34:22,000	1,17	7,14	-6	2	82	0	2
1104	02.08.2022 09:34:23,000	1,17	7,14	-6	4	80	0	4
1105	02.08.2022 09:34:24,000	1,17	7,16	-3	0	86	0	0
1106	02.08.2022 09:34:25,000	1,17	7,14	3	10	77	0	10
1107	02.08.2022 09:34:26,000	1,17	7,16	-4	-5	81	0	-5
1108	02.08.2022 09:34:27,000	1,17	7,14	1	4	84	0	4
1109	02.08.2022 09:34:28,000	1,17	7,14	-1	4	85	0	4
1110	02.08.2022 09:34:29,000	1,17	7,14	-3	-1	87	0	-1
1111	02.08.2022 09:34:30,000	1,17	7,16	-2	-1	87	0	-1
1112	02.08.2022 09:34:31,000	1,17	7,14	0	5	85	0	5
1113	02.08.2022 09:34:32,000	1,17	7,14	-6	2	82	0	2
1114	02.08.2022 09:34:33,000	1,17	7,14	-3	1	86	0	1
1115	02.08.2022 09:34:34,000	1,17	7,14	-4	5	81	0	6
1116	02.08.2022 09:34:35,000	1,17	7,14	-3	2	85	0	2
1117	02.08.2022 09:34:36,000	1,13	7,14	-4	4	81	0	4
1118	02.08.2022 09:34:37,000	1,13	7,16	-2	4	84	0	4
1119	02.08.2022 09:34:38,000	1,13	7,16	-3	1	86	0	1
1120	02.08.2022 09:34:39,000	1,13	7,14	-2	-1	87	0	-1
1121	02.08.2022 09:34:40,000	1,13	7,14	-2	-1	87	0	-1
1122	02.08.2022 09:34:41,000	1,13	7,14	-1	2	87	0	2
1123	02.08.2022 09:34:42,000	1,13	7,16	-5	1	84	0	1
1124	02.08.2022 09:34:43,000	1,13	7,14	-5	4	81	0	4
1125	02.08.2022 09:34:44,000	1,13	7,14	-1	-2	87	0	-2
1126	02.08.2022 09:34:45,000	1,13	7,14	-4	-1	86	0	-1
1127	02.08.2022 09:34:46,000	1,13	7,16	-2	-3	86	0	-3
1128	02.08.2022 09:34:47,000	1,13	7,16	-3	1	86	0	1
1129	02.08.2022 09:34:48,000	1,13	7,16	-7	0	83	0	0
1130	02.08.2022 09:34:49,000	1,13	7,16	-2	1	87	0	1
1131	02.08.2022 09:34:50,000	1,13	7,16	-1	-2	87	0	-2
1132	02.08.2022 09:34:51,000	1,13	7,16	2	2	86	0	2
1133	02.08.2022 09:34:52,000	1,13	7,14	-4	4	82	0	4
1134	02.08.2022 09:34:53,000	1,13	7,14	-6	5	79	0	5
1135	02.08.2022 09:34:54,000	1,13	7,16	-13	9	68	0	10
1136	02.08.2022 09:34:55,000	1,13	7,18	-1	5	85	0	5
1137	02.08.2022 09:34:56,000	1,13	7,16	-4	-6	80	0	-6
1138	02.08.2022 09:34:57,000	1,13	7,18	-2	-5	83	1	-5
1139	02.08.2022 09:34:58,000	1,13	7,25	9	-2	79	1	-2
1140	02.08.2022 09:34:59,000	1,13	7,16	3	-1	86	0	-1
1141	02.08.2022 09:35:00,000	1,13	7,16	-3	6	81	0	6
1142	02.08.2022 09:35:01,000	1,13	7,16	2	3	85	1	3
1143	02.08.2022 09:35:02,000	1,13	7,16	-4	6	80	0	6
1144	02.08.2022 09:35:03,000	1,13	7,16	1	4	85	0	4
1145	02.08.2022 09:35:04,000	1,13	7,18	8	8	74	1	9
1146	02.08.2022 09:35:05,000	1,13	7,14	21	4	64	0	5
1147	02.08.2022 09:35:06,000	1,13	7,16	25	6	59	0	7
1148	02.08.2022 09:35:07,000	1,13	7,14	30	4	56	0	4
1149	02.08.2022 09:35:08,000	1,13	7,14	31	2	56	0	3
1150	02.08.2022 09:35:09,000	1,09	7,11	31	2	57	0	2
1151	02.08.2022 09:35:10,000	1,09	7,06	30	3	58	0	4
1152	02.08.2022 09:35:11,000	1,09	7,02	33	0	57	0	0
1153	02.08.2022 09:35:12,000	1,09	7,04	34	-1	55	0	-1
1154	02.08.2022 09:35:13,000	1,09	6,99	34	0	56	0	0
1155	02.08.2022 09:35:14,000	1,09	6,97	32	-2	56	0	-3
1156	02.08.2022 09:35:15,000	1,09	6,90	33	-4	53	0	-5
1157	02.08.2022 09:35:16,000	1,09	6,90	33	-1	55	0	-1
1158	02.08.2022 09:35:17,000	1,09	6,88	33	-1	57	0	-1
1159	02.08.2022 09:35:18,000	1,09	6,83	29	0	60	0	1
1160	02.08.2022 09:35:19,000	1,09	6,81	31	-3	56	0	-4
1161	02.08.2022 09:35:20,000	1,09	6,76	31	-1	57	0	-2
1162	02.08.2022 09:35:21,000	1,09	6,74	29	-1	60	0	-1
1163	02.08.2022 09:35:22,000	1,09	6,67	28	-1	61	0	-1
1164	02.08.2022 09:35:23,000	1,09	6,65	28	-5	57	0	-7
1165	02.08.2022 09:35:24,000	1,09	6,65	35	2	53	0	3
1166	02.08.2022 09:35:25,000	1,09	6,58	30	-2	58	0	-2
1167	02.08.2022 09:35:26,000	1,09	6,56	29	1	61	0	1
1168	02.08.2022 09:35:27,000	1,09	6,49	25	2	63	0	2
1169	02.08.2022 09:35:28,000	1,09	6,47	26	1	63	0	1
1170	02.08.2022 09:35:29,000	1,09	6,44	25	-1	64	0	-1
1171	02.08.2022 09:35:30,000	1,09	6,37	23	2	65	0	2
1172	02.08.2022 09:35:31,000	1,09	6,35	25	-1	65	0	-1
1173	02.08.2022 09:35:32,000	1,09	6,31	25	1	64	0	1
1174	02.08.2022 09:35:33,000	1,09	6,26	26	-1	63	0	-1
1175	02.08.2022 09:35:34,000	1,05	6,21	26	-3	61	0	-4
1176	02.08.2022 09:35:35,000	1,05	6,19	29	-4	56	0	-5
1177	02.08.2022 09:35:36,000	1,05	6,14	29	1	59	0	2
1178	02.08.2022 09:35:37,000	1,05	6,12	29	-6	56	0	-7
1179	02.08.2022 09:35:38,000	1,05	6,07	27	-4	59	0	-5
1180	02.08.2022 09:35:39,000	1,05	6,05	33	-12	44	0	-18
1181	02.08.2022 09:35:40,000	1,05	6,03	33	-9	49	0	-12
1182	02.08.2022 09:35:41,000	1,05	6,00	33	-6	51	0	-7
1183	02.08.2022 09:35:42,000	1,05	5,98	32	-5	53	0	-6
1184	02.08.2022 09:35:43,000	1,05	5,98	34	-9	47	0	-13
1185	02.08.2022 09:35:44,000	1,05	5,96	32	-4	54	0	-6
1186	02.08.2022 09:35:45,000	1,05	5,94	33	-7	51	0	-9
1187	02.08.2022 09:35:46,000	1,05	5,91	31	-8	51	0	-11
1188	02.08.2022 09:35:47,000	1,05	5,91	35	-7	48	0	-10
1189	02.08.2022 09:35:48,000	1,05	5,89	34	-7	50	0	-9
1190	02.08.2022 09:35:49,000	1,05	5,89	28	-4	58	0	-5
1191	02.08.2022 09:35:50,000	1,01	5,86	32	-11	47	0	-15
1192	02.08.2022 09:35:51,000	1,01	5,86	38	-5	47	0	-7
1193	02.08.2022 09:35:52,000	1,01	5,86	34	-3	54	0	-3
1194	02.08.2022 09:35:53,000	1,01	5,84	29	-10	51	0	-13
1195	02.08.2022 09:35:54,000	1,01	5,82	29	-11	50	0	-14
1196	02.08.2022 09:35:55,000	1,01	5,84	36	-4	49	0	-6
1197	02.08.2022 09:35:56,000	1,01	5,82	35	-3	52	0	-3
1198	02.08.2022 09:35:57,000	1,01	5,82	32	-5	53	0	-6
1199	02.08.2022 09:35:58,000	1,01	5,79	31	-11	48	0	-14
1200	02.08.2022 09:35:59,000	1,01	5,79	35	-5	50	0	-6
1201	02.08.2022 09:36:00,000	1,01	5,77	33	1	56	0	1
1202	02.08.2022 09:36:01,000	0,97	5,77	33	-3	53	0	-4
1203	02.08.2022 09:36:02,000	0,97	5,77	33	-1	56	0	-1
1204	02.08.2022 09:36:03,000	0,97	5,77	32	2	56	0	2
1205	02.08.2022 09:36:04,000	0,97	5,77	30	0	60	0	0
1206	02.08.2022 09:36:05,000	0,97	5,77	32	0	58	0	0
1207	02.08.2022 09:36:06,000	0,97	5,72	29	4	57	0	4
1208	02.08.2022 09:36:07,000	0,97	5,74	34	-4	52	0	-5
1209	02.08.2022 09:36:08,000	0,97	5,74	31	-3	56	0	-4
1210	02.08.2022 09:36:09,000	0,97	5,72	31	-6	53	1	-8
1211	02.08.2022 09:36:10,000	0,97	5,72	31	0	58	1	1
1212	02.08.2022 09:36:11,000	0,97	5,72	30	2	58	1	2
1213	02.08.2022 09:36:12,000	0,97	5,72	29	5	57	0	6
1214	02.08.2022 09:36:13,000	0,97	5,72	26	6	58	0	8
1215	02.08.2022 09:36:14,000	0,97	5,70	27	6	57	0	7
1216	02.08.2022 09:36:15,000	0,93	5,69	31	-1	58	0	-1
1217	02.08.2022 09:36:16,000	0,93	5,69	33	-9	47	0	-13
1218	02.08.2022 09:36:17,000	0,93	5,67	32	-3	55	1	-4
1219	02.08.2022 09:36:18,000	0,93	5,65	32	-2	56	0	-3
1220	02.08.2022 09:36:19,000	0,93	5,65	32	-1	57	0	-1
1221	02.08.2022 09:36:20,000	0,89	5,62	27	7	56	0	8
1222	02.08.2022 09:36:21,000	0,89	5,64	30	3	58	0	3
1223	02.08.2022 09:36:22,000	0,89	5,60	31	-1	57	0	-2
1224	02.08.2022 09:36:23,000	0,89	5,60	31	-2	56	1	-3
1225	02.08.2022 09:36:24,000	0,89	5,60	33	-2	55	0	-2
1226	02.08.2022 09:36:25,000	0,89	5,58	28	4	58	0	5
1227	02.08.2022 09:36:26,000	0,89	5,55	25	7	58	0	9
1228	02.08.2022 09:36:27,000	0,89	5,55	33	-2	56	0	-2
1229	02.08.2022 09:36:28,000	0,89	5,53	31	-3	56	1	-3
1230	02.08.2022 09:36:29,000	0,85	5,50	32	-4	55	1	-4
1231	02.08.2022 09:36:30,000	0,85	5,50	29	1	60	0	2
1232	02.08.2022 09:36:31,000	0,85	5,48	29	4	57	0	5
1233	02.08.2022 09:36:32,000	0,85	5,46	25	8	57	0	10
1234	02.08.2022 09:36:33,000	0,85	5,46	27	6	57	0	7
1235	02.08.2022 09:36:34,000	0,85	5,43	32	1	58	0	1
1236	02.08.2022 09:36:35,000	0,85	5,41	29	-5	56	0	-6
1237	02.08.2022 09:36:36,000	0,85	5,43	42	1	47	0	1
1238	02.08.2022 09:36:37,000	0,85	5,46	46	8	36	0	13
1239	02.08.2022 09:36:38,000	0,85	5,46	40	3	47	0	5
1240	02.08.2022 09:36:39,000	0,85	5,43	38	3	49	0	4
1241	02.08.2022 09:36:40,000	0,81	5,41	38	6	46	0	8
1242	02.08.2022 09:36:41,000	0,81	5,41	36	14	40	0	21
1243	02.08.2022 09:36:42,000	0,81	5,39	41	5	44	0	7
1244	02.08.2022 09:36:43,000	0,81	5,36	41	3	46	0	4
1245	02.08.2022 09:36:44,000	0,81	5,36	45	1	43	0	2
1246	02.08.2022 09:36:45,000	0,81	5,36	45	5	40	0	8
1247	02.08.2022 09:36:46,000	0,81	5,34	40	4	45	0	6
1248	02.08.2022 09:36:47,000	0,81	5,29	38	3	50	0	4
1249	02.08.2022 09:36:48,000	0,81	5,27	41	-2	47	0	-2
1250	02.08.2022 09:36:49,000	0,81	5,27	42	3	45	0	4
1251	02.08.2022 09:36:50,000	0,81	5,22	36	7	47	0	10
1252	02.08.2022 09:36:51,000	0,81	5,20	37	0	52	0	0
1253	02.08.2022 09:36:52,000	0,81	5,18	40	-4	46	0	-5
1254	02.08.2022 09:36:53,000	0,81	5,16	39	4	47	0	6
1255	02.08.2022 09:36:54,000	0,81	5,13	36	5	48	0	7
1256	02.08.2022 09:36:55,000	0,81	5,11	36	4	50	0	5
1257	02.08.2022 09:36:56,000	0,81	5,06	38	0	52	0	0
1258	02.08.2022 09:36:57,000	0,81	5,06	41	-3	46	0	-4
1259	02.08.2022 09:36:58,000	0,81	5,02	35	6	49	0	8
1260	02.08.2022 09:36:59,000	0,81	5,00	33	7	50	0	9
1261	02.08.2022 09:37:00,000	0,77	4,97	36	6	48	0	8
1262	02.08.2022 09:37:01,000	0,77	4,95	38	2	50	0	3
1263	02.08.2022 09:37:02,000	0,77	4,90	37	-1	51	1	-2
1264	02.08.2022 09:37:03,000	0,77	4,85	37	-1	52	0	-2
1265	02.08.2022 09:37:04,000	0,77	4,85	36	6	48	0	8
1266	02.08.2022 09:37:05,000	0,77	4,83	34	7	49	0	9
1267	02.08.2022 09:37:06,000	0,77	4,81	33	8	49	0	10
1268	02.08.2022 09:37:07,000	0,77	4,78	37	1	52	0	2
1269	02.08.2022 09:37:08,000	0,77	4,76	37	-1	52	0	-1
1270	02.08.2022 09:37:09,000	0,77	4,74	37	-1	52	0	-1
1271	02.08.2022 09:37:10,000	0,77	4,69	40	2	48	0	2
1272	02.08.2022 09:37:11,000	0,77	4,65	34	5	51	0	7
1273	02.08.2022 09:37:12,000	0,77	4,65	35	-2	53	0	-2
1274	02.08.2022 09:37:13,000	0,77	4,62	38	1	51	0	1
1275	02.08.2022 09:37:14,000	0,77	4,60	38	5	47	0	7
1276	02.08.2022 09:37:15,000	0,77	4,58	36	5	49	0	6
1277	02.08.2022 09:37:16,000	0,77	4,53	35	0	55	0	0
1278	02.08.2022 09:37:17,000	0,77	4,51	36	-3	51	0	-4
1279	02.08.2022 09:37:18,000	0,77	4,46	40	-5	44	1	-8
1280	02.08.2022 09:37:19,000	0,77	4,44	39	0	51	0	0
1281	02.08.2022 09:37:20,000	0,73	4,41	32	4	54	0	5
1282	02.08.2022 09:37:21,000	0,73	4,39	33	3	53	0	4
1283	02.08.2022 09:37:22,000	0,73	4,37	37	-6	46	0	-9
1284	02.08.2022 09:37:23,000	0,73	4,32	37	-5	48	1	-7
1285	02.08.2022 09:37:24,000	0,73	4,30	37	-2	51	1	-3
1286	02.08.2022 09:37:25,000	0,73	4,28	35	3	52	0	4
1287	02.08.2022 09:37:26,000	0,73	4,25	37	4	49	0	5
1288	02.08.2022 09:37:27,000	0,73	4,25	34	5	50	0	7
1289	02.08.2022 09:37:28,000	0,73	4,21	34	-2	55	0	-2
1290	02.08.2022 09:37:29,000	0,73	4,16	35	-9	46	0	-12
1291	02.08.2022 09:37:30,000	0,73	4,16	40	-5	45	0	-7
1292	02.08.2022 09:37:31,000	0,73	4,14	35	5	50	0	7
1293	02.08.2022 09:37:32,000	0,73	4,09	31	5	54	0	6
1294	02.08.2022 09:37:33,000	0,73	4,07	33	-3	54	0	-3
1295	02.08.2022 09:37:34,000	0,73	4,02	36	-8	46	0	-12
1296	02.08.2022 09:37:35,000	0,73	4,02	37	-8	45	1	-11
1297	02.08.2022 09:37:36,000	0,73	3,98	35	0	55	0	1
1298	02.08.2022 09:37:37,000	0,73	3,96	30	3	58	0	3
1299	02.08.2022 09:37:38,000	0,73	3,93	37	-8	46	0	-11
1300	02.08.2022 09:37:39,000	0,73	3,91	37	-6	47	1	-8
1301	02.08.2022 09:37:40,000	0,73	3,89	34	-4	52	0	-5
1302	02.08.2022 09:37:41,000	0,73	3,84	28	2	59	0	3
1303	02.08.2022 09:37:42,000	0,73	3,82	33	2	55	0	2
1304	02.08.2022 09:37:43,000	0,73	3,79	38	-8	45	0	-11
1305	02.08.2022 09:37:44,000	0,77	3,78	38	0	52	1	0
1306	02.08.2022 09:37:45,000	0,77	3,73	36	-2	52	0	-2
1307	02.08.2022 09:37:46,000	0,77	3,73	31	5	54	0	6
1308	02.08.2022 09:37:47,000	0,77	3,71	43	-6	42	0	-9
1309	02.08.2022 09:37:48,000	0,77	3,71	40	5	44	0	8
1310	02.08.2022 09:37:49,000	0,77	3,68	37	2	51	0	2
1311	02.08.2022 09:37:50,000	0,77	3,66	34	1	55	0	1
1312	02.08.2022 09:37:51,000	0,77	3,64	46	1	43	0	2
1313	02.08.2022 09:37:52,000	0,77	3,66	47	4	39	0	6
1314	02.08.2022 09:37:53,000	0,77	3,64	40	6	44	0	9
1315	02.08.2022 09:37:54,000	0,77	3,59	36	4	49	0	6
1316	02.08.2022 09:37:55,000	0,81	3,60	45	-8	37	0	-13
1317	02.08.2022 09:37:56,000	0,81	3,62	50	2	38	0	4
1318	02.08.2022 09:37:57,000	0,81	3,60	52	2	37	0	3
1319	02.08.2022 09:37:58,000	0,81	3,60	45	3	42	0	5
1320	02.08.2022 09:37:59,000	0,81	3,57	38	3	49	0	4
1321	02.08.2022 09:38:00,000	0,81	3,57	46	3	40	0	5
1322	02.08.2022 09:38:01,000	0,81	3,60	56	4	30	0	8
1323	02.08.2022 09:38:02,000	0,81	3,60	56	2	32	0	3
1324	02.08.2022 09:38:03,000	0,81	3,55	45	1	44	0	1
1325	02.08.2022 09:38:04,000	0,81	3,53	39	-1	50	0	-1
1326	02.08.2022 09:38:05,000	0,81	3,53	53	1	36	0	2
1327	02.08.2022 09:38:06,000	0,85	3,55	60	4	26	0	10
1328	02.08.2022 09:38:07,000	0,85	3,55	56	-1	33	0	-1
1329	02.08.2022 09:38:08,000	0,85	3,51	39	0	51	0	1
1330	02.08.2022 09:38:09,000	0,85	3,48	41	3	46	0	4
1331	02.08.2022 09:38:10,000	0,85	3,51	61	1	28	0	2
1332	02.08.2022 09:38:11,000	0,85	3,53	63	2	26	0	4
1333	02.08.2022 09:38:12,000	0,89	3,51	57	-2	32	0	-3
1334	02.08.2022 09:38:13,000	0,89	3,49	42	-2	46	0	-3
1335	02.08.2022 09:38:14,000	0,89	3,47	48	-1	41	0	-1
1336	02.08.2022 09:38:15,000	0,89	3,49	64	2	24	0	-1
1337	02.08.2022 09:38:16,000	0,89	3,49	63	-2	25	0	-4
1338	02.08.2022 09:38:17,000	0,93	3,47	52	-8	30	0	-15
1339	02.08.2022 09:38:18,000	0,93	3,45	52	-9	28	0	-19
1340	02.08.2022 09:38:19,000	0,93	3,45	58	-8	24	0	-18
1341	02.08.2022 09:38:20,000	0,93	3,45	60	-7	23	0	-18
1342	02.08.2022 09:38:21,000	0,93	3,45	64	-7	20	0	-18
1343	02.08.2022 09:38:22,000	0,93	3,45	65	-4	21	0	-18
1344	02.08.2022 09:38:23,000	0,97	3,43	55	-12	23	0	-29
1345	02.08.2022 09:38:24,000	0,97	3,40	55	-14	20	0	-35
1346	02.08.2022 09:38:25,000	0,97	3,38	67	-5	18	0	-35
1347	02.08.2022 09:38:26,000	0,97	3,38	65	-6	19	0	-35
1348	02.08.2022 09:38:27,000	0,97	3,38	56	-18	16	1	-49
1349	02.08.2022 09:38:28,000	1,01	3,41	64	4	22	0	-49
1350	02.08.2022 09:38:29,000	1,05	3,46	72	-1	17	0	-49
1351	02.08.2022 09:38:30,000	1,09	3,46	67	-8	15	0	-49
1352	02.08.2022 09:38:31,000	1,13	3,53	63	-14	13	0	-49
1353	02.08.2022 09:38:32,000	1,17	3,54	62	-12	15	0	-49
1354	02.08.2022 09:38:33,000	1,17	3,58	62	-13	14	0	-49
1355	02.08.2022 09:38:34,000	1,21	3,63	69	-13	9	0	-49
1356	02.08.2022 09:38:35,000	1,21	3,68	66	-11	13	0	-49
1357	02.08.2022 09:38:36,000	1,21	3,70	63	-11	16	0	-49
1358	02.08.2022 09:38:37,000	1,21	3,72	63	-11	16	0	-49
1359	02.08.2022 09:38:38,000	1,21	3,75	67	-10	13	0	-49
1360	02.08.2022 09:38:39,000	1,21	3,82	69	-8	13	0	-49
1361	02.08.2022 09:38:40,000	1,17	3,86	68	-6	16	0	-49
1362	02.08.2022 09:38:41,000	1,17	3,86	68	-4	18	0	-49
1363	02.08.2022 09:38:42,000	1,17	3,90	70	-3	16	0	-49
1364	02.08.2022 09:38:43,000	1,17	3,97	72	-2	16	0	-49
1365	02.08.2022 09:38:44,000	1,13	3,99	71	2	17	0	-49
1366	02.08.2022 09:38:45,000	1,13	3,97	64	5	20	0	-49
1367	02.08.2022 09:38:46,000	1,13	3,99	66	2	22	0	-49
1368	02.08.2022 09:38:47,000	1,09	3,99	60	3	27	0	7
1369	02.08.2022 09:38:48,000	1,09	3,94	54	9	27	0	18
1370	02.08.2022 09:38:49,000	1,09	3,90	57	6	27	0	13
1371	02.08.2022 09:38:50,000	1,09	3,87	50	9	31	0	17
1372	02.08.2022 09:38:51,000	1,09	3,81	52	4	34	0	7
1373	02.08.2022 09:38:52,000	1,09	3,76	45	10	36	0	16
1374	02.08.2022 09:38:53,000	1,05	3,73	46	6	38	0	10
1375	02.08.2022 09:38:54,000	1,05	3,69	49	-2	39	0	-3
1376	02.08.2022 09:38:55,000	1,05	3,60	45	1	45	0	1
1377	02.08.2022 09:38:56,000	1,05	3,57	48	2	40	0	2
1378	02.08.2022 09:38:57,000	1,05	3,53	46	6	38	0	10
1379	02.08.2022 09:38:58,000	1,05	3,46	45	7	38	0	11
1380	02.08.2022 09:38:59,000	1,05	3,43	50	3	37	0	6
1381	02.08.2022 09:39:00,000	1,09	3,37	50	5	35	0	10
1382	02.08.2022 09:39:01,000	1,09	3,32	48	10	32	0	18
1383	02.08.2022 09:39:02,000	1,13	3,26	41	12	38	0	19
1384	02.08.2022 09:39:03,000	1,13	3,21	39	12	39	0	19
1385	02.08.2022 09:39:04,000	1,17	3,15	40	12	38	0	19
1386	02.08.2022 09:39:05,000	1,25	3,09	42	13	35	0	22
1387	02.08.2022 09:39:06,000	1,33	2,98	45	15	30	0	29
1388	02.08.2022 09:39:07,000	1,41	2,89	42	21	27	0	38
1389	02.08.2022 09:39:08,000	1,49	2,86	40	21	29	0	37
1390	02.08.2022 09:39:09,000	1,53	2,79	39	20	31	0	34
1391	02.08.2022 09:39:10,000	1,61	2,73	38	22	31	0	36
1392	02.08.2022 09:39:11,000	1,72	2,65	36	19	35	0	29
1393	02.08.2022 09:39:12,000	1,80	2,59	37	18	35	0	29
1394	02.08.2022 09:39:13,000	1,92	2,51	40	12	38	0	19
1395	02.08.2022 09:39:14,000	2,00	2,44	40	10	40	0	16
1396	02.08.2022 09:39:15,000	2,08	2,38	38	10	42	0	14
1397	02.08.2022 09:39:16,000	2,12	2,29	38	8	44	0	12
1398	02.08.2022 09:39:17,000	2,19	2,28	41	8	41	0	13
1399	02.08.2022 09:39:18,000	2,27	2,22	39	13	39	0	20
1400	02.08.2022 09:39:19,000	2,31	2,17	34	19	37	0	29
1401	02.08.2022 09:39:20,000	2,39	2,14	32	16	42	0	23
1402	02.08.2022 09:39:21,000	2,50	2,10	32	16	42	0	23
1403	02.08.2022 09:39:22,000	2,70	1,96	35	12	43	0	17
1404	02.08.2022 09:39:23,000	2,89	1,84	31	16	43	0	23
1405	02.08.2022 09:39:24,000	3,08	1,79	33	10	47	0	13
1406	02.08.2022 09:39:25,000	3,27	1,71	34	7	49	0	9
1407	02.08.2022 09:39:26,000	3,38	1,68	35	9	45	0	13
1408	02.08.2022 09:39:27,000	3,53	1,64	36	11	43	0	17
1409	02.08.2022 09:39:28,000	3,61	1,58	34	8	48	0	11
1410	02.08.2022 09:39:29,000	3,72	1,57	35	7	48	0	9
1411	02.08.2022 09:39:30,000	3,83	1,46	35	12	43	0	18
1412	02.08.2022 09:39:31,000	3,94	1,43	39	6	45	0	8
1413	02.08.2022 09:39:32,000	4,09	1,37	32	13	46	0	17
1414	02.08.2022 09:39:33,000	4,20	1,34	33	13	44	0	19
1415	02.08.2022 09:39:34,000	4,35	1,31	33	17	40	0	25
1416	02.08.2022 09:39:35,000	4,50	1,30	34	15	41	0	22
1417	02.08.2022 09:39:36,000	4,83	1,10	26	27	37	0	38
1418	02.08.2022 09:39:37,000	5,27	1,00	34	12	44	0	17
1419	02.08.2022 09:39:38,000	5,73	0,86	34	14	42	0	21
1420	02.08.2022 09:39:39,000	6,16	0,78	28	20	42	0	28
1421	02.08.2022 09:39:40,000	6,48	0,72	32	16	42	0	22
1422	02.08.2022 09:39:41,000	6,80	0,72	35	10	44	0	15
1423	02.08.2022 09:39:42,000	7,04	0,61	38	9	43	0	12
1424	02.08.2022 09:39:43,000	7,25	0,63	35	12	43	0	17
1425	02.08.2022 09:39:44,000	7,46	0,55	36	10	44	0	15
1426	02.08.2022 09:39:45,000	7,67	0,53	34	12	44	0	16
1427	02.08.2022 09:39:46,000	7,84	0,50	40	7	43	0	11
1428	02.08.2022 09:39:47,000	7,94	0,51	36	8	46	0	11
1429	02.08.2022 09:39:48,000	8,11	0,50	33	2	55	0	2
1430	02.08.2022 09:39:49,000	8,28	0,44	36	-3	50	1	-4
1431	02.08.2022 09:39:50,000	8,45	0,44	36	-3	51	1	-4
1432	02.08.2022 09:39:51,000	8,59	0,42	35	-4	51	0	-6
1433	02.08.2022 09:39:52,000	8,72	0,39	28	5	56	0	7
1434	02.08.2022 09:39:53,000	8,89	0,43	34	-5	50	0	-7
1435	02.08.2022 09:39:54,000	8,99	0,37	26	-1	63	0	-1
1436	02.08.2022 09:39:55,000	9,13	0,35	29	-5	56	0	-6
1437	02.08.2022 09:39:56,000	9,40	0,23	27	-6	57	0	-7
1438	02.08.2022 09:39:57,000	9,59	0,26	25	-3	62	0	-4
1439	02.08.2022 09:39:58,000	9,76	0,26	10	-5	76	0	-5
1440	02.08.2022 09:39:59,000	9,96	0,26	34	-9	48	1	-12
1441	02.08.2022 09:40:00,000	10,06	0,23	30	7	54	0	9
1442	02.08.2022 09:40:01,000	10,09	0,28	32	7	50	0	10
1443	02.08.2022 09:40:02,000	10,12	0,30	38	1	51	0	1
1444	02.08.2022 09:40:03,000	10,12	0,35	36	11	44	0	15
1445	02.08.2022 09:40:04,000	10,16	0,30	38	8	45	0	11
1446	02.08.2022 09:40:05,000	10,22	0,37	39	7	44	0	10
1447	02.08.2022 09:40:06,000	10,32	0,33	35	6	49	0	8
1448	02.08.2022 09:40:07,000	10,42	0,39	40	-3	47	0	-4
1449	02.08.2022 09:40:08,000	10,52	0,35	31	-14	46	0	-19
1450	02.08.2022 09:40:09,000	10,62	0,33	33	-6	51	0	-7
1451	02.08.2022 09:40:10,000	10,68	0,33	35	-6	49	0	-8
1452	02.08.2022 09:40:11,000	10,78	0,33	30	-6	54	0	-8
1453	02.08.2022 09:40:12,000	10,88	0,33	31	-9	50	0	-12
1454	02.08.2022 09:40:13,000	10,98	0,30	33	-6	51	0	-8
1455	02.08.2022 09:40:14,000	11,11	0,35	32	4	53	0	5
1456	02.08.2022 09:40:15,000	11,17	0,35	31	-3	55	0	-4
1457	02.08.2022 09:40:16,000	11,23	0,37	35	-4	51	0	-5
1458	02.08.2022 09:40:17,000	11,33	0,30	42	0	48	0	0
1459	02.08.2022 09:40:18,000	11,40	0,33	43	5	42	0	8
1460	02.08.2022 09:40:19,000	11,43	0,33	37	8	45	0	12
1461	02.08.2022 09:40:20,000	11,49	0,35	35	8	47	0	11
1462	02.08.2022 09:40:21,000	11,53	0,42	25	7	58	0	9
1463	02.08.2022 09:40:22,000	11,56	0,35	33	9	48	0	12
1464	02.08.2022 09:40:23,000	11,65	0,33	30	-1	60	1	-1
1465	02.08.2022 09:40:24,000	11,72	0,33	28	-4	58	0	-5
1466	02.08.2022 09:40:25,000	11,78	0,30	26	6	59	0	7
1467	02.08.2022 09:40:26,000	11,91	0,28	17	11	61	0	13
1468	02.08.2022 09:40:27,000	12,01	0,28	24	12	53	0	15
1469	02.08.2022 09:40:28,000	12,10	0,28	31	12	47	0	17
1470	02.08.2022 09:40:29,000	12,23	0,23	23	6	61	1	8
1471	02.08.2022 09:40:30,000	12,36	0,26	28	10	52	0	13
1472	02.08.2022 09:40:31,000	12,45	0,19	24	11	55	0	13
1473	02.08.2022 09:40:32,000	12,55	0,21	17	7	66	1	7
1474	02.08.2022 09:40:33,000	12,58	0,26	30	9	51	0	11
1475	02.08.2022 09:40:34,000	12,61	0,28	34	5	51	0	7
1476	02.08.2022 09:40:35,000	12,64	0,28	33	4	52	0	6
1477	02.08.2022 09:40:36,000	12,64	0,28	41	2	47	0	3
1478	02.08.2022 09:40:37,000	12,64	0,28	36	4	50	0	5
1479	02.08.2022 09:40:38,000	12,68	0,30	34	6	50	0	8
1480	02.08.2022 09:40:39,000	12,68	0,28	28	13	49	0	17
1481	02.08.2022 09:40:40,000	12,68	0,28	33	7	50	0	9
1482	02.08.2022 09:40:41,000	12,74	0,28	19	-15	56	1	-19
1483	02.08.2022 09:40:42,000	12,83	0,17	27	-6	58	1	-7
1484	02.08.2022 09:40:43,000	12,93	0,19	25	2	62	0	3
1485	02.08.2022 09:40:44,000	12,99	0,19	33	8	49	0	11
1486	02.08.2022 09:40:45,000	13,06	0,23	28	-1	62	0	-1
1487	02.08.2022 09:40:46,000	13,12	0,19	19	-5	66	0	-6
1488	02.08.2022 09:40:47,000	13,21	0,19	9	-9	72	0	-10
1489	02.08.2022 09:40:48,000	13,34	0,21	23	-13	54	0	-16
1490	02.08.2022 09:40:49,000	13,40	0,21	23	-16	51	0	-20
1491	02.08.2022 09:40:50,000	13,40	0,21	32	-7	51	0	-9
1492	02.08.2022 09:40:51,000	13,43	0,23	29	-7	54	0	-9
1493	02.08.2022 09:40:52,000	13,43	0,19	40	1	49	1	2
1494	02.08.2022 09:40:53,000	13,46	0,21	25	-13	51	0	-17
1495	02.08.2022 09:40:54,000	13,50	0,21	29	-15	46	0	-20
1496	02.08.2022 09:40:55,000	13,53	0,21	26	-16	47	0	-22
1497	02.08.2022 09:40:56,000	13,56	0,17	26	-8	55	0	-10
1498	02.08.2022 09:40:57,000	13,59	0,19	31	-9	50	0	-12
1499	02.08.2022 09:40:58,000	13,59	0,19	19	-4	67	1	-5
1500	02.08.2022 09:40:59,000	13,62	0,17	38	-25	26	1	-44
1501	02.08.2022 09:41:00,000	13,65	0,17	56	-18	16	1	-47
1502	02.08.2022 09:41:01,000	13,68	0,17	46	-29	14	0	-63
1503	02.08.2022 09:41:02,000	13,68	0,23	37	-33	20	0	-58
1504	02.08.2022 09:41:03,000	13,59	0,26	41	-14	35	0	-24
1505	02.08.2022 09:41:04,000	13,59	0,28	46	-4	40	0	-6
1506	02.08.2022 09:41:05,000	13,59	0,21	43	-40	7	1	-79
1507	02.08.2022 09:41:06,000	13,62	0,26	48	-33	9	1	-74
1508	02.08.2022 09:41:07,000	13,59	0,33	61	-23	6	0	-76
1509	02.08.2022 09:41:08,000	13,46	0,35	58	-27	5	1	-79
1510	02.08.2022 09:41:09,000	13,31	0,42	62	-27	1	1	-88
1511	02.08.2022 09:41:10,000	13,15	0,44	64	-24	2	1	-88
1512	02.08.2022 09:41:11,000	13,06	0,48	63	-22	5	1	-88
1513	02.08.2022 09:41:12,000	12,93	0,47	61	-24	5	0	-79
1514	02.08.2022 09:41:13,000	12,83	0,48	62	-25	3	0	-83
1515	02.08.2022 09:41:14,000	12,77	0,45	65	-21	4	0	-83
1516	02.08.2022 09:41:15,000	12,71	0,47	59	-25	6	1	-76
1517	02.08.2022 09:41:16,000	12,64	0,49	57	-28	5	0	-80
1518	02.08.2022 09:41:17,000	12,61	0,48	46	-37	7	0	-78
1519	02.08.2022 09:41:18,000	12,58	0,50	55	-27	9	1	-71
1520	02.08.2022 09:41:19,000	12,52	0,48	31	-44	15	0	-69
1521	02.08.2022 09:41:20,000	12,49	0,50	18	-61	11	0	-77
1522	02.08.2022 09:41:21,000	12,42	0,51	31	-46	14	0	-72
1523	02.08.2022 09:41:22,000	12,36	0,51	32	-48	-10	0	-104
1524	02.08.2022 09:41:23,000	12,33	0,53	36	-44	-10	0	-105
1525	02.08.2022 09:41:24,000	12,26	0,52	43	-26	-20	0	-128
1526	02.08.2022 09:41:25,000	12,23	0,52	46	-36	-8	0	-104
1527	02.08.2022 09:41:26,000	12,20	0,54	59	-29	-3	0	-96
1528	02.08.2022 09:41:27,000	12,17	0,51	55	-33	-2	0	-93
1529	02.08.2022 09:41:28,000	12,14	0,53	31	-46	-12	0	-107
1530	02.08.2022 09:41:29,000	12,10	0,55	32	-49	-8	1	-101
1531	02.08.2022 09:41:30,000	12,07	0,53	77	2	12	0	-101
1532	02.08.2022 09:41:31,000	12,04	0,55	77	-3	10	1	-101
1533	02.08.2022 09:41:32,000	12,01	0,55	36	-27	27	1	-46
1534	02.08.2022 09:41:33,000	11,98	0,54	-6	6	78	0	6
1535	02.08.2022 09:41:34,000	11,94	0,54	-13	3	73	0	3
1536	02.08.2022 09:41:35,000	11,94	0,54	-5	-2	83	1	-2
1537	02.08.2022 09:41:36,000	11,94	0,54	-4	-1	85	0	-1
1538	02.08.2022 09:41:37,000	11,91	0,56	-8	-3	79	0	-3
1539	02.08.2022 09:41:38,000	11,88	0,56	-6	-5	79	0	-5
1540	02.08.2022 09:41:39,000	11,88	0,56	-1	-2	87	0	-2
1541	02.08.2022 09:41:40,000	11,85	0,55	-8	2	80	1	2
1542	02.08.2022 09:41:41,000	11,85	0,55	-7	1	83	0	1
1543	02.08.2022 09:41:42,000	11,82	0,55	-11	7	72	0	8
1544	02.08.2022 09:41:43,000	11,82	0,57	-11	5	74	0	6
1545	02.08.2022 09:41:44,000	11,78	0,57	-7	5	78	0	5
1546	02.08.2022 09:41:45,000	11,78	0,57	-7	3	80	0	3
1547	02.08.2022 09:41:46,000	11,75	0,57	-8	0	82	0	0
1548	02.08.2022 09:41:47,000	11,75	0,57	-9	2	79	0	3
1549	02.08.2022 09:41:48,000	11,72	0,57	-16	-1	73	0	-1
1550	02.08.2022 09:41:49,000	11,72	0,57	-16	6	68	1	6
1551	02.08.2022 09:41:50,000	11,72	0,57	-63	2	-25	1	175
1552	02.08.2022 09:41:51,000	11,72	0,54	-7	-82	-1	0	-91
1553	02.08.2022 09:41:52,000	11,72	0,57	-5	-82	-4	0	-94
1554	02.08.2022 09:41:53,000	11,72	0,57	-2	-85	-3	0	-93
1555	02.08.2022 09:41:54,000	11,69	0,56	-3	-86	-1	0	-91
1556	02.08.2022 09:41:55,000	11,69	0,56	-6	-84	0	0	-90
1557	02.08.2022 09:41:56,000	11,69	0,56	-5	-83	-2	0	-92
1558	02.08.2022 09:41:57,000	11,69	0,56	-4	-82	-4	0	-94
1559	02.08.2022 09:41:58,000	11,69	0,59	-4	-82	-4	0	-95
1560	02.08.2022 09:41:59,000	11,69	0,56	-4	-83	-3	0	-93
1561	02.08.2022 09:42:00,000	11,65	0,58	-4	-85	-1	0	-91
1562	02.08.2022 09:42:01,000	11,65	0,58	-5	-84	-2	0	-92
1563	02.08.2022 09:42:02,000	11,65	0,58	-4	-82	-4	0	-94
1564	02.08.2022 09:42:03,000	11,65	0,56	-2	-83	-4	0	-94
1565	02.08.2022 09:42:04,000	11,65	0,56	-4	-83	-3	0	-93
1566	02.08.2022 09:42:05,000	11,65	0,56	-6	-82	-2	0	-92
1567	02.08.2022 09:42:06,000	11,65	0,58	-4	-81	-5	0	-95
1568	02.08.2022 09:42:07,000	11,65	0,56	-4	-80	-7	0	-97
1569	02.08.2022 09:42:08,000	11,65	0,56	-5	-80	-5	0	-95
1570	02.08.2022 09:42:09,000	11,65	0,58	-5	-81	-4	0	-94
1571	02.08.2022 09:42:10,000	11,65	0,58	-5	-81	-4	0	-95
1572	02.08.2022 09:42:11,000	11,65	0,58	-4	-81	-5	0	-95
1573	02.08.2022 09:42:12,000	11,65	0,58	-5	-82	-3	0	-93
1574	02.08.2022 09:42:13,000	11,65	0,58	-5	-82	-3	0	-93
1575	02.08.2022 09:42:14,000	11,65	0,56	-4	-83	-3	0	-94
1576	02.08.2022 09:42:15,000	11,65	0,56	-5	-85	0	0	-90
1577	02.08.2022 09:42:16,000	11,65	0,56	-4	-84	2	0	-88
1578	02.08.2022 09:42:17,000	11,65	0,56	-4	-86	1	0	-89
1579	02.08.2022 09:42:18,000	11,69	0,59	-4	-84	2	0	-88
1580	02.08.2022 09:42:19,000	11,69	0,56	-3	-84	3	0	-87
1581	02.08.2022 09:42:20,000	11,69	0,56	-3	-85	3	0	-87
1582	02.08.2022 09:42:21,000	11,69	0,56	-4	-84	2	0	-88
1583	02.08.2022 09:42:22,000	11,69	0,56	-4	-84	1	0	-89
1584	02.08.2022 09:42:23,000	11,69	0,56	-3	-85	2	0	-88
1585	02.08.2022 09:42:24,000	11,69	0,56	-4	-86	0	0	-90
1586	02.08.2022 09:42:25,000	11,69	0,56	-3	-85	2	0	-88
1587	02.08.2022 09:42:26,000	11,69	0,56	-3	-83	3	0	-86
1588	02.08.2022 09:42:27,000	11,69	0,56	-4	-84	2	0	-87
1589	02.08.2022 09:42:28,000	11,69	0,56	-3	-85	1	0	-89
1590	02.08.2022 09:42:29,000	11,69	0,56	-4	-86	1	0	-89
1591	02.08.2022 09:42:30,000	11,72	0,57	-4	-86	0	0	-90
1592	02.08.2022 09:42:31,000	11,72	0,59	-3	-86	1	0	-89
1593	02.08.2022 09:42:32,000	11,72	0,57	-2	-85	2	0	-88
1594	02.08.2022 09:42:33,000	11,75	0,57	-4	-83	2	0	-88
1595	02.08.2022 09:42:34,000	11,75	0,57	-5	-83	2	0	-88
1596	02.08.2022 09:42:35,000	11,75	0,57	-3	-86	2	0	-88
1597	02.08.2022 09:42:36,000	11,75	0,57	-3	-86	1	0	-89
1598	02.08.2022 09:42:37,000	11,78	0,57	-4	-85	1	0	-89
1599	02.08.2022 09:42:38,000	11,78	0,55	-4	-84	2	0	-88
1600	02.08.2022 09:42:39,000	11,78	0,57	-4	-85	1	0	-89
1601	02.08.2022 09:42:40,000	11,78	0,57	-4	-85	1	0	-89
1602	02.08.2022 09:42:41,000	11,78	0,55	-4	-86	0	0	-90
1603	02.08.2022 09:42:42,000	11,82	0,57	-3	-86	0	0	-90
1604	02.08.2022 09:42:43,000	11,82	0,57	-4	-86	0	0	-90
1605	02.08.2022 09:42:44,000	11,82	0,57	-6	-84	1	1	-89
1606	02.08.2022 09:42:45,000	11,82	0,55	-54	1	-35	1	178
1607	02.08.2022 09:42:46,000	11,85	0,58	-2	-30	-58	0	-149
1608	02.08.2022 09:42:47,000	11,85	0,55	10	-4	-76	0	-176
1609	02.08.2022 09:42:48,000	11,88	0,56	8	-3	-79	0	-177
1610	02.08.2022 09:42:49,000	11,88	0,56	8	-5	-77	0	-175
1611	02.08.2022 09:42:50,000	11,88	0,56	9	-5	-76	0	-175
1612	02.08.2022 09:42:51,000	11,91	0,54	10	-3	-76	0	-177
1613	02.08.2022 09:42:52,000	11,91	0,56	11	-2	-77	0	-177
1614	02.08.2022 09:42:53,000	11,91	0,56	9	-3	-78	0	-177
1615	02.08.2022 09:42:54,000	11,91	0,54	8	-3	-79	0	-177
1616	02.08.2022 09:42:55,000	11,94	0,56	9	-3	-78	0	-177
1617	02.08.2022 09:42:56,000	11,94	0,54	10	-3	-77	0	-177
1618	02.08.2022 09:42:57,000	11,94	0,56	9	-2	-79	0	-178
1619	02.08.2022 09:42:58,000	11,98	0,54	8	-2	-79	0	-177
1620	02.08.2022 09:42:59,000	11,98	0,54	9	-2	-79	0	-178
1621	02.08.2022 09:43:00,000	11,98	0,54	9	-2	-79	0	-178
1622	02.08.2022 09:43:01,000	12,01	0,55	8	-2	-80	0	-178
1623	02.08.2022 09:43:02,000	12,01	0,55	8	-2	-80	0	-178
1624	02.08.2022 09:43:03,000	12,04	0,55	8	-1	-81	0	-179
1625	02.08.2022 09:43:04,000	12,04	0,55	8	-1	-81	0	-179
1626	02.08.2022 09:43:05,000	12,04	0,55	8	-2	-80	0	-178
1627	02.08.2022 09:43:06,000	12,07	0,55	8	-1	-81	0	-179
1628	02.08.2022 09:43:07,000	12,07	0,53	7	0	-83	0	-180
1629	02.08.2022 09:43:08,000	12,07	0,55	6	-1	-83	0	-179
1630	02.08.2022 09:43:09,000	12,07	0,55	5	3	-82	0	177
1631	02.08.2022 09:43:10,000	12,10	0,55	5	9	-76	0	170
1632	02.08.2022 09:43:11,000	12,10	0,53	2	4	-84	0	176
1633	02.08.2022 09:43:12,000	12,10	0,55	0	12	-77	0	168
1634	02.08.2022 09:43:13,000	12,14	0,56	-60	3	-28	0	174
1635	02.08.2022 09:43:14,000	12,14	0,53	-59	2	-29	0	176
1636	02.08.2022 09:43:15,000	12,17	0,54	-58	-8	-24	0	-162
1637	02.08.2022 09:43:16,000	12,20	0,54	-58	-7	-25	0	-163
1638	02.08.2022 09:43:17,000	12,20	0,54	-63	3	-24	0	-163
1639	02.08.2022 09:43:18,000	12,23	0,54	-59	0	-30	0	179
1640	02.08.2022 09:43:19,000	12,26	0,55	-60	2	-28	0	176
1641	02.08.2022 09:43:20,000	12,26	0,55	-60	2	-28	0	176
1642	02.08.2022 09:43:21,000	12,29	0,55	-62	2	-26	1	174
1643	02.08.2022 09:43:22,000	12,29	0,55	-59	2	-29	0	175
1644	02.08.2022 09:43:23,000	12,29	0,55	-59	3	-29	0	175
1645	02.08.2022 09:43:24,000	12,33	0,55	-59	2	-29	0	176
1646	02.08.2022 09:43:25,000	12,33	0,53	-59	2	-28	0	175
1647	02.08.2022 09:43:26,000	12,33	0,55	-59	2	-29	0	176
1648	02.08.2022 09:43:27,000	12,36	0,53	-59	2	-28	0	175
1649	02.08.2022 09:43:28,000	12,36	0,55	-55	-9	-26	0	-161
1650	02.08.2022 09:43:29,000	12,36	0,55	-59	1	-29	0	178
1651	02.08.2022 09:43:30,000	12,39	0,53	-60	1	-28	0	177
1652	02.08.2022 09:43:31,000	12,39	0,53	-61	2	-28	0	176
1653	02.08.2022 09:43:32,000	12,39	0,56	-61	1	-28	0	178
1654	02.08.2022 09:43:33,000	12,39	0,53	-60	2	-28	0	176
1655	02.08.2022 09:43:34,000	12,42	0,54	-59	2	-29	0	177
1656	02.08.2022 09:43:35,000	12,42	0,56	-60	2	-29	0	176
1657	02.08.2022 09:43:36,000	12,42	0,54	-60	3	-27	0	174
1658	02.08.2022 09:43:37,000	12,45	0,54	-62	1	-27	0	179
1659	02.08.2022 09:43:38,000	12,45	0,54	-60	2	-28	1	176
1660	02.08.2022 09:43:39,000	12,45	0,52	-59	1	-29	0	177
1661	02.08.2022 09:43:40,000	12,49	0,54	-60	1	-28	0	177
1662	02.08.2022 09:43:41,000	12,49	0,54	-60	2	-28	0	176
1663	02.08.2022 09:43:42,000	12,52	0,55	-58	2	-30	0	177
1664	02.08.2022 09:43:43,000	12,52	0,55	-59	7	-24	0	164
1665	02.08.2022 09:43:44,000	12,55	0,55	-59	1	-29	0	177
1666	02.08.2022 09:43:45,000	12,55	0,55	-60	2	-28	0	176
1667	02.08.2022 09:43:46,000	12,58	0,53	-55	3	-33	1	175
1668	02.08.2022 09:43:47,000	12,58	0,55	-61	0	-29	0	179
1669	02.08.2022 09:43:48,000	12,58	0,55	-59	0	-31	0	180
1670	02.08.2022 09:43:49,000	12,61	0,53	-59	0	-30	0	179
1671	02.08.2022 09:43:50,000	12,61	0,53	-61	2	-28	0	177
1672	02.08.2022 09:43:51,000	12,64	0,56	-62	1	-26	1	177
1673	02.08.2022 09:43:52,000	12,64	0,51	-61	1	-29	0	179
1674	02.08.2022 09:43:53,000	12,68	0,54	-60	1	-29	0	177
1675	02.08.2022 09:43:54,000	12,68	0,51	-60	1	-28	0	177
1676	02.08.2022 09:43:55,000	12,71	0,54	-57	2	-31	0	176
1677	02.08.2022 09:43:56,000	12,71	0,54	-58	1	-30	0	177
1678	02.08.2022 09:43:57,000	12,71	0,54	-62	1	-27	0	177
1679	02.08.2022 09:43:58,000	12,74	0,54	-60	1	-29	1	178
1680	02.08.2022 09:43:59,000	12,74	0,52	-57	1	-32	0	178
1681	02.08.2022 09:44:00,000	12,77	0,54	-62	2	-26	0	175
1682	02.08.2022 09:44:01,000	12,77	0,54	-60	0	-29	0	179
1683	02.08.2022 09:44:02,000	12,80	0,52	-60	1	-29	0	178
1684	02.08.2022 09:44:03,000	12,80	0,52	-13	-31	-46	0	-144
1685	02.08.2022 09:44:04,000	12,83	0,53	-13	-24	-53	0	-153
1686	02.08.2022 09:44:05,000	12,83	0,53	-11	-16	-63	0	-162
1687	02.08.2022 09:44:06,000	12,83	0,53	-8	-14	-68	0	-165
1688	02.08.2022 09:44:07,000	12,87	0,53	-10	-18	-61	0	-160
1689	02.08.2022 09:44:08,000	12,87	0,53	-13	-19	-58	0	-158
1690	02.08.2022 09:44:09,000	12,87	0,53	-11	-14	-65	0	-165
1691	02.08.2022 09:44:10,000	12,90	0,53	-9	-14	-67	0	-164
1692	02.08.2022 09:44:11,000	12,90	0,56	-11	-19	-60	0	-159
1693	02.08.2022 09:44:12,000	12,90	0,56	-12	-18	-60	0	-160
1694	02.08.2022 09:44:13,000	12,93	0,54	-12	-15	-64	0	-163
1695	02.08.2022 09:44:14,000	12,93	0,54	-10	-15	-65	0	-164
1696	02.08.2022 09:44:15,000	12,93	0,54	-11	-17	-63	0	-161
1697	02.08.2022 09:44:16,000	12,96	0,54	-12	-18	-60	0	-160
1698	02.08.2022 09:44:17,000	12,96	0,54	-11	-17	-63	0	-161
1699	02.08.2022 09:44:18,000	12,96	0,56	-9	-15	-66	0	-163
1700	02.08.2022 09:44:19,000	12,96	0,54	-10	-15	-65	0	-163
1701	02.08.2022 09:44:20,000	12,99	0,54	-13	-18	-60	0	-160
1702	02.08.2022 09:44:21,000	12,99	0,54	-11	-17	-62	0	-161
1703	02.08.2022 09:44:22,000	12,99	0,54	-8	-15	-66	0	-163
1704	02.08.2022 09:44:23,000	13,02	0,54	-11	-15	-64	0	-163
1705	02.08.2022 09:44:24,000	13,02	0,52	-12	-18	-60	0	-160
1706	02.08.2022 09:44:25,000	13,02	0,54	-11	-16	-63	0	-162
1707	02.08.2022 09:44:26,000	13,06	0,52	-10	-16	-65	0	-163
1708	02.08.2022 09:44:27,000	13,06	0,52	-14	-69	7	1	-82
1709	02.08.2022 09:44:28,000	13,06	0,55	-76	-3	10	0	-82
1710	02.08.2022 09:44:29,000	13,09	0,53	-12	46	32	1	53
1711	02.08.2022 09:44:30,000	13,09	0,53	-7	54	29	0	59
1712	02.08.2022 09:44:31,000	13,09	0,53	-20	41	30	0	52
1713	02.08.2022 09:44:32,000	13,12	0,53	-22	12	57	0	14
1714	02.08.2022 09:44:33,000	13,12	0,55	-21	-22	46	0	-29
1715	02.08.2022 09:44:34,000	13,12	0,53	-19	-54	17	0	-70
1716	02.08.2022 09:44:35,000	13,15	0,53	-45	-25	21	0	-50
1717	02.08.2022 09:44:36,000	13,15	0,53	-47	-22	21	0	-46
1718	02.08.2022 09:44:37,000	13,15	0,53	-37	-26	27	0	-45
1719	02.08.2022 09:44:38,000	13,15	0,51	-43	-27	20	0	-54
1720	02.08.2022 09:44:39,000	13,15	0,51	-21	-33	37	0	-42
1721	02.08.2022 09:44:40,000	13,18	0,51	-32	-29	29	0	-46
1722	02.08.2022 09:44:41,000	13,18	0,53	-25	-33	32	0	-45
1723	02.08.2022 09:44:42,000	13,18	0,51	-10	-29	50	0	-33
1724	02.08.2022 09:44:43,000	13,18	0,51	-7	-29	54	1	-31
1725	02.08.2022 09:44:44,000	13,21	0,54	-38	-22	30	0	-38
1726	02.08.2022 09:44:45,000	13,21	0,51	-21	-29	40	0	-37
1727	02.08.2022 09:44:46,000	13,21	0,51	-30	-31	29	0	-47
1728	02.08.2022 09:44:47,000	13,24	0,52	-31	-31	28	0	-48
1729	02.08.2022 09:44:48,000	13,24	0,52	-30	-36	24	0	-55
1730	02.08.2022 09:44:49,000	13,24	0,52	-40	-29	22	0	-52
1731	02.08.2022 09:44:50,000	13,28	0,52	-23	-32	35	0	-42
1732	02.08.2022 09:44:51,000	13,28	0,52	-32	-56	-2	0	-92
1733	02.08.2022 09:44:52,000	13,28	0,52	46	-12	-31	0	-157
1734	02.08.2022 09:44:53,000	13,34	0,43	21	-55	-14	0	-107
1735	02.08.2022 09:44:54,000	13,46	0,45	0	-42	-47	0	-138
1736	02.08.2022 09:44:55,000	13,62	0,44	14	-21	-55	0	-155
1737	02.08.2022 09:44:56,000	13,75	0,39	-12	-4	-74	0	-176
1738	02.08.2022 09:44:57,000	13,90	0,37	14	-71	-5	0	-95
1739	02.08.2022 09:44:58,000	14,03	0,33	-11	-60	-19	0	-111
1740	02.08.2022 09:44:59,000	14,18	0,30	-33	-29	-28	0	-135
1741	02.08.2022 09:45:00,000	14,31	0,19	-41	-49	0	0	-90
1742	02.08.2022 09:45:01,000	14,46	0,26	-15	-62	12	0	-76
1743	02.08.2022 09:45:02,000	14,59	0,26	13	-58	-19	1	-111
1744	02.08.2022 09:45:03,000	14,74	0,26	-21	-43	26	1	-57
1745	02.08.2022 09:45:04,000	14,83	0,23	-44	-27	-19	0	-126
1746	02.08.2022 09:45:05,000	14,96	0,28	-83	4	3	0	-126
