#B	Created:	23.07.2022 16:36:23
##	Version	SeaStar	9.05
#5	Field separation:	0
#2	Date & Time:	1
#6	Decimal point:	,
#7	Date def.:	dd.mm.yyyy	.
#8	Time def.:	:
##	Axis	0	Temperature(°C)	clRed	FALSE
##	Axis	1	Pressure(Bar)	clBlue	FALSE
##	Axis	2	Angle(°)	clGreen	FALSE
##	Axis	3	EAL	clSkyBlue	FALSE
##	Axis	4	Roll(°)	$00404080	FALSE
##	Series	0	Temp(°C)	clRed	0	Temp(°C)	2
##	Series	1	Press(Bar)	clBlue	1	Press(Bar)	2
##	Series	2	Tilt-X(°)	clGreen	2	Tilt-X(°)	0
##	Series	3	Tilt-Y(°)	$00404080	2	Tilt-Y(°)	0
##	Series	4	Tilt-Z(°)	$00FF0080	2	Tilt-Z(°)	0
##	Series	5	EAL	clSkyBlue	3	EAL	0
##	Series	6	Roll(°)	$00404080	4	Roll(°)	0
##	Recorder	72	DST tilt	1033
##	Chart	72H1033DAT	
#D	Data:	1830	23.07.2022 16:05:00	23.07.2022 16:35:29
1	23.07.2022 16:05:00,000	22,69	0,45	26	25	-38	0	145
2	23.07.2022 16:05:01,000	22,69	0,45	26	27	-37	0	142
3	23.07.2022 16:05:02,000	22,69	0,47	26	26	-37	0	144
4	23.07.2022 16:05:03,000	22,69	0,45	25	27	-38	0	143
5	23.07.2022 16:05:04,000	22,69	0,45	26	25	-38	0	145
6	23.07.2022 16:05:05,000	22,69	0,45	25	26	-38	0	144
7	23.07.2022 16:05:06,000	22,69	0,47	26	26	-38	0	144
8	23.07.2022 16:05:07,000	22,69	0,47	26	25	-39	0	145
9	23.07.2022 16:05:08,000	22,69	0,45	25	27	-38	0	143
10	23.07.2022 16:05:09,000	22,69	0,45	25	25	-40	0	146
11	23.07.2022 16:05:10,000	22,69	0,47	25	25	-40	0	146
12	23.07.2022 16:05:11,000	22,66	0,44	25	27	-38	0	143
13	23.07.2022 16:05:12,000	22,66	0,47	25	26	-39	0	145
14	23.07.2022 16:05:13,000	22,66	0,44	26	25	-39	0	145
15	23.07.2022 16:05:14,000	22,66	0,44	25	26	-38	0	144
16	23.07.2022 16:05:15,000	22,66	0,44	26	26	-39	0	145
17	23.07.2022 16:05:16,000	22,66	0,47	25	27	-38	0	143
18	23.07.2022 16:05:17,000	22,66	0,47	25	25	-40	0	146
19	23.07.2022 16:05:18,000	22,66	0,44	25	26	-39	0	145
20	23.07.2022 16:05:19,000	22,66	0,47	25	27	-38	0	144
21	23.07.2022 16:05:20,000	22,66	0,47	26	26	-38	0	144
22	23.07.2022 16:05:21,000	22,66	0,47	27	23	-40	0	148
23	23.07.2022 16:05:22,000	22,66	0,44	24	28	-38	0	142
24	23.07.2022 16:05:23,000	22,66	0,44	26	25	-39	0	146
25	23.07.2022 16:05:24,000	22,66	0,44	26	24	-39	0	146
26	23.07.2022 16:05:25,000	22,66	0,44	24	28	-37	0	141
27	23.07.2022 16:05:26,000	22,66	0,44	26	24	-40	0	147
28	23.07.2022 16:05:27,000	22,63	0,44	25	25	-40	0	146
29	23.07.2022 16:05:28,000	22,63	0,44	24	27	-39	0	143
30	23.07.2022 16:05:29,000	22,63	0,44	25	24	-40	0	147
31	23.07.2022 16:05:30,000	22,63	0,44	25	26	-39	0	145
32	23.07.2022 16:05:31,000	22,63	0,47	25	27	-38	0	143
33	23.07.2022 16:05:32,000	22,63	0,47	25	25	-40	0	147
34	23.07.2022 16:05:33,000	22,63	0,47	25	27	-38	0	143
35	23.07.2022 16:05:34,000	22,63	0,47	26	25	-39	0	145
36	23.07.2022 16:05:35,000	22,63	0,44	25	28	-37	0	141
37	23.07.2022 16:05:36,000	22,63	0,44	28	23	-39	0	147
38	23.07.2022 16:05:37,000	22,63	0,44	25	28	-37	0	142
39	23.07.2022 16:05:38,000	22,63	0,44	26	26	-38	0	144
40	23.07.2022 16:05:39,000	22,63	0,47	26	25	-39	0	145
41	23.07.2022 16:05:40,000	22,63	0,47	25	26	-38	0	144
42	23.07.2022 16:05:41,000	22,63	0,44	25	26	-39	0	145
43	23.07.2022 16:05:42,000	22,60	0,46	25	25	-40	0	146
44	23.07.2022 16:05:43,000	22,60	0,44	25	26	-39	0	145
45	23.07.2022 16:05:44,000	22,60	0,46	25	26	-39	0	145
46	23.07.2022 16:05:45,000	22,60	0,46	26	25	-39	0	146
47	23.07.2022 16:05:46,000	22,60	0,46	26	27	-38	0	143
48	23.07.2022 16:05:47,000	22,60	0,46	25	27	-38	0	144
49	23.07.2022 16:05:48,000	22,60	0,46	26	26	-38	0	144
50	23.07.2022 16:05:49,000	22,60	0,46	26	25	-38	0	145
51	23.07.2022 16:05:50,000	22,60	0,46	26	26	-37	0	144
52	23.07.2022 16:05:51,000	22,60	0,46	26	27	-37	0	142
53	23.07.2022 16:05:52,000	22,60	0,46	27	26	-38	0	144
54	23.07.2022 16:05:53,000	22,60	0,46	26	27	-37	0	143
55	23.07.2022 16:05:54,000	22,60	0,46	26	25	-39	0	145
56	23.07.2022 16:05:55,000	22,60	0,46	25	28	-37	0	142
57	23.07.2022 16:05:56,000	22,60	0,44	26	25	-40	0	146
58	23.07.2022 16:05:57,000	22,60	0,44	25	24	-41	0	148
59	23.07.2022 16:05:58,000	22,60	0,46	25	26	-39	0	144
60	23.07.2022 16:05:59,000	22,57	0,46	26	25	-39	0	145
61	23.07.2022 16:06:00,000	22,57	0,46	27	24	-39	0	146
62	23.07.2022 16:06:01,000	22,57	0,44	25	28	-37	0	142
63	23.07.2022 16:06:02,000	22,57	0,46	26	26	-38	0	144
64	23.07.2022 16:06:03,000	22,57	0,46	26	24	-40	0	147
65	23.07.2022 16:06:04,000	22,57	0,46	24	27	-39	0	144
66	23.07.2022 16:06:05,000	22,57	0,46	25	29	-36	0	141
67	23.07.2022 16:06:06,000	22,57	0,46	28	21	-41	0	151
68	23.07.2022 16:06:07,000	22,57	0,46	26	28	-36	0	142
69	23.07.2022 16:06:08,000	22,57	0,48	26	27	-37	0	142
70	23.07.2022 16:06:09,000	22,57	0,46	26	25	-40	0	146
71	23.07.2022 16:06:10,000	22,57	0,46	25	26	-39	0	145
72	23.07.2022 16:06:11,000	22,57	0,46	25	27	-38	0	143
73	23.07.2022 16:06:12,000	22,57	0,46	25	23	-42	0	149
74	23.07.2022 16:06:13,000	22,54	0,46	24	28	-38	0	143
75	23.07.2022 16:06:14,000	22,54	0,43	25	25	-39	0	145
76	23.07.2022 16:06:15,000	22,54	0,46	26	26	-38	0	145
77	23.07.2022 16:06:16,000	22,54	0,46	27	26	-38	0	144
78	23.07.2022 16:06:17,000	22,54	0,46	27	27	-36	0	142
79	23.07.2022 16:06:18,000	22,54	0,48	26	27	-38	0	143
80	23.07.2022 16:06:19,000	22,54	0,46	26	25	-39	0	145
81	23.07.2022 16:06:20,000	22,54	0,46	25	28	-37	0	142
82	23.07.2022 16:06:21,000	22,54	0,46	25	27	-38	0	143
83	23.07.2022 16:06:22,000	22,54	0,46	27	24	-39	0	147
84	23.07.2022 16:06:23,000	22,54	0,46	25	27	-37	0	142
85	23.07.2022 16:06:24,000	22,54	0,46	26	27	-38	0	144
86	23.07.2022 16:06:25,000	22,54	0,46	27	25	-39	0	146
87	23.07.2022 16:06:26,000	22,54	0,48	25	27	-37	0	143
88	23.07.2022 16:06:27,000	22,54	0,46	25	27	-38	0	143
89	23.07.2022 16:06:28,000	22,54	0,46	26	25	-38	0	145
90	23.07.2022 16:06:29,000	22,54	0,48	25	27	-37	0	142
91	23.07.2022 16:06:30,000	22,54	0,46	26	25	-39	0	145
92	23.07.2022 16:06:31,000	22,51	0,48	26	23	-41	0	148
93	23.07.2022 16:06:32,000	22,51	0,46	23	29	-39	0	142
94	23.07.2022 16:06:33,000	22,51	0,46	22	26	-42	0	147
95	23.07.2022 16:06:34,000	22,51	0,46	21	24	-44	0	149
96	23.07.2022 16:06:35,000	22,51	0,46	20	26	-44	0	148
97	23.07.2022 16:06:36,000	22,51	0,46	21	26	-43	0	147
98	23.07.2022 16:06:37,000	22,51	0,46	22	25	-44	0	148
99	23.07.2022 16:06:38,000	22,51	0,46	22	25	-43	0	147
100	23.07.2022 16:06:39,000	22,51	0,46	20	33	-37	0	138
101	23.07.2022 16:06:40,000	22,51	0,46	21	29	-40	0	143
102	23.07.2022 16:06:41,000	22,51	0,43	21	30	-39	0	141
103	23.07.2022 16:06:42,000	22,51	0,46	21	32	-37	0	139
104	23.07.2022 16:06:43,000	22,51	0,46	49	-37	-5	0	-98
105	23.07.2022 16:06:44,000	22,51	0,46	32	-9	48	1	-12
106	23.07.2022 16:06:45,000	22,51	0,46	54	24	-12	0	118
107	23.07.2022 16:06:46,000	22,51	0,46	61	18	-12	0	118
108	23.07.2022 16:06:47,000	22,51	0,46	70	19	0	0	118
109	23.07.2022 16:06:48,000	22,48	0,48	62	22	6	0	118
110	23.07.2022 16:06:49,000	22,48	0,45	62	22	5	0	118
111	23.07.2022 16:06:50,000	22,48	0,48	62	22	5	0	118
112	23.07.2022 16:06:51,000	22,48	0,45	65	19	5	0	118
113	23.07.2022 16:06:52,000	22,48	0,45	61	23	6	0	118
114	23.07.2022 16:06:53,000	22,48	0,45	59	25	6	0	76
115	23.07.2022 16:06:54,000	22,48	0,45	63	21	6	0	76
116	23.07.2022 16:06:55,000	22,48	0,48	62	22	6	0	76
117	23.07.2022 16:06:56,000	22,48	0,45	62	22	6	0	76
118	23.07.2022 16:06:57,000	22,48	0,45	62	22	6	0	76
119	23.07.2022 16:06:58,000	22,48	0,48	61	23	5	0	77
120	23.07.2022 16:06:59,000	22,48	0,45	64	21	5	0	77
121	23.07.2022 16:07:00,000	22,48	0,45	63	22	6	0	77
122	23.07.2022 16:07:01,000	22,48	0,45	64	21	6	0	77
123	23.07.2022 16:07:02,000	22,48	0,45	64	20	6	0	77
124	23.07.2022 16:07:03,000	22,48	0,45	63	21	6	0	77
125	23.07.2022 16:07:04,000	22,48	0,45	62	22	6	0	77
126	23.07.2022 16:07:05,000	22,48	0,45	62	23	6	0	77
127	23.07.2022 16:07:06,000	22,48	0,45	63	22	5	0	77
128	23.07.2022 16:07:07,000	22,45	0,47	63	22	5	0	77
129	23.07.2022 16:07:08,000	22,45	0,45	63	21	6	0	77
130	23.07.2022 16:07:09,000	22,45	0,47	67	19	5	0	77
131	23.07.2022 16:07:10,000	22,45	0,45	62	22	6	0	77
132	23.07.2022 16:07:11,000	22,45	0,45	62	22	6	0	77
133	23.07.2022 16:07:12,000	22,45	0,47	62	22	6	0	77
134	23.07.2022 16:07:13,000	22,45	0,47	57	25	7	0	73
135	23.07.2022 16:07:14,000	22,45	0,47	39	30	22	0	53
136	23.07.2022 16:07:15,000	22,45	0,47	46	30	14	0	64
137	23.07.2022 16:07:16,000	22,45	0,45	51	29	10	0	69
138	23.07.2022 16:07:17,000	22,45	0,45	46	31	13	0	67
139	23.07.2022 16:07:18,000	22,45	0,45	52	30	9	0	73
140	23.07.2022 16:07:19,000	22,45	0,45	48	31	10	0	71
141	23.07.2022 16:07:20,000	22,45	0,47	36	35	19	0	60
142	23.07.2022 16:07:21,000	22,45	0,45	45	35	10	0	72
143	23.07.2022 16:07:22,000	22,45	0,45	36	40	14	0	70
144	23.07.2022 16:07:23,000	22,42	0,47	29	46	16	0	69
145	23.07.2022 16:07:24,000	22,42	0,47	35	44	10	0	75
146	23.07.2022 16:07:25,000	22,42	0,45	52	32	6	0	79
147	23.07.2022 16:07:26,000	22,42	0,45	59	26	5	0	79
148	23.07.2022 16:07:27,000	22,42	0,47	62	23	5	0	76
149	23.07.2022 16:07:28,000	22,42	0,47	60	25	5	0	78
150	23.07.2022 16:07:29,000	22,42	0,47	62	22	5	0	78
151	23.07.2022 16:07:30,000	22,42	0,47	59	26	5	0	78
152	23.07.2022 16:07:31,000	22,42	0,45	63	21	5	0	78
153	23.07.2022 16:07:32,000	22,42	0,47	60	25	5	0	78
154	23.07.2022 16:07:33,000	22,42	0,47	58	27	5	1	79
155	23.07.2022 16:07:34,000	22,42	0,47	57	27	6	0	78
156	23.07.2022 16:07:35,000	22,42	0,45	61	24	5	0	77
157	23.07.2022 16:07:36,000	22,42	0,47	62	22	6	0	77
158	23.07.2022 16:07:37,000	22,42	0,47	61	24	5	0	77
159	23.07.2022 16:07:38,000	22,42	0,45	53	31	6	0	79
160	23.07.2022 16:07:39,000	22,42	0,47	59	25	5	0	78
161	23.07.2022 16:07:40,000	22,42	0,47	60	24	5	0	77
162	23.07.2022 16:07:41,000	22,42	0,47	60	24	6	0	77
163	23.07.2022 16:07:42,000	22,42	0,45	62	24	5	0	78
164	23.07.2022 16:07:43,000	22,42	0,45	63	22	5	0	78
165	23.07.2022 16:07:44,000	22,39	0,47	31	50	-9	1	102
166	23.07.2022 16:07:45,000	22,39	0,47	7	2	-82	0	178
167	23.07.2022 16:07:46,000	22,42	0,45	22	-4	64	1	-4
168	23.07.2022 16:07:47,000	22,39	0,47	-36	12	42	0	17
169	23.07.2022 16:07:48,000	22,07	0,55	16	-4	-71	1	-176
170	23.07.2022 16:07:49,000	21,69	0,73	39	4	47	0	6
171	23.07.2022 16:07:50,000	21,49	0,69	28	-11	51	0	-14
172	23.07.2022 16:07:51,000	21,37	0,72	40	-5	45	1	-8
173	23.07.2022 16:07:52,000	21,28	0,76	45	-6	39	0	-10
174	23.07.2022 16:07:53,000	21,19	0,78	39	-5	46	0	-7
175	23.07.2022 16:07:54,000	21,13	0,79	38	-10	42	0	-15
176	23.07.2022 16:07:55,000	21,08	0,77	36	-9	45	0	-13
177	23.07.2022 16:07:56,000	20,96	0,82	38	-11	41	0	-17
178	23.07.2022 16:07:57,000	20,90	0,82	31	-19	40	0	-28
179	23.07.2022 16:07:58,000	20,87	0,82	38	-10	42	0	-14
180	23.07.2022 16:07:59,000	20,81	0,77	42	-9	39	0	-14
181	23.07.2022 16:08:00,000	20,78	0,81	40	-10	40	0	-15
182	23.07.2022 16:08:01,000	20,72	0,85	36	-12	42	0	-17
183	23.07.2022 16:08:02,000	20,63	0,82	33	-15	42	0	-22
184	23.07.2022 16:08:03,000	20,57	0,84	38	-11	41	0	-17
185	23.07.2022 16:08:04,000	20,52	0,83	32	-19	39	1	-27
186	23.07.2022 16:08:05,000	20,49	0,81	34	-7	49	0	-9
187	23.07.2022 16:08:06,000	20,43	0,89	43	-9	38	0	-15
188	23.07.2022 16:08:07,000	20,34	0,89	43	-7	40	0	-11
189	23.07.2022 16:08:08,000	20,28	0,90	47	-5	38	0	-8
190	23.07.2022 16:08:09,000	20,25	0,92	55	0	34	0	1
191	23.07.2022 16:08:10,000	20,19	0,92	68	5	17	0	1
192	23.07.2022 16:08:11,000	20,13	0,94	84	5	-1	0	1
193	23.07.2022 16:08:12,000	20,07	0,91	85	0	-5	0	1
194	23.07.2022 16:08:13,000	20,04	0,93	69	-3	17	0	1
195	23.07.2022 16:08:14,000	20,04	0,93	71	3	16	0	1
196	23.07.2022 16:08:15,000	19,98	0,92	83	-1	-6	0	1
197	23.07.2022 16:08:16,000	19,98	0,95	85	-1	4	0	1
198	23.07.2022 16:08:17,000	19,96	0,94	59	-4	27	0	-9
199	23.07.2022 16:08:18,000	19,93	0,96	72	-1	17	0	-9
200	23.07.2022 16:08:19,000	19,87	0,98	68	-7	15	0	-9
201	23.07.2022 16:08:20,000	19,81	1,02	63	-10	17	0	-9
202	23.07.2022 16:08:21,000	19,72	1,06	60	-10	21	0	-9
203	23.07.2022 16:08:22,000	19,66	1,10	53	-15	21	0	-36
204	23.07.2022 16:08:23,000	19,60	1,12	52	-17	21	0	-40
205	23.07.2022 16:08:24,000	19,54	1,14	48	-20	22	0	-41
206	23.07.2022 16:08:25,000	19,54	1,14	49	-21	20	0	-46
207	23.07.2022 16:08:26,000	19,54	1,14	53	-17	20	0	-40
208	23.07.2022 16:08:27,000	19,51	1,18	59	-10	21	0	-25
209	23.07.2022 16:08:28,000	19,51	1,18	60	-7	22	0	-19
210	23.07.2022 16:08:29,000	19,51	1,20	64	-3	22	0	-19
211	23.07.2022 16:08:30,000	19,51	1,20	66	0	24	0	-19
212	23.07.2022 16:08:31,000	19,51	1,20	65	-1	24	0	-19
213	23.07.2022 16:08:32,000	19,51	1,20	65	-3	22	0	-19
214	23.07.2022 16:08:33,000	19,51	1,23	65	-3	21	0	-19
215	23.07.2022 16:08:34,000	19,48	1,22	59	-10	20	0	-27
216	23.07.2022 16:08:35,000	19,48	1,25	58	-11	21	0	-28
217	23.07.2022 16:08:36,000	19,48	1,22	57	-14	19	0	-36
218	23.07.2022 16:08:37,000	19,45	1,27	55	-17	18	0	-43
219	23.07.2022 16:08:38,000	19,45	1,27	55	-15	19	0	-39
220	23.07.2022 16:08:39,000	19,45	1,27	52	-16	22	0	-37
221	23.07.2022 16:08:40,000	19,42	1,26	51	-20	20	0	-45
222	23.07.2022 16:08:41,000	19,42	1,31	53	-20	17	0	-50
223	23.07.2022 16:08:42,000	19,39	1,33	54	-17	19	0	-42
224	23.07.2022 16:08:43,000	19,36	1,30	53	-16	21	0	-37
225	23.07.2022 16:08:44,000	19,33	1,35	51	-19	20	0	-44
226	23.07.2022 16:08:45,000	19,33	1,37	52	-19	19	0	-45
227	23.07.2022 16:08:46,000	19,30	1,37	53	-17	20	0	-41
228	23.07.2022 16:08:47,000	19,30	1,37	52	-18	20	0	-42
229	23.07.2022 16:08:48,000	19,30	1,41	52	-19	19	0	-46
230	23.07.2022 16:08:49,000	19,27	1,39	53	-19	18	0	-47
231	23.07.2022 16:08:50,000	19,21	1,43	56	-16	18	0	-41
232	23.07.2022 16:08:51,000	19,18	1,47	52	-17	21	0	-39
233	23.07.2022 16:08:52,000	19,13	1,49	52	-19	19	0	-46
234	23.07.2022 16:08:53,000	19,10	1,53	54	-18	17	0	-46
235	23.07.2022 16:08:54,000	19,04	1,55	54	-19	17	0	-48
236	23.07.2022 16:08:55,000	19,01	1,57	56	-16	18	0	-43
237	23.07.2022 16:08:56,000	18,95	1,61	57	-14	18	0	-38
238	23.07.2022 16:08:57,000	18,92	1,66	63	-9	17	0	-38
239	23.07.2022 16:08:58,000	18,86	1,70	66	-5	19	0	-38
240	23.07.2022 16:08:59,000	18,80	1,69	70	1	19	0	-38
241	23.07.2022 16:09:00,000	18,74	1,73	68	5	17	0	-38
242	23.07.2022 16:09:01,000	18,71	1,75	65	9	16	0	-38
243	23.07.2022 16:09:02,000	18,65	1,79	63	11	17	0	-38
244	23.07.2022 16:09:03,000	18,59	1,79	61	12	17	0	-38
245	23.07.2022 16:09:04,000	18,56	1,83	62	14	15	0	-38
246	23.07.2022 16:09:05,000	18,53	1,87	62	14	14	0	-38
247	23.07.2022 16:09:06,000	18,44	1,91	62	14	14	0	-38
248	23.07.2022 16:09:07,000	18,35	1,93	63	13	14	0	-38
249	23.07.2022 16:09:08,000	18,29	1,95	63	15	12	0	-38
250	23.07.2022 16:09:09,000	18,26	1,99	64	15	12	0	-38
251	23.07.2022 16:09:10,000	18,23	2,03	64	14	12	0	-38
252	23.07.2022 16:09:11,000	18,20	2,05	66	12	12	0	-38
253	23.07.2022 16:09:12,000	18,14	2,05	66	12	12	0	-38
254	23.07.2022 16:09:13,000	18,11	2,09	64	14	11	0	-38
255	23.07.2022 16:09:14,000	18,08	2,11	64	14	12	0	-38
256	23.07.2022 16:09:15,000	17,99	2,15	65	12	13	0	-38
257	23.07.2022 16:09:16,000	17,87	2,16	66	10	14	0	-38
258	23.07.2022 16:09:17,000	17,78	2,22	67	11	12	0	-38
259	23.07.2022 16:09:18,000	17,63	2,28	65	11	13	0	-38
260	23.07.2022 16:09:19,000	17,51	2,36	68	7	14	0	-38
261	23.07.2022 16:09:20,000	17,33	2,39	68	8	14	0	-38
262	23.07.2022 16:09:21,000	17,18	2,44	66	8	16	0	-38
263	23.07.2022 16:09:22,000	17,03	2,48	66	6	17	0	-38
264	23.07.2022 16:09:23,000	16,88	2,51	70	-5	16	0	-38
265	23.07.2022 16:09:24,000	16,79	2,50	73	-7	10	0	-38
266	23.07.2022 16:09:25,000	16,70	2,52	73	4	13	0	-38
267	23.07.2022 16:09:26,000	16,61	2,60	69	4	17	0	-38
268	23.07.2022 16:09:27,000	16,36	2,67	73	2	15	0	-38
269	23.07.2022 16:09:28,000	16,21	2,68	75	4	11	0	-38
270	23.07.2022 16:09:29,000	16,12	2,70	72	6	12	0	-38
271	23.07.2022 16:09:30,000	16,06	2,74	72	5	13	0	-38
272	23.07.2022 16:09:31,000	15,94	2,79	77	2	11	0	-38
273	23.07.2022 16:09:32,000	15,82	2,81	70	7	13	0	-38
274	23.07.2022 16:09:33,000	15,72	2,82	66	8	16	0	-38
275	23.07.2022 16:09:34,000	15,57	2,88	70	3	17	0	-38
276	23.07.2022 16:09:35,000	15,42	2,91	68	5	17	0	-38
277	23.07.2022 16:09:36,000	15,33	2,90	66	7	18	0	-38
278	23.07.2022 16:09:37,000	15,23	2,89	66	7	17	0	-38
279	23.07.2022 16:09:38,000	15,14	2,93	69	4	18	0	-38
280	23.07.2022 16:09:39,000	15,05	2,97	64	-2	24	0	-38
281	23.07.2022 16:09:40,000	14,96	2,96	60	-8	22	0	-22
282	23.07.2022 16:09:41,000	14,89	2,93	59	-8	23	0	-20
283	23.07.2022 16:09:42,000	14,83	2,90	55	-9	26	0	-20
284	23.07.2022 16:09:43,000	14,83	2,93	52	-10	28	0	-19
285	23.07.2022 16:09:44,000	14,80	2,83	50	-9	30	0	-18
286	23.07.2022 16:09:45,000	14,77	2,90	49	-10	31	0	-19
287	23.07.2022 16:09:46,000	14,71	2,89	48	-9	33	0	-15
288	23.07.2022 16:09:47,000	14,68	2,89	48	-6	36	0	-11
289	23.07.2022 16:09:48,000	14,65	2,91	48	-8	35	0	-13
290	23.07.2022 16:09:49,000	14,55	2,92	45	-5	39	0	-9
291	23.07.2022 16:09:50,000	14,49	2,92	48	-6	36	0	-11
292	23.07.2022 16:09:51,000	14,43	2,91	51	-7	32	0	-13
293	23.07.2022 16:09:52,000	14,34	2,93	51	-6	33	0	-10
294	23.07.2022 16:09:53,000	14,24	2,92	51	-4	34	0	-8
295	23.07.2022 16:09:54,000	14,18	2,92	49	-6	34	0	-11
296	23.07.2022 16:09:55,000	14,15	2,89	49	-8	33	0	-14
297	23.07.2022 16:09:56,000	14,12	2,91	48	-3	39	0	-5
298	23.07.2022 16:09:57,000	14,03	2,90	38	-4	48	0	-5
299	23.07.2022 16:09:58,000	13,96	2,85	32	-3	55	0	-3
300	23.07.2022 16:09:59,000	13,78	2,88	31	-3	56	0	-4
301	23.07.2022 16:10:00,000	13,62	2,87	32	-5	53	0	-7
302	23.07.2022 16:10:01,000	13,50	2,76	22	2	65	0	3
303	23.07.2022 16:10:02,000	13,43	2,76	23	12	55	0	15
304	23.07.2022 16:10:03,000	13,37	2,75	28	12	50	0	15
305	23.07.2022 16:10:04,000	13,34	2,70	25	14	51	0	17
306	23.07.2022 16:10:05,000	13,34	2,66	20	16	54	0	19
307	23.07.2022 16:10:06,000	13,34	2,66	22	16	52	0	20
308	23.07.2022 16:10:07,000	13,34	2,63	20	17	52	0	21
309	23.07.2022 16:10:08,000	13,31	2,59	20	17	53	0	21
310	23.07.2022 16:10:09,000	13,31	2,56	20	17	53	0	21
311	23.07.2022 16:10:10,000	13,31	2,52	18	19	54	0	23
312	23.07.2022 16:10:11,000	13,31	2,49	18	19	53	0	23
313	23.07.2022 16:10:12,000	13,34	2,47	18	18	54	0	22
314	23.07.2022 16:10:13,000	13,37	2,45	20	17	53	0	21
315	23.07.2022 16:10:14,000	13,43	2,39	19	16	56	0	19
316	23.07.2022 16:10:15,000	13,50	2,35	19	15	56	0	18
317	23.07.2022 16:10:16,000	13,56	2,33	19	16	55	0	19
318	23.07.2022 16:10:17,000	13,62	2,29	17	16	56	0	19
319	23.07.2022 16:10:18,000	13,68	2,23	15	16	59	0	18
320	23.07.2022 16:10:19,000	13,78	2,21	15	14	61	0	16
321	23.07.2022 16:10:20,000	13,84	2,20	17	12	60	0	14
322	23.07.2022 16:10:21,000	13,90	2,18	19	11	60	0	13
323	23.07.2022 16:10:22,000	13,96	2,14	20	10	60	0	11
324	23.07.2022 16:10:23,000	14,06	2,15	26	9	55	0	11
325	23.07.2022 16:10:24,000	14,12	2,13	27	10	52	0	13
326	23.07.2022 16:10:25,000	14,18	2,14	24	12	55	0	15
327	23.07.2022 16:10:26,000	14,24	2,12	24	15	51	0	19
328	23.07.2022 16:10:27,000	14,31	2,12	23	17	50	0	21
329	23.07.2022 16:10:28,000	14,34	2,13	22	17	52	0	21
330	23.07.2022 16:10:29,000	14,40	2,11	23	18	49	0	23
331	23.07.2022 16:10:30,000	14,43	2,11	26	18	47	0	23
332	23.07.2022 16:10:31,000	14,46	2,11	23	19	48	0	24
333	23.07.2022 16:10:32,000	14,49	2,14	26	18	47	0	24
334	23.07.2022 16:10:33,000	14,49	2,12	27	17	46	0	23
335	23.07.2022 16:10:34,000	14,52	2,12	26	18	46	0	23
336	23.07.2022 16:10:35,000	14,52	2,14	28	18	44	0	24
337	23.07.2022 16:10:36,000	14,49	2,14	27	17	45	0	23
338	23.07.2022 16:10:37,000	14,46	2,16	29	16	45	0	22
339	23.07.2022 16:10:38,000	14,46	2,18	30	15	45	0	20
340	23.07.2022 16:10:39,000	14,43	2,20	33	13	44	0	18
341	23.07.2022 16:10:40,000	14,40	2,20	26	13	52	0	16
342	23.07.2022 16:10:41,000	14,37	2,22	30	11	49	0	14
343	23.07.2022 16:10:42,000	14,34	2,24	22	15	53	0	18
344	23.07.2022 16:10:43,000	14,34	2,24	21	13	55	0	16
345	23.07.2022 16:10:44,000	14,31	2,26	28	11	52	0	13
346	23.07.2022 16:10:45,000	14,28	2,28	20	15	54	0	19
347	23.07.2022 16:10:46,000	14,28	2,30	23	15	52	0	19
348	23.07.2022 16:10:47,000	14,24	2,30	22	15	53	0	18
349	23.07.2022 16:10:48,000	14,21	2,34	27	11	51	0	14
350	23.07.2022 16:10:49,000	14,21	2,37	24	11	55	0	14
351	23.07.2022 16:10:50,000	14,15	2,39	26	10	54	0	12
352	23.07.2022 16:10:51,000	14,12	2,38	28	9	53	0	11
353	23.07.2022 16:10:52,000	14,03	2,42	22	14	54	0	18
354	23.07.2022 16:10:53,000	13,96	2,44	27	9	54	0	11
355	23.07.2022 16:10:54,000	13,90	2,45	22	14	54	0	17
356	23.07.2022 16:10:55,000	13,87	2,48	20	16	54	0	19
357	23.07.2022 16:10:56,000	13,78	2,51	24	14	52	0	18
358	23.07.2022 16:10:57,000	13,65	2,57	30	7	53	0	9
359	23.07.2022 16:10:58,000	13,53	2,58	22	11	57	0	13
360	23.07.2022 16:10:59,000	13,46	2,60	21	12	57	0	14
361	23.07.2022 16:11:00,000	13,40	2,64	22	11	57	0	13
362	23.07.2022 16:11:01,000	13,37	2,64	25	8	57	0	9
363	23.07.2022 16:11:02,000	13,34	2,66	22	8	61	0	9
364	23.07.2022 16:11:03,000	13,24	2,67	21	9	60	0	10
365	23.07.2022 16:11:04,000	13,15	2,73	23	9	57	0	11
366	23.07.2022 16:11:05,000	13,12	2,75	22	6	62	0	6
367	23.07.2022 16:11:06,000	13,06	2,72	23	4	63	0	4
368	23.07.2022 16:11:07,000	13,02	2,77	24	4	62	0	4
369	23.07.2022 16:11:08,000	12,93	2,83	26	3	60	0	4
370	23.07.2022 16:11:09,000	12,77	2,86	25	4	61	0	4
371	23.07.2022 16:11:10,000	12,68	2,85	23	2	65	0	2
372	23.07.2022 16:11:11,000	12,58	2,93	26	0	64	0	0
373	23.07.2022 16:11:12,000	12,45	2,97	28	2	60	0	2
374	23.07.2022 16:11:13,000	12,33	2,96	29	0	61	0	0
375	23.07.2022 16:11:14,000	12,23	2,97	24	2	64	0	3
376	23.07.2022 16:11:15,000	12,17	3,01	24	1	64	0	1
377	23.07.2022 16:11:16,000	12,14	3,03	29	2	59	0	2
378	23.07.2022 16:11:17,000	12,04	3,02	27	2	61	0	3
379	23.07.2022 16:11:18,000	12,01	3,07	25	2	63	0	3
380	23.07.2022 16:11:19,000	11,94	3,06	28	0	62	0	0
381	23.07.2022 16:11:20,000	11,85	3,08	27	1	62	0	2
382	23.07.2022 16:11:21,000	11,78	3,12	27	1	62	0	1
383	23.07.2022 16:11:22,000	11,69	3,15	25	0	65	0	0
384	23.07.2022 16:11:23,000	11,65	3,17	28	2	60	0	2
385	23.07.2022 16:11:24,000	11,59	3,15	24	1	65	0	1
386	23.07.2022 16:11:25,000	11,56	3,19	28	0	61	0	0
387	23.07.2022 16:11:26,000	11,53	3,21	30	2	57	0	3
388	23.07.2022 16:11:27,000	11,49	3,25	31	1	58	0	2
389	23.07.2022 16:11:28,000	11,49	3,23	28	0	61	0	0
390	23.07.2022 16:11:29,000	11,46	3,25	30	0	59	0	0
391	23.07.2022 16:11:30,000	11,43	3,27	33	-1	56	0	-2
392	23.07.2022 16:11:31,000	11,40	3,27	26	-1	62	0	-2
393	23.07.2022 16:11:32,000	11,36	3,29	28	-2	60	0	-2
394	23.07.2022 16:11:33,000	11,33	3,35	32	-1	57	0	-1
395	23.07.2022 16:11:34,000	11,27	3,35	33	-3	54	0	-3
396	23.07.2022 16:11:35,000	11,23	3,34	31	-3	56	0	-3
397	23.07.2022 16:11:36,000	11,23	3,39	31	-5	54	0	-7
398	23.07.2022 16:11:37,000	11,14	3,43	35	-8	47	0	-11
399	23.07.2022 16:11:38,000	11,14	3,45	34	-9	47	0	-12
400	23.07.2022 16:11:39,000	11,11	3,49	33	-12	45	0	-17
401	23.07.2022 16:11:40,000	11,07	3,51	36	-10	43	0	-15
402	23.07.2022 16:11:41,000	10,98	3,55	37	-12	40	0	-19
403	23.07.2022 16:11:42,000	10,91	3,57	34	-13	43	0	-19
404	23.07.2022 16:11:43,000	10,88	3,56	36	-13	41	0	-19
405	23.07.2022 16:11:44,000	10,85	3,61	38	-13	39	0	-20
406	23.07.2022 16:11:45,000	10,85	3,63	37	-13	40	0	-20
407	23.07.2022 16:11:46,000	10,85	3,65	35	-13	41	0	-19
408	23.07.2022 16:11:47,000	10,85	3,68	38	-12	40	0	-18
409	23.07.2022 16:11:48,000	10,78	3,69	36	-13	41	0	-19
410	23.07.2022 16:11:49,000	10,75	3,74	36	-11	43	0	-16
411	23.07.2022 16:11:50,000	10,65	3,75	34	-12	43	0	-18
412	23.07.2022 16:11:51,000	10,58	3,84	36	-12	42	0	-17
413	23.07.2022 16:11:52,000	10,49	3,85	36	-10	43	0	-15
414	23.07.2022 16:11:53,000	10,39	3,86	34	-10	46	0	-14
415	23.07.2022 16:11:54,000	10,29	3,90	35	-10	44	0	-15
416	23.07.2022 16:11:55,000	10,22	3,92	36	-11	43	0	-16
417	23.07.2022 16:11:56,000	10,19	3,96	36	-9	45	0	-12
418	23.07.2022 16:11:57,000	10,09	4,02	35	-9	46	0	-13
419	23.07.2022 16:11:58,000	9,99	4,04	37	-8	45	0	-11
420	23.07.2022 16:11:59,000	9,93	4,03	36	-11	44	0	-15
421	23.07.2022 16:12:00,000	9,93	4,08	38	-7	45	0	-10
422	23.07.2022 16:12:01,000	9,89	4,10	35	-8	47	0	-11
423	23.07.2022 16:12:02,000	9,89	4,14	36	-9	45	0	-13
424	23.07.2022 16:12:03,000	9,86	4,14	37	-8	45	0	-12
425	23.07.2022 16:12:04,000	9,79	4,20	34	-8	47	0	-12
426	23.07.2022 16:12:05,000	9,73	4,24	36	-9	45	0	-13
427	23.07.2022 16:12:06,000	9,69	4,26	36	-10	45	0	-14
428	23.07.2022 16:12:07,000	9,63	4,30	36	-10	44	0	-14
429	23.07.2022 16:12:08,000	9,59	4,32	36	-9	45	0	-12
430	23.07.2022 16:12:09,000	9,56	4,34	36	-10	44	0	-15
431	23.07.2022 16:12:10,000	9,53	4,36	35	-10	45	0	-14
432	23.07.2022 16:12:11,000	9,46	4,40	35	-10	44	0	-15
433	23.07.2022 16:12:12,000	9,43	4,44	34	-10	46	0	-14
434	23.07.2022 16:12:13,000	9,36	4,46	34	-9	47	0	-13
435	23.07.2022 16:12:14,000	9,29	4,50	35	-10	46	0	-13
436	23.07.2022 16:12:15,000	9,19	4,56	36	-10	44	0	-14
437	23.07.2022 16:12:16,000	9,13	4,60	33	-11	47	0	-15
438	23.07.2022 16:12:17,000	9,06	4,64	33	-12	45	0	-16
439	23.07.2022 16:12:18,000	8,99	4,68	35	-10	45	0	-14
440	23.07.2022 16:12:19,000	8,96	4,72	33	-11	46	0	-15
441	23.07.2022 16:12:20,000	8,82	4,76	32	-11	47	0	-15
442	23.07.2022 16:12:21,000	8,76	4,77	30	-13	47	0	-17
443	23.07.2022 16:12:22,000	8,69	4,84	29	-14	47	0	-19
444	23.07.2022 16:12:23,000	8,59	4,85	29	-13	48	0	-18
445	23.07.2022 16:12:24,000	8,49	4,91	28	-13	49	0	-17
446	23.07.2022 16:12:25,000	8,38	4,95	23	-20	47	0	-26
447	23.07.2022 16:12:26,000	8,25	5,00	17	-28	45	0	-34
448	23.07.2022 16:12:27,000	8,18	5,02	16	-33	42	0	-39
449	23.07.2022 16:12:28,000	8,08	5,08	16	-30	44	0	-37
450	23.07.2022 16:12:29,000	7,94	5,14	18	-25	47	0	-31
451	23.07.2022 16:12:30,000	7,77	5,17	21	-23	45	0	-30
452	23.07.2022 16:12:31,000	7,63	5,18	19	-19	51	0	-24
453	23.07.2022 16:12:32,000	7,46	5,21	18	-20	53	0	-24
454	23.07.2022 16:12:33,000	7,32	5,24	16	-17	57	0	-20
455	23.07.2022 16:12:34,000	7,22	5,28	19	-15	56	0	-18
456	23.07.2022 16:12:35,000	7,11	5,27	19	-14	57	0	-17
457	23.07.2022 16:12:36,000	7,01	5,26	19	-12	59	0	-14
458	23.07.2022 16:12:37,000	6,94	5,28	21	-11	59	0	-13
459	23.07.2022 16:12:38,000	6,87	5,29	24	-11	55	0	-13
460	23.07.2022 16:12:39,000	6,83	5,29	23	-10	57	0	-12
461	23.07.2022 16:12:40,000	6,80	5,29	23	-10	57	0	-12
462	23.07.2022 16:12:41,000	6,76	5,28	27	-7	55	0	-9
463	23.07.2022 16:12:42,000	6,73	5,33	28	-8	54	0	-10
464	23.07.2022 16:12:43,000	6,66	5,32	27	-9	55	0	-11
465	23.07.2022 16:12:44,000	6,55	5,33	28	-7	55	0	-8
466	23.07.2022 16:12:45,000	6,55	5,38	37	-6	47	0	-9
467	23.07.2022 16:12:46,000	6,52	5,35	37	-7	46	0	-9
468	23.07.2022 16:12:47,000	6,52	5,35	32	-6	52	0	-8
469	23.07.2022 16:12:48,000	6,48	5,44	42	-5	43	0	-7
470	23.07.2022 16:12:49,000	6,41	5,44	45	-5	40	0	-7
471	23.07.2022 16:12:50,000	6,38	5,43	41	-5	43	0	-8
472	23.07.2022 16:12:51,000	6,38	5,46	45	-5	40	0	-8
473	23.07.2022 16:12:52,000	6,38	5,48	49	-5	37	0	-8
474	23.07.2022 16:12:53,000	6,38	5,50	50	-5	36	0	-8
475	23.07.2022 16:12:54,000	6,38	5,50	50	-4	36	0	-7
476	23.07.2022 16:12:55,000	6,38	5,52	51	-5	35	0	-8
477	23.07.2022 16:12:56,000	6,38	5,52	54	-4	32	0	-7
478	23.07.2022 16:12:57,000	6,38	5,57	54	-3	32	0	-6
479	23.07.2022 16:12:58,000	6,38	5,59	52	-4	34	0	-7
480	23.07.2022 16:12:59,000	6,38	5,62	52	-3	35	0	-5
481	23.07.2022 16:13:00,000	6,38	5,62	53	-3	34	0	-5
482	23.07.2022 16:13:01,000	6,41	5,64	52	-3	35	0	-6
483	23.07.2022 16:13:02,000	6,41	5,67	51	-3	36	0	-5
484	23.07.2022 16:13:03,000	6,41	5,69	50	-3	37	0	-5
485	23.07.2022 16:13:04,000	6,41	5,71	49	-3	38	0	-5
486	23.07.2022 16:13:05,000	6,45	5,74	49	-3	38	0	-4
487	23.07.2022 16:13:06,000	6,45	5,74	49	-3	39	0	-4
488	23.07.2022 16:13:07,000	6,48	5,79	48	-2	40	0	-3
489	23.07.2022 16:13:08,000	6,48	5,81	48	-3	40	0	-4
490	23.07.2022 16:13:09,000	6,48	5,83	47	-2	41	0	-3
491	23.07.2022 16:13:10,000	6,48	5,88	46	-3	41	0	-4
492	23.07.2022 16:13:11,000	6,48	5,90	49	-2	40	0	-3
493	23.07.2022 16:13:12,000	6,48	5,92	48	-2	40	0	-3
494	23.07.2022 16:13:13,000	6,48	5,95	48	-2	40	0	-3
495	23.07.2022 16:13:14,000	6,48	6,02	48	-2	40	0	-3
496	23.07.2022 16:13:15,000	6,48	6,04	47	-2	40	0	-4
497	23.07.2022 16:13:16,000	6,48	6,06	49	-2	39	0	-3
498	23.07.2022 16:13:17,000	6,48	6,08	51	-2	37	0	-3
499	23.07.2022 16:13:18,000	6,48	6,15	52	-2	36	0	-3
500	23.07.2022 16:13:19,000	6,45	6,17	52	-2	37	0	-3
501	23.07.2022 16:13:20,000	6,45	6,20	50	-2	38	0	-3
502	23.07.2022 16:13:21,000	6,45	6,22	53	-1	36	0	-2
503	23.07.2022 16:13:22,000	6,45	6,29	60	0	29	0	0
504	23.07.2022 16:13:23,000	6,45	6,33	59	-1	30	0	-2
505	23.07.2022 16:13:24,000	6,45	6,38	56	-1	33	0	-2
506	23.07.2022 16:13:25,000	6,41	6,40	60	-1	30	0	-1
507	23.07.2022 16:13:26,000	6,41	6,45	62	-1	27	0	-2
508	23.07.2022 16:13:27,000	6,41	6,47	59	-1	30	0	-2
509	23.07.2022 16:13:28,000	6,38	6,51	57	-1	32	0	-2
510	23.07.2022 16:13:29,000	6,38	6,53	59	-1	30	0	-1
511	23.07.2022 16:13:30,000	6,38	6,56	58	0	31	0	-1
512	23.07.2022 16:13:31,000	6,38	6,58	52	-1	37	0	-2
513	23.07.2022 16:13:32,000	6,38	6,60	54	0	35	0	-1
514	23.07.2022 16:13:33,000	6,38	6,65	55	0	35	0	0
515	23.07.2022 16:13:34,000	6,38	6,67	51	-1	39	0	-1
516	23.07.2022 16:13:35,000	6,38	6,67	50	0	40	0	0
517	23.07.2022 16:13:36,000	6,38	6,69	49	-1	40	0	-1
518	23.07.2022 16:13:37,000	6,38	6,72	47	0	42	0	1
519	23.07.2022 16:13:38,000	6,38	6,76	51	1	38	0	2
520	23.07.2022 16:13:39,000	6,38	6,79	51	1	38	0	2
521	23.07.2022 16:13:40,000	6,38	6,81	50	1	39	0	1
522	23.07.2022 16:13:41,000	6,34	6,88	53	2	35	0	3
523	23.07.2022 16:13:42,000	6,30	6,90	54	2	33	0	4
524	23.07.2022 16:13:43,000	6,30	6,90	53	3	34	0	5
525	23.07.2022 16:13:44,000	6,27	6,91	53	1	35	0	2
526	23.07.2022 16:13:45,000	6,23	6,93	25	8	57	1	10
527	23.07.2022 16:13:46,000	6,20	6,95	7	10	73	1	11
528	23.07.2022 16:13:47,000	6,16	6,97	0	14	76	0	14
529	23.07.2022 16:13:48,000	6,09	6,97	4	8	79	0	8
530	23.07.2022 16:13:49,000	6,02	6,98	-8	-2	80	0	-2
531	23.07.2022 16:13:50,000	5,95	7,00	-2	-7	81	0	-7
532	23.07.2022 16:13:51,000	5,84	7,01	-8	-7	75	1	-8
533	23.07.2022 16:13:52,000	5,77	7,05	-3	-5	82	0	-6
534	23.07.2022 16:13:53,000	5,66	7,04	-9	-3	78	0	-3
535	23.07.2022 16:13:54,000	5,59	7,06	-5	0	85	0	0
536	23.07.2022 16:13:55,000	5,56	7,03	3	-7	80	1	-7
537	23.07.2022 16:13:56,000	5,52	7,05	4	-3	83	0	-3
538	23.07.2022 16:13:57,000	5,45	7,05	-1	-3	86	0	-3
539	23.07.2022 16:13:58,000	5,45	7,05	-8	-8	75	0	-8
540	23.07.2022 16:13:59,000	5,41	7,04	-5	6	79	0	6
541	23.07.2022 16:14:00,000	5,37	7,04	-7	-3	80	0	-3
542	23.07.2022 16:14:01,000	5,30	7,03	-1	-4	85	0	-5
543	23.07.2022 16:14:02,000	5,30	7,03	-1	-11	78	0	-11
544	23.07.2022 16:14:03,000	5,27	7,03	19	-9	62	0	-10
545	23.07.2022 16:14:04,000	5,23	7,05	3	-8	79	0	-8
546	23.07.2022 16:14:05,000	5,19	7,05	-1	-5	84	0	-6
547	23.07.2022 16:14:06,000	5,16	7,04	6	-3	81	0	-3
548	23.07.2022 16:14:07,000	5,12	7,04	-8	-1	81	0	-1
549	23.07.2022 16:14:08,000	5,09	7,06	-11	-13	66	1	-14
550	23.07.2022 16:14:09,000	5,05	7,06	3	0	87	1	0
551	23.07.2022 16:14:10,000	4,98	7,05	-6	-3	81	0	-4
552	23.07.2022 16:14:11,000	4,94	7,05	4	0	86	1	0
553	23.07.2022 16:14:12,000	4,90	7,07	0	-5	85	0	-5
554	23.07.2022 16:14:13,000	4,87	7,04	-6	-9	76	0	-9
555	23.07.2022 16:14:14,000	4,83	7,06	2	-6	82	0	-6
556	23.07.2022 16:14:15,000	4,79	7,03	-3	-7	81	1	-7
557	23.07.2022 16:14:16,000	4,76	7,03	-5	-4	82	0	-4
558	23.07.2022 16:14:17,000	4,72	7,00	-9	-4	77	0	-4
559	23.07.2022 16:14:18,000	4,68	7,02	2	-5	83	0	-5
560	23.07.2022 16:14:19,000	4,65	7,02	14	5	71	1	6
561	23.07.2022 16:14:20,000	4,61	7,04	-2	-12	77	1	-12
562	23.07.2022 16:14:21,000	4,54	7,03	-11	-3	75	0	-4
563	23.07.2022 16:14:22,000	4,50	7,03	4	-8	78	0	-8
564	23.07.2022 16:14:23,000	4,50	7,03	-5	-1	83	0	-1
565	23.07.2022 16:14:24,000	4,50	7,03	2	-4	84	1	-4
566	23.07.2022 16:14:25,000	4,46	7,00	7	-13	70	0	-13
567	23.07.2022 16:14:26,000	4,46	7,00	-9	-5	76	0	-5
568	23.07.2022 16:14:27,000	4,43	7,00	8	-11	71	1	-12
569	23.07.2022 16:14:28,000	4,43	7,05	5	-5	80	0	-5
570	23.07.2022 16:14:29,000	4,35	6,99	-8	-5	77	1	-5
571	23.07.2022 16:14:30,000	4,32	7,04	-6	0	84	0	0
572	23.07.2022 16:14:31,000	4,32	7,01	-2	-3	85	1	-3
573	23.07.2022 16:14:32,000	4,28	7,03	0	-11	78	0	-11
574	23.07.2022 16:14:33,000	4,24	7,03	-2	-2	86	0	-2
575	23.07.2022 16:14:34,000	4,20	7,03	-1	-3	86	1	-3
576	23.07.2022 16:14:35,000	4,20	7,03	-2	1	87	0	1
577	23.07.2022 16:14:36,000	4,17	7,05	1	-12	76	0	-12
578	23.07.2022 16:14:37,000	4,13	7,00	-11	-9	70	0	-9
579	23.07.2022 16:14:38,000	4,09	6,99	-1	4	85	0	4
580	23.07.2022 16:14:39,000	4,09	6,99	-17	-1	73	0	-1
581	23.07.2022 16:14:40,000	4,06	7,01	-2	-3	85	0	-3
582	23.07.2022 16:14:41,000	4,02	7,01	-3	0	86	0	0
583	23.07.2022 16:14:42,000	4,02	7,01	-9	0	80	0	0
584	23.07.2022 16:14:43,000	3,98	7,01	-4	1	85	0	1
585	23.07.2022 16:14:44,000	3,94	7,03	-12	1	77	1	2
586	23.07.2022 16:14:45,000	3,94	7,03	-5	-4	81	1	-4
587	23.07.2022 16:14:46,000	3,91	7,00	-3	-6	81	0	-6
588	23.07.2022 16:14:47,000	3,87	7,00	-9	3	79	0	3
589	23.07.2022 16:14:48,000	3,83	6,99	-7	0	83	1	0
590	23.07.2022 16:14:49,000	3,83	6,97	6	-11	73	1	-12
591	23.07.2022 16:14:50,000	3,79	7,01	6	-2	82	0	-2
592	23.07.2022 16:14:51,000	3,79	6,99	-5	-10	75	0	-10
593	23.07.2022 16:14:52,000	3,79	6,97	-4	-18	68	1	-19
594	23.07.2022 16:14:53,000	3,76	6,96	-7	-4	79	0	-4
595	23.07.2022 16:14:54,000	3,72	6,98	-9	-5	76	0	-5
596	23.07.2022 16:14:55,000	3,72	6,98	0	-1	89	1	-1
597	23.07.2022 16:14:56,000	3,68	6,98	-19	-3	69	0	-3
598	23.07.2022 16:14:57,000	3,68	6,98	-11	-2	77	0	-2
599	23.07.2022 16:14:58,000	3,64	6,98	11	1	78	1	1
600	23.07.2022 16:14:59,000	3,64	6,98	2	-12	76	1	-12
601	23.07.2022 16:15:00,000	3,61	6,97	7	2	81	0	2
602	23.07.2022 16:15:01,000	3,57	6,99	18	3	69	1	4
603	23.07.2022 16:15:02,000	3,53	6,99	-8	2	79	0	2
604	23.07.2022 16:15:03,000	3,49	6,99	-11	-5	74	0	-6
605	23.07.2022 16:15:04,000	3,46	6,98	2	-1	87	0	-1
606	23.07.2022 16:15:05,000	3,46	6,96	4	-11	74	1	-12
607	23.07.2022 16:15:06,000	3,46	6,96	0	-6	83	0	-7
608	23.07.2022 16:15:07,000	3,42	6,96	-4	-10	76	1	-11
609	23.07.2022 16:15:08,000	3,42	6,96	-2	-4	84	0	-4
610	23.07.2022 16:15:09,000	3,38	6,95	-3	-8	79	0	-8
611	23.07.2022 16:15:10,000	3,38	6,95	-3	-6	81	1	-7
612	23.07.2022 16:15:11,000	3,34	6,95	-2	-7	81	1	-7
613	23.07.2022 16:15:12,000	3,34	6,97	0	-4	86	1	-4
614	23.07.2022 16:15:13,000	3,34	6,95	-7	-4	79	0	-4
615	23.07.2022 16:15:14,000	3,31	6,97	-5	-3	82	0	-3
616	23.07.2022 16:15:15,000	3,31	6,95	-10	-3	77	0	-4
617	23.07.2022 16:15:16,000	3,31	6,95	4	-6	80	0	-6
618	23.07.2022 16:15:17,000	3,27	6,94	9	-9	71	1	-10
619	23.07.2022 16:15:18,000	3,27	6,92	7	-1	81	1	-1
620	23.07.2022 16:15:19,000	3,27	6,92	18	-1	71	1	-1
621	23.07.2022 16:15:20,000	3,23	6,96	-12	0	78	1	0
622	23.07.2022 16:15:21,000	3,23	6,94	-10	-5	75	0	-6
623	23.07.2022 16:15:22,000	3,19	6,91	-11	-4	75	0	-4
624	23.07.2022 16:15:23,000	3,19	6,93	-2	5	83	0	5
625	23.07.2022 16:15:24,000	3,15	6,91	-2	1	88	0	1
626	23.07.2022 16:15:25,000	3,15	6,91	9	-17	63	1	-19
627	23.07.2022 16:15:26,000	3,15	6,93	-4	-4	82	0	-4
628	23.07.2022 16:15:27,000	3,12	6,93	-1	-9	80	1	-9
629	23.07.2022 16:15:28,000	3,12	6,93	2	5	83	0	6
630	23.07.2022 16:15:29,000	3,12	6,90	5	-8	77	1	-8
631	23.07.2022 16:15:30,000	3,08	6,92	3	2	86	1	2
632	23.07.2022 16:15:31,000	3,04	6,90	-14	-1	76	0	-1
633	23.07.2022 16:15:32,000	3,00	6,89	5	-1	84	1	-1
634	23.07.2022 16:15:33,000	3,00	6,89	0	-3	87	1	-3
635	23.07.2022 16:15:34,000	3,00	6,89	5	-7	78	0	-7
636	23.07.2022 16:15:35,000	3,00	6,89	-2	-4	85	0	-4
637	23.07.2022 16:15:36,000	2,96	6,91	-7	14	69	0	15
638	23.07.2022 16:15:37,000	2,96	6,87	5	-9	76	0	-10
639	23.07.2022 16:15:38,000	2,96	6,89	-1	3	86	0	3
640	23.07.2022 16:15:39,000	2,93	6,89	1	-10	79	0	-10
641	23.07.2022 16:15:40,000	2,93	6,86	2	-8	81	0	-8
642	23.07.2022 16:15:41,000	2,93	6,89	-5	-4	81	0	-4
643	23.07.2022 16:15:42,000	2,93	6,86	2	-9	79	0	-10
644	23.07.2022 16:15:43,000	2,93	6,89	-6	-3	81	1	-3
645	23.07.2022 16:15:44,000	2,89	6,95	3	-5	81	0	-5
646	23.07.2022 16:15:45,000	2,89	6,88	7	2	80	1	2
647	23.07.2022 16:15:46,000	2,85	6,90	3	5	82	0	5
648	23.07.2022 16:15:47,000	2,85	6,86	8	-2	80	1	-2
649	23.07.2022 16:15:48,000	2,85	6,83	12	-12	65	1	-14
650	23.07.2022 16:15:49,000	2,85	6,86	5	-17	68	1	-18
651	23.07.2022 16:15:50,000	2,81	6,85	4	1	85	0	1
652	23.07.2022 16:15:51,000	2,81	6,88	-6	7	77	1	8
653	23.07.2022 16:15:52,000	2,81	6,88	-10	2	78	1	2
654	23.07.2022 16:15:53,000	2,77	6,87	0	-7	83	0	-7
655	23.07.2022 16:15:54,000	2,77	6,85	-5	-7	78	0	-7
656	23.07.2022 16:15:55,000	2,77	6,85	0	8	82	0	8
657	23.07.2022 16:15:56,000	2,77	6,85	-4	-14	71	0	-15
658	23.07.2022 16:15:57,000	2,73	6,87	-9	-4	76	0	-5
659	23.07.2022 16:15:58,000	2,73	6,85	-7	-4	80	0	-4
660	23.07.2022 16:15:59,000	2,73	6,87	2	-6	81	0	-7
661	23.07.2022 16:16:00,000	2,73	6,87	-3	-9	78	0	-10
662	23.07.2022 16:16:01,000	2,70	6,89	-6	-13	71	0	-14
663	23.07.2022 16:16:02,000	2,70	6,87	-3	-16	72	0	-16
664	23.07.2022 16:16:03,000	2,70	6,84	-3	-9	78	0	-9
665	23.07.2022 16:16:04,000	2,66	6,86	-1	-8	81	0	-9
666	23.07.2022 16:16:05,000	2,66	6,86	-4	-4	82	0	-4
667	23.07.2022 16:16:06,000	2,62	6,84	0	1	89	0	1
668	23.07.2022 16:16:07,000	2,62	6,88	-10	-2	78	0	-2
669	23.07.2022 16:16:08,000	2,58	6,86	-4	-4	82	0	-4
670	23.07.2022 16:16:09,000	2,58	6,88	-5	-10	75	0	-10
671	23.07.2022 16:16:10,000	2,54	6,88	-11	-1	78	0	-1
672	23.07.2022 16:16:11,000	2,54	6,85	-2	-4	85	0	-4
673	23.07.2022 16:16:12,000	2,54	6,88	16	2	72	0	3
674	23.07.2022 16:16:13,000	2,50	6,87	-20	-1	69	0	-1
675	23.07.2022 16:16:14,000	2,50	6,87	-9	2	78	0	2
676	23.07.2022 16:16:15,000	2,46	6,87	-1	-11	78	1	-11
677	23.07.2022 16:16:16,000	2,43	6,89	4	-12	74	0	-12
678	23.07.2022 16:16:17,000	2,39	6,88	-6	0	83	0	0
679	23.07.2022 16:16:18,000	2,39	6,88	-7	-5	78	0	-6
680	23.07.2022 16:16:19,000	2,35	6,88	-3	-2	85	0	-2
681	23.07.2022 16:16:20,000	2,35	6,88	1	-2	87	0	-2
682	23.07.2022 16:16:21,000	2,35	6,88	3	-4	83	1	-4
683	23.07.2022 16:16:22,000	2,31	6,88	-1	-10	79	1	-10
684	23.07.2022 16:16:23,000	2,31	6,88	-4	-3	83	0	-3
685	23.07.2022 16:16:24,000	2,31	6,88	1	-3	86	0	-3
686	23.07.2022 16:16:25,000	2,27	6,87	-5	-4	80	0	-5
687	23.07.2022 16:16:26,000	2,27	6,87	-11	-2	77	0	-2
688	23.07.2022 16:16:27,000	2,27	6,87	-6	-2	82	0	-2
689	23.07.2022 16:16:28,000	2,27	6,85	-13	-2	76	1	-2
690	23.07.2022 16:16:29,000	2,23	6,87	8	-1	81	1	-1
691	23.07.2022 16:16:30,000	2,23	6,87	0	4	85	1	4
692	23.07.2022 16:16:31,000	2,23	6,87	2	9	78	1	9
693	23.07.2022 16:16:32,000	2,23	6,85	-7	-7	76	0	-7
694	23.07.2022 16:16:33,000	2,19	6,87	4	-16	70	0	-16
695	23.07.2022 16:16:34,000	2,19	6,84	-10	-2	78	1	-2
696	23.07.2022 16:16:35,000	2,19	6,84	-4	-12	74	0	-12
697	23.07.2022 16:16:36,000	2,19	6,91	-15	-7	68	0	-7
698	23.07.2022 16:16:37,000	2,19	6,87	-11	-7	72	0	-7
699	23.07.2022 16:16:38,000	2,15	6,84	-5	-11	74	0	-11
700	23.07.2022 16:16:39,000	2,15	6,86	-6	-9	75	0	-9
701	23.07.2022 16:16:40,000	2,15	6,84	-29	7	54	1	9
702	23.07.2022 16:16:41,000	2,15	6,86	8	-1	80	1	-1
703	23.07.2022 16:16:42,000	2,12	6,84	-9	0	80	1	0
704	23.07.2022 16:16:43,000	2,12	6,86	6	-6	78	0	-7
705	23.07.2022 16:16:44,000	2,08	6,88	-16	6	68	0	7
706	23.07.2022 16:16:45,000	2,08	6,86	2	-3	84	1	-4
707	23.07.2022 16:16:46,000	2,08	6,88	5	-6	80	1	-6
708	23.07.2022 16:16:47,000	2,08	6,86	8	-10	72	1	-11
709	23.07.2022 16:16:48,000	2,04	6,85	-17	2	71	1	2
710	23.07.2022 16:16:49,000	2,04	6,85	3	-10	77	0	-10
711	23.07.2022 16:16:50,000	2,04	6,85	-1	-10	78	0	-10
712	23.07.2022 16:16:51,000	2,04	6,83	-5	-11	74	0	-12
713	23.07.2022 16:16:52,000	2,04	6,85	-4	-10	76	0	-10
714	23.07.2022 16:16:53,000	2,04	6,85	-8	-12	70	0	-13
715	23.07.2022 16:16:54,000	2,04	6,85	-2	-6	82	1	-6
716	23.07.2022 16:16:55,000	2,04	6,85	10	-3	78	1	-3
717	23.07.2022 16:16:56,000	2,04	6,88	15	-5	70	1	-5
718	23.07.2022 16:16:57,000	2,04	6,83	-3	-5	82	0	-5
719	23.07.2022 16:16:58,000	2,00	6,83	8	4	78	1	5
720	23.07.2022 16:16:59,000	2,00	6,83	0	-4	86	1	-4
721	23.07.2022 16:17:00,000	2,00	6,85	7	-3	80	1	-3
722	23.07.2022 16:17:01,000	2,00	6,85	-20	-10	60	0	-12
723	23.07.2022 16:17:02,000	2,00	6,85	-3	-3	84	1	-3
724	23.07.2022 16:17:03,000	2,00	6,85	-7	0	82	1	0
725	23.07.2022 16:17:04,000	2,00	6,85	11	-8	72	1	-8
726	23.07.2022 16:17:05,000	2,00	6,83	7	0	83	0	0
727	23.07.2022 16:17:06,000	2,00	6,85	-12	-7	70	1	-8
728	23.07.2022 16:17:07,000	2,00	6,83	-10	-13	68	0	-14
729	23.07.2022 16:17:08,000	2,00	6,85	-1	-6	83	0	-6
730	23.07.2022 16:17:09,000	1,96	6,84	-8	-4	78	1	-4
731	23.07.2022 16:17:10,000	1,96	6,84	-2	-5	82	0	-6
732	23.07.2022 16:17:11,000	1,96	6,84	-3	-9	78	1	-9
733	23.07.2022 16:17:12,000	1,96	6,84	3	-5	83	1	-5
734	23.07.2022 16:17:13,000	1,92	6,84	0	-20	70	0	-20
735	23.07.2022 16:17:14,000	1,92	6,82	-10	-10	70	1	-11
736	23.07.2022 16:17:15,000	1,92	6,82	2	-8	80	0	-9
737	23.07.2022 16:17:16,000	1,92	6,84	-7	-5	78	0	-5
738	23.07.2022 16:17:17,000	1,88	6,88	4	-4	82	1	-4
739	23.07.2022 16:17:18,000	1,88	6,81	25	-9	56	1	-11
740	23.07.2022 16:17:19,000	1,88	6,84	0	0	89	1	0
741	23.07.2022 16:17:20,000	1,88	6,88	3	-8	79	1	-8
742	23.07.2022 16:17:21,000	1,84	6,81	-8	-8	74	1	-8
743	23.07.2022 16:17:22,000	1,84	6,83	14	-8	69	1	-8
744	23.07.2022 16:17:23,000	1,84	6,83	1	-7	82	0	-7
745	23.07.2022 16:17:24,000	1,84	6,83	4	-9	78	0	-9
746	23.07.2022 16:17:25,000	1,84	6,81	-6	-16	67	0	-17
747	23.07.2022 16:17:26,000	1,84	6,83	8	-5	77	0	-6
748	23.07.2022 16:17:27,000	1,80	6,85	8	-7	75	0	-8
749	23.07.2022 16:17:28,000	1,80	6,83	0	-4	86	1	-4
750	23.07.2022 16:17:29,000	1,80	6,85	14	-10	66	1	-12
751	23.07.2022 16:17:30,000	1,80	6,81	11	-15	64	1	-17
752	23.07.2022 16:17:31,000	1,80	6,83	1	6	82	1	6
753	23.07.2022 16:17:32,000	1,80	6,83	9	-13	68	0	-14
754	23.07.2022 16:17:33,000	1,80	6,85	0	-9	81	0	-9
755	23.07.2022 16:17:34,000	1,76	6,85	19	-3	68	1	-3
756	23.07.2022 16:17:35,000	1,76	6,83	4	-2	84	1	-2
757	23.07.2022 16:17:36,000	1,76	6,83	6	-10	74	1	-11
758	23.07.2022 16:17:37,000	1,76	6,80	8	-4	78	1	-4
759	23.07.2022 16:17:38,000	1,76	6,83	-3	8	78	0	9
760	23.07.2022 16:17:39,000	1,72	6,82	8	-10	72	1	-11
761	23.07.2022 16:17:40,000	1,72	6,85	-5	-9	76	0	-9
762	23.07.2022 16:17:41,000	1,72	6,82	-8	-4	78	1	-4
763	23.07.2022 16:17:42,000	1,72	6,82	1	-2	87	1	-2
764	23.07.2022 16:17:43,000	1,72	6,82	-9	-6	75	1	-6
765	23.07.2022 16:17:44,000	1,72	6,82	8	-10	72	0	-11
766	23.07.2022 16:17:45,000	1,72	6,82	-14	-5	71	0	-6
767	23.07.2022 16:17:46,000	1,69	6,82	10	-7	74	1	-7
768	23.07.2022 16:17:47,000	1,69	6,82	4	-10	75	0	-11
769	23.07.2022 16:17:48,000	1,69	6,84	9	-2	79	1	-2
770	23.07.2022 16:17:49,000	1,69	6,82	1	-9	80	1	-10
771	23.07.2022 16:17:50,000	1,69	6,82	4	-7	79	0	-8
772	23.07.2022 16:17:51,000	1,69	6,84	1	-14	75	0	-14
773	23.07.2022 16:17:52,000	1,65	6,84	7	-6	77	0	-7
774	23.07.2022 16:17:53,000	1,65	6,84	5	-16	69	0	-17
775	23.07.2022 16:17:54,000	1,65	6,82	-6	-17	67	1	-18
776	23.07.2022 16:17:55,000	1,65	6,86	14	2	73	0	2
777	23.07.2022 16:17:56,000	1,61	6,84	4	-3	83	1	-3
778	23.07.2022 16:17:57,000	1,61	6,81	10	-7	73	0	-8
779	23.07.2022 16:17:58,000	1,61	6,79	1	1	88	0	1
780	23.07.2022 16:17:59,000	1,61	6,84	-1	-10	80	0	-10
781	23.07.2022 16:18:00,000	1,61	6,84	7	-12	70	1	-13
782	23.07.2022 16:18:01,000	1,61	6,84	-2	-10	79	1	-10
783	23.07.2022 16:18:02,000	1,57	6,83	-1	-13	77	1	-13
784	23.07.2022 16:18:03,000	1,57	6,81	-2	-6	82	0	-6
785	23.07.2022 16:18:04,000	1,57	6,81	3	-11	76	1	-11
786	23.07.2022 16:18:05,000	1,57	6,81	0	-12	77	0	-13
787	23.07.2022 16:18:06,000	1,57	6,85	-14	3	73	0	3
788	23.07.2022 16:18:07,000	1,53	6,81	-2	-10	78	1	-10
789	23.07.2022 16:18:08,000	1,53	6,83	2	-9	79	1	-9
790	23.07.2022 16:18:09,000	1,53	6,85	14	-8	68	1	-9
791	23.07.2022 16:18:10,000	1,53	6,81	-10	-5	75	0	-6
792	23.07.2022 16:18:11,000	1,53	6,81	11	-5	74	1	-5
793	23.07.2022 16:18:12,000	1,53	6,83	-2	-10	78	0	-10
794	23.07.2022 16:18:13,000	1,53	6,81	-2	-3	85	0	-3
795	23.07.2022 16:18:14,000	1,53	6,83	4	-6	80	1	-6
796	23.07.2022 16:18:15,000	1,53	6,85	4	-4	81	1	-5
797	23.07.2022 16:18:16,000	1,49	6,85	0	-6	84	0	-6
798	23.07.2022 16:18:17,000	1,49	6,82	1	-19	70	0	-19
799	23.07.2022 16:18:18,000	1,49	6,82	-2	-1	87	1	-1
800	23.07.2022 16:18:19,000	1,49	6,82	3	-14	74	1	-14
801	23.07.2022 16:18:20,000	1,49	6,82	-2	-15	73	0	-16
802	23.07.2022 16:18:21,000	1,49	6,80	-4	-3	82	0	-3
803	23.07.2022 16:18:22,000	1,49	6,82	9	-6	75	1	-7
804	23.07.2022 16:18:23,000	1,49	6,80	1	-14	75	0	-14
805	23.07.2022 16:18:24,000	1,49	6,80	15	-5	70	1	-5
806	23.07.2022 16:18:25,000	1,45	6,80	-3	-7	81	0	-7
807	23.07.2022 16:18:26,000	1,45	6,82	-6	1	83	0	1
808	23.07.2022 16:18:27,000	1,45	6,82	1	-5	84	0	-5
809	23.07.2022 16:18:28,000	1,45	6,82	4	-2	84	1	-2
810	23.07.2022 16:18:29,000	1,45	6,87	1	-8	82	0	-8
811	23.07.2022 16:18:30,000	1,45	6,82	-13	-6	72	1	-6
812	23.07.2022 16:18:31,000	1,45	6,82	-2	-14	74	0	-14
813	23.07.2022 16:18:32,000	1,45	6,82	1	-13	76	1	-13
814	23.07.2022 16:18:33,000	1,41	6,82	6	-2	81	1	-2
815	23.07.2022 16:18:34,000	1,41	6,82	1	-10	79	1	-10
816	23.07.2022 16:18:35,000	1,41	6,82	0	-6	84	1	-6
817	23.07.2022 16:18:36,000	1,41	6,82	9	-16	65	0	-17
818	23.07.2022 16:18:37,000	1,41	6,82	13	-18	59	0	-21
819	23.07.2022 16:18:38,000	1,41	6,82	-5	-1	83	0	-1
820	23.07.2022 16:18:39,000	1,37	6,81	3	-16	71	0	-16
821	23.07.2022 16:18:40,000	1,37	6,84	-3	-9	79	1	-9
822	23.07.2022 16:18:41,000	1,37	6,81	2	-9	80	1	-9
823	23.07.2022 16:18:42,000	1,37	6,86	5	-7	78	1	-7
824	23.07.2022 16:18:43,000	1,37	6,81	-7	-22	60	1	-24
825	23.07.2022 16:18:44,000	1,33	6,83	12	-3	75	1	-4
826	23.07.2022 16:18:45,000	1,33	6,83	-4	-10	76	1	-11
827	23.07.2022 16:18:46,000	1,33	6,83	-3	-10	76	0	-10
828	23.07.2022 16:18:47,000	1,33	6,81	1	-18	71	0	-18
829	23.07.2022 16:18:48,000	1,33	6,81	-2	-9	79	0	-9
830	23.07.2022 16:18:49,000	1,29	6,83	6	-7	77	1	-8
831	23.07.2022 16:18:50,000	1,29	6,83	-3	-11	76	0	-11
832	23.07.2022 16:18:51,000	1,29	6,78	-6	-11	74	1	-11
833	23.07.2022 16:18:52,000	1,29	6,83	-17	0	72	1	0
834	23.07.2022 16:18:53,000	1,29	6,81	17	0	73	0	0
835	23.07.2022 16:18:54,000	1,29	6,83	-7	-10	74	1	-10
836	23.07.2022 16:18:55,000	1,29	6,78	6	-14	70	1	-14
837	23.07.2022 16:18:56,000	1,29	6,83	-8	-4	77	1	-5
838	23.07.2022 16:18:57,000	1,29	6,81	1	-4	85	1	-4
839	23.07.2022 16:18:58,000	1,29	6,83	0	2	88	1	2
840	23.07.2022 16:18:59,000	1,29	6,81	2	-5	83	0	-5
841	23.07.2022 16:19:00,000	1,25	6,80	3	-7	80	1	-7
842	23.07.2022 16:19:01,000	1,25	6,80	-1	-11	78	1	-12
843	23.07.2022 16:19:02,000	1,25	6,83	9	-6	75	1	-6
844	23.07.2022 16:19:03,000	1,25	6,83	12	-8	70	1	-9
845	23.07.2022 16:19:04,000	1,25	6,83	1	-9	81	1	-9
846	23.07.2022 16:19:05,000	1,21	6,82	18	-4	69	1	-4
847	23.07.2022 16:19:06,000	1,21	6,80	9	-1	81	0	-1
848	23.07.2022 16:19:07,000	1,21	6,82	6	-6	78	1	-6
849	23.07.2022 16:19:08,000	1,21	6,82	2	-3	85	0	-3
850	23.07.2022 16:19:09,000	1,21	6,82	12	1	77	1	1
851	23.07.2022 16:19:10,000	1,21	6,82	18	-1	71	0	-1
852	23.07.2022 16:19:11,000	1,17	6,80	20	-1	69	0	-1
853	23.07.2022 16:19:12,000	1,17	6,80	22	1	67	0	1
854	23.07.2022 16:19:13,000	1,17	6,80	22	2	66	0	2
855	23.07.2022 16:19:14,000	1,13	6,77	22	3	66	0	3
856	23.07.2022 16:19:15,000	1,13	6,77	21	3	66	0	3
857	23.07.2022 16:19:16,000	1,09	6,76	23	3	64	0	3
858	23.07.2022 16:19:17,000	1,09	6,72	21	3	66	0	3
859	23.07.2022 16:19:18,000	1,05	6,72	24	4	62	0	4
860	23.07.2022 16:19:19,000	1,05	6,69	23	5	62	0	6
861	23.07.2022 16:19:20,000	1,05	6,67	19	6	65	0	7
862	23.07.2022 16:19:21,000	1,01	6,64	21	6	63	0	6
863	23.07.2022 16:19:22,000	1,01	6,62	20	7	63	0	8
864	23.07.2022 16:19:23,000	1,01	6,57	20	7	63	0	8
865	23.07.2022 16:19:24,000	0,97	6,55	20	8	62	0	10
866	23.07.2022 16:19:25,000	0,97	6,50	19	8	62	0	9
867	23.07.2022 16:19:26,000	0,97	6,48	21	9	61	0	10
868	23.07.2022 16:19:27,000	0,97	6,46	21	9	61	0	10
869	23.07.2022 16:19:28,000	0,93	6,41	20	8	62	0	10
870	23.07.2022 16:19:29,000	0,93	6,36	20	7	63	0	9
871	23.07.2022 16:19:30,000	0,93	6,34	21	8	61	0	9
872	23.07.2022 16:19:31,000	0,93	6,29	21	9	61	0	10
873	23.07.2022 16:19:32,000	0,93	6,25	20	10	60	0	11
874	23.07.2022 16:19:33,000	0,93	6,22	21	8	61	0	10
875	23.07.2022 16:19:34,000	0,89	6,15	22	7	61	0	9
876	23.07.2022 16:19:35,000	0,89	6,13	20	8	61	0	9
877	23.07.2022 16:19:36,000	0,89	6,08	20	8	62	0	9
878	23.07.2022 16:19:37,000	0,89	6,04	21	7	62	0	8
879	23.07.2022 16:19:38,000	0,89	6,01	25	5	60	0	6
880	23.07.2022 16:19:39,000	0,89	5,94	24	6	60	0	7
881	23.07.2022 16:19:40,000	0,85	5,94	23	5	62	0	6
882	23.07.2022 16:19:41,000	0,85	5,89	22	5	63	0	5
883	23.07.2022 16:19:42,000	0,85	5,85	22	3	64	0	4
884	23.07.2022 16:19:43,000	0,85	5,82	25	3	62	0	3
885	23.07.2022 16:19:44,000	0,85	5,78	25	3	62	0	3
886	23.07.2022 16:19:45,000	0,85	5,78	27	1	62	0	1
887	23.07.2022 16:19:46,000	0,85	5,76	27	1	63	0	1
888	23.07.2022 16:19:47,000	0,85	5,73	26	0	63	0	0
889	23.07.2022 16:19:48,000	0,85	5,71	28	-1	61	0	-1
890	23.07.2022 16:19:49,000	0,85	5,69	27	-2	61	0	-3
891	23.07.2022 16:19:50,000	0,85	5,66	27	-3	60	0	-4
892	23.07.2022 16:19:51,000	0,81	5,64	29	-5	57	0	-6
893	23.07.2022 16:19:52,000	0,81	5,64	28	-6	56	0	-7
894	23.07.2022 16:19:53,000	0,81	5,61	27	-5	57	0	-7
895	23.07.2022 16:19:54,000	0,81	5,57	26	-6	58	0	-8
896	23.07.2022 16:19:55,000	0,81	5,57	29	-6	55	0	-8
897	23.07.2022 16:19:56,000	0,81	5,55	30	-7	53	0	-9
898	23.07.2022 16:19:57,000	0,81	5,55	26	-6	58	0	-7
899	23.07.2022 16:19:58,000	0,81	5,52	26	-6	58	0	-7
900	23.07.2022 16:19:59,000	0,81	5,50	29	-7	54	0	-9
901	23.07.2022 16:20:00,000	0,81	5,50	27	-6	57	0	-8
902	23.07.2022 16:20:01,000	0,81	5,48	26	-6	58	0	-8
903	23.07.2022 16:20:02,000	0,77	5,47	27	-7	56	0	-8
904	23.07.2022 16:20:03,000	0,77	5,47	28	-7	55	0	-9
905	23.07.2022 16:20:04,000	0,77	5,45	28	-7	56	0	-8
906	23.07.2022 16:20:05,000	0,77	5,43	25	-6	59	0	-7
907	23.07.2022 16:20:06,000	0,77	5,43	28	-9	53	0	-12
908	23.07.2022 16:20:07,000	0,77	5,43	31	-6	53	0	-8
909	23.07.2022 16:20:08,000	0,77	5,43	26	-5	59	0	-6
910	23.07.2022 16:20:09,000	0,77	5,40	26	-6	58	0	-7
911	23.07.2022 16:20:10,000	0,77	5,38	29	-4	57	0	-5
912	23.07.2022 16:20:11,000	0,77	5,38	27	-4	59	0	-5
913	23.07.2022 16:20:12,000	0,77	5,36	25	-2	63	0	-2
914	23.07.2022 16:20:13,000	0,73	5,38	25	-2	63	0	-2
915	23.07.2022 16:20:14,000	0,73	5,35	26	-1	63	0	-1
916	23.07.2022 16:20:15,000	0,73	5,35	25	-1	64	0	-1
917	23.07.2022 16:20:16,000	0,73	5,33	23	0	66	0	0
918	23.07.2022 16:20:17,000	0,73	5,31	25	0	65	0	0
919	23.07.2022 16:20:18,000	0,73	5,33	26	0	64	0	0
920	23.07.2022 16:20:19,000	0,73	5,31	22	3	65	0	3
921	23.07.2022 16:20:20,000	0,73	5,29	21	2	67	0	3
922	23.07.2022 16:20:21,000	0,73	5,29	23	2	66	0	2
923	23.07.2022 16:20:22,000	0,73	5,26	25	1	64	0	2
924	23.07.2022 16:20:23,000	0,73	5,24	21	3	66	0	3
925	23.07.2022 16:20:24,000	0,73	5,24	23	2	65	0	2
926	23.07.2022 16:20:25,000	0,73	5,22	22	2	66	0	3
927	23.07.2022 16:20:26,000	0,73	5,22	22	2	65	0	2
928	23.07.2022 16:20:27,000	0,69	5,21	21	3	66	0	3
929	23.07.2022 16:20:28,000	0,69	5,19	23	2	65	0	2
930	23.07.2022 16:20:29,000	0,69	5,19	22	3	65	0	3
931	23.07.2022 16:20:30,000	0,69	5,19	21	3	67	0	3
932	23.07.2022 16:20:31,000	0,69	5,17	22	2	66	0	2
933	23.07.2022 16:20:32,000	0,69	5,12	23	2	65	0	2
934	23.07.2022 16:20:33,000	0,69	5,12	24	2	64	0	2
935	23.07.2022 16:20:34,000	0,69	5,10	23	1	65	0	2
936	23.07.2022 16:20:35,000	0,69	5,10	18	-5	67	1	-6
937	23.07.2022 16:20:36,000	0,69	5,12	34	1	55	0	1
938	23.07.2022 16:20:37,000	0,69	5,10	24	5	61	0	6
939	23.07.2022 16:20:38,000	0,69	5,08	24	6	59	0	8
940	23.07.2022 16:20:39,000	0,69	5,08	24	7	59	0	9
941	23.07.2022 16:20:40,000	0,69	5,08	23	9	58	0	10
942	23.07.2022 16:20:41,000	0,69	5,05	27	6	57	1	8
943	23.07.2022 16:20:42,000	0,69	5,05	26	7	56	0	9
944	23.07.2022 16:20:43,000	0,69	5,05	25	9	56	0	11
945	23.07.2022 16:20:44,000	0,69	5,01	25	10	55	0	13
946	23.07.2022 16:20:45,000	0,69	5,01	23	9	57	0	11
947	23.07.2022 16:20:46,000	0,69	5,01	24	10	57	0	12
948	23.07.2022 16:20:47,000	0,69	4,94	22	10	58	0	12
949	23.07.2022 16:20:48,000	0,69	4,94	23	9	58	0	10
950	23.07.2022 16:20:49,000	0,73	4,92	24	8	58	0	9
951	23.07.2022 16:20:50,000	0,73	4,90	24	8	57	0	10
952	23.07.2022 16:20:51,000	0,73	4,87	23	9	58	0	10
953	23.07.2022 16:20:52,000	0,73	4,85	22	10	58	0	12
954	23.07.2022 16:20:53,000	0,77	4,83	23	8	59	0	10
955	23.07.2022 16:20:54,000	0,77	4,81	22	9	59	0	11
956	23.07.2022 16:20:55,000	0,77	4,78	24	9	57	0	11
957	23.07.2022 16:20:56,000	0,81	4,79	23	9	58	0	11
958	23.07.2022 16:20:57,000	0,81	4,74	23	9	57	0	11
959	23.07.2022 16:20:58,000	0,81	4,72	23	9	57	0	11
960	23.07.2022 16:20:59,000	0,81	4,67	23	10	57	0	12
961	23.07.2022 16:21:00,000	0,85	4,65	23	10	57	0	12
962	23.07.2022 16:21:01,000	0,85	4,63	21	10	59	0	12
963	23.07.2022 16:21:02,000	0,89	4,61	23	10	57	0	12
964	23.07.2022 16:21:03,000	0,89	4,59	22	11	57	0	13
965	23.07.2022 16:21:04,000	0,93	4,57	22	11	57	0	13
966	23.07.2022 16:21:05,000	0,93	4,52	23	10	57	0	12
967	23.07.2022 16:21:06,000	0,97	4,53	22	11	57	0	13
968	23.07.2022 16:21:07,000	1,01	4,49	22	10	58	0	12
969	23.07.2022 16:21:08,000	1,05	4,44	22	11	57	0	13
970	23.07.2022 16:21:09,000	1,09	4,40	22	11	57	0	13
971	23.07.2022 16:21:10,000	1,13	4,36	21	10	59	0	12
972	23.07.2022 16:21:11,000	1,21	4,37	22	9	59	0	11
973	23.07.2022 16:21:12,000	1,25	4,32	23	9	58	0	11
974	23.07.2022 16:21:13,000	1,33	4,29	21	10	59	0	12
975	23.07.2022 16:21:14,000	1,37	4,24	21	10	59	0	11
976	23.07.2022 16:21:15,000	1,41	4,22	22	9	59	0	11
977	23.07.2022 16:21:16,000	1,45	4,18	22	9	59	0	11
978	23.07.2022 16:21:17,000	1,53	4,17	22	9	59	0	11
979	23.07.2022 16:21:18,000	1,53	4,14	24	9	57	0	11
980	23.07.2022 16:21:19,000	1,57	4,15	22	9	59	0	11
981	23.07.2022 16:21:20,000	1,57	4,12	21	9	60	0	11
982	23.07.2022 16:21:21,000	1,61	4,08	21	8	61	0	10
983	23.07.2022 16:21:22,000	1,65	4,06	21	8	61	0	9
984	23.07.2022 16:21:23,000	1,65	4,04	22	8	60	0	9
985	23.07.2022 16:21:24,000	1,69	4,00	21	8	61	0	9
986	23.07.2022 16:21:25,000	1,69	3,97	21	7	62	0	8
987	23.07.2022 16:21:26,000	1,72	3,96	24	6	59	0	8
988	23.07.2022 16:21:27,000	1,76	3,94	22	7	61	0	8
989	23.07.2022 16:21:28,000	1,80	3,89	22	7	62	0	8
990	23.07.2022 16:21:29,000	1,88	3,85	25	5	59	0	6
991	23.07.2022 16:21:30,000	1,92	3,81	22	8	61	0	9
992	23.07.2022 16:21:31,000	2,00	3,80	20	8	62	0	9
993	23.07.2022 16:21:32,000	2,04	3,75	21	6	63	0	6
994	23.07.2022 16:21:33,000	2,08	3,74	23	6	62	0	7
995	23.07.2022 16:21:34,000	2,12	3,69	24	6	60	0	7
996	23.07.2022 16:21:35,000	2,15	3,70	22	7	61	0	8
997	23.07.2022 16:21:36,000	2,19	3,65	21	6	63	0	7
998	23.07.2022 16:21:37,000	2,23	3,63	24	5	61	0	6
999	23.07.2022 16:21:38,000	2,27	3,62	23	6	60	0	7
1000	23.07.2022 16:21:39,000	2,31	3,57	21	6	62	0	7
1001	23.07.2022 16:21:40,000	2,35	3,55	21	7	62	0	8
1002	23.07.2022 16:21:41,000	2,39	3,53	22	6	62	0	7
1003	23.07.2022 16:21:42,000	2,43	3,51	23	6	61	0	8
1004	23.07.2022 16:21:43,000	2,43	3,47	22	7	61	0	8
1005	23.07.2022 16:21:44,000	2,46	3,45	22	8	60	0	9
1006	23.07.2022 16:21:45,000	2,50	3,45	24	9	57	0	10
1007	23.07.2022 16:21:46,000	2,50	3,41	27	8	56	0	9
1008	23.07.2022 16:21:47,000	2,54	3,39	27	7	56	0	8
1009	23.07.2022 16:21:48,000	2,62	3,37	24	8	58	0	10
1010	23.07.2022 16:21:49,000	2,66	3,33	22	10	58	0	12
1011	23.07.2022 16:21:50,000	2,70	3,31	23	10	57	0	12
1012	23.07.2022 16:21:51,000	2,70	3,29	22	11	57	0	13
1013	23.07.2022 16:21:52,000	2,73	3,22	22	10	58	0	12
1014	23.07.2022 16:21:53,000	2,77	3,23	22	11	57	0	13
1015	23.07.2022 16:21:54,000	2,81	3,18	21	12	57	0	15
1016	23.07.2022 16:21:55,000	2,85	3,16	22	11	57	0	13
1017	23.07.2022 16:21:56,000	2,89	3,12	23	12	56	0	14
1018	23.07.2022 16:21:57,000	2,93	3,10	20	12	58	0	14
1019	23.07.2022 16:21:58,000	2,96	3,08	21	12	57	0	14
1020	23.07.2022 16:21:59,000	3,00	3,04	23	12	56	0	14
1021	23.07.2022 16:22:00,000	3,08	2,98	20	12	58	0	14
1022	23.07.2022 16:22:01,000	3,15	2,96	20	11	59	0	13
1023	23.07.2022 16:22:02,000	3,23	2,92	20	10	59	0	12
1024	23.07.2022 16:22:03,000	3,31	2,91	20	11	58	0	14
1025	23.07.2022 16:22:04,000	3,34	2,89	23	10	58	0	12
1026	23.07.2022 16:22:05,000	3,38	2,85	20	10	60	0	12
1027	23.07.2022 16:22:06,000	3,42	2,83	21	10	58	0	12
1028	23.07.2022 16:22:07,000	3,46	2,81	20	11	59	0	13
1029	23.07.2022 16:22:08,000	3,53	2,77	19	11	59	0	13
1030	23.07.2022 16:22:09,000	3,57	2,75	20	11	59	0	14
1031	23.07.2022 16:22:10,000	3,61	2,71	20	12	58	0	14
1032	23.07.2022 16:22:11,000	3,64	2,71	20	11	59	0	14
1033	23.07.2022 16:22:12,000	3,72	2,67	20	11	60	0	13
1034	23.07.2022 16:22:13,000	3,76	2,63	28	10	52	1	13
1035	23.07.2022 16:22:14,000	3,83	2,63	18	12	59	0	15
1036	23.07.2022 16:22:15,000	3,91	2,57	20	10	60	0	12
1037	23.07.2022 16:22:16,000	3,94	2,55	20	10	60	0	12
1038	23.07.2022 16:22:17,000	4,02	2,54	22	10	58	0	12
1039	23.07.2022 16:22:18,000	4,09	2,50	21	10	58	0	12
1040	23.07.2022 16:22:19,000	4,17	2,50	23	9	58	0	11
1041	23.07.2022 16:22:20,000	4,24	2,46	24	8	58	0	9
1042	23.07.2022 16:22:21,000	4,32	2,45	24	9	57	0	11
1043	23.07.2022 16:22:22,000	4,39	2,43	24	8	58	0	10
1044	23.07.2022 16:22:23,000	4,46	2,37	24	7	58	0	9
1045	23.07.2022 16:22:24,000	4,50	2,40	27	6	56	0	8
1046	23.07.2022 16:22:25,000	4,57	2,38	33	9	48	0	12
1047	23.07.2022 16:22:26,000	4,68	2,37	38	3	49	0	4
1048	23.07.2022 16:22:27,000	4,76	2,35	33	2	55	0	3
1049	23.07.2022 16:22:28,000	4,83	2,36	37	2	52	0	2
1050	23.07.2022 16:22:29,000	4,94	2,32	37	1	52	0	1
1051	23.07.2022 16:22:30,000	5,01	2,33	37	0	53	0	0
1052	23.07.2022 16:22:31,000	5,09	2,31	42	-4	45	0	-5
1053	23.07.2022 16:22:32,000	5,12	2,32	43	-4	43	0	-6
1054	23.07.2022 16:22:33,000	5,19	2,30	52	-3	34	0	-6
1055	23.07.2022 16:22:34,000	5,27	2,37	57	9	24	0	21
1056	23.07.2022 16:22:35,000	5,30	2,40	54	12	24	0	27
1057	23.07.2022 16:22:36,000	5,34	2,45	56	15	19	0	40
1058	23.07.2022 16:22:37,000	5,37	2,50	54	17	19	0	42
1059	23.07.2022 16:22:38,000	5,37	2,52	54	16	20	0	39
1060	23.07.2022 16:22:39,000	5,37	2,57	54	17	19	0	43
1061	23.07.2022 16:22:40,000	5,37	2,61	54	17	19	0	41
1062	23.07.2022 16:22:41,000	5,34	2,68	54	16	20	0	38
1063	23.07.2022 16:22:42,000	5,30	2,70	55	16	19	0	40
1064	23.07.2022 16:22:43,000	5,27	2,74	57	15	18	0	39
1065	23.07.2022 16:22:44,000	5,23	2,78	58	12	20	0	32
1066	23.07.2022 16:22:45,000	5,16	2,80	58	11	21	0	29
1067	23.07.2022 16:22:46,000	5,12	2,84	59	12	19	0	29
1068	23.07.2022 16:22:47,000	5,09	2,91	60	14	17	0	29
1069	23.07.2022 16:22:48,000	5,05	2,93	62	11	18	0	29
1070	23.07.2022 16:22:49,000	5,01	2,95	64	7	19	0	29
1071	23.07.2022 16:22:50,000	4,98	2,99	64	8	17	0	29
1072	23.07.2022 16:22:51,000	4,94	3,01	65	9	16	0	29
1073	23.07.2022 16:22:52,000	4,94	3,06	69	4	17	0	29
1074	23.07.2022 16:22:53,000	4,90	3,05	73	0	17	0	29
1075	23.07.2022 16:22:54,000	4,87	3,05	69	-4	17	0	29
1076	23.07.2022 16:22:55,000	4,87	3,03	65	-11	14	0	29
1077	23.07.2022 16:22:56,000	4,83	3,00	53	-12	25	0	-26
1078	23.07.2022 16:22:57,000	4,83	2,95	45	-11	34	0	-20
1079	23.07.2022 16:22:58,000	4,79	2,93	44	-11	35	0	-19
1080	23.07.2022 16:22:59,000	4,79	2,90	44	-11	35	0	-19
1081	23.07.2022 16:23:00,000	4,76	2,86	43	-12	34	0	-21
1082	23.07.2022 16:23:01,000	4,76	2,83	39	-12	39	0	-19
1083	23.07.2022 16:23:02,000	4,76	2,79	39	-13	38	0	-20
1084	23.07.2022 16:23:03,000	4,76	2,74	41	-13	36	0	-21
1085	23.07.2022 16:23:04,000	4,79	2,72	39	-15	36	0	-25
1086	23.07.2022 16:23:05,000	4,83	2,66	38	-14	39	0	-21
1087	23.07.2022 16:23:06,000	4,87	2,61	40	-15	34	0	-25
1088	23.07.2022 16:23:07,000	4,94	2,57	42	-13	35	0	-23
1089	23.07.2022 16:23:08,000	5,01	2,53	41	-12	37	0	-20
1090	23.07.2022 16:23:09,000	5,09	2,47	46	-13	31	1	-24
1091	23.07.2022 16:23:10,000	5,12	2,43	39	-15	36	0	-23
1092	23.07.2022 16:23:11,000	5,16	2,41	36	-14	40	0	-21
1093	23.07.2022 16:23:12,000	5,23	2,35	35	-17	38	0	-26
1094	23.07.2022 16:23:13,000	5,34	2,31	48	-20	22	0	-41
1095	23.07.2022 16:23:14,000	5,48	2,26	55	-17	19	0	-42
1096	23.07.2022 16:23:15,000	5,59	2,22	51	-18	21	0	-42
1097	23.07.2022 16:23:16,000	5,66	2,18	53	-18	19	0	-45
1098	23.07.2022 16:23:17,000	5,73	2,19	48	-20	22	0	-41
1099	23.07.2022 16:23:18,000	5,81	2,19	50	-20	20	0	-45
1100	23.07.2022 16:23:19,000	5,88	2,09	50	-19	21	0	-42
1101	23.07.2022 16:23:20,000	5,98	2,07	41	-28	22	1	-52
1102	23.07.2022 16:23:21,000	6,13	2,02	43	-16	31	0	-29
1103	23.07.2022 16:23:22,000	6,23	2,03	43	-19	28	0	-34
1104	23.07.2022 16:23:23,000	6,34	1,97	42	-18	30	0	-32
1105	23.07.2022 16:23:24,000	6,45	1,88	44	-19	27	0	-36
1106	23.07.2022 16:23:25,000	6,59	1,90	45	-19	26	0	-37
1107	23.07.2022 16:23:26,000	6,73	1,84	44	-17	28	0	-32
1108	23.07.2022 16:23:27,000	6,90	1,81	44	-19	28	0	-35
1109	23.07.2022 16:23:28,000	7,04	1,78	44	-20	26	0	-38
1110	23.07.2022 16:23:29,000	7,15	1,74	46	-21	23	0	-42
1111	23.07.2022 16:23:30,000	7,25	1,70	46	-21	23	0	-42
1112	23.07.2022 16:23:31,000	7,36	1,69	42	-25	23	0	-47
1113	23.07.2022 16:23:32,000	7,49	1,61	38	-31	21	0	-54
1114	23.07.2022 16:23:33,000	7,70	1,61	34	-36	20	0	-59
1115	23.07.2022 16:23:34,000	7,91	1,56	33	-33	24	0	-52
1116	23.07.2022 16:23:35,000	8,01	1,59	31	-32	28	0	-49
1117	23.07.2022 16:23:36,000	8,15	1,46	25	-32	33	0	-45
1118	23.07.2022 16:23:37,000	8,35	1,41	27	-27	36	0	-38
1119	23.07.2022 16:23:38,000	8,59	1,37	32	-23	36	0	-34
1120	23.07.2022 16:23:39,000	8,79	1,34	31	-20	39	0	-29
1121	23.07.2022 16:23:40,000	8,93	1,35	28	-5	58	0	-6
1122	23.07.2022 16:23:41,000	9,06	1,32	26	4	60	0	5
1123	23.07.2022 16:23:42,000	9,19	1,26	24	10	56	0	12
1124	23.07.2022 16:23:43,000	9,36	1,23	21	12	57	0	15
1125	23.07.2022 16:23:44,000	9,50	1,22	14	19	57	0	22
1126	23.07.2022 16:23:45,000	9,59	1,20	11	23	56	0	26
1127	23.07.2022 16:23:46,000	9,69	1,17	10	25	54	0	28
1128	23.07.2022 16:23:47,000	9,83	1,15	7	28	55	0	30
1129	23.07.2022 16:23:48,000	9,93	1,14	9	23	58	0	25
1130	23.07.2022 16:23:49,000	9,99	1,10	13	19	58	0	22
1131	23.07.2022 16:23:50,000	10,09	1,09	14	14	61	0	16
1132	23.07.2022 16:23:51,000	10,19	1,10	15	10	66	0	11
1133	23.07.2022 16:23:52,000	10,26	1,08	-2	-4	84	0	-4
1134	23.07.2022 16:23:53,000	10,35	1,09	30	-10	50	0	-13
1135	23.07.2022 16:23:54,000	10,42	1,07	21	3	66	0	4
1136	23.07.2022 16:23:55,000	10,49	1,03	24	7	59	0	9
1137	23.07.2022 16:23:56,000	10,58	1,02	27	9	54	0	11
1138	23.07.2022 16:23:57,000	10,65	1,00	31	11	49	0	14
1139	23.07.2022 16:23:58,000	10,68	0,98	35	9	46	0	12
1140	23.07.2022 16:23:59,000	10,71	0,98	37	9	44	0	13
1141	23.07.2022 16:24:00,000	10,78	0,96	33	16	42	0	23
1142	23.07.2022 16:24:01,000	10,85	0,95	37	13	40	0	20
1143	23.07.2022 16:24:02,000	10,85	0,92	34	16	40	0	23
1144	23.07.2022 16:24:03,000	10,88	0,90	35	16	39	0	24
1145	23.07.2022 16:24:04,000	10,88	0,88	33	19	38	0	28
1146	23.07.2022 16:24:05,000	10,94	0,89	34	21	35	0	32
1147	23.07.2022 16:24:06,000	10,94	0,86	32	22	36	0	33
1148	23.07.2022 16:24:07,000	10,94	0,86	34	21	35	0	33
1149	23.07.2022 16:24:08,000	10,94	0,84	33	22	34	0	34
1150	23.07.2022 16:24:09,000	10,94	0,84	33	24	33	0	37
1151	23.07.2022 16:24:10,000	10,94	0,84	29	26	35	0	38
1152	23.07.2022 16:24:11,000	10,94	0,80	34	20	36	0	31
1153	23.07.2022 16:24:12,000	10,98	0,80	35	21	34	0	33
1154	23.07.2022 16:24:13,000	10,98	0,73	33	21	36	0	32
1155	23.07.2022 16:24:14,000	11,01	0,71	30	23	37	0	33
1156	23.07.2022 16:24:15,000	11,04	0,69	34	18	38	0	27
1157	23.07.2022 16:24:16,000	11,11	0,65	35	19	36	0	29
1158	23.07.2022 16:24:17,000	11,17	0,61	30	22	37	0	33
1159	23.07.2022 16:24:18,000	11,27	0,60	31	20	39	0	30
1160	23.07.2022 16:24:19,000	11,33	0,60	33	19	38	0	28
1161	23.07.2022 16:24:20,000	11,36	0,58	32	20	38	0	30
1162	23.07.2022 16:24:21,000	11,40	0,56	33	15	41	0	22
1163	23.07.2022 16:24:22,000	11,40	0,51	28	17	46	0	22
1164	23.07.2022 16:24:23,000	11,53	0,50	34	15	41	0	22
1165	23.07.2022 16:24:24,000	11,62	0,51	30	20	40	0	28
1166	23.07.2022 16:24:25,000	11,65	0,49	29	19	42	0	26
1167	23.07.2022 16:24:26,000	11,72	0,47	28	21	41	0	29
1168	23.07.2022 16:24:27,000	11,75	0,48	27	24	40	0	33
1169	23.07.2022 16:24:28,000	11,78	0,46	25	23	42	0	31
1170	23.07.2022 16:24:29,000	11,88	0,44	25	18	47	0	24
1171	23.07.2022 16:24:30,000	11,94	0,39	22	19	48	0	24
1172	23.07.2022 16:24:31,000	12,01	0,45	29	13	47	0	18
1173	23.07.2022 16:24:32,000	12,04	0,43	21	18	51	0	22
1174	23.07.2022 16:24:33,000	12,14	0,39	32	5	53	0	6
1175	23.07.2022 16:24:34,000	12,20	0,37	15	10	66	1	11
1176	23.07.2022 16:24:35,000	12,26	0,35	18	11	62	0	12
1177	23.07.2022 16:24:36,000	12,33	0,37	19	10	62	0	11
1178	23.07.2022 16:24:37,000	12,36	0,33	12	14	64	0	16
1179	23.07.2022 16:24:38,000	12,39	0,33	19	10	61	0	11
1180	23.07.2022 16:24:39,000	12,45	0,33	22	6	62	1	7
1181	23.07.2022 16:24:40,000	12,55	0,35	24	1	65	1	1
1182	23.07.2022 16:24:41,000	12,55	0,35	20	1	68	0	1
1183	23.07.2022 16:24:42,000	12,58	0,35	20	0	70	0	0
1184	23.07.2022 16:24:43,000	12,68	0,30	23	1	65	1	1
1185	23.07.2022 16:24:44,000	12,80	0,30	20	7	63	0	8
1186	23.07.2022 16:24:45,000	12,90	0,26	17	2	71	0	3
1187	23.07.2022 16:24:46,000	12,96	0,26	16	1	74	0	1
1188	23.07.2022 16:24:47,000	12,99	0,26	19	-8	64	0	-9
1189	23.07.2022 16:24:48,000	13,06	0,30	24	-12	54	0	-15
1190	23.07.2022 16:24:49,000	13,06	0,30	22	-24	44	0	-31
1191	23.07.2022 16:24:50,000	13,06	0,30	24	-16	50	1	-21
1192	23.07.2022 16:24:51,000	13,06	0,28	27	-18	45	0	-24
1193	23.07.2022 16:24:52,000	13,09	0,33	30	-16	44	1	-23
1194	23.07.2022 16:24:53,000	13,15	0,26	24	-26	39	0	-35
1195	23.07.2022 16:24:54,000	13,21	0,23	10	-13	67	0	-15
1196	23.07.2022 16:24:55,000	13,28	0,23	20	-14	55	0	-17
1197	23.07.2022 16:24:56,000	13,40	0,21	20	-20	50	0	-25
1198	23.07.2022 16:24:57,000	13,50	0,17	14	-20	56	0	-23
1199	23.07.2022 16:24:58,000	13,53	0,17	17	-14	59	0	-17
1200	23.07.2022 16:24:59,000	13,56	0,21	21	-17	52	1	-21
1201	23.07.2022 16:25:00,000	13,59	0,21	15	-22	53	0	-26
1202	23.07.2022 16:25:01,000	13,65	0,19	18	-16	56	0	-19
1203	23.07.2022 16:25:02,000	13,71	0,21	26	-21	43	0	-28
1204	23.07.2022 16:25:03,000	13,81	0,21	20	-20	50	0	-25
1205	23.07.2022 16:25:04,000	13,90	0,19	20	-22	48	0	-27
1206	23.07.2022 16:25:05,000	14,00	0,21	22	-21	48	0	-26
1207	23.07.2022 16:25:06,000	14,09	0,19	27	-29	34	0	-41
1208	23.07.2022 16:25:07,000	14,15	0,17	24	-21	44	0	-28
1209	23.07.2022 16:25:08,000	14,15	0,21	30	-23	38	0	-33
1210	23.07.2022 16:25:09,000	14,15	0,23	36	-27	27	0	-45
1211	23.07.2022 16:25:10,000	14,15	0,23	35	-31	24	0	-51
1212	23.07.2022 16:25:11,000	14,15	0,23	20	-39	32	0	-50
1213	23.07.2022 16:25:12,000	14,15	0,21	23	-34	33	0	-46
1214	23.07.2022 16:25:13,000	14,18	0,21	22	-40	28	0	-54
1215	23.07.2022 16:25:14,000	14,24	0,19	21	-26	43	1	-33
1216	23.07.2022 16:25:15,000	14,34	0,17	27	-15	48	0	-20
1217	23.07.2022 16:25:16,000	14,43	0,14	33	-3	54	1	-4
1218	23.07.2022 16:25:17,000	14,52	0,17	24	11	55	0	14
1219	23.07.2022 16:25:18,000	14,55	0,19	46	13	31	0	25
1220	23.07.2022 16:25:19,000	14,59	0,21	54	10	26	0	21
1221	23.07.2022 16:25:20,000	14,59	0,21	57	1	32	0	1
1222	23.07.2022 16:25:21,000	14,59	0,21	41	-12	37	0	-19
1223	23.07.2022 16:25:22,000	14,55	0,19	43	-20	26	0	-39
1224	23.07.2022 16:25:23,000	14,55	0,23	54	-21	15	0	-54
1225	23.07.2022 16:25:24,000	14,55	0,28	56	-26	7	0	-73
1226	23.07.2022 16:25:25,000	14,43	0,35	56	-28	6	0	-77
1227	23.07.2022 16:25:26,000	14,31	0,37	54	-28	8	1	-74
1228	23.07.2022 16:25:27,000	14,18	0,39	50	-32	8	0	-74
1229	23.07.2022 16:25:28,000	14,06	0,42	47	-37	7	0	-79
1230	23.07.2022 16:25:29,000	13,96	0,44	53	-28	9	1	-72
1231	23.07.2022 16:25:30,000	13,87	0,44	44	-41	5	0	-82
1232	23.07.2022 16:25:31,000	13,78	0,47	44	-39	7	0	-78
1233	23.07.2022 16:25:32,000	13,71	0,44	51	-32	7	0	-77
1234	23.07.2022 16:25:33,000	13,65	0,46	61	-23	7	0	-74
1235	23.07.2022 16:25:34,000	13,62	0,46	59	-25	7	0	-74
1236	23.07.2022 16:25:35,000	13,56	0,48	55	-28	7	0	-76
1237	23.07.2022 16:25:36,000	13,50	0,47	53	-36	0	1	-90
1238	23.07.2022 16:25:37,000	13,43	0,47	37	-44	-9	0	-103
1239	23.07.2022 16:25:38,000	13,40	0,49	35	-53	2	0	-88
1240	23.07.2022 16:25:39,000	13,37	0,48	27	-62	1	0	-89
1241	23.07.2022 16:25:40,000	13,31	0,50	74	-10	-7	1	-89
1242	23.07.2022 16:25:41,000	13,28	0,47	73	6	11	1	-89
1243	23.07.2022 16:25:42,000	13,24	0,49	40	-13	37	1	-21
1244	23.07.2022 16:25:43,000	13,21	0,49	-13	0	76	0	0
1245	23.07.2022 16:25:44,000	13,18	0,49	-8	5	76	0	6
1246	23.07.2022 16:25:45,000	13,18	0,49	-4	2	84	0	2
1247	23.07.2022 16:25:46,000	13,15	0,49	1	-2	87	0	-2
1248	23.07.2022 16:25:47,000	13,15	0,51	-14	0	76	0	0
1249	23.07.2022 16:25:48,000	13,12	0,51	-11	0	79	0	0
1250	23.07.2022 16:25:49,000	13,12	0,51	-6	0	84	0	0
1251	23.07.2022 16:25:50,000	13,09	0,50	-5	1	85	0	1
1252	23.07.2022 16:25:51,000	13,09	0,50	-4	-4	82	0	-4
1253	23.07.2022 16:25:52,000	13,06	0,52	-3	-3	84	0	-3
1254	23.07.2022 16:25:53,000	13,02	0,52	-19	-2	69	0	-3
1255	23.07.2022 16:25:54,000	13,02	0,52	-66	-1	-23	0	-3
1256	23.07.2022 16:25:55,000	13,02	0,52	-6	-82	-2	1	-92
1257	23.07.2022 16:25:56,000	13,02	0,50	-1	-88	0	0	-90
1258	23.07.2022 16:25:57,000	13,02	0,52	-1	-88	1	0	-89
1259	23.07.2022 16:25:58,000	13,02	0,52	-1	-89	0	0	-90
1260	23.07.2022 16:25:59,000	12,99	0,52	-1	-89	-1	0	-91
1261	23.07.2022 16:26:00,000	12,99	0,52	-1	-88	0	0	-90
1262	23.07.2022 16:26:01,000	12,99	0,52	-1	-89	0	0	-90
1263	23.07.2022 16:26:02,000	12,99	0,54	21	-55	14	1	-73
1264	23.07.2022 16:26:03,000	12,96	0,52	-4	-84	2	1	-88
1265	23.07.2022 16:26:04,000	12,96	0,52	-2	-88	0	0	-90
1266	23.07.2022 16:26:05,000	12,96	0,52	-1	-89	0	0	-90
1267	23.07.2022 16:26:06,000	12,96	0,52	-1	-89	0	0	-90
1268	23.07.2022 16:26:07,000	12,96	0,54	-2	-88	0	0	-90
1269	23.07.2022 16:26:08,000	12,96	0,52	-2	-88	0	0	-90
1270	23.07.2022 16:26:09,000	12,93	0,51	-2	-88	0	0	-90
1271	23.07.2022 16:26:10,000	12,93	0,54	-2	-88	0	0	-90
1272	23.07.2022 16:26:11,000	12,93	0,54	-2	-88	0	0	-90
1273	23.07.2022 16:26:12,000	12,90	0,53	-2	-88	0	0	-90
1274	23.07.2022 16:26:13,000	12,90	0,51	-2	-88	0	0	-90
1275	23.07.2022 16:26:14,000	12,90	0,53	-2	-88	0	0	-90
1276	23.07.2022 16:26:15,000	12,90	0,56	-3	-87	0	0	-90
1277	23.07.2022 16:26:16,000	12,90	0,53	-3	-87	0	0	-90
1278	23.07.2022 16:26:17,000	12,90	0,53	-2	-87	0	0	-90
1279	23.07.2022 16:26:18,000	12,90	0,53	-3	-87	0	0	-90
1280	23.07.2022 16:26:19,000	12,87	0,51	-3	-87	1	0	-89
1281	23.07.2022 16:26:20,000	12,87	0,51	-3	-87	0	0	-90
1282	23.07.2022 16:26:21,000	12,87	0,53	-3	-87	0	0	-90
1283	23.07.2022 16:26:22,000	12,87	0,53	-3	-87	0	0	-90
1284	23.07.2022 16:26:23,000	12,87	0,53	-3	-87	0	0	-90
1285	23.07.2022 16:26:24,000	12,87	0,53	-3	-87	0	0	-90
1286	23.07.2022 16:26:25,000	12,87	0,53	-3	-87	0	0	-90
1287	23.07.2022 16:26:26,000	12,87	0,55	-2	-88	0	0	-90
1288	23.07.2022 16:26:27,000	12,87	0,53	-3	-87	0	0	-90
1289	23.07.2022 16:26:28,000	12,87	0,55	-3	-87	0	0	-90
1290	23.07.2022 16:26:29,000	12,87	0,55	-2	-88	0	0	-90
1291	23.07.2022 16:26:30,000	12,87	0,55	-1	-89	0	0	-90
1292	23.07.2022 16:26:31,000	12,87	0,53	-2	-88	0	0	-90
1293	23.07.2022 16:26:32,000	12,87	0,53	-2	-87	0	0	-90
1294	23.07.2022 16:26:33,000	12,87	0,53	-2	-88	-1	0	-91
1295	23.07.2022 16:26:34,000	12,87	0,55	-1	-89	0	0	-90
1296	23.07.2022 16:26:35,000	12,87	0,53	-2	-88	0	0	-90
1297	23.07.2022 16:26:36,000	12,87	0,55	-3	-87	-1	0	-91
1298	23.07.2022 16:26:37,000	12,87	0,53	-3	-87	-1	0	-91
1299	23.07.2022 16:26:38,000	12,87	0,53	-2	-87	0	0	-90
1300	23.07.2022 16:26:39,000	12,87	0,53	-3	-86	1	0	-89
1301	23.07.2022 16:26:40,000	12,87	0,53	-3	-87	0	0	-90
1302	23.07.2022 16:26:41,000	12,87	0,55	-2	-87	-2	0	-92
1303	23.07.2022 16:26:42,000	12,87	0,55	-1	-88	0	0	-90
1304	23.07.2022 16:26:43,000	12,87	0,53	-2	-87	1	0	-89
1305	23.07.2022 16:26:44,000	12,87	0,53	-3	-87	-1	0	-91
1306	23.07.2022 16:26:45,000	12,87	0,53	-16	-48	-26	1	-122
1307	23.07.2022 16:26:46,000	12,90	0,53	-29	20	-41	1	152
1308	23.07.2022 16:26:47,000	12,90	0,53	-31	38	-21	0	121
1309	23.07.2022 16:26:48,000	12,90	0,53	-1	61	-28	1	118
1310	23.07.2022 16:26:49,000	12,93	0,51	-65	2	-23	0	118
1311	23.07.2022 16:26:50,000	12,96	0,54	-55	-4	-31	0	-173
1312	23.07.2022 16:26:51,000	12,96	0,54	-60	-2	-28	0	-175
1313	23.07.2022 16:26:52,000	12,96	0,54	-60	-2	-29	0	-176
1314	23.07.2022 16:26:53,000	12,99	0,56	-60	-3	-27	0	-173
1315	23.07.2022 16:26:54,000	12,99	0,54	-10	2	-79	1	178
1316	23.07.2022 16:26:55,000	13,02	0,54	3	-1	-87	0	-179
1317	23.07.2022 16:26:56,000	13,02	0,52	2	-1	-87	0	-179
1318	23.07.2022 16:26:57,000	13,02	0,52	1	-2	-87	0	-178
1319	23.07.2022 16:26:58,000	13,02	0,52	2	-1	-87	0	-179
1320	23.07.2022 16:26:59,000	13,02	0,54	2	-1	-87	0	-179
1321	23.07.2022 16:27:00,000	13,02	0,54	3	-1	-86	0	-179
1322	23.07.2022 16:27:01,000	13,02	0,52	2	-1	-87	0	-179
1323	23.07.2022 16:27:02,000	13,02	0,54	1	-1	-88	0	-179
1324	23.07.2022 16:27:03,000	13,02	0,52	1	-1	-88	0	-179
1325	23.07.2022 16:27:04,000	13,06	0,52	2	-1	-88	0	-179
1326	23.07.2022 16:27:05,000	13,06	0,52	2	-1	-86	0	-179
1327	23.07.2022 16:27:06,000	13,06	0,52	3	-1	-86	0	-179
1328	23.07.2022 16:27:07,000	13,06	0,52	1	-1	-88	0	-179
1329	23.07.2022 16:27:08,000	13,06	0,52	1	-1	-88	0	-179
1330	23.07.2022 16:27:09,000	13,06	0,52	2	-1	-87	0	-179
1331	23.07.2022 16:27:10,000	13,06	0,52	2	-1	-86	0	-179
1332	23.07.2022 16:27:11,000	13,06	0,52	1	-1	-87	0	-179
1333	23.07.2022 16:27:12,000	13,09	0,53	1	-1	-88	0	-179
1334	23.07.2022 16:27:13,000	13,09	0,53	2	-1	-87	0	-179
1335	23.07.2022 16:27:14,000	13,09	0,53	2	-2	-86	0	-178
1336	23.07.2022 16:27:15,000	13,09	0,53	2	-2	-87	0	-178
1337	23.07.2022 16:27:16,000	13,09	0,53	1	-1	-88	0	-179
1338	23.07.2022 16:27:17,000	13,09	0,53	2	0	-88	0	-180
1339	23.07.2022 16:27:18,000	13,09	0,55	2	-1	-87	0	-179
1340	23.07.2022 16:27:19,000	13,12	0,53	1	-2	-87	0	-178
1341	23.07.2022 16:27:20,000	13,12	0,53	2	-1	-88	0	-179
1342	23.07.2022 16:27:21,000	13,12	0,53	2	-1	-88	0	-179
1343	23.07.2022 16:27:22,000	13,12	0,53	1	-2	-87	0	-178
1344	23.07.2022 16:27:23,000	13,12	0,53	1	-1	-87	0	-179
1345	23.07.2022 16:27:24,000	13,15	0,51	2	-1	-88	0	-179
1346	23.07.2022 16:27:25,000	13,15	0,53	1	-1	-87	0	-179
1347	23.07.2022 16:27:26,000	13,15	0,53	1	-1	-87	0	-179
1348	23.07.2022 16:27:27,000	13,15	0,53	1	-1	-88	0	-179
1349	23.07.2022 16:27:28,000	13,15	0,53	2	-1	-88	0	-179
1350	23.07.2022 16:27:29,000	13,15	0,51	2	-1	-87	0	-179
1351	23.07.2022 16:27:30,000	13,15	0,53	1	-2	-87	0	-178
1352	23.07.2022 16:27:31,000	13,15	0,53	2	-1	-88	0	-179
1353	23.07.2022 16:27:32,000	13,18	0,53	2	-1	-88	0	-179
1354	23.07.2022 16:27:33,000	13,18	0,53	1	-2	-87	0	-178
1355	23.07.2022 16:27:34,000	13,18	0,53	2	-2	-87	0	-178
1356	23.07.2022 16:27:35,000	13,18	0,51	2	-1	-88	0	-179
1357	23.07.2022 16:27:36,000	13,18	0,53	2	-1	-88	0	-179
1358	23.07.2022 16:27:37,000	13,18	0,51	1	-1	-87	0	-179
1359	23.07.2022 16:27:38,000	13,21	0,51	1	-2	-87	0	-178
1360	23.07.2022 16:27:39,000	13,21	0,51	1	-1	-88	0	-179
1361	23.07.2022 16:27:40,000	13,21	0,51	2	0	-88	0	-180
1362	23.07.2022 16:27:41,000	13,21	0,54	1	-1	-88	0	-179
1363	23.07.2022 16:27:42,000	13,21	0,54	1	-2	-87	0	-178
1364	23.07.2022 16:27:43,000	13,24	0,52	2	-1	-87	0	-179
1365	23.07.2022 16:27:44,000	13,24	0,54	2	0	-88	0	-180
1366	23.07.2022 16:27:45,000	13,24	0,52	2	-1	-87	0	-179
1367	23.07.2022 16:27:46,000	13,24	0,54	1	-2	-87	0	-178
1368	23.07.2022 16:27:47,000	13,28	0,54	1	-1	-88	0	-179
1369	23.07.2022 16:27:48,000	13,28	0,54	2	0	-88	0	-180
1370	23.07.2022 16:27:49,000	13,28	0,52	2	-2	-86	0	-178
1371	23.07.2022 16:27:50,000	13,28	0,52	1	-2	-87	0	-178
1372	23.07.2022 16:27:51,000	13,31	0,52	1	0	-89	0	-180
1373	23.07.2022 16:27:52,000	13,31	0,52	1	-1	-88	0	-179
1374	23.07.2022 16:27:53,000	13,34	0,53	1	-3	-87	0	-177
1375	23.07.2022 16:27:54,000	13,34	0,53	1	-2	-87	0	-178
1376	23.07.2022 16:27:55,000	13,34	0,53	2	0	-88	0	180
1377	23.07.2022 16:27:56,000	13,37	0,53	1	-1	-88	0	-179
1378	23.07.2022 16:27:57,000	13,37	0,51	2	-2	-86	0	-177
1379	23.07.2022 16:27:58,000	13,40	0,53	2	-2	-86	0	-178
1380	23.07.2022 16:27:59,000	13,40	0,51	2	0	-88	0	-180
1381	23.07.2022 16:28:00,000	13,40	0,53	0	-1	-89	0	-179
1382	23.07.2022 16:28:01,000	13,43	0,53	0	-2	-88	0	-178
1383	23.07.2022 16:28:02,000	13,43	0,53	1	-2	-87	0	-178
1384	23.07.2022 16:28:03,000	13,43	0,51	1	-1	-88	0	-179
1385	23.07.2022 16:28:04,000	13,46	0,51	1	-1	-88	0	-179
1386	23.07.2022 16:28:05,000	13,46	0,51	1	-2	-87	0	-178
1387	23.07.2022 16:28:06,000	13,46	0,54	2	-2	-87	0	-178
1388	23.07.2022 16:28:07,000	13,50	0,52	2	-1	-88	0	-179
1389	23.07.2022 16:28:08,000	13,50	0,52	1	0	-88	0	-180
1390	23.07.2022 16:28:09,000	13,53	0,52	1	-2	-87	0	-178
1391	23.07.2022 16:28:10,000	13,53	0,52	2	-2	-86	0	-178
1392	23.07.2022 16:28:11,000	13,53	0,52	-41	-12	-38	0	-162
1393	23.07.2022 16:28:12,000	13,56	0,52	-2	3	-85	0	177
1394	23.07.2022 16:28:13,000	13,59	0,50	-5	0	-85	0	-180
1395	23.07.2022 16:28:14,000	13,59	0,50	-4	-1	-85	0	-179
1396	23.07.2022 16:28:15,000	13,59	0,53	-4	0	-86	0	180
1397	23.07.2022 16:28:16,000	13,62	0,50	-59	1	-30	1	178
1398	23.07.2022 16:28:17,000	13,62	0,50	-58	1	-31	0	179
1399	23.07.2022 16:28:18,000	13,65	0,48	-49	-3	-38	0	-175
1400	23.07.2022 16:28:19,000	13,68	0,51	-49	-6	-36	0	-170
1401	23.07.2022 16:28:20,000	13,71	0,49	-53	-3	-34	0	-174
1402	23.07.2022 16:28:21,000	13,75	0,52	-49	-8	-33	0	-166
1403	23.07.2022 16:28:22,000	13,75	0,49	-54	-7	-29	1	-166
1404	23.07.2022 16:28:23,000	13,78	0,50	-48	-10	-33	0	-163
1405	23.07.2022 16:28:24,000	13,78	0,52	-17	-72	1	1	-89
1406	23.07.2022 16:28:25,000	13,78	0,50	-10	-77	3	0	-87
1407	23.07.2022 16:28:26,000	13,81	0,50	-54	-5	-31	1	-170
1408	23.07.2022 16:28:27,000	13,81	0,50	-70	-2	-18	0	-170
1409	23.07.2022 16:28:28,000	13,84	0,50	-54	-9	-26	0	-160
1410	23.07.2022 16:28:29,000	13,84	0,52	-11	-53	26	0	-60
1411	23.07.2022 16:28:30,000	13,84	0,50	-11	-54	25	0	-62
1412	23.07.2022 16:28:31,000	13,84	0,50	-11	-54	26	0	-61
1413	23.07.2022 16:28:32,000	13,87	0,50	-11	-54	26	0	-61
1414	23.07.2022 16:28:33,000	13,87	0,50	-12	-53	25	0	-61
1415	23.07.2022 16:28:34,000	13,87	0,50	-11	-53	26	0	-61
1416	23.07.2022 16:28:35,000	13,87	0,50	-10	-55	25	0	-62
1417	23.07.2022 16:28:36,000	13,87	0,53	-11	-54	25	0	-62
1418	23.07.2022 16:28:37,000	13,87	0,50	-11	-54	25	0	-62
1419	23.07.2022 16:28:38,000	13,90	0,51	-10	-55	24	0	-63
1420	23.07.2022 16:28:39,000	13,90	0,51	-10	-56	24	0	-63
1421	23.07.2022 16:28:40,000	13,90	0,51	-11	-55	24	0	-63
1422	23.07.2022 16:28:41,000	13,90	0,53	-11	-54	25	0	-62
1423	23.07.2022 16:28:42,000	13,90	0,53	-11	-54	25	0	-62
1424	23.07.2022 16:28:43,000	13,90	0,51	-11	-55	24	0	-63
1425	23.07.2022 16:28:44,000	13,90	0,51	-11	-55	24	0	-63
1426	23.07.2022 16:28:45,000	13,93	0,51	-11	-55	24	0	-63
1427	23.07.2022 16:28:46,000	13,93	0,53	-10	-56	24	0	-64
1428	23.07.2022 16:28:47,000	13,93	0,53	-10	-57	24	0	-64
1429	23.07.2022 16:28:48,000	13,93	0,51	-10	-57	23	0	-64
1430	23.07.2022 16:28:49,000	13,93	0,53	-10	-57	23	0	-65
1431	23.07.2022 16:28:50,000	13,96	0,51	-11	-57	22	0	-65
1432	23.07.2022 16:28:51,000	13,96	0,54	-11	-58	21	0	-67
1433	23.07.2022 16:28:52,000	13,96	0,54	-4	-84	-2	0	-92
1434	23.07.2022 16:28:53,000	13,96	0,54	-5	-83	-2	0	-92
1435	23.07.2022 16:28:54,000	13,96	0,54	-5	-83	-2	0	-92
1436	23.07.2022 16:28:55,000	13,96	0,51	-5	-83	-2	0	-92
1437	23.07.2022 16:28:56,000	14,00	0,54	-4	-84	-2	0	-92
1438	23.07.2022 16:28:57,000	14,00	0,54	-4	-85	-1	0	-92
1439	23.07.2022 16:28:58,000	14,00	0,51	-4	-84	-1	0	-91
1440	23.07.2022 16:28:59,000	14,00	0,51	-5	-84	-1	0	-91
1441	23.07.2022 16:29:00,000	14,03	0,52	-5	-83	-2	0	-92
1442	23.07.2022 16:29:01,000	14,03	0,52	-5	-83	-2	0	-93
1443	23.07.2022 16:29:02,000	14,03	0,52	-5	-84	-1	0	-91
1444	23.07.2022 16:29:03,000	14,03	0,52	-5	-84	-2	0	-92
1445	23.07.2022 16:29:04,000	14,03	0,52	-5	-83	-2	0	-92
1446	23.07.2022 16:29:05,000	14,03	0,52	-4	-84	-2	0	-92
1447	23.07.2022 16:29:06,000	14,06	0,52	-4	-84	-1	0	-91
1448	23.07.2022 16:29:07,000	14,06	0,54	-5	-84	-1	0	-91
1449	23.07.2022 16:29:08,000	14,06	0,52	-4	-84	-2	0	-92
1450	23.07.2022 16:29:09,000	14,06	0,52	-5	-83	-2	0	-92
1451	23.07.2022 16:29:10,000	14,09	0,52	-5	-84	-1	0	-91
1452	23.07.2022 16:29:11,000	14,09	0,52	-4	-84	-2	0	-92
1453	23.07.2022 16:29:12,000	14,09	0,55	-5	-83	-2	0	-92
1454	23.07.2022 16:29:13,000	14,09	0,52	-6	-83	-1	0	-91
1455	23.07.2022 16:29:14,000	14,09	0,52	-4	-84	-2	0	-92
1456	23.07.2022 16:29:15,000	14,09	0,52	-4	-83	-3	0	-93
1457	23.07.2022 16:29:16,000	14,12	0,53	-5	-84	-1	0	-91
1458	23.07.2022 16:29:17,000	14,12	0,53	-5	-84	0	0	-90
1459	23.07.2022 16:29:18,000	14,12	0,53	-5	-84	-2	0	-92
1460	23.07.2022 16:29:19,000	14,12	0,53	-4	-83	-3	0	-93
1461	23.07.2022 16:29:20,000	14,15	0,53	-5	-83	-2	0	-92
1462	23.07.2022 16:29:21,000	14,15	0,51	-5	-83	-1	0	-91
1463	23.07.2022 16:29:22,000	14,15	0,53	-4	-84	-2	0	-92
1464	23.07.2022 16:29:23,000	14,15	0,53	-4	-84	-2	0	-92
1465	23.07.2022 16:29:24,000	14,15	0,53	-5	-84	-1	0	-91
1466	23.07.2022 16:29:25,000	14,18	0,51	-4	-84	-1	0	-91
1467	23.07.2022 16:29:26,000	14,18	0,51	-4	-84	-2	0	-92
1468	23.07.2022 16:29:27,000	14,18	0,53	-5	-83	-2	0	-92
1469	23.07.2022 16:29:28,000	14,18	0,51	-6	-82	-2	0	-92
1470	23.07.2022 16:29:29,000	14,18	0,51	-5	-84	-2	0	-92
1471	23.07.2022 16:29:30,000	14,21	0,53	-3	-84	-2	0	-92
1472	23.07.2022 16:29:31,000	14,21	0,51	-5	-83	-2	0	-92
1473	23.07.2022 16:29:32,000	14,21	0,51	-6	-83	-1	0	-91
1474	23.07.2022 16:29:33,000	14,21	0,51	-5	-84	-1	0	-91
1475	23.07.2022 16:29:34,000	14,21	0,51	-4	-84	-2	0	-92
1476	23.07.2022 16:29:35,000	14,24	0,54	-3	-85	-2	0	-92
1477	23.07.2022 16:29:36,000	14,24	0,51	-5	-85	-1	0	-91
1478	23.07.2022 16:29:37,000	14,24	0,54	-6	-83	-1	0	-92
1479	23.07.2022 16:29:38,000	14,24	0,54	-5	-82	-2	0	-92
1480	23.07.2022 16:29:39,000	14,28	0,52	-4	-83	-2	0	-92
1481	23.07.2022 16:29:40,000	14,28	0,52	-4	-83	-2	0	-92
1482	23.07.2022 16:29:41,000	14,28	0,52	-5	-83	-1	0	-91
1483	23.07.2022 16:29:42,000	14,28	0,52	-5	-84	-1	0	-91
1484	23.07.2022 16:29:43,000	14,31	0,52	-4	-84	-2	0	-92
1485	23.07.2022 16:29:44,000	14,31	0,52	-3	-85	-2	0	-92
1486	23.07.2022 16:29:45,000	14,31	0,52	-5	-84	-1	0	-91
1487	23.07.2022 16:29:46,000	14,31	0,52	-6	-83	-1	0	-91
1488	23.07.2022 16:29:47,000	14,34	0,52	-5	-83	-2	0	-92
1489	23.07.2022 16:29:48,000	14,34	0,52	-4	-83	-3	0	-93
1490	23.07.2022 16:29:49,000	14,34	0,52	-5	-83	-2	0	-92
1491	23.07.2022 16:29:50,000	14,34	0,52	-6	-83	-1	0	-91
1492	23.07.2022 16:29:51,000	14,37	0,52	-5	-84	-1	0	-91
1493	23.07.2022 16:29:52,000	14,37	0,52	-3	-84	-2	0	-92
1494	23.07.2022 16:29:53,000	14,37	0,52	-4	-84	-1	0	-91
1495	23.07.2022 16:29:54,000	14,40	0,53	-6	-83	-1	0	-91
1496	23.07.2022 16:29:55,000	14,40	0,53	-5	-83	-2	0	-92
1497	23.07.2022 16:29:56,000	14,40	0,53	-4	-84	-2	0	-92
1498	23.07.2022 16:29:57,000	14,40	0,50	-4	-84	-2	0	-92
1499	23.07.2022 16:29:58,000	14,40	0,53	-5	-84	-1	0	-91
1500	23.07.2022 16:29:59,000	14,43	0,51	-5	-84	-1	0	-91
1501	23.07.2022 16:30:00,000	14,43	0,51	-4	-84	-2	0	-92
1502	23.07.2022 16:30:01,000	14,43	0,51	-5	-83	-2	0	-92
1503	23.07.2022 16:30:02,000	14,43	0,53	-6	-83	-1	0	-91
1504	23.07.2022 16:30:03,000	14,46	0,53	-5	-84	-1	0	-91
1505	23.07.2022 16:30:04,000	14,46	0,51	-4	-84	-3	0	-93
1506	23.07.2022 16:30:05,000	14,46	0,53	-5	-83	-2	0	-92
1507	23.07.2022 16:30:06,000	14,46	0,53	-6	-83	-1	0	-91
1508	23.07.2022 16:30:07,000	14,46	0,53	-5	-83	-2	0	-92
1509	23.07.2022 16:30:08,000	14,49	0,51	-4	-83	-3	0	-93
1510	23.07.2022 16:30:09,000	14,49	0,54	-5	-83	-2	0	-93
1511	23.07.2022 16:30:10,000	14,49	0,54	-5	-83	-1	0	-91
1512	23.07.2022 16:30:11,000	14,49	0,51	-6	-84	-1	0	-91
1513	23.07.2022 16:30:12,000	14,52	0,54	-4	-84	-2	0	-92
1514	23.07.2022 16:30:13,000	14,52	0,54	-4	-83	-3	0	-93
1515	23.07.2022 16:30:14,000	14,52	0,52	-5	-83	-2	0	-92
1516	23.07.2022 16:30:15,000	14,52	0,52	-6	-83	-1	0	-91
1517	23.07.2022 16:30:16,000	14,52	0,52	-5	-83	-2	0	-92
1518	23.07.2022 16:30:17,000	14,55	0,52	-4	-83	-3	0	-93
1519	23.07.2022 16:30:18,000	14,55	0,54	-5	-84	-1	0	-91
1520	23.07.2022 16:30:19,000	14,55	0,52	-6	-83	-1	0	-91
1521	23.07.2022 16:30:20,000	14,55	0,52	-5	-83	-2	0	-92
1522	23.07.2022 16:30:21,000	14,59	0,52	-3	-84	-2	0	-93
1523	23.07.2022 16:30:22,000	14,59	0,52	-4	-83	-2	0	-92
1524	23.07.2022 16:30:23,000	14,59	0,50	-6	-83	-1	0	-91
1525	23.07.2022 16:30:24,000	14,59	0,52	-5	-84	-1	0	-91
1526	23.07.2022 16:30:25,000	14,59	0,52	-4	-84	-2	0	-92
1527	23.07.2022 16:30:26,000	14,62	0,52	-4	-83	-3	0	-93
1528	23.07.2022 16:30:27,000	14,62	0,52	-5	-84	-2	0	-92
1529	23.07.2022 16:30:28,000	14,62	0,52	-5	-84	-1	0	-91
1530	23.07.2022 16:30:29,000	14,65	0,53	-4	-84	-2	0	-92
1531	23.07.2022 16:30:30,000	14,65	0,50	-4	-84	-2	0	-92
1532	23.07.2022 16:30:31,000	14,65	0,53	-4	-84	-2	0	-92
1533	23.07.2022 16:30:32,000	14,65	0,50	-5	-83	-1	0	-91
1534	23.07.2022 16:30:33,000	14,65	0,53	-5	-84	-1	0	-91
1535	23.07.2022 16:30:34,000	14,68	0,51	-4	-84	-2	0	-92
1536	23.07.2022 16:30:35,000	14,68	0,51	-4	-83	-2	0	-92
1537	23.07.2022 16:30:36,000	14,68	0,51	-5	-84	-1	0	-91
1538	23.07.2022 16:30:37,000	14,68	0,51	-5	-84	-1	0	-91
1539	23.07.2022 16:30:38,000	14,68	0,51	-4	-84	-2	0	-92
1540	23.07.2022 16:30:39,000	14,71	0,51	-4	-84	-2	0	-92
1541	23.07.2022 16:30:40,000	14,71	0,51	-5	-84	-1	0	-91
1542	23.07.2022 16:30:41,000	14,71	0,51	-5	-84	-1	0	-91
1543	23.07.2022 16:30:42,000	14,71	0,53	-4	-84	-2	0	-92
1544	23.07.2022 16:30:43,000	14,71	0,51	-4	-84	-2	0	-92
1545	23.07.2022 16:30:44,000	14,74	0,53	-5	-84	-2	0	-92
1546	23.07.2022 16:30:45,000	14,74	0,51	-5	-83	-2	0	-92
1547	23.07.2022 16:30:46,000	14,74	0,53	-5	-84	-2	0	-92
1548	23.07.2022 16:30:47,000	14,74	0,51	-4	-84	-2	0	-92
1549	23.07.2022 16:30:48,000	14,77	0,51	-4	-85	-1	0	-91
1550	23.07.2022 16:30:49,000	14,77	0,51	-4	-84	-1	0	-91
1551	23.07.2022 16:30:50,000	14,77	0,54	-5	-83	-1	0	-92
1552	23.07.2022 16:30:51,000	14,77	0,51	-5	-84	-2	0	-92
1553	23.07.2022 16:30:52,000	14,80	0,52	-5	-83	-2	0	-92
1554	23.07.2022 16:30:53,000	14,80	0,52	-5	-84	-2	0	-92
1555	23.07.2022 16:30:54,000	14,80	0,52	-5	-84	-1	0	-91
1556	23.07.2022 16:30:55,000	14,80	0,49	-5	-84	-2	0	-92
1557	23.07.2022 16:30:56,000	14,80	0,49	-4	-84	-2	0	-92
1558	23.07.2022 16:30:57,000	14,83	0,52	-5	-84	-2	0	-92
1559	23.07.2022 16:30:58,000	14,83	0,52	-5	-83	-1	0	-92
1560	23.07.2022 16:30:59,000	14,83	0,50	-5	-84	-1	0	-92
1561	23.07.2022 16:31:00,000	14,83	0,52	-4	-83	-2	0	-92
1562	23.07.2022 16:31:01,000	14,83	0,50	-4	-84	-2	0	-92
1563	23.07.2022 16:31:02,000	14,86	0,52	-5	-83	-2	0	-92
1564	23.07.2022 16:31:03,000	14,86	0,50	-5	-84	-2	0	-92
1565	23.07.2022 16:31:04,000	14,86	0,52	-4	-84	-2	0	-92
1566	23.07.2022 16:31:05,000	14,86	0,50	-5	-83	-2	0	-92
1567	23.07.2022 16:31:06,000	14,86	0,52	-4	-85	-1	0	-91
1568	23.07.2022 16:31:07,000	14,89	0,50	-4	-83	-2	0	-92
1569	23.07.2022 16:31:08,000	14,89	0,53	-5	-83	-2	0	-92
1570	23.07.2022 16:31:09,000	14,89	0,53	-5	-84	-1	0	-91
1571	23.07.2022 16:31:10,000	14,89	0,50	-5	-84	-2	0	-92
1572	23.07.2022 16:31:11,000	14,89	0,50	-4	-83	-2	0	-92
1573	23.07.2022 16:31:12,000	14,89	0,50	-5	-84	-1	0	-91
1574	23.07.2022 16:31:13,000	14,93	0,53	-6	-83	-1	0	-91
1575	23.07.2022 16:31:14,000	14,93	0,53	-5	-83	-3	0	-93
1576	23.07.2022 16:31:15,000	14,93	0,50	-4	-83	-3	0	-93
1577	23.07.2022 16:31:16,000	14,93	0,53	-5	-84	-1	0	-91
1578	23.07.2022 16:31:17,000	14,96	0,51	-5	-84	-1	0	-91
1579	23.07.2022 16:31:18,000	14,96	0,51	-4	-84	-2	0	-92
1580	23.07.2022 16:31:19,000	14,96	0,51	-4	-84	-2	0	-92
1581	23.07.2022 16:31:20,000	14,96	0,51	-5	-84	-2	0	-92
1582	23.07.2022 16:31:21,000	14,96	0,51	-5	-84	-1	0	-91
1583	23.07.2022 16:31:22,000	14,99	0,51	-5	-83	-2	0	-92
1584	23.07.2022 16:31:23,000	14,99	0,51	-5	-82	-3	0	-93
1585	23.07.2022 16:31:24,000	14,99	0,51	-5	-83	-2	0	-92
1586	23.07.2022 16:31:25,000	14,99	0,51	-6	-83	-2	0	-92
1587	23.07.2022 16:31:26,000	14,99	0,51	-5	-83	-1	0	-91
1588	23.07.2022 16:31:27,000	15,02	0,51	-4	-84	-2	0	-92
1589	23.07.2022 16:31:28,000	15,02	0,51	-4	-84	-2	0	-92
1590	23.07.2022 16:31:29,000	15,02	0,51	-5	-84	-1	0	-91
1591	23.07.2022 16:31:30,000	15,02	0,51	-5	-84	-1	0	-91
1592	23.07.2022 16:31:31,000	15,02	0,51	-5	-83	-3	0	-93
1593	23.07.2022 16:31:32,000	15,02	0,51	-5	-82	-3	0	-93
1594	23.07.2022 16:31:33,000	15,05	0,52	-6	-82	-2	0	-92
1595	23.07.2022 16:31:34,000	15,05	0,52	-6	-83	-1	0	-91
1596	23.07.2022 16:31:35,000	15,05	0,52	-5	-84	-2	0	-92
1597	23.07.2022 16:31:36,000	15,05	0,52	-4	-84	-2	0	-92
1598	23.07.2022 16:31:37,000	15,08	0,52	-4	-85	-1	0	-92
1599	23.07.2022 16:31:38,000	15,08	0,52	-5	-84	-1	0	-91
1600	23.07.2022 16:31:39,000	15,08	0,50	-5	-83	-2	0	-92
1601	23.07.2022 16:31:40,000	15,08	0,52	-5	-83	-3	0	-93
1602	23.07.2022 16:31:41,000	15,08	0,52	-5	-82	-3	0	-93
1603	23.07.2022 16:31:42,000	15,08	0,52	-6	-82	-2	0	-92
1604	23.07.2022 16:31:43,000	15,11	0,52	-5	-83	-2	0	-92
1605	23.07.2022 16:31:44,000	15,11	0,52	-4	-83	-2	0	-92
1606	23.07.2022 16:31:45,000	15,11	0,50	-5	-84	-1	0	-91
1607	23.07.2022 16:31:46,000	15,11	0,52	-5	-85	-1	0	-91
1608	23.07.2022 16:31:47,000	15,11	0,50	-4	-84	-2	0	-92
1609	23.07.2022 16:31:48,000	15,14	0,52	-5	-83	-2	0	-92
1610	23.07.2022 16:31:49,000	15,14	0,50	-6	-82	-1	0	-91
1611	23.07.2022 16:31:50,000	15,14	0,52	-6	-82	-2	0	-92
1612	23.07.2022 16:31:51,000	15,14	0,50	-4	-83	-3	0	-93
1613	23.07.2022 16:31:52,000	15,14	0,50	-4	-83	-2	0	-92
1614	23.07.2022 16:31:53,000	15,14	0,52	-5	-83	-1	0	-91
1615	23.07.2022 16:31:54,000	15,14	0,50	-5	-84	-1	0	-91
1616	23.07.2022 16:31:55,000	15,14	0,50	-4	-84	-2	0	-92
1617	23.07.2022 16:31:56,000	15,17	0,53	-4	-84	-3	0	-93
1618	23.07.2022 16:31:57,000	15,17	0,50	-5	-84	-1	0	-91
1619	23.07.2022 16:31:58,000	15,17	0,50	-5	-83	-1	0	-91
1620	23.07.2022 16:31:59,000	15,17	0,50	-5	-82	-3	0	-93
1621	23.07.2022 16:32:00,000	15,17	0,53	-5	-83	-2	0	-93
1622	23.07.2022 16:32:01,000	15,17	0,50	-5	-83	-2	0	-92
1623	23.07.2022 16:32:02,000	15,17	0,50	-5	-83	-2	0	-92
1624	23.07.2022 16:32:03,000	15,20	0,51	-5	-84	-2	0	-92
1625	23.07.2022 16:32:04,000	15,20	0,51	-4	-84	-1	0	-91
1626	23.07.2022 16:32:05,000	15,20	0,53	-4	-84	-1	0	-91
1627	23.07.2022 16:32:06,000	15,20	0,53	-5	-83	-2	0	-92
1628	23.07.2022 16:32:07,000	15,20	0,51	-5	-84	-2	0	-92
1629	23.07.2022 16:32:08,000	15,23	0,51	-5	-83	-1	0	-91
1630	23.07.2022 16:32:09,000	15,23	0,51	-5	-83	-2	0	-92
1631	23.07.2022 16:32:10,000	15,23	0,53	-4	-84	-2	0	-92
1632	23.07.2022 16:32:11,000	15,23	0,53	-5	-84	-2	0	-92
1633	23.07.2022 16:32:12,000	15,23	0,53	-5	-83	-2	0	-92
1634	23.07.2022 16:32:13,000	15,23	0,51	-5	-84	-2	0	-92
1635	23.07.2022 16:32:14,000	15,26	0,51	-5	-83	-2	0	-92
1636	23.07.2022 16:32:15,000	15,26	0,51	-5	-83	-2	0	-92
1637	23.07.2022 16:32:16,000	15,26	0,51	-4	-84	-2	0	-92
1638	23.07.2022 16:32:17,000	15,26	0,51	-5	-84	-1	0	-91
1639	23.07.2022 16:32:18,000	15,26	0,51	-5	-84	-1	0	-91
1640	23.07.2022 16:32:19,000	15,26	0,49	-4	-84	-2	0	-92
1641	23.07.2022 16:32:20,000	15,29	0,51	-4	-84	-2	0	-92
1642	23.07.2022 16:32:21,000	15,29	0,51	-5	-83	-2	0	-92
1643	23.07.2022 16:32:22,000	15,29	0,54	-5	-83	-2	0	-92
1644	23.07.2022 16:32:23,000	15,29	0,51	-5	-84	-2	0	-92
1645	23.07.2022 16:32:24,000	15,29	0,51	-5	-83	-2	0	-93
1646	23.07.2022 16:32:25,000	15,29	0,51	-5	-83	-2	0	-92
1647	23.07.2022 16:32:26,000	15,33	0,52	-5	-84	-1	0	-91
1648	23.07.2022 16:32:27,000	15,33	0,52	-5	-84	-1	0	-91
1649	23.07.2022 16:32:28,000	15,33	0,52	-5	-83	-2	0	-92
1650	23.07.2022 16:32:29,000	15,33	0,52	-5	-83	-2	0	-92
1651	23.07.2022 16:32:30,000	15,33	0,52	-5	-83	-2	0	-92
1652	23.07.2022 16:32:31,000	15,33	0,52	-5	-83	-2	0	-92
1653	23.07.2022 16:32:32,000	15,33	0,52	-5	-84	-2	0	-92
1654	23.07.2022 16:32:33,000	15,36	0,52	-5	-84	-2	0	-92
1655	23.07.2022 16:32:34,000	15,36	0,52	-5	-83	-2	0	-92
1656	23.07.2022 16:32:35,000	15,36	0,52	-4	-84	-2	0	-92
1657	23.07.2022 16:32:36,000	15,36	0,52	-5	-84	-2	0	-92
1658	23.07.2022 16:32:37,000	15,36	0,52	-6	-83	-2	0	-92
1659	23.07.2022 16:32:38,000	15,36	0,52	-5	-83	-2	0	-92
1660	23.07.2022 16:32:39,000	15,39	0,52	-4	-83	-2	0	-92
1661	23.07.2022 16:32:40,000	15,39	0,52	-5	-84	-2	0	-92
1662	23.07.2022 16:32:41,000	15,39	0,52	-5	-84	-2	0	-92
1663	23.07.2022 16:32:42,000	15,39	0,52	-5	-83	-2	0	-92
1664	23.07.2022 16:32:43,000	15,39	0,52	-5	-83	-2	0	-92
1665	23.07.2022 16:32:44,000	15,39	0,52	-5	-84	-2	0	-92
1666	23.07.2022 16:32:45,000	15,42	0,53	-4	-84	-2	0	-92
1667	23.07.2022 16:32:46,000	15,42	0,53	-4	-84	-1	0	-91
1668	23.07.2022 16:32:47,000	15,42	0,53	-5	-83	-1	0	-91
1669	23.07.2022 16:32:48,000	15,42	0,53	-5	-83	-2	0	-92
1670	23.07.2022 16:32:49,000	15,42	0,53	-4	-83	-3	0	-93
1671	23.07.2022 16:32:50,000	15,42	0,50	-5	-84	-1	0	-91
1672	23.07.2022 16:32:51,000	15,45	0,50	-5	-83	-1	0	-91
1673	23.07.2022 16:32:52,000	15,45	0,53	-4	-84	-2	0	-92
1674	23.07.2022 16:32:53,000	15,45	0,53	-4	-84	-2	0	-92
1675	23.07.2022 16:32:54,000	15,45	0,50	-5	-83	-1	0	-91
1676	23.07.2022 16:32:55,000	15,45	0,53	-6	-83	-1	0	-91
1677	23.07.2022 16:32:56,000	15,45	0,53	-4	-84	-2	0	-92
1678	23.07.2022 16:32:57,000	15,45	0,53	-3	-85	-2	0	-92
1679	23.07.2022 16:32:58,000	15,48	0,53	-5	-84	-1	0	-91
1680	23.07.2022 16:32:59,000	15,48	0,53	-5	-84	0	0	-90
1681	23.07.2022 16:33:00,000	15,48	0,53	-4	-84	-2	0	-92
1682	23.07.2022 16:33:01,000	15,48	0,51	-4	-83	-3	0	-93
1683	23.07.2022 16:33:02,000	15,48	0,51	-5	-83	-2	0	-92
1684	23.07.2022 16:33:03,000	15,48	0,53	-6	-83	-1	0	-91
1685	23.07.2022 16:33:04,000	15,48	0,51	-5	-83	-2	0	-92
1686	23.07.2022 16:33:05,000	15,51	0,51	-4	-83	-3	0	-93
1687	23.07.2022 16:33:06,000	15,51	0,51	-4	-84	-2	0	-92
1688	23.07.2022 16:33:07,000	15,51	0,51	-5	-84	-1	0	-91
1689	23.07.2022 16:33:08,000	15,51	0,51	-5	-83	-2	0	-92
1690	23.07.2022 16:33:09,000	15,51	0,51	-5	-82	-3	0	-93
1691	23.07.2022 16:33:10,000	15,51	0,51	-5	-83	-2	0	-92
1692	23.07.2022 16:33:11,000	15,54	0,54	-5	-83	-2	0	-92
1693	23.07.2022 16:33:12,000	15,54	0,51	-5	-83	-2	0	-92
1694	23.07.2022 16:33:13,000	15,54	0,51	-5	-84	-1	0	-91
1695	23.07.2022 16:33:14,000	15,54	0,51	-5	-84	-1	0	-91
1696	23.07.2022 16:33:15,000	15,54	0,51	-5	-83	-2	0	-93
1697	23.07.2022 16:33:16,000	15,54	0,49	-4	-83	-2	0	-92
1698	23.07.2022 16:33:17,000	15,57	0,52	-5	-83	-1	0	-91
1699	23.07.2022 16:33:18,000	15,57	0,52	-6	-82	-2	0	-92
1700	23.07.2022 16:33:19,000	15,57	0,52	-5	-82	-3	0	-93
1701	23.07.2022 16:33:20,000	15,57	0,52	-4	-83	-3	0	-93
1702	23.07.2022 16:33:21,000	15,57	0,52	-5	-84	-1	0	-91
1703	23.07.2022 16:33:22,000	15,57	0,52	-5	-84	-1	0	-91
1704	23.07.2022 16:33:23,000	15,57	0,49	-3	-83	-4	0	-94
1705	23.07.2022 16:33:24,000	15,60	0,52	-3	-82	-6	0	-96
1706	23.07.2022 16:33:25,000	15,60	0,52	-6	-80	-5	0	-95
1707	23.07.2022 16:33:26,000	15,60	0,52	-6	-81	-3	0	-93
1708	23.07.2022 16:33:27,000	15,60	0,52	-5	-82	-3	0	-93
1709	23.07.2022 16:33:28,000	15,60	0,52	-3	-84	-4	0	-94
1710	23.07.2022 16:33:29,000	15,60	0,52	-3	-85	-2	0	-92
1711	23.07.2022 16:33:30,000	15,60	0,52	-4	-84	-2	0	-92
1712	23.07.2022 16:33:31,000	15,63	0,50	-4	-83	-2	0	-92
1713	23.07.2022 16:33:32,000	15,63	0,52	-5	-80	-5	0	-95
1714	23.07.2022 16:33:33,000	15,63	0,52	-7	-77	-6	0	-96
1715	23.07.2022 16:33:34,000	15,63	0,52	-9	-76	-5	0	-95
1716	23.07.2022 16:33:35,000	15,63	0,52	-10	-74	-6	0	-97
1717	23.07.2022 16:33:36,000	15,63	0,52	-10	-74	-7	0	-97
1718	23.07.2022 16:33:37,000	15,63	0,52	-11	-73	-6	0	-97
1719	23.07.2022 16:33:38,000	15,63	0,52	-11	-72	-6	0	-97
1720	23.07.2022 16:33:39,000	15,63	0,52	-11	-73	-7	0	-97
1721	23.07.2022 16:33:40,000	15,66	0,50	-11	-73	-6	0	-97
1722	23.07.2022 16:33:41,000	15,66	0,52	-11	-72	-7	0	-98
1723	23.07.2022 16:33:42,000	15,66	0,52	-11	-72	-7	0	-98
1724	23.07.2022 16:33:43,000	15,66	0,50	-11	-72	-7	0	-98
1725	23.07.2022 16:33:44,000	15,66	0,50	-11	-72	-7	0	-97
1726	23.07.2022 16:33:45,000	15,66	0,50	-10	-74	-6	0	-96
1727	23.07.2022 16:33:46,000	15,66	0,50	-11	-73	-6	0	-97
1728	23.07.2022 16:33:47,000	15,69	0,53	-10	-73	-6	0	-97
1729	23.07.2022 16:33:48,000	15,69	0,50	-10	-74	-6	0	-97
1730	23.07.2022 16:33:49,000	15,69	0,53	-10	-75	-5	0	-95
1731	23.07.2022 16:33:50,000	15,69	0,53	-8	-77	-5	0	-95
1732	23.07.2022 16:33:51,000	15,69	0,53	-5	-83	-2	0	-92
1733	23.07.2022 16:33:52,000	15,69	0,50	-62	-3	-25	1	-173
1734	23.07.2022 16:33:53,000	15,69	0,50	-60	-1	-29	0	-177
1735	23.07.2022 16:33:54,000	15,72	0,51	-58	-3	-29	0	-175
1736	23.07.2022 16:33:55,000	15,72	0,51	-64	-1	-25	1	-178
1737	23.07.2022 16:33:56,000	15,72	0,51	-62	-1	-27	0	-178
1738	23.07.2022 16:33:57,000	15,75	0,51	-60	-1	-29	0	-178
1739	23.07.2022 16:33:58,000	15,75	0,51	-59	-1	-30	1	-178
1740	23.07.2022 16:33:59,000	15,75	0,49	-59	-1	-31	0	-179
1741	23.07.2022 16:34:00,000	15,75	0,49	-61	0	-28	0	-179
1742	23.07.2022 16:34:01,000	15,78	0,49	-61	-1	-28	1	-178
1743	23.07.2022 16:34:02,000	15,78	0,51	-62	0	-28	1	-179
1744	23.07.2022 16:34:03,000	15,78	0,51	-59	0	-31	0	-180
1745	23.07.2022 16:34:04,000	15,82	0,49	-62	-1	-27	1	-178
1746	23.07.2022 16:34:05,000	15,82	0,49	-61	0	-29	0	-179
1747	23.07.2022 16:34:06,000	15,82	0,49	-60	-1	-28	0	-177
1748	23.07.2022 16:34:07,000	15,85	0,49	-61	0	-29	0	180
1749	23.07.2022 16:34:08,000	15,85	0,49	-62	0	-27	0	-179
1750	23.07.2022 16:34:09,000	15,85	0,49	-63	0	-26	0	-179
1751	23.07.2022 16:34:10,000	15,88	0,52	-60	-1	-29	0	-179
1752	23.07.2022 16:34:11,000	15,88	0,50	-62	0	-28	0	-180
1753	23.07.2022 16:34:12,000	15,88	0,50	-62	-1	-27	0	-178
1754	23.07.2022 16:34:13,000	15,91	0,48	-60	2	-29	0	177
1755	23.07.2022 16:34:14,000	15,91	0,50	-62	0	-28	0	180
1756	23.07.2022 16:34:15,000	15,91	0,50	-60	-1	-29	0	-178
1757	23.07.2022 16:34:16,000	15,94	0,50	-60	1	-28	0	177
1758	23.07.2022 16:34:17,000	15,94	0,48	-69	1	-20	0	177
1759	23.07.2022 16:34:18,000	15,94	0,50	-62	-1	-27	0	-177
1760	23.07.2022 16:34:19,000	15,97	0,50	-47	2	-40	0	176
1761	23.07.2022 16:34:20,000	15,97	0,50	-52	-4	-34	0	-173
1762	23.07.2022 16:34:21,000	15,97	0,50	-58	-3	-28	0	-173
1763	23.07.2022 16:34:22,000	15,97	0,48	-57	-3	-30	0	-174
1764	23.07.2022 16:34:23,000	15,97	0,50	-57	-3	-30	0	-174
1765	23.07.2022 16:34:24,000	15,97	0,48	-56	-6	-28	0	-167
1766	23.07.2022 16:34:25,000	15,97	0,50	-53	-7	-30	0	-167
1767	23.07.2022 16:34:26,000	15,97	0,50	-55	-6	-29	0	-168
1768	23.07.2022 16:34:27,000	15,97	0,50	-56	-5	-29	0	-171
1769	23.07.2022 16:34:28,000	15,97	0,48	-63	-1	-26	0	-179
1770	23.07.2022 16:34:29,000	16,00	0,51	-61	-1	-28	0	-179
1771	23.07.2022 16:34:30,000	16,00	0,51	-62	0	-28	0	-180
1772	23.07.2022 16:34:31,000	16,00	0,51	-61	0	-29	0	-179
1773	23.07.2022 16:34:32,000	16,00	0,51	-62	0	-28	0	180
1774	23.07.2022 16:34:33,000	16,03	0,49	-60	-1	-29	0	-179
1775	23.07.2022 16:34:34,000	16,03	0,49	-62	0	-28	0	-180
1776	23.07.2022 16:34:35,000	16,03	0,49	-59	0	-30	0	-179
1777	23.07.2022 16:34:36,000	16,06	0,49	-64	-1	-26	1	-178
1778	23.07.2022 16:34:37,000	16,06	0,49	-62	-1	-27	0	-178
1779	23.07.2022 16:34:38,000	16,06	0,51	-60	-1	-29	0	-178
1780	23.07.2022 16:34:39,000	16,06	0,49	-60	0	-30	0	179
1781	23.07.2022 16:34:40,000	16,09	0,49	-59	0	-31	0	-179
1782	23.07.2022 16:34:41,000	16,09	0,49	-60	0	-29	0	-179
1783	23.07.2022 16:34:42,000	16,12	0,49	-60	-1	-29	0	-178
1784	23.07.2022 16:34:43,000	16,12	0,49	-59	0	-30	1	-180
1785	23.07.2022 16:34:44,000	16,12	0,49	-11	0	-79	0	180
1786	23.07.2022 16:34:45,000	16,12	0,49	-2	-26	-61	0	-153
1787	23.07.2022 16:34:46,000	16,12	0,47	24	-16	-50	0	-160
1788	23.07.2022 16:34:47,000	16,15	0,47	24	-16	-50	0	-160
1789	23.07.2022 16:34:48,000	16,15	0,47	24	-15	-51	0	-161
1790	23.07.2022 16:34:49,000	16,15	0,50	24	-16	-50	0	-159
1791	23.07.2022 16:34:50,000	16,15	0,50	24	-16	-50	0	-160
1792	23.07.2022 16:34:51,000	16,15	0,47	24	-16	-50	0	-160
1793	23.07.2022 16:34:52,000	16,15	0,50	24	-16	-50	0	-160
1794	23.07.2022 16:34:53,000	16,15	0,50	25	-15	-50	0	-160
1795	23.07.2022 16:34:54,000	16,15	0,47	24	-16	-50	0	-160
1796	23.07.2022 16:34:55,000	16,15	0,50	25	-15	-50	0	-161
1797	23.07.2022 16:34:56,000	16,15	0,47	24	-16	-50	0	-160
1798	23.07.2022 16:34:57,000	16,15	0,50	25	-15	-50	0	-161
1799	23.07.2022 16:34:58,000	16,15	0,50	25	-15	-50	0	-161
1800	23.07.2022 16:34:59,000	16,15	0,47	25	-15	-50	0	-161
1801	23.07.2022 16:35:00,000	16,15	0,47	25	-15	-50	0	-160
1802	23.07.2022 16:35:01,000	16,15	0,47	24	-17	-50	0	-159
1803	23.07.2022 16:35:02,000	16,15	0,50	24	-15	-51	0	-161
1804	23.07.2022 16:35:03,000	16,15	0,50	24	-15	-51	0	-160
1805	23.07.2022 16:35:04,000	16,15	0,50	25	-15	-50	0	-161
1806	23.07.2022 16:35:05,000	16,15	0,52	-5	11	74	1	11
1807	23.07.2022 16:35:06,000	16,18	0,48	-54	-31	6	0	-79
1808	23.07.2022 16:35:07,000	16,18	0,48	-56	-21	-13	0	-123
1809	23.07.2022 16:35:08,000	16,30	0,39	-63	-19	-8	0	-123
1810	23.07.2022 16:35:09,000	16,45	0,39	-28	26	36	1	37
1811	23.07.2022 16:35:10,000	16,55	0,37	-18	57	15	1	73
1812	23.07.2022 16:35:11,000	16,64	0,39	-39	17	34	0	29
1813	23.07.2022 16:35:12,000	16,67	0,45	-55	10	25	0	21
1814	23.07.2022 16:35:13,000	16,67	0,45	9	80	0	0	90
1815	23.07.2022 16:35:14,000	16,67	0,45	55	16	19	1	41
1816	23.07.2022 16:35:15,000	16,70	0,35	49	15	25	0	32
1817	23.07.2022 16:35:16,000	16,79	0,26	50	9	31	0	16
1818	23.07.2022 16:35:17,000	16,91	0,28	51	8	31	0	15
1819	23.07.2022 16:35:18,000	17,06	0,28	47	16	28	0	30
1820	23.07.2022 16:35:19,000	17,18	0,26	50	16	24	0	33
1821	23.07.2022 16:35:20,000	17,30	0,28	-11	36	43	1	41
1822	23.07.2022 16:35:21,000	17,45	0,30	9	51	30	0	57
1823	23.07.2022 16:35:22,000	17,54	0,33	-1	31	58	0	32
1824	23.07.2022 16:35:23,000	17,60	0,30	-2	28	60	0	29
1825	23.07.2022 16:35:24,000	17,66	0,30	-5	44	41	0	47
1826	23.07.2022 16:35:25,000	17,72	0,33	-5	44	40	0	47
1827	23.07.2022 16:35:26,000	17,75	0,33	-5	45	41	0	47
1828	23.07.2022 16:35:27,000	17,81	0,35	-4	51	35	0	54
1829	23.07.2022 16:35:28,000	17,84	0,33	13	-22	55	1	-26
1830	23.07.2022 16:35:29,000	17,93	0,30	-83	-5	2	0	-26
