FileName: C:\2005NE~1\GP237.TXT
Local Time: Thu Sep 15 07:10:01 2005

Ship: Marco Michel Trip: 09 Tow: gp237
Comments: zone 19
 Date    Time     Latitude       Longitude    Speed    Primary  Secondary DoorSpread WingSpread      Depth 
050915  101003  46  47.5010 N  60  58.0990 W   4.4        4.2*       2.5*      71.3*       0.0      457.9*
050915  101005  46  47.5030 N  60  58.0960 W   4.6        4.2        2.5       71.3        0.0       10.1*
050915  101007  46  47.5050 N  60  58.0930 W   4.5        4.2        2.5        4.1*       0.0       10.1 
050915  101009  46  47.5060 N  60  58.0910 W   4.3        4.2        2.5        4.1        0.0       10.1 
050915  101011  46  47.5080 N  60  58.0890 W   4.4        4.2        2.5        4.1        0.0       10.1 
050915  101013  46  47.5090 N  60  58.0860 W   4.1        4.2        2.5        1.1*       0.0       10.1 
050915  101015  46  47.5110 N  60  58.0830 W   4.3        2.9*       2.5        1.1        0.0       10.1 
050915  101017  46  47.5120 N  60  58.0810 W   3.8        2.9        2.5        2.9*       0.0        7.0*
050915  101019  46  47.5140 N  60  58.0780 W   4.6        2.9        2.5        2.9        0.0        7.0 
050915  101021  46  47.5160 N  60  58.0750 W   4.6        2.9        2.5        2.9        0.0        7.0 
050915  101023  46  47.5180 N  60  58.0720 W   5.7        2.9        2.5        2.9        0.0        7.0 
050915  101025  46  47.5190 N  60  58.0680 W   6.2        2.9        2.5        2.9        0.0        7.0 
050915  101027  46  47.5220 N  60  58.0640 W   6.7        2.9        2.5        2.9        0.0        7.0 
050915  101029  46  47.5250 N  60  58.0600 W   7.1        2.9        2.5        2.9        0.0        7.0 
050915  101031  46  47.5270 N  60  58.0560 W   7.3        2.9        2.5        2.9        0.0        7.0 
050915  101033  46  47.5300 N  60  58.0510 W   7.5        2.9        2.5        2.9        0.0        7.0 
050915  101035  46  47.5330 N  60  58.0470 W   7.7        2.9        2.5        2.9        0.0        7.0 
050915  101037  46  47.5360 N  60  58.0420 W   8.0        2.9        2.5        2.9        0.0        7.0 
050915  101039  46  47.5390 N  60  58.0370 W   7.9        2.9        2.5        2.9        0.0        7.0 
050915  101041  46  47.5420 N  60  58.0320 W   8.4        2.9        2.5        2.9        0.0        7.0 
050915  101043  46  47.5450 N  60  58.0270 W   8.3        2.9        2.5        2.9        0.0        7.0 
050915  101045  46  47.5480 N  60  58.0220 W   8.3        2.9        2.5        2.9        0.0        7.0 
050915  101047  46  47.5510 N  60  58.0180 W   8.3        2.9        2.5        2.9        0.0        7.0 
050915  101049  46  47.5540 N  60  58.0120 W   8.6        2.9        2.5       13.3*       0.0        7.0 
050915  101051  46  47.5580 N  60  58.0070 W   8.6        2.9        2.5       13.3        0.0        7.0 
050915  101053  46  47.5610 N  60  58.0020 W   8.3        2.9        2.5       13.3        0.0        7.0 
050915  101055  46  47.5640 N  60  57.9970 W   8.5        2.9        2.5       13.3        0.0        7.0 
050915  101057  46  47.5670 N  60  57.9920 W   8.6        2.9        2.5       13.3        0.0        7.0 
050915  101059  46  47.5710 N  60  57.9880 W   8.9        2.9        2.5       13.3        0.0        7.0 
050915  101101  46  47.5740 N  60  57.9830 W   8.9        2.9        2.5       13.3        0.0        7.0 
050915  101103  46  47.5780 N  60  57.9780 W   8.7        2.9        2.5       13.3        0.0        7.0 
050915  101105  46  47.5810 N  60  57.9730 W   8.2        2.9        2.5       13.3        0.0        7.0 
050915  101107  46  47.5850 N  60  57.9690 W   8.5        2.9        2.5       13.3        0.0        7.0 
050915  101109  46  47.5890 N  60  57.9640 W   9.0        2.9        2.5       13.3        0.0        7.0 
050915  101111  46  47.5920 N  60  57.9590 W   8.9        2.9        2.5       13.3        0.0        7.0 
050915  101113  46  47.5960 N  60  57.9540 W   8.2        2.9        2.5       13.3        0.0        7.0 
050915  101115  46  47.5990 N  60  57.9500 W   8.3        2.9        2.5       13.3        0.0        7.0 
050915  101117  46  47.6030 N  60  57.9450 W   8.8        2.9        2.5       13.3        0.0        7.0 
050915  101119  46  47.6060 N  60  57.9410 W   8.9        2.9        2.5       13.3        0.0        7.0 
050915  101121  46  47.6100 N  60  57.9360 W   8.7        2.9        2.5       13.3        0.0        7.0 
050915  101123  46  47.6140 N  60  57.9310 W   8.5        2.9        2.5       13.3        0.0        7.0 
050915  101125  46  47.6170 N  60  57.9270 W   8.5        2.9        2.5       13.3        0.0        7.0 
050915  101127  46  47.6210 N  60  57.9220 W   8.6        2.9        2.5       13.3        0.0        7.0 
050915  101129  46  47.6250 N  60  57.9180 W   8.9        2.9        2.5       13.3        0.0        7.0 
050915  101131  46  47.6280 N  60  57.9130 W   8.5        2.9        2.5        7.9*       0.0        7.0 
050915  101133  46  47.6320 N  60  57.9080 W   8.6        2.9        2.5        7.9        0.0        7.0 
050915  101135  46  47.6350 N  60  57.9030 W   8.6        2.9        2.5        7.9        0.0        7.0 
050915  101137  46  47.6390 N  60  57.8990 W   8.7        2.9        2.5        7.9        0.0        7.0 
050915  101139  46  47.6430 N  60  57.8950 W   8.9        2.9        2.5        7.9        0.0        7.0 
050915  101141  46  47.6470 N  60  57.8910 W   8.5        2.9        2.5        7.9        0.0       35.2*
050915  101143  46  47.6500 N  60  57.8870 W   8.5        2.9        2.5        7.9        0.0       35.2 
050915  101145  46  47.6540 N  60  57.8830 W   8.4        2.9        2.5        7.9        0.0       35.2 
050915  101147  46  47.6570 N  60  57.8780 W   8.5        2.9        2.5        7.9        0.0       35.2 
050915  101149  46  47.6610 N  60  57.8730 W   8.7        2.9        2.5        7.9        0.0       35.2 
050915  101151  46  47.6640 N  60  57.8690 W   8.5        2.9        2.5        7.9        0.0       35.2 
050915  101153  46  47.6680 N  60  57.8640 W   9.2        2.9        2.5        7.9        0.0       35.2 
050915  101155  46  47.6720 N  60  57.8590 W   8.2        2.9        2.5        7.9        0.0       35.2 
050915  101157  46  47.6760 N  60  57.8550 W   8.1        2.9        2.5        7.9        0.0       35.2 
050915  101159  46  47.6790 N  60  57.8500 W   8.7        2.9        2.5        7.9        0.0       35.2 
050915  101201  46  47.6820 N  60  57.8450 W   8.6        2.9        2.5        7.9        0.0       35.2 
050915  101203  46  47.6860 N  60  57.8400 W   8.5        2.9        2.5        7.9        0.0       35.2 
050915  101205  46  47.6890 N  60  57.8360 W   8.4        2.9        2.5        7.9        0.0       35.2 
050915  101207  46  47.6930 N  60  57.8310 W   8.4        2.9        2.5        7.9        0.0       35.2 
050915  101209  46  47.6960 N  60  57.8260 W   8.7        2.9        2.5        7.9        0.0       35.2 
050915  101211  46  47.6990 N  60  57.8210 W   8.5        2.9        2.5        7.9        0.0       35.2 
050915  101213  46  47.7030 N  60  57.8170 W   8.4        2.9        2.5        7.9        0.0       35.2 
050915  101215  46  47.7060 N  60  57.8130 W   8.5        2.9        2.5        7.9        0.0       35.2 
050915  101217  46  47.7100 N  60  57.8080 W   8.5        2.9        2.5        7.9        0.0       35.2 
050915  101219  46  47.7130 N  60  57.8030 W   8.3        2.9        2.5        7.9        0.0       35.2 
050915  101221  46  47.7160 N  60  57.7980 W   8.2        2.9        2.5        7.9        0.0       35.2 
050915  101223  46  47.7200 N  60  57.7940 W   8.2        2.9        2.5        7.9        0.0       35.2 
050915  101225  46  47.7240 N  60  57.7900 W   8.4        2.9        2.5        7.9        0.0       35.2 
050915  101227  46  47.7270 N  60  57.7850 W   8.3        2.9        2.5        7.9        0.0       35.2 
050915  101229  46  47.7300 N  60  57.7800 W   8.1        2.9        2.5        7.9        0.0       35.2 
050915  101231  46  47.7330 N  60  57.7760 W   8.0        2.9        2.5        7.9        0.0       35.2 
050915  101233  46  47.7370 N  60  57.7720 W   8.2        2.9        2.5        7.9        0.0       35.2 
050915  101235  46  47.7400 N  60  57.7680 W   8.3        2.9        2.5        7.9        0.0       35.2 
050915  101237  46  47.7440 N  60  57.7630 W   7.8        2.9        2.5        7.9        0.0       35.2 
050915  101239  46  47.7470 N  60  57.7590 W   8.0        2.9        2.5        7.9        0.0       35.2 
050915  101241  46  47.7500 N  60  57.7550 W   8.0        2.9        2.5        7.9        0.0       35.2 
050915  101243  46  47.7540 N  60  57.7510 W   7.7        2.9        2.5        7.9        0.0       35.2 
050915  101245  46  47.7570 N  60  57.7460 W   7.6        2.9        2.5        7.9        0.0       35.2 
050915  101247  46  47.7600 N  60  57.7430 W   6.9        2.9        2.5        7.9        0.0       35.2 
050915  101249  46  47.7630 N  60  57.7390 W   6.3        2.9        2.5        7.9        0.0       35.2 
050915  101251  46  47.7650 N  60  57.7370 W   5.5        2.9        2.5        7.9        0.0       35.2 
050915  101253  46  47.7670 N  60  57.7340 W   5.1        2.9        2.5        7.9        0.0       35.2 
050915  101255  46  47.7690 N  60  57.7310 W   4.6        2.9        2.5        7.9        0.0       35.2 
050915  101257  46  47.7710 N  60  57.7290 W   4.3        2.9        2.5        7.9        0.0       35.2 
050915  101259  46  47.7730 N  60  57.7270 W   4.1        2.9        2.5        7.9        0.0       60.3*
050915  101301  46  47.7740 N  60  57.7250 W   3.7        2.9        7.8*     139.4*       0.0       60.3 
050915  101303  46  47.7760 N  60  57.7230 W   3.8        2.9        7.8      139.4        0.0       60.3 
050915  101305  46  47.7780 N  60  57.7210 W   3.2        2.9        7.8      139.4        0.0       62.9*
050915  101307  46  47.7790 N  60  57.7190 W   3.5        2.9        7.8      139.4        0.0       62.9 
050915  101309  46  47.7800 N  60  57.7180 W   3.1        2.9        7.8      139.4        0.0       62.9 
050915  101311  46  47.7810 N  60  57.7160 W   3.4        2.9        7.8       70.3*       0.0       62.0*
050915  101313  46  47.7830 N  60  57.7150 W   2.9        2.9       11.8*      70.3        0.0       62.0 
050915  101315  46  47.7840 N  60  57.7130 W   3.2        2.9       11.8       70.3        0.0       63.3*
050915  101317  46  47.7850 N  60  57.7120 W   3.0        2.9       11.8        8.3*       0.0       63.3 
050915  101319  46  47.7870 N  60  57.7100 W   2.7        2.9       11.8        8.3        0.0       63.3 
050915  101321  46  47.7880 N  60  57.7080 W   3.2        2.9       11.8        8.3        0.0       67.3*
050915  101323  46  47.7890 N  60  57.7060 W   2.6        2.9       11.8        8.0*       0.0       67.3 
050915  101325  46  47.7900 N  60  57.7050 W   2.9        2.9       10.9*       8.0        0.0       67.3 
050915  101327  46  47.7910 N  60  57.7030 W   3.0        2.9       10.9        7.5*       0.0       66.0*
050915  101329  46  47.7920 N  60  57.7020 W   2.5        2.9       10.9        7.5        0.0       66.0 
050915  101331  46  47.7940 N  60  57.7010 W   3.0        2.9       10.9        7.5        0.0       71.7*
050915  101333  46  47.7950 N  60  57.6990 W   2.4        2.9       10.9        8.4*       0.0       71.7 
050915  101335  46  47.7960 N  60  57.6980 W   2.9        2.9       10.9        8.4        0.0       71.7 
050915  101337  46  47.7970 N  60  57.6960 W   2.7        2.9       10.5*       8.4        0.0       72.6*
050915  101339  46  47.7980 N  60  57.6940 W   2.8        2.9       10.5        7.3*       0.0       72.6 
050915  101341  46  47.7990 N  60  57.6930 W   2.7        2.9       10.5        7.3        0.0       72.6 
050915  101343  46  47.8000 N  60  57.6910 W   2.6        2.9       10.5        7.3        0.0       76.1*
050915  101345  46  47.8010 N  60  57.6900 W   2.8        2.9       10.5        7.3        0.0       76.1 
050915  101347  46  47.8030 N  60  57.6890 W   2.7        2.9       10.5        7.3        0.0       77.0*
050915  101349  46  47.8040 N  60  57.6870 W   2.6        2.9        8.0*       7.6*       0.0       77.0 
050915  101351  46  47.8050 N  60  57.6860 W   2.9        2.9        8.0        7.6        0.0       77.0 
050915  101353  46  47.8060 N  60  57.6850 W   2.6        2.9        8.0        7.3*       0.0       80.1*
050915  101355  46  47.8070 N  60  57.6830 W   2.5        2.9        8.0        7.3        0.0       80.1 
050915  101357  46  47.8080 N  60  57.6820 W   3.1        2.9        8.0        7.3        0.0       80.1 
050915  101359  46  47.8090 N  60  57.6810 W   2.0        2.9        8.0        7.3        0.0       81.8*
050915  101401  46  47.8110 N  60  57.6800 W   3.3        2.9        9.0*       7.3        0.0       81.8 
050915  101403  46  47.8120 N  60  57.6780 W   1.7        2.9        9.0        7.3        0.0       85.3*
050915  101405  46  47.8130 N  60  57.6770 W   2.8        2.9        9.0        7.5*       0.0       85.3 
050915  101407  46  47.8140 N  60  57.6750 W   1.7        2.9        2.2*       7.5        0.0       85.3 
050915  101409  46  47.8140 N  60  57.6750 W   1.8        2.9        2.2        9.1*       0.0       87.1*
050915  101411  46  47.8150 N  60  57.6730 W   2.2        2.9        2.2        9.1        0.0       87.1 
050915  101413  46  47.8160 N  60  57.6730 W   1.6        2.9        2.2        9.1        0.0       87.1 
050915  101415  46  47.8170 N  60  57.6720 W   2.5        2.5*       2.2        5.9*       0.0      106.9*
050915  101417  46  47.8180 N  60  57.6710 W   2.0        2.5        2.2        5.9        0.0      106.9 
050915  101419  46  47.8190 N  60  57.6700 W   2.3        2.5        2.2        5.9        0.0      106.9 
050915  101421  46  47.8200 N  60  57.6690 W   2.4        2.5        2.2       15.5*       0.0       73.5*
050915  101423  46  47.8210 N  60  57.6670 W   1.9        2.5        2.2       15.5        0.0       73.5 
050915  101425  46  47.8220 N  60  57.6660 W   3.1        2.5        2.2       15.5        0.0       97.2*
050915  101427  46  47.8230 N  60  57.6650 W   2.0        2.5        8.4*      15.5        0.0       97.2 
050915  101429  46  47.8240 N  60  57.6640 W   3.1        2.5        8.4       15.5        0.0       97.2 
050915  101431  46  47.8250 N  60  57.6620 W   2.1        2.5        8.4        6.9*       0.0       94.1*
050915  101433  46  47.8260 N  60  57.6610 W   2.8        2.5        8.4        6.9        0.0       94.1 
050915  101435  46  47.8270 N  60  57.6590 W   2.6        2.5        8.4        6.7*       0.0       94.1 
050915  101437  46  47.8280 N  60  57.6580 W   1.9        2.5        8.4        6.7        0.0      100.3*
050915  101439  46  47.8290 N  60  57.6570 W   3.1        2.5       11.3*       6.7        0.0      100.3 
050915  101441  46  47.8300 N  60  57.6550 W   1.6        2.5       11.3        6.8*       0.0      102.1*
050915  101443  46  47.8310 N  60  57.6540 W   2.9        2.5       11.3        6.8        0.0      102.1 
050915  101445  46  47.8320 N  60  57.6530 W   1.9        2.5       11.3        6.8        0.0      102.1 
050915  101447  46  47.8330 N  60  57.6520 W   2.3        2.5       11.3        7.3*       0.0      103.8*
050915  101449  46  47.8340 N  60  57.6500 W   2.5        2.5       11.3        7.3        0.0      103.8 
050915  101451  46  47.8350 N  60  57.6500 W   2.3        2.5       10.7*       5.5*       0.0      103.8 
050915  101453  46  47.8370 N  60  57.6480 W   2.5        2.5       10.7        5.5        0.0      106.0*
050915  101455  46  47.8380 N  60  57.6470 W   2.5        2.5       10.7        5.5        0.0      106.0 
050915  101457  46  47.8380 N  60  57.6460 W   2.4        2.5       10.7        6.4*       0.0      106.0 
050915  101459  46  47.8390 N  60  57.6440 W   2.1        2.5       10.7        6.4        0.0      188.3*
050915  101501  46  47.8400 N  60  57.6430 W   2.8        2.5       10.7        6.4        0.0      188.3 
050915  101503  46  47.8410 N  60  57.6420 W   1.6        2.5       11.4*       6.6*       0.0       34.3*
050915  101505  46  47.8420 N  60  57.6410 W   2.6        2.5       11.4        6.6        0.0       34.3 
050915  101507  46  47.8430 N  60  57.6400 W   1.9        2.5       11.4        6.4*       0.0       34.3 
050915  101509  46  47.8440 N  60  57.6390 W   1.5        2.5        4.4*       6.4        0.0      114.4*
050915  101511  46  47.8450 N  60  57.6380 W   2.6        2.5        4.4        6.4        0.0      114.4 
050915  101513  46  47.8460 N  60  57.6370 W   2.0        2.5        4.4        6.6*       0.0      114.4 
050915  101515  46  47.8470 N  60  57.6360 W   2.4        2.5        4.4        6.6        0.0      116.6*
050915  101517  46  47.8480 N  60  57.6350 W   2.6       10.2*       4.4        6.8*       0.0      116.6 
050915  101519  46  47.8490 N  60  57.6330 W   2.1       10.2        4.4        6.8        0.0      117.4*
050915  101521  46  47.8500 N  60  57.6320 W   2.8       10.2        4.4        6.8        0.0      117.4 
050915  101523  46  47.8510 N  60  57.6310 W   2.3       10.2        2.4*       6.9*       0.0      117.4 
050915  101525  46  47.8520 N  60  57.6290 W   2.7       10.2        2.4        6.9        0.0      121.0*
050915  101527  46  47.8530 N  60  57.6280 W   2.4       10.2        2.4        6.9        0.0      121.0 
050915  101529  46  47.8530 N  60  57.6260 W   2.1        5.5*       2.4        7.9*       0.0      121.0 
050915  101531  46  47.8540 N  60  57.6250 W   2.4        5.5        2.4        7.9        0.0      121.4*
050915  101533  46  47.8550 N  60  57.6240 W   1.8        5.5        2.4        8.0*       0.0      121.4 
050915  101535  46  47.8560 N  60  57.6230 W   2.1        5.5        2.4        8.0        0.0      123.6*
050915  101537  46  47.8570 N  60  57.6230 W   2.0        5.5        2.4        8.0        0.0      123.6 
050915  101539  46  47.8570 N  60  57.6210 W   1.7        5.5        2.4        9.3*       0.0      123.6 
050915  101541  46  47.8580 N  60  57.6200 W   2.8        5.5       10.9*       9.3        0.0      122.7*
050915  101543  46  47.8590 N  60  57.6190 W   1.7        5.5       10.9        9.3        0.0      122.7 
050915  101545  46  47.8600 N  60  57.6180 W   2.7        5.5       10.9       10.5*       0.0      122.7 
050915  101547  46  47.8610 N  60  57.6170 W   2.2        5.5       10.9       10.5        0.0      123.6*
050915  101549  46  47.8620 N  60  57.6160 W   2.5        5.5       10.9       10.5        0.0      123.6 
050915  101551  46  47.8640 N  60  57.6140 W   2.8        5.5       10.9       10.5        0.0      123.6 
050915  101553  46  47.8640 N  60  57.6130 W   2.1        5.5       11.0*      10.5        0.0      124.5*
050915  101555  46  47.8660 N  60  57.6120 W   3.1        5.5       11.0       10.5        0.0      124.5 
050915  101557  46  47.8660 N  60  57.6100 W   2.1        5.5       11.0       10.5        0.0      124.5 
050915  101559  46  47.8670 N  60  57.6090 W   2.7        5.5       11.0       10.5*       0.0      123.6*
050915  101601  46  47.8690 N  60  57.6080 W   2.3        5.5       11.0       10.5        0.0      123.6 
050915  101603  46  47.8700 N  60  57.6060 W   2.0        5.5       11.0       10.5        0.0      122.3*
050915  101605  46  47.8710 N  60  57.6050 W   2.4        5.5       11.3*      12.0*       0.0      122.3 
050915  101607  46  47.8710 N  60  57.6040 W   1.9        5.5       11.3       12.0        0.0      122.3 
050915  101609  46  47.8720 N  60  57.6030 W   2.4        5.5       11.3       12.0        0.0      122.7*
050915  101611  46  47.8730 N  60  57.6020 W   2.3        5.5       11.3       11.5*       0.0      122.7 
050915  101613  46  47.8740 N  60  57.6000 W   2.6        5.5       11.3       11.5        0.0      122.7 
050915  101615  46  47.8750 N  60  57.5990 W   2.4        5.5       11.3       11.5        0.0      125.4*
050915  101617  46  47.8770 N  60  57.5980 W   2.6        5.5       11.3       11.5        0.0      125.4 
050915  101619  46  47.8780 N  60  57.5970 W   1.8        5.5       11.3       11.5        0.0      121.8*
050915  101621  46  47.8780 N  60  57.5960 W   2.5        5.5       11.3       12.7*       0.0      121.8 
050915  101623  46  47.8790 N  60  57.5950 W   1.8        5.5       11.3       12.7        0.0      121.8 
050915  101625  46  47.8800 N  60  57.5940 W   2.1        5.5       11.3       12.7        0.0      122.3*
050915  101627  46  47.8810 N  60  57.5930 W   2.0        5.5       11.3       12.7        0.0      122.3 
050915  101629  46  47.8820 N  60  57.5920 W   2.2        5.5        7.4*      12.7        0.0      122.3 
050915  101631  46  47.8830 N  60  57.5910 W   2.1        5.5        7.4       11.9*       0.0      124.5*
050915  101633  46  47.8840 N  60  57.5890 W   2.4        5.5        7.4       11.9        0.0      124.5 
050915  101635  46  47.8850 N  60  57.5880 W   2.3        5.5        7.4       11.9        0.0      124.5 
050915  101637  46  47.8860 N  60  57.5860 W   2.6        5.5        7.4       11.9        0.0      123.6*
050915  101639  46  47.8870 N  60  57.5850 W   1.9        5.5        7.4       11.9        0.0      123.6 
050915  101641  46  47.8880 N  60  57.5840 W   2.5        5.5       11.5*      11.3*       0.0      122.3*
050915  101643  46  47.8890 N  60  57.5830 W   1.5        5.5       11.5       11.3        0.0      122.3 
050915  101645  46  47.8900 N  60  57.5820 W   2.7        5.5       11.5       11.3        0.0      122.3 
050915  101647  46  47.8900 N  60  57.5810 W   1.7        5.5       11.5       11.8*       0.0      124.5*
050915  101649  46  47.8910 N  60  57.5800 W   2.7        5.5       11.5       11.8        0.0      124.5 
050915  101651  46  47.8920 N  60  57.5790 W   2.0        5.5       11.5       11.8        0.0      124.5 
050915  101653  46  47.8930 N  60  57.5780 W   2.5        5.5       11.5*      11.8        0.0      171.6*
050915  101655  46  47.8940 N  60  57.5760 W   1.8        5.5       11.5       11.8        0.0      171.6 
050915  101657  46  47.8950 N  60  57.5760 W   2.1        5.5       11.5       12.3*       0.0      171.6 
050915  101659  46  47.8960 N  60  57.5740 W   1.7        5.5       11.5       12.3        0.0       69.1*
050915  101701  46  47.8970 N  60  57.5740 W   1.8        5.5       11.5       12.3        0.0       69.1 
050915  101703  46  47.8980 N  60  57.5730 W   2.3        5.5       11.5       12.3        0.0      123.6*
050915  101705  46  47.8990 N  60  57.5720 W   2.0        5.5       11.1*      12.3        0.0      123.6 
050915  101707  46  47.9000 N  60  57.5710 W   2.6        5.5       11.1       13.8*       0.0      123.6 
050915  101709  46  47.9010 N  60  57.5690 W   1.9        5.5       11.1       13.8        0.0      124.0*
050915  101711  46  47.9020 N  60  57.5680 W   2.9        5.5       11.1       13.8        0.0      124.0 
050915  101713  46  47.9030 N  60  57.5670 W   1.8        5.5       11.1       13.8        0.0      124.0 
050915  101715  46  47.9040 N  60  57.5660 W   3.4        5.5       11.1       13.8        0.0      121.8*
050915  101717  46  47.9050 N  60  57.5650 W   1.6        5.5       11.5*      13.8        0.0      121.8 
050915  101719  46  47.9060 N  60  57.5630 W   3.5        5.5       11.5       13.8        0.0      121.8 
050915  101721  46  47.9070 N  60  57.5620 W   1.6        5.5       11.5       13.8        0.0      122.7*
050915  101723  46  47.9080 N  60  57.5610 W   2.8        5.5       11.5       13.1*       0.0      122.7 
050915  101725  46  47.9100 N  60  57.5600 W   2.1        5.5       11.5       13.1        0.0      122.7*
050915  101727  46  47.9100 N  60  57.5590 W   1.9        5.5       11.5       13.1        0.0      122.7 
050915  101729  46  47.9110 N  60  57.5570 W   2.4        5.5        8.7*      13.1        0.0      122.7 
050915  101731  46  47.9120 N  60  57.5560 W   2.2        5.5        8.7       13.1        0.0      123.6*
050915  101733  46  47.9130 N  60  57.5550 W   2.1        5.5        8.7       13.1        0.0      123.6 
050915  101735  46  47.9140 N  60  57.5540 W   3.0        5.5        8.7       13.1        0.0      123.6 
050915  101737  46  47.9150 N  60  57.5520 W   1.8        5.5        8.7       13.1        0.0      123.6*
050915  101739  46  47.9160 N  60  57.5510 W   3.0        5.5        8.7       12.9*       0.0      123.6 
050915  101741  46  47.9170 N  60  57.5500 W   1.6        5.5       10.2*      12.9        0.0      120.5*
050915  101743  46  47.9180 N  60  57.5490 W   2.3        5.5       10.2       12.9        0.0      120.5 
050915  101745  46  47.9190 N  60  57.5480 W   1.9        5.5       10.2       12.9        0.0      120.5 
050915  101747  46  47.9200 N  60  57.5470 W   1.9        5.5       10.2       12.9        0.0      121.8*
050915  101749  46  47.9200 N  60  57.5460 W   1.9        5.5       10.2       13.1*       0.0      121.8 
050915  101751  46  47.9220 N  60  57.5450 W   2.6        5.5       10.2       13.1        0.0      121.8 
050915  101753  46  47.9220 N  60  57.5440 W   1.7        5.5       11.1*      13.1        0.0      122.7*
050915  101755  46  47.9230 N  60  57.5420 W   3.2        5.5       11.1       16.7*       0.0      122.7 
050915  101757  46  47.9240 N  60  57.5410 W   1.8        5.5       11.1       16.7        0.0      122.7 
050915  101759  46  47.9250 N  60  57.5400 W   2.8        5.5       11.1       12.0*       0.0      122.7*
050915  101801  46  47.9270 N  60  57.5380 W   2.3        5.5       11.1       12.0        0.0      122.7 
050915  101803  46  47.9270 N  60  57.5370 W   2.4        5.5       11.1       12.0        0.0      124.0*
050915  101805  46  47.9280 N  60  57.5360 W   2.6        5.5       11.7*      12.0        0.0      124.0 
050915  101807  46  47.9300 N  60  57.5340 W   2.3        5.5       11.7       12.0        0.0      124.0 
050915  101809  46  47.9310 N  60  57.5330 W   2.3        5.5       11.7       12.0        0.0      123.2*
050915  101811  46  47.9320 N  60  57.5320 W   2.3        5.5       11.7       12.0        0.0      123.2 
050915  101813  46  47.9320 N  60  57.5310 W   1.8        5.5       11.7       12.0        0.0      123.2 
050915  101815  46  47.9330 N  60  57.5300 W   2.3        5.5       11.7       12.0        0.0      121.8*
050915  101817  46  47.9340 N  60  57.5290 W   1.9        5.5       11.7       12.0        0.0      121.8 
050915  101819  46  47.9350 N  60  57.5280 W   2.6        5.5       11.7       12.0        0.0      121.8 
050915  101821  46  47.9360 N  60  57.5270 W   2.0        5.5       11.7       12.0        0.0      119.6*
050915  101823  46  47.9370 N  60  57.5260 W   2.9        5.5       11.7       12.0        0.0      119.6 
050915  101825  46  47.9380 N  60  57.5240 W   2.0        5.5       11.7       12.0        0.0      121.8*
050915  101827  46  47.9390 N  60  57.5230 W   2.7        5.5       11.7       12.0        0.0      121.8 
050915  101829  46  47.9400 N  60  57.5220 W   2.3        5.5       10.0*      11.5*       0.0      121.8 
050915  101831  46  47.9420 N  60  57.5200 W   2.3        5.5       10.0       11.5        0.0      122.3*
050915  101833  46  47.9420 N  60  57.5200 W   2.4        5.5       10.0       11.5        0.0      122.3 
050915  101835  46  47.9440 N  60  57.5180 W   2.1        5.5       10.0       11.9*       0.0      122.3 
050915  101837  46  47.9440 N  60  57.5170 W   2.0        5.5       10.0       11.9        0.0      123.2*
050915  101839  46  47.9450 N  60  57.5160 W   2.3        5.5       10.0       11.9        0.0      123.2 
050915  101841  46  47.9460 N  60  57.5150 W   1.3        5.5       10.2*      11.9        0.0      120.5*
050915  101843  46  47.9470 N  60  57.5140 W   2.7        5.5       10.2       11.9        0.0      120.5 
050915  101845  46  47.9480 N  60  57.5130 W   1.7        5.5       10.2       11.9        0.0      120.5 
050915  101847  46  47.9490 N  60  57.5120 W   2.3        5.5       10.2       11.9        0.0      122.7*
050915  101849  46  47.9500 N  60  57.5110 W   2.2        5.5       10.2       11.9        0.0      122.7 
050915  101851  46  47.9510 N  60  57.5100 W   2.1        5.5       10.2       11.9        0.0      122.7 
050915  101853  46  47.9510 N  60  57.5080 W   2.4        5.5       10.2       11.9        0.0      120.1*
050915  101855  46  47.9530 N  60  57.5070 W   2.2        5.5       10.2       11.9        0.0      120.1 
050915  101857  46  47.9540 N  60  57.5060 W   2.2        5.5       10.2       11.9        0.0      120.1 
050915  101859  46  47.9540 N  60  57.5050 W   2.0        5.5       10.2       11.9        0.0      124.0*
050915  101901  46  47.9560 N  60  57.5040 W   2.4        5.5       10.2       11.9        0.0      124.0 
050915  101903  46  47.9560 N  60  57.5030 W   1.8        5.5       10.2       11.9        0.0      121.8*
050915  101905  46  47.9570 N  60  57.5020 W   2.6        5.5       11.4*      11.9        0.0      121.8 
050915  101907  46  47.9580 N  60  57.5010 W   1.9        5.5       11.4       11.9        0.0      121.8 
050915  101909  46  47.9590 N  60  57.5000 W   2.8        5.5       11.4       11.9        0.0      122.7*
050915  101911  46  47.9600 N  60  57.4980 W   2.2        5.5       11.4       11.9        0.0      122.7 
050915  101913  46  47.9620 N  60  57.4970 W   2.7        5.5       11.4       11.9        0.0      122.7 
050915  101915  46  47.9620 N  60  57.4960 W   2.0        5.5       11.4       11.9        0.0      121.8*
050915  101917  46  47.9630 N  60  57.4950 W   2.5        5.5       11.4       11.9        0.0      121.8 
050915  101919  46  47.9640 N  60  57.4940 W   1.2        5.5       11.4       11.9        0.0      121.8 
050915  101921  46  47.9650 N  60  57.4930 W   2.5        5.5       11.4       11.9        0.0      121.0*
050915  101923  46  47.9660 N  60  57.4920 W   1.0        5.5       11.4       11.9        0.0      121.0 
050915  101925  46  47.9660 N  60  57.4910 W   2.4        5.5       11.4       11.9        0.0      124.9*
050915  101927  46  47.9670 N  60  57.4910 W   1.4        5.5       11.4       11.9        0.0      124.9 
050915  101929  46  47.9680 N  60  57.4900 W   2.2        5.5        9.4*      11.9        0.0      124.9 
050915  101931  46  47.9690 N  60  57.4890 W   2.0        5.5        9.4       11.9        0.0      120.5*
050915  101933  46  47.9700 N  60  57.4880 W   2.1        5.5        9.4       11.9        0.0      120.5 
050915  101935  46  47.9710 N  60  57.4870 W   2.4        5.5        9.4       11.9        0.0      120.5 
050915  101937  46  47.9720 N  60  57.4860 W   2.0        5.5        9.4       11.9        0.0      121.8*
050915  101939  46  47.9730 N  60  57.4850 W   2.6        5.5        9.4       11.9        0.0      121.8 
050915  101941  46  47.9740 N  60  57.4840 W   2.0        5.5       11.9*       8.6*       0.0      121.8 
050915  101943  46  47.9750 N  60  57.4820 W   2.8        5.5       11.9        8.6        0.0      122.3*
050915  101945  46  47.9760 N  60  57.4810 W   2.1        5.5       11.9        8.6        0.0      122.3 
050915  101947  46  47.9770 N  60  57.4790 W   2.9        5.5       11.9        8.6        0.0      123.6*
050915  101949  46  47.9780 N  60  57.4780 W   1.9        5.5       11.9        8.6        0.0      123.6 
050915  101951  46  47.9790 N  60  57.4770 W   2.7        5.5       11.9        8.6        0.0      123.6 
050915  101953  46  47.9800 N  60  57.4760 W   1.4        5.5        9.9*       8.6        0.0      125.4*
050915  101955  46  47.9810 N  60  57.4750 W   2.8        5.5        9.9        8.6        0.0      125.4 
050915  101957  46  47.9820 N  60  57.4740 W   1.3        5.5        9.9        8.6        0.0      125.4 
050915  101959  46  47.9830 N  60  57.4730 W   3.0        5.5        9.9        8.6        0.0      118.8*
050915  102001  46  47.9840 N  60  57.4710 W   1.5        5.5        9.9        8.6        0.0      118.8 
050915  102003  46  47.9850 N  60  57.4710 W   2.8        5.5        9.9        8.6        0.0      118.8 
050915  102005  46  47.9860 N  60  57.4690 W   1.8        5.5       11.4*       8.6        0.0      120.1*
050915  102007  46  47.9860 N  60  57.4680 W   2.6        5.5       11.4        8.6        0.0      120.1 
050915  102009  46  47.9870 N  60  57.4670 W   2.2        5.5       11.4        8.6        0.0      122.7*
050915  102011  46  47.9880 N  60  57.4660 W   2.4        5.5       11.4        9.8*       0.0      122.7 
050915  102013  46  47.9890 N  60  57.4650 W   2.2        5.5       11.4        9.8        0.0      122.7 
050915  102015  46  47.9900 N  60  57.4630 W   1.9        5.5       11.1*       9.8        0.0      123.2*
050915  102017  46  47.9910 N  60  57.4630 W   2.0        5.5       11.1        9.8        0.0      123.2 
050915  102019  46  47.9920 N  60  57.4620 W   1.9        5.5       11.1        9.8        0.0      123.2 
050915  102021  46  47.9920 N  60  57.4610 W   1.8        5.5       11.1        9.8        0.0      121.0*
050915  102023  46  47.9940 N  60  57.4600 W   2.6        5.5       11.1       42.7*       0.0      121.0 
050915  102025  46  47.9950 N  60  57.4580 W   1.7        5.5       11.1       42.7        0.0      121.0 
050915  102027  46  47.9960 N  60  57.4570 W   2.9        5.5       10.0*      42.7        0.0      123.6*
050915  102029  46  47.9970 N  60  57.4560 W   2.0        5.5       10.0       42.7        0.0      123.6 
050915  102031  46  47.9980 N  60  57.4540 W   2.4        5.5       10.0       42.7        0.0      122.3*
050915  102033  46  47.9990 N  60  57.4530 W   2.5        5.5       10.0       42.7        0.0      122.3 
050915  102035  46  47.9990 N  60  57.4520 W   1.7        5.5       10.0       42.7        0.0      122.3 
050915  102037  46  48.0000 N  60  57.4510 W   2.3        5.5       10.0       42.7        0.0      187.8*
050915  102039  46  48.0010 N  60  57.4500 W   1.2        5.5       10.0       42.7        0.0      187.8 
050915  102041  46  48.0010 N  60  57.4500 W   1.9        5.5       10.0       42.7        0.0      187.8 
050915  102043  46  48.0020 N  60  57.4490 W   1.6        5.5       10.0        4.9*       0.0      187.8 
050915  102045  46  48.0030 N  60  57.4480 W   1.8        5.5       10.0        4.9        0.0      187.8 
050915  102048  46  48.0050 N  60  57.4470 W   1.2        5.5       10.0       11.1*       0.0      187.8 
050915  102049  46  48.0050 N  60  57.4460 W   1.6        5.5       10.0       11.1        0.0      187.8 
050915  102051  46  48.0060 N  60  57.4460 W   1.8        5.5       12.1*      11.1        0.0      187.8 
050915  102054  46  48.0070 N  60  57.4440 W   2.2        5.5       12.1       10.9*       0.0      123.2*
050915  102055  46  48.0070 N  60  57.4440 W   1.6        5.5       12.1       10.9        0.0      123.2 
050915  102057  46  48.0080 N  60  57.4440 W   2.0        5.5       12.1       10.9        0.0      123.2 
050915  102059  46  48.0090 N  60  57.4420 W   1.3        5.5       12.1       14.9*       0.0       87.5*
050915  102101  46  48.0100 N  60  57.4420 W   2.4        5.5       12.1       14.9        0.0       87.5 
050915  102103  46  48.0100 N  60  57.4410 W   1.0        5.5       12.1       14.9        0.0       87.5 
050915  102106  46  48.0120 N  60  57.4400 W   2.4        5.5       12.1       23.6*       0.0      139.9*
050915  102107  46  48.0120 N  60  57.4390 W   1.2        5.5       12.1       23.6        0.0      139.9 
050915  102109  46  48.0130 N  60  57.4390 W   2.0        5.5       12.1       23.6        0.0      117.4*
050915  102112  46  48.0140 N  60  57.4390 W   1.5        5.5       12.1       23.6        0.0      117.4 
050915  102113  46  48.0140 N  60  57.4380 W   1.7        5.5       12.1       23.6        0.0      117.4 
050915  102115  46  48.0150 N  60  57.4370 W   1.8        5.5       12.1        3.6*       0.0      105.6*
050915  102118  46  48.0160 N  60  57.4360 W   1.2        5.5       12.1        3.6        0.0      105.6 
050915  102119  46  48.0160 N  60  57.4360 W   2.0        5.5       12.1        7.4*       0.0      105.6 
050915  102121  46  48.0170 N  60  57.4350 W   1.2        5.5       12.1        7.4        0.0      160.6*
050915  102124  46  48.0180 N  60  57.4330 W   1.5        5.5       12.1        7.4        0.0      160.6 
050915  102125  46  48.0190 N  60  57.4330 W   1.6        5.5       12.1        7.1*       0.0      160.6 
050915  102127  46  48.0190 N  60  57.4320 W   1.5        5.5       12.1        7.1        0.0       73.0*
050915  102130  46  48.0200 N  60  57.4310 W   1.9        5.5       12.1       14.3*       0.0       73.0 
050915  102131  46  48.0210 N  60  57.4310 W   1.5        5.5       12.1       14.3        0.0      128.0*
050915  102133  46  48.0220 N  60  57.4300 W   1.6        5.5       12.1       14.3        0.0      128.0 
050915  102136  46  48.0230 N  60  57.4290 W   2.0        5.5       12.1        2.9*       0.0      128.0 
050915  102137  46  48.0230 N  60  57.4290 W   1.4        5.5       12.1        2.9        0.0      121.8*
050915  102139  46  48.0240 N  60  57.4280 W   1.9        5.5       12.1        2.9        0.0      121.8 
050915  102142  46  48.0250 N  60  57.4270 W   1.2        5.5       12.3*      12.2*       0.0      121.8 
050915  102143  46  48.0250 N  60  57.4270 W   1.8        5.5       12.3       12.2        0.0      320.7*
050915  102145  46  48.0260 N  60  57.4260 W   1.3        5.5       12.3       12.2        0.0      320.7 
050915  102148  46  48.0270 N  60  57.4260 W   1.6        5.5       12.3        9.4*       0.0      320.7 
050915  102150  46  48.0280 N  60  57.4250 W   1.5        5.5       12.3        9.4        0.0      320.7 
050915  102151  46  48.0280 N  60  57.4240 W   1.7        5.5       12.3        0.5*       0.0      320.7 
050915  102154  46  48.0300 N  60  57.4230 W   1.4        5.5       12.3        0.5        0.0      148.7*
050915  102155  46  48.0300 N  60  57.4230 W   2.2        5.5       12.3        0.5        0.0      148.7 
050915  102157  46  48.0310 N  60  57.4220 W   1.2        5.5       12.3       10.5*       0.0      148.7 
050915  102200  46  48.0320 N  60  57.4210 W   2.0        5.5       12.3       10.5        0.0      107.3*
050915  102201  46  48.0330 N  60  57.4200 W   1.2        5.5       12.3        0.6*       0.0      107.3 
050915  102203  46  48.0330 N  60  57.4200 W   1.6        5.5       12.3        0.6        0.0      107.3 
050915  102206  46  48.0350 N  60  57.4180 W   1.4        5.5       12.3        0.6        0.0      110.0*
050915  102207  46  48.0350 N  60  57.4180 W   1.4        5.5       12.3       16.4*       0.0      110.0 
050915  102209  46  48.0360 N  60  57.4170 W   1.9        5.5       12.3       16.4        0.0       72.6*
050915  102212  46  48.0370 N  60  57.4160 W   1.1        5.5       12.3        1.7*       0.0       72.6 
050915  102213  46  48.0370 N  60  57.4160 W   1.3        5.5       12.3        1.7        0.0       72.6 
050915  102215  46  48.0380 N  60  57.4150 W   2.2        5.5       12.3        1.7        0.0      123.2*
050915  102218  46  48.0390 N  60  57.4150 W   1.3        5.5       12.3       10.8*       0.0      123.2 
050915  102220  46  48.0400 N  60  57.4140 W   2.6        5.1*      12.3       10.8        0.0      123.2 
050915  102221  46  48.0400 N  60  57.4130 W   1.2        5.1       12.3       10.8        0.0       59.8*
050915  102224  46  48.0410 N  60  57.4120 W   2.7        5.1       12.3       15.8*       0.0       59.8 
050915  102225  46  48.0420 N  60  57.4120 W   1.5        5.1       12.3       15.8        0.0      100.7*
050915  102227  46  48.0420 N  60  57.4110 W   1.6        5.1       12.3       15.8        0.0      100.7 
050915  102230  46  48.0440 N  60  57.4100 W   1.0        5.1       12.3        7.3*       0.0      100.7 
050915  102231  46  48.0440 N  60  57.4100 W   1.7        5.1       12.3        7.3        0.0      119.6*
050915  102233  46  48.0450 N  60  57.4090 W   1.4        5.1       12.3        7.3        0.0      119.6 
050915  102236  46  48.0460 N  60  57.4080 W   2.0        5.1       12.3        7.3        0.0      119.6 
050915  102237  46  48.0470 N  60  57.4080 W   1.1        5.1       12.3        7.3        0.0      100.7*
050915  102239  46  48.0470 N  60  57.4080 W   1.8        5.1       12.3        8.3*       0.0      100.7 
050915  102242  46  48.0490 N  60  57.4070 W   1.3        5.1       12.3        8.3        0.0      115.2*
050915  102243  46  48.0490 N  60  57.4070 W   1.4        5.1       10.3*       4.2*       0.0      115.2 
050915  102245  46  48.0500 N  60  57.4050 W   2.1        5.1       10.3        4.2        0.0      115.2 
050915  102248  46  48.0510 N  60  57.4050 W   2.0        5.1       10.3        4.2        0.0      115.2 
050915  102250  46  48.0510 N  60  57.4040 W   1.3        5.1       10.3        6.2*       0.0      115.2 
050915  102251  46  48.0520 N  60  57.4040 W   1.1        5.1       10.3        6.2        0.0      115.2 
050915  102254  46  48.0530 N  60  57.4030 W   1.9        5.1       10.3       10.7*       0.0      115.2 
050915  102255  46  48.0530 N  60  57.4020 W   1.6        5.1       10.3       10.7        0.0      115.2 
050915  102257  46  48.0540 N  60  57.4020 W   1.5        5.1       10.3       10.7        0.0      115.2 
050915  102300  46  48.0550 N  60  57.4010 W   1.3        5.1       10.3       11.7*       0.0      115.2 
050915  102301  46  48.0550 N  60  57.4010 W   1.1        5.1       10.3       11.7        0.0      115.2 
050915  102303  46  48.0560 N  60  57.4000 W   2.0        5.1       10.3       11.7        0.0      115.2 
050915  102306  46  48.0570 N  60  57.3990 W   1.4        5.1       10.3       11.7        0.0      192.2*
050915  102307  46  48.0580 N  60  57.3990 W   1.9        5.1       10.3       11.7        0.0      192.2 
050915  102309  46  48.0590 N  60  57.3980 W   1.5        5.1       10.3       11.7        0.0      192.2 
050915  102312  46  48.0600 N  60  57.3970 W   2.0        5.1       10.3        7.4*       0.0      192.2 
050915  102313  46  48.0600 N  60  57.3970 W   1.5        5.1       10.3        7.4        0.0      192.2 
050915  102315  46  48.0610 N  60  57.3970 W   1.7        5.1       10.3        5.6*       0.0       74.8*
050915  102318  46  48.0620 N  60  57.3950 W   1.7        5.1       10.3        5.6        0.0       74.8 
050915  102319  46  48.0630 N  60  57.3950 W   1.8        5.1       10.3        5.6        0.0      124.9*
050915  102321  46  48.0640 N  60  57.3940 W   1.8        5.1       10.3        7.3*       0.0      124.9 
050915  102324  46  48.0650 N  60  57.3930 W   1.5        5.1       10.3        7.3        0.0      124.9 
050915  102325  46  48.0650 N  60  57.3930 W   1.9        5.1       10.3        5.2*       0.0       17.2*
050915  102327  46  48.0660 N  60  57.3930 W   1.4        5.1       10.3        5.2        0.0       17.2 
050915  102330  46  48.0670 N  60  57.3910 W   1.5        5.1       10.3        5.2        0.0       17.2 
050915  102331  46  48.0680 N  60  57.3910 W   1.5        5.1       10.1*       8.6*       0.0       70.4*
050915  102333  46  48.0680 N  60  57.3900 W   2.1        5.1       10.1        8.6        0.0       70.4 
050915  102336  46  48.0700 N  60  57.3890 W   2.2        5.1       10.1        3.6*       0.0       62.9*
050915  102337  46  48.0700 N  60  57.3890 W   2.2        5.1       10.1        3.6        0.0       62.9 
050915  102339  46  48.0710 N  60  57.3880 W   1.3        5.1       10.1        3.6        0.0       62.9 
050915  102342  46  48.0720 N  60  57.3870 W   1.6        5.1       10.1        5.9*       0.0       58.9*
050915  102343  46  48.0730 N  60  57.3870 W   1.6        2.8*      10.1        5.9        0.0       58.9 
050915  102345  46  48.0740 N  60  57.3860 W   1.8        2.8       10.1        5.9        0.0       58.9 
050915  102348  46  48.0750 N  60  57.3840 W   1.5        2.8       10.1        5.9*       0.0       59.8*
050915  102349  46  48.0750 N  60  57.3840 W   1.3        2.8       10.1        5.9        0.0       59.8 
050915  102351  46  48.0770 N  60  57.3840 W   3.1        2.8       10.1        5.9        0.0       25.5*
050915  102354  46  48.0780 N  60  57.3820 W   2.3        2.8       10.1        0.9*       0.0       25.5 
050915  102355  46  48.0780 N  60  57.3820 W   3.0        2.8       10.1        0.9        0.0       25.5 
050915  102357  46  48.0790 N  60  57.3800 W   1.4        2.8       10.1        4.1*       0.0       79.6*
050915  102400  46  48.0810 N  60  57.3800 W   1.8        2.8       10.1        4.1        0.0       79.6 
050915  102401  46  48.0810 N  60  57.3790 W   1.7        2.8       10.1        4.1        0.0       79.6 
050915  102403  46  48.0820 N  60  57.3780 W   1.9        2.8       10.1       14.7*       0.0       47.9*
050915  102406  46  48.0830 N  60  57.3770 W   2.3        2.8       10.1       14.7        0.0       47.9 
050915  102407  46  48.0840 N  60  57.3770 W   2.4        2.8       10.1        4.7*       0.0        3.5*
050915  102409  46  48.0850 N  60  57.3760 W   1.6        2.8       10.1        4.7        0.0        3.5 
050915  102412  46  48.0860 N  60  57.3750 W   1.8        2.8       10.1        4.7        0.0        3.5 
050915  102413  46  48.0870 N  60  57.3740 W   1.6        2.8       10.1        4.7        0.0       80.9*
050915  102415  46  48.0880 N  60  57.3740 W   2.0        2.8       10.1        4.7        0.0       80.9 
050915  102418  46  48.0890 N  60  57.3720 W   2.3        2.8        8.3*       3.7*       0.0       80.9 
050915  102420  46  48.0900 N  60  57.3720 W   2.2        2.8        8.3        3.7        0.0       80.9 
050915  102421  46  48.0910 N  60  57.3710 W   2.6        2.8        8.3        3.7        0.0       80.9 
050915  102424  46  48.0930 N  60  57.3690 W   2.3        2.8        8.3        3.7        0.0       80.9 
050915  102425  46  48.0930 N  60  57.3690 W   2.4        2.8        8.3        3.7        0.0       80.9 
