FileName: C:\2005NE~1\GP249.TXT
Local Time: Thu Sep 15 16:44:39 2005

Ship: Marco Michel Trip: 09 Tow: gp249
Comments: zone 20
 Date    Time     Latitude       Longitude    Speed    Primary  Secondary DoorSpread WingSpread      Depth 
050915  194441  47   6.8290 N  60  20.8250 W   8.2        2.2*      13.2*       3.5*       0.0        8.8*
050915  194443  47   6.8290 N  60  20.8180 W   8.5        2.2       13.2        3.5        0.0        8.8 
050915  194445  47   6.8280 N  60  20.8110 W   9.0        2.2       13.2        3.5        0.0        8.8 
050915  194447  47   6.8280 N  60  20.8030 W   8.8        2.2       13.2        3.5        0.0        8.8 
050915  194449  47   6.8280 N  60  20.7960 W   9.0        2.2       13.2        3.5        0.0        8.8 
050915  194451  47   6.8270 N  60  20.7890 W   8.8        2.2       13.2        3.5        0.0        8.8 
050915  194453  47   6.8270 N  60  20.7810 W   9.7        2.2       13.2        3.5        0.0        8.8 
050915  194455  47   6.8260 N  60  20.7730 W   9.5        2.2       13.2        3.5        0.0        8.8 
050915  194457  47   6.8250 N  60  20.7650 W   9.8        2.2       13.2        3.5        0.0        8.8 
050915  194459  47   6.8250 N  60  20.7580 W   9.1        2.2       13.2        3.5        0.0        8.8 
050915  194501  47   6.8240 N  60  20.7500 W   9.2        2.2       13.2        3.5        0.0        8.8 
050915  194503  47   6.8230 N  60  20.7430 W   9.5        2.2       13.2        3.5        0.0        8.8 
050915  194505  47   6.8220 N  60  20.7350 W   9.8        2.2       13.2        3.5        0.0        8.8 
050915  194507  47   6.8220 N  60  20.7270 W   9.3        2.2       13.2        3.5        0.0        8.8 
050915  194509  47   6.8210 N  60  20.7200 W   9.1        2.2       13.2        3.5        0.0        8.8 
050915  194511  47   6.8200 N  60  20.7120 W   9.5        2.2       13.2        3.5        0.0        8.8 
050915  194513  47   6.8200 N  60  20.7040 W   9.9        2.2       13.2        3.5        0.0        8.8 
050915  194515  47   6.8190 N  60  20.6970 W   9.6        2.2       13.2        3.5        0.0        8.8 
050915  194517  47   6.8180 N  60  20.6890 W   9.6        2.2       13.2        3.5        0.0        8.8 
050915  194519  47   6.8170 N  60  20.6810 W   9.3        2.2       13.2        3.5        0.0        8.8 
050915  194521  47   6.8170 N  60  20.6740 W   9.4        2.2       13.2        3.5        0.0        8.8 
050915  194523  47   6.8160 N  60  20.6660 W   9.7        2.2       13.2        3.5        0.0        8.8 
050915  194525  47   6.8160 N  60  20.6580 W   9.5        2.2       13.2        3.5        0.0        8.8 
050915  194527  47   6.8150 N  60  20.6510 W   9.1        2.2       13.2        3.5        0.0        8.8 
050915  194529  47   6.8140 N  60  20.6430 W   9.6        2.2       13.2        3.5        0.0        8.8 
050915  194531  47   6.8130 N  60  20.6360 W   9.4        2.2       13.2        3.5        0.0        8.8 
050915  194533  47   6.8130 N  60  20.6280 W   9.7        2.2       13.2        3.5        0.0        8.8 
050915  194535  47   6.8130 N  60  20.6200 W   9.4        2.2       13.2        3.5        0.0        8.8 
050915  194537  47   6.8120 N  60  20.6120 W   9.2        2.2       13.2        3.5        0.0        8.8 
050915  194539  47   6.8110 N  60  20.6050 W   9.3        2.2       13.2        3.5        0.0        8.8 
050915  194541  47   6.8110 N  60  20.5970 W   9.4        2.2       13.2        3.5        0.0        8.8 
050915  194543  47   6.8100 N  60  20.5890 W   9.5        2.2       13.2        3.5        0.0        8.8 
050915  194545  47   6.8100 N  60  20.5820 W   9.5        2.2       13.2        3.5        0.0        8.8 
050915  194547  47   6.8090 N  60  20.5740 W   9.4        2.2       13.2        3.5        0.0        8.8 
050915  194549  47   6.8080 N  60  20.5670 W   9.0        2.2       13.2       30.8*       0.0        8.8 
050915  194551  47   6.8080 N  60  20.5600 W   9.0        2.2       13.2       30.8        0.0        8.8 
050915  194553  47   6.8080 N  60  20.5530 W   9.0        2.2       13.2       30.8        0.0        8.8 
050915  194555  47   6.8080 N  60  20.5450 W   9.0        2.2       13.2       30.8        0.0        8.8 
050915  194557  47   6.8070 N  60  20.5380 W   9.1        2.2       13.2       30.8        0.0        8.8 
050915  194559  47   6.8070 N  60  20.5300 W   8.7        2.2       13.2       30.8        0.0        8.8 
050915  194601  47   6.8060 N  60  20.5230 W   8.8        2.2       13.2       30.8        0.0        8.8 
050915  194603  47   6.8060 N  60  20.5160 W   8.9        2.2       13.2       30.8        0.0        8.8 
050915  194605  47   6.8050 N  60  20.5090 W   9.0        2.2       13.2       30.8        0.0        8.8 
050915  194607  47   6.8050 N  60  20.5020 W   8.2        2.2       13.2       30.8        0.0        8.8 
050915  194609  47   6.8050 N  60  20.4950 W   8.8        2.2       13.2       30.8        0.0        8.8 
050915  194611  47   6.8040 N  60  20.4870 W   8.9        2.7*      13.2       30.8        0.0        8.8 
050915  194613  47   6.8040 N  60  20.4800 W   9.0        2.7       13.2       30.8        0.0        8.8 
050915  194615  47   6.8040 N  60  20.4730 W   8.9        2.7       13.2       30.8        0.0        8.8 
050915  194617  47   6.8040 N  60  20.4660 W   8.9        2.7       13.2       30.8        0.0        8.8 
050915  194619  47   6.8030 N  60  20.4580 W   9.1        2.7       13.2       30.8        0.0        8.8 
050915  194621  47   6.8020 N  60  20.4510 W   9.0        2.7       13.2       30.8        0.0        8.8 
050915  194623  47   6.8020 N  60  20.4430 W   9.0        2.7       13.2       30.8        0.0        8.8 
050915  194625  47   6.8020 N  60  20.4360 W   9.0        2.7       13.2       30.8        0.0        8.8 
050915  194627  47   6.8020 N  60  20.4280 W   8.8        2.7       13.2       30.8        0.0        8.8 
050915  194629  47   6.8010 N  60  20.4210 W   9.6        2.7       13.2       30.8        0.0        8.8 
050915  194631  47   6.8000 N  60  20.4130 W   8.8        2.7       13.2       30.8        0.0        8.8 
050915  194633  47   6.8000 N  60  20.4060 W   9.2        2.7       13.2       30.8        0.0        8.8 
050915  194635  47   6.7990 N  60  20.3990 W   8.6        2.7       13.2       30.8        0.0        8.8 
050915  194637  47   6.7990 N  60  20.3920 W   8.8        2.7       13.2       30.8        0.0        8.8 
050915  194639  47   6.7990 N  60  20.3840 W   9.3        2.7       13.2       30.8        0.0        8.8 
050915  194641  47   6.7980 N  60  20.3770 W   8.9        2.7       13.2       30.8        0.0        8.8 
050915  194643  47   6.7970 N  60  20.3700 W   9.1        2.7       13.2       30.8        0.0        8.8 
050915  194645  47   6.7960 N  60  20.3630 W   8.8        2.7       13.2       30.8        0.0        8.8 
050915  194648  47   6.7960 N  60  20.3510 W   9.1        2.7       13.2       30.8        0.0        8.8 
050915  194649  47   6.7950 N  60  20.3480 W   9.2        2.7       13.2       30.8        0.0        8.8 
050915  194651  47   6.7940 N  60  20.3410 W   9.0        2.7       13.2       30.8        0.0        8.8 
050915  194653  47   6.7930 N  60  20.3330 W   8.5        2.7       13.2       30.8        0.0        8.8 
050915  194655  47   6.7920 N  60  20.3260 W   9.0        2.7       13.2       30.8        0.0        8.8 
050915  194657  47   6.7920 N  60  20.3190 W   8.3        2.7       13.2       30.8        0.0        8.8 
050915  194659  47   6.7910 N  60  20.3130 W   8.8        2.7       13.2       30.8        0.0        8.8 
050915  194701  47   6.7900 N  60  20.3060 W   8.7        2.7       13.2       30.8        0.0        8.8 
050915  194703  47   6.7890 N  60  20.2990 W   8.5        2.7       13.2       30.8        0.0        8.8 
050915  194705  47   6.7890 N  60  20.2920 W   8.7        2.7       13.2       30.8        0.0        8.8 
050915  194707  47   6.7880 N  60  20.2850 W   9.1        2.7       13.2       30.8        0.0        8.8 
050915  194709  47   6.7870 N  60  20.2780 W   8.5        2.7       13.2       30.8        0.0        8.8 
050915  194711  47   6.7860 N  60  20.2710 W   8.6        2.7       13.2       30.8        0.0        8.8 
050915  194713  47   6.7860 N  60  20.2640 W   8.8        2.7       13.2       30.8        0.0        8.8 
050915  194715  47   6.7850 N  60  20.2570 W   8.6        2.7       13.2       30.8        0.0        8.8 
050915  194717  47   6.7850 N  60  20.2500 W   9.0        2.7       13.2       30.8        0.0        8.8 
050915  194719  47   6.7840 N  60  20.2420 W   8.6        2.7       13.2       30.8        0.0        8.8 
050915  194721  47   6.7840 N  60  20.2360 W   8.4        2.7       13.2       30.8        0.0        8.8 
050915  194723  47   6.7830 N  60  20.2280 W   8.8        2.7       13.2       30.8        0.0        8.8 
050915  194725  47   6.7830 N  60  20.2210 W   8.8        2.7       13.2       30.8        0.0        8.8 
050915  194727  47   6.7830 N  60  20.2140 W   9.0        2.7       13.2       30.8        0.0        8.8 
050915  194730  47   6.7820 N  60  20.2040 W   8.9        2.7       13.2       30.8        0.0        8.8 
050915  194731  47   6.7810 N  60  20.2000 W   8.4        2.7       13.2       30.8        0.0        8.8 
050915  194733  47   6.7810 N  60  20.1940 W   8.8        2.7       13.2       30.8        0.0        8.8 
050915  194735  47   6.7810 N  60  20.1870 W   8.6        2.7       13.2       30.8        0.0        8.8 
050915  194737  47   6.7810 N  60  20.1800 W   8.6        2.7       13.2       30.8        0.0        8.8 
050915  194739  47   6.7800 N  60  20.1720 W   8.5        2.7       13.2       30.8        0.0        8.8 
050915  194741  47   6.7800 N  60  20.1660 W   8.5        2.7       13.2       30.8        0.0        8.8 
050915  194743  47   6.7800 N  60  20.1590 W   8.5        2.7       13.2       30.8        0.0        8.8 
050915  194745  47   6.7800 N  60  20.1520 W   8.5        2.7       13.2       30.8        0.0        8.8 
050915  194748  47   6.7790 N  60  20.1410 W   8.6        2.7       13.2       30.8        0.0        8.8 
050915  194749  47   6.7790 N  60  20.1380 W   8.5        2.7       13.2       30.8        0.0        8.8 
050915  194751  47   6.7790 N  60  20.1310 W   8.5        2.7       13.2       30.8        0.0        8.8 
050915  194754  47   6.7790 N  60  20.1200 W   8.6        2.7       13.2       30.8        0.0        8.8 
050915  194755  47   6.7780 N  60  20.1170 W   8.4        2.7       13.2       30.8        0.0        8.8 
050915  194757  47   6.7780 N  60  20.1100 W   8.6        2.7       13.2       30.8        0.0        8.8 
050915  194800  47   6.7780 N  60  20.1000 W   8.7        2.7       13.2       30.8        0.0        8.8 
050915  194801  47   6.7780 N  60  20.0970 W   8.2        2.7       13.2       30.8        0.0        8.8 
050915  194803  47   6.7780 N  60  20.0900 W   8.8        2.7       13.2       30.8        0.0        8.8 
050915  194806  47   6.7770 N  60  20.0790 W   8.4        2.7       13.2       30.8        0.0        8.8 
050915  194807  47   6.7770 N  60  20.0760 W   8.2        2.7       13.2       30.8        0.0        8.8 
050915  194809  47   6.7770 N  60  20.0690 W   7.8        2.7        4.9*      30.8        0.0        8.8 
050915  194812  47   6.7770 N  60  20.0600 W   7.3        2.7        4.9       30.8        0.0        8.8 
050915  194813  47   6.7770 N  60  20.0570 W   7.7        2.7        4.9       30.8        0.0        8.8 
050915  194815  47   6.7770 N  60  20.0510 W   7.0        2.7        4.9        7.6*       0.0        8.8 
050915  194818  47   6.7760 N  60  20.0430 W   6.7        2.7        4.9        7.6        0.0        8.8 
050915  194819  47   6.7760 N  60  20.0400 W   6.8        2.7        4.9        7.6        0.0        8.8 
050915  194821  47   6.7760 N  60  20.0350 W   6.9        2.7        4.9        7.6        0.0        8.8 
050915  194824  47   6.7750 N  60  20.0260 W   6.6        2.7        4.9        7.6        0.0        8.8 
050915  194825  47   6.7750 N  60  20.0240 W   6.5        2.7        4.9        7.6        0.0        8.8 
050915  194827  47   6.7740 N  60  20.0180 W   6.9        2.7        4.9        7.6        0.0       78.3*
050915  194830  47   6.7740 N  60  20.0100 W   6.8        2.7        4.9        7.6        0.0       78.3 
050915  194831  47   6.7730 N  60  20.0080 W   6.7        2.7        4.9        7.6        0.0       78.3 
050915  194833  47   6.7730 N  60  20.0020 W   6.6        2.7        4.9        7.6        0.0       69.5*
050915  194836  47   6.7720 N  60  19.9940 W   6.6        2.7        4.9        7.6        0.0       69.5 
050915  194837  47   6.7720 N  60  19.9910 W   6.5        2.7        4.9        7.6        0.0       69.5 
050915  194839  47   6.7720 N  60  19.9860 W   6.7        2.7        4.9        7.6        0.0       69.5 
050915  194842  47   6.7710 N  60  19.9780 W   6.3        2.7        4.9        7.6        0.0       69.5 
050915  194843  47   6.7710 N  60  19.9750 W   6.5        2.7        4.9        7.6        0.0       69.5 
050915  194845  47   6.7710 N  60  19.9700 W   6.4        2.7        4.9        7.6        0.0       69.5 
050915  194848  47   6.7700 N  60  19.9610 W   6.9        2.7        4.9        7.6        0.0       69.5 
050915  194849  47   6.7700 N  60  19.9580 W   6.5        2.7        4.9        7.6        0.0       69.5 
050915  194851  47   6.7700 N  60  19.9530 W   6.8        2.7        4.9        7.6        0.0       69.5 
050915  194854  47   6.7690 N  60  19.9450 W   7.0        2.7        4.9        7.6        0.0       69.5 
050915  194855  47   6.7690 N  60  19.9420 W   6.8        2.7        4.9        7.6        0.0       69.5 
050915  194857  47   6.7690 N  60  19.9370 W   6.5        2.7        4.9        7.6        0.0       69.5 
050915  194900  47   6.7680 N  60  19.9290 W   6.7        2.7        4.9        7.6        0.0       69.5 
050915  194901  47   6.7680 N  60  19.9260 W   6.6        2.7        4.9        7.6        0.0       69.5 
050915  194903  47   6.7680 N  60  19.9200 W   6.7        2.7        4.9        7.6        0.0       69.5 
050915  194906  47   6.7680 N  60  19.9130 W   6.8        2.7        4.9        7.6        0.0       78.3*
050915  194907  47   6.7680 N  60  19.9100 W   6.4        2.7        4.9        7.6        0.0       78.3 
050915  194909  47   6.7680 N  60  19.9050 W   6.5        2.7        4.9        7.6        0.0       78.3 
050915  194912  47   6.7670 N  60  19.8960 W   6.8        2.7        4.9        7.6        0.0       78.3 
050915  194913  47   6.7670 N  60  19.8930 W   6.7        2.7        4.9        7.6        0.0       78.3 
050915  194915  47   6.7670 N  60  19.8880 W   6.4        2.7        4.9        7.6        0.0       78.3 
050915  194918  47   6.7660 N  60  19.8800 W   6.5        2.7        4.9        7.6        0.0       78.3 
050915  194919  47   6.7660 N  60  19.8770 W   6.8        2.7        4.9        7.6        0.0       78.3 
050915  194921  47   6.7660 N  60  19.8720 W   6.6        2.7        4.9        7.6        0.0       78.3 
050915  194924  47   6.7660 N  60  19.8640 W   6.3        2.7        4.9        7.6        0.0       78.3 
050915  194925  47   6.7660 N  60  19.8610 W   6.5        2.7        4.9        7.6        0.0       78.3 
050915  194927  47   6.7660 N  60  19.8550 W   6.9        2.7        4.9        7.6        0.0       78.3 
050915  194930  47   6.7650 N  60  19.8470 W   6.8        2.7        4.9        7.6        0.0       78.3 
050915  194931  47   6.7650 N  60  19.8440 W   6.5        2.7        4.9        7.6        0.0       78.3 
050915  194933  47   6.7650 N  60  19.8390 W   6.4        2.7        4.9        7.6        0.0       78.3 
050915  194936  47   6.7650 N  60  19.8310 W   6.7        2.7        4.9        7.6        0.0       78.3 
050915  194937  47   6.7650 N  60  19.8290 W   6.8        2.7        4.9        7.6        0.0       78.3 
050915  194939  47   6.7640 N  60  19.8240 W   6.5        2.7        4.9        7.6        0.0       78.3 
050915  194942  47   6.7650 N  60  19.8160 W   6.4        2.7        4.9        7.6        0.0       78.3 
050915  194943  47   6.7650 N  60  19.8130 W   6.6        2.7        4.9        7.6        0.0       78.3 
050915  194945  47   6.7650 N  60  19.8070 W   6.9        2.7        4.9        7.6        0.0       78.3 
050915  194948  47   6.7650 N  60  19.7990 W   5.9        2.7        4.9        7.6        0.0       78.3 
050915  194949  47   6.7660 N  60  19.7970 W   6.5        2.7        4.9        7.6        0.0       78.3 
050915  194951  47   6.7660 N  60  19.7910 W   6.3        2.7        4.9        7.6        0.0       78.3 
050915  194954  47   6.7660 N  60  19.7840 W   5.2        2.7        4.9        7.6        0.0       78.3 
050915  194955  47   6.7660 N  60  19.7820 W   5.2        2.7        4.9        7.6        0.0       78.3 
050915  194957  47   6.7650 N  60  19.7780 W   4.3        2.7       13.4*       4.2*       0.0       78.3 
050915  195000  47   6.7650 N  60  19.7730 W   4.4        2.7       13.4        4.2        0.0       49.3*
050915  195001  47   6.7640 N  60  19.7710 W   4.3        2.7       13.4        4.2        0.0       49.3 
050915  195003  47   6.7640 N  60  19.7680 W   3.4        2.7       13.4        4.2        0.0       80.5*
050915  195006  47   6.7640 N  60  19.7640 W   3.4        2.7       13.4        4.2        0.0       80.5 
050915  195007  47   6.7630 N  60  19.7630 W   3.4        2.7       13.4        4.2        0.0       80.5 
050915  195009  47   6.7630 N  60  19.7600 W   3.4        2.7       13.4        4.2        0.0       36.5*
050915  195012  47   6.7620 N  60  19.7560 W   3.0        2.7       13.4        4.2        0.0       36.5 
050915  195013  47   6.7620 N  60  19.7550 W   3.2        2.7       13.4       11.0*       0.0       36.5 
050915  195015  47   6.7610 N  60  19.7520 W   3.3        2.7       13.4       11.0        0.0       65.5*
050915  195018  47   6.7610 N  60  19.7490 W   3.2        2.7       13.4        7.4*       0.0       65.5 
050915  195019  47   6.7600 N  60  19.7480 W   3.5        2.7       13.4        7.4        0.0       66.0*
050915  195021  47   6.7600 N  60  19.7450 W   2.7        2.7       13.4        7.4        0.0       66.0 
050915  195024  47   6.7590 N  60  19.7420 W   3.0        2.7       13.4        7.5*       0.0       66.0 
050915  195025  47   6.7590 N  60  19.7400 W   2.8        2.7       13.4        7.5        0.0       77.0*
050915  195027  47   6.7580 N  60  19.7390 W   3.0        2.7       13.4        7.5        0.0       77.0 
050915  195030  47   6.7580 N  60  19.7350 W   2.6        2.7       13.4        5.6*       0.0       68.6*
050915  195031  47   6.7580 N  60  19.7340 W   3.1        2.7       13.4        5.6        0.0       68.6 
050915  195033  47   6.7570 N  60  19.7310 W   2.7        2.7       13.4        7.1*       0.0       68.6 
050915  195036  47   6.7560 N  60  19.7280 W   3.3        2.7       13.4        7.1        0.0       72.1*
050915  195037  47   6.7560 N  60  19.7270 W   2.7        2.7       13.4        7.1        0.0       72.1 
050915  195039  47   6.7560 N  60  19.7250 W   3.0        2.7       13.4        7.0*       0.0       72.1 
050915  195042  47   6.7550 N  60  19.7210 W   3.1        2.7       13.4        7.0        0.0       69.5*
050915  195043  47   6.7550 N  60  19.7200 W   2.8        2.7       13.4        6.0*       0.0       69.5 
050915  195045  47   6.7540 N  60  19.7180 W   3.0        2.7       13.4        6.0        0.0       69.5 
050915  195048  47   6.7540 N  60  19.7140 W   2.7        2.7       13.4        6.0        0.0       56.7*
050915  195049  47   6.7530 N  60  19.7130 W   3.1        2.7       13.4        6.5*       0.0       56.7 
050915  195051  47   6.7530 N  60  19.7110 W   2.7        2.7       13.4        6.5        0.0       92.8*
050915  195054  47   6.7520 N  60  19.7070 W   3.1        2.7       13.4        6.5        0.0       92.8 
050915  195055  47   6.7520 N  60  19.7060 W   2.7        2.7       13.4        6.1*       0.0       92.8 
050915  195057  47   6.7510 N  60  19.7040 W   3.1        2.7       13.4        6.1        0.0       75.7*
050915  195100  47   6.7500 N  60  19.7010 W   3.0        2.7       13.4        6.4*       0.0       75.7 
050915  195101  47   6.7500 N  60  19.7000 W   3.1        2.7       13.4        6.4        0.0       75.7 
050915  195103  47   6.7500 N  60  19.6970 W   3.0        2.7       13.4        6.4        0.0       71.3*
050915  195106  47   6.7490 N  60  19.6940 W   2.8        2.7       13.4        3.9*       0.0       71.3 
050915  195107  47   6.7490 N  60  19.6920 W   3.0        2.7       13.4        3.9        0.0       98.1*
050915  195109  47   6.7480 N  60  19.6900 W   2.3        2.7       13.4        3.9        0.0       98.1 
050915  195112  47   6.7480 N  60  19.6870 W   2.3        2.7       13.4        6.2*       0.0       98.1 
050915  195113  47   6.7470 N  60  19.6860 W   1.9        2.7       13.4        6.2        0.0       71.7*
050915  195115  47   6.7470 N  60  19.6850 W   2.6        2.7        3.6*       5.9*       0.0       71.7 
050915  195118  47   6.7460 N  60  19.6830 W   2.2        2.7        3.6        5.9        0.0       71.7 
050915  195119  47   6.7460 N  60  19.6820 W   2.1        2.7        3.6        5.9        0.0       88.0*
050915  195121  47   6.7460 N  60  19.6800 W   2.1        2.7        3.6        6.2*       0.0       88.0 
050915  195124  47   6.7450 N  60  19.6780 W   2.1        3.2*       3.6        6.2        0.0      148.7*
050915  195125  47   6.7450 N  60  19.6770 W   1.9        3.2        3.6        6.2*       0.0      148.7 
050915  195127  47   6.7450 N  60  19.6760 W   1.4        3.2        3.6        6.2        0.0      148.7 
050915  195130  47   6.7440 N  60  19.6740 W   1.6        3.2        3.0*       6.2        0.0       55.0*
050915  195131  47   6.7440 N  60  19.6740 W   1.1        3.2        3.0        7.4*       0.0       55.0 
050915  195133  47   6.7440 N  60  19.6730 W   2.7        3.2        3.0        7.4        0.0       55.0 
050915  195136  47   6.7430 N  60  19.6700 W   2.3        4.0*       3.0        7.4        0.0       82.7*
050915  195137  47   6.7430 N  60  19.6690 W   3.1        4.0        3.0        5.5*       0.0       82.7 
050915  195140  47   6.7420 N  60  19.6670 W   2.4        4.0        3.0        5.5        0.0      108.2*
050915  195142  47   6.7410 N  60  19.6640 W   2.8        4.0        2.5*       6.8*       0.0      108.2 
050915  195143  47   6.7410 N  60  19.6630 W   2.1        4.0        2.5        6.8        0.0      108.2 
050915  195145  47   6.7400 N  60  19.6610 W   3.3        4.0        2.5        6.8        0.0       94.6*
050915  195148  47   6.7400 N  60  19.6580 W   1.9        4.0        2.5        5.9*       0.0       94.6 
050915  195149  47   6.7390 N  60  19.6570 W   3.1        3.6*       2.5        5.9        0.0       94.6 
050915  195151  47   6.7390 N  60  19.6550 W   1.7        3.6        2.5        5.9        0.0      120.5*
050915  195154  47   6.7380 N  60  19.6530 W   2.0        3.6        2.5        6.0*       0.0      120.5 
050915  195155  47   6.7380 N  60  19.6520 W   1.8        3.6        2.4*       6.0        0.0      120.5 
050915  195157  47   6.7380 N  60  19.6510 W   1.7        3.6        2.4        3.9*       0.0      110.0*
050915  195200  47   6.7370 N  60  19.6490 W   1.5        3.6        2.4        3.9        0.0      110.0 
050915  195202  47   6.7370 N  60  19.6470 W   2.1        3.3*       2.4        3.9        0.0      100.3*
050915  195203  47   6.7370 N  60  19.6460 W   2.1        3.3        2.4        6.5*       0.0      100.3 
050915  195206  47   6.7360 N  60  19.6450 W   2.2        3.3        2.4        6.5        0.0      100.3 
050915  195207  47   6.7360 N  60  19.6450 W   1.7        3.3        2.4        6.9*       0.0      115.7*
050915  195209  47   6.7350 N  60  19.6430 W   1.8        3.3        2.4        6.9        0.0      115.7 
050915  195212  47   6.7350 N  60  19.6400 W   2.0        3.3        2.4        6.9        0.0      115.7 
050915  195213  47   6.7350 N  60  19.6400 W   2.5        3.3        2.4        4.7*       0.0      128.0*
050915  195215  47   6.7340 N  60  19.6380 W   1.9        3.3        2.4        4.7        0.0      128.0 
050915  195218  47   6.7330 N  60  19.6350 W   2.4        3.3        2.4        4.7        0.0      109.5*
050915  195219  47   6.7330 N  60  19.6340 W   2.4        3.3        2.4        7.4*       0.0      109.5 
050915  195221  47   6.7330 N  60  19.6320 W   2.6        3.3        2.9*       7.4        0.0      109.5 
050915  195224  47   6.7320 N  60  19.6300 W   2.9        3.3        2.9        7.4*       0.0      135.9*
050915  195225  47   6.7320 N  60  19.6280 W   2.9        3.3        2.9        7.4        0.0      135.9 
050915  195227  47   6.7320 N  60  19.6260 W   2.0        3.3        2.9        7.4        0.0      135.9 
050915  195230  47   6.7310 N  60  19.6240 W   2.5        4.1*       2.9        3.1*       0.0      113.0*
050915  195231  47   6.7310 N  60  19.6230 W   1.6        4.1        2.9        3.1        0.0      113.0 
050915  195234  47   6.7300 N  60  19.6200 W   2.6        4.1        2.9        5.6*       0.0      113.0 
050915  195236  47   6.7290 N  60  19.6190 W   1.5        4.1        2.9        5.6        0.0      135.5*
050915  195237  47   6.7290 N  60  19.6180 W   2.4        4.1        2.9        5.6        0.0      135.5 
050915  195239  47   6.7290 N  60  19.6160 W   1.4        4.1        2.9        5.3*       0.0      135.5 
050915  195242  47   6.7280 N  60  19.6140 W   2.4        4.5*       2.9        5.3        0.0      127.1*
050915  195244  47   6.7280 N  60  19.6130 W   1.3        4.5        2.9        5.3        0.0      127.1 
050915  195245  47   6.7280 N  60  19.6130 W   2.3        4.5        2.9        4.8*       0.0      167.6*
050915  195248  47   6.7270 N  60  19.6100 W   1.5        4.5        2.9        4.8        0.0      167.6 
050915  195249  47   6.7270 N  60  19.6100 W   1.7        4.5        2.9        5.3*       0.0      167.6 
050915  195251  47   6.7270 N  60  19.6080 W   2.2        4.5        2.9        5.3        0.0      110.0*
050915  195254  47   6.7260 N  60  19.6060 W   2.1        4.5        2.9        5.3        0.0      110.0 
050915  195255  47   6.7260 N  60  19.6050 W   2.3        3.9*       2.9        7.3*       0.0      110.0 
050915  195257  47   6.7250 N  60  19.6030 W   2.2        3.9        2.9        7.3        0.0      144.3*
050915  195300  47   6.7250 N  60  19.6000 W   2.3        3.9        2.9        7.3        0.0      144.3 
050915  195301  47   6.7240 N  60  19.5990 W   2.8        3.9        2.5*       3.5*       0.0      144.3 
050915  195303  47   6.7240 N  60  19.5970 W   2.2        3.9        2.5        3.5        0.0      136.8*
050915  195306  47   6.7230 N  60  19.5930 W   2.3        3.9        2.5        5.2*       0.0      136.8 
050915  195308  47   6.7230 N  60  19.5910 W   3.7        3.3*       2.5        5.2        0.0      148.7*
050915  195310  47   6.7220 N  60  19.5890 W   2.3        3.3        2.5        5.2        0.0      148.7 
050915  195312  47   6.7220 N  60  19.5870 W   3.3        3.3        2.5        4.8*       0.0      148.7 
050915  195314  47   6.7210 N  60  19.5850 W   2.2        3.3        2.2*       4.8        0.0      147.4*
050915  195316  47   6.7210 N  60  19.5830 W   2.6        3.3        2.2        5.6*       0.0      147.4 
050915  195318  47   6.7200 N  60  19.5820 W   2.3        3.3        2.2        5.6        0.0      147.4 
050915  195320  47   6.7200 N  60  19.5800 W   2.2        3.3        2.2        5.6        0.0      158.4*
050915  195322  47   6.7190 N  60  19.5780 W   2.0        3.3*       2.2        6.4*       0.0      158.4 
050915  195324  47   6.7190 N  60  19.5760 W   2.3        3.3        2.2        6.4        0.0      158.4 
050915  195326  47   6.7190 N  60  19.5740 W   1.8        3.3        2.2        6.4        0.0      151.3*
050915  195328  47   6.7180 N  60  19.5730 W   1.9        3.3        3.0*       5.7*       0.0      151.3 
050915  195330  47   6.7170 N  60  19.5720 W   1.3        3.3        3.0        5.7        0.0      156.2*
050915  195332  47   6.7170 N  60  19.5700 W   2.8        3.3        3.0        6.6*       0.0      156.2 
050915  195334  47   6.7170 N  60  19.5680 W   1.3        3.3        3.0        6.6        0.0      156.2 
050915  195336  47   6.7160 N  60  19.5670 W   3.1       13.4*       3.0        6.6        0.0      158.8*
050915  195338  47   6.7160 N  60  19.5650 W   1.4       13.4        3.0        6.6*       0.0      158.8 
050915  195340  47   6.7160 N  60  19.5640 W   3.3       13.4        3.0        6.6        0.0      158.8 
050915  195342  47   6.7150 N  60  19.5610 W   1.6       13.4        3.7*       6.6        0.0      161.0*
050915  195344  47   6.7140 N  60  19.5600 W   3.1       13.4        3.7        7.1*       0.0      161.0 
050915  195346  47   6.7140 N  60  19.5570 W   1.9       13.4        3.7        7.1        0.0      161.0 
050915  195348  47   6.7140 N  60  19.5560 W   2.5       13.4        3.7        7.1*       0.0      164.5*
050915  195350  47   6.7140 N  60  19.5540 W   2.1        7.8*       3.7        7.1        0.0      164.5 
050915  195352  47   6.7130 N  60  19.5530 W   1.8        7.8        3.7        7.1        0.0      165.0*
050915  195354  47   6.7130 N  60  19.5510 W   2.0        7.8        3.7        7.6*       0.0      165.0 
050915  195356  47   6.7120 N  60  19.5500 W   1.7        7.8        3.7        7.6        0.0      165.0 
050915  195358  47   6.7120 N  60  19.5480 W   1.8        7.8        3.7        8.4*       0.0      167.2*
050915  195400  47   6.7120 N  60  19.5470 W   1.7        7.8        3.7        8.4        0.0      167.2 
050915  195402  47   6.7110 N  60  19.5450 W   1.8        7.8       12.5*       8.4        0.0      167.2 
050915  195404  47   6.7110 N  60  19.5440 W   1.5        7.8       12.5        8.9*       0.0      166.7*
050915  195406  47   6.7100 N  60  19.5430 W   1.9        7.8       12.5        8.9        0.0      166.7 
050915  195408  47   6.7100 N  60  19.5410 W   1.9        7.8       12.5        8.9        0.0      166.7 
050915  195410  47   6.7090 N  60  19.5390 W   2.3        7.8       12.5        9.8*       0.0      165.4*
050915  195412  47   6.7090 N  60  19.5370 W   1.9        7.8       12.5        9.8        0.0      165.4 
050915  195414  47   6.7090 N  60  19.5360 W   2.7        7.8       12.5       17.6*       0.0      165.4 
050915  195416  47   6.7090 N  60  19.5350 W   1.8        7.8       12.5       17.6        0.0      165.4 
050915  195418  47   6.7080 N  60  19.5330 W   2.6        7.8       12.5       17.6        0.0      165.4 
050915  195420  47   6.7070 N  60  19.5310 W   2.5        7.8       12.5        3.5*       0.0      165.4 
050915  195422  47   6.7070 N  60  19.5290 W   2.4        7.8       12.5        3.5        0.0      165.4 
050915  195424  47   6.7060 N  60  19.5270 W   2.2        7.8       12.5        3.5        0.0      165.4 
050915  195426  47   6.7060 N  60  19.5250 W   1.9        7.8       12.5       12.5*       0.0      169.8*
050915  195428  47   6.7050 N  60  19.5240 W   2.4        7.8       12.5       12.5        0.0      169.8 
050915  195430  47   6.7050 N  60  19.5220 W   1.6        7.8       12.5       12.6*       0.0      169.8 
050915  195432  47   6.7050 N  60  19.5210 W   2.3        7.8       12.5       12.6        0.0      169.4*
050915  195434  47   6.7040 N  60  19.5200 W   1.5        7.8       12.5       12.6        0.0      169.4 
050915  195436  47   6.7040 N  60  19.5190 W   2.2        7.8       12.5       13.8*       0.0      169.4 
050915  195438  47   6.7040 N  60  19.5170 W   2.4        7.8       12.5       13.8        0.0      169.4 
050915  195440  47   6.7030 N  60  19.5150 W   1.8        7.8       12.5       13.8        0.0      168.5*
050915  195442  47   6.7030 N  60  19.5130 W   2.8        7.8       12.5       13.2*       0.0      168.5 
050915  195444  47   6.7030 N  60  19.5110 W   2.0        7.8       12.5       13.2        0.0      168.5 
050915  195446  47   6.7020 N  60  19.5090 W   2.5        7.8       12.5       13.4*       0.0      168.5 
050915  195448  47   6.7020 N  60  19.5080 W   1.9        7.8       12.5       13.4        0.0      168.5 
050915  195450  47   6.7010 N  60  19.5060 W   2.3        7.8       12.5       13.4        0.0      168.5 
050915  195452  47   6.7010 N  60  19.5040 W   1.7        7.8       12.5       13.4        0.0      168.5 
050915  195454  47   6.7000 N  60  19.5030 W   1.6        7.8       12.5       13.4        0.0      168.5*
050915  195456  47   6.7000 N  60  19.5010 W   2.4        7.8       12.5       13.4        0.0      168.5 
050915  195458  47   6.6990 N  60  19.5000 W   1.8        7.8       12.5       16.2*       0.0      168.5 
050915  195500  47   6.6990 N  60  19.4980 W   2.8        7.8       12.5       16.2        0.0      167.2*
050915  195502  47   6.6980 N  60  19.4960 W   2.0        7.8       10.3*      23.0*       0.0      167.2 
050915  195504  47   6.6980 N  60  19.4940 W   2.6        7.8       10.3       23.0        0.0      167.2 
050915  195506  47   6.6970 N  60  19.4930 W   2.3        7.8       10.3       23.0        0.0      170.2*
050915  195508  47   6.6970 N  60  19.4900 W   2.1        7.8       10.3       23.0        0.0      170.2 
050915  195510  47   6.6960 N  60  19.4890 W   2.3        7.8       10.3       23.0        0.0      167.2*
050915  195512  47   6.6960 N  60  19.4870 W   1.7        7.8       10.3       23.0        0.0      167.2 
050915  195514  47   6.6960 N  60  19.4860 W   1.9        7.8       10.3       23.0        0.0      167.2 
050915  195516  47   6.6960 N  60  19.4850 W   1.5        7.8       10.3       23.0        0.0      169.4*
050915  195518  47   6.6950 N  60  19.4830 W   1.5        7.8       10.3       23.0        0.0      169.4 
050915  195520  47   6.6950 N  60  19.4830 W   1.7        7.8       10.3       23.0        0.0      169.4 
050915  195522  47   6.6950 N  60  19.4810 W   1.4        7.8       10.3       23.0        0.0      216.0*
050915  195524  47   6.6940 N  60  19.4800 W   2.3        7.8       10.3       23.0        0.0      216.0 
050915  195526  47   6.6940 N  60  19.4780 W   1.9        7.8       10.7*      23.0        0.0      216.0 
050915  195528  47   6.6930 N  60  19.4770 W   1.9        7.8       10.7       23.0        0.0      119.2*
050915  195530  47   6.6930 N  60  19.4750 W   2.3        7.8       10.7       23.0        0.0      119.2 
050915  195532  47   6.6930 N  60  19.4740 W   2.5        7.8       10.7       23.0        0.0      119.2 
050915  195534  47   6.6930 N  60  19.4710 W   1.9        7.8       10.7       23.0        0.0      169.4*
050915  195536  47   6.6920 N  60  19.4700 W   3.0        7.8       10.7       23.0        0.0      169.4 
050915  195538  47   6.6920 N  60  19.4670 W   2.0        7.8       10.7       23.0        0.0      168.9*
050915  195540  47   6.6910 N  60  19.4650 W   2.2        7.8       10.7       23.0        0.0      168.9 
050915  195542  47   6.6910 N  60  19.4650 W   2.4        7.8       10.7       23.0        0.0      168.9 
050915  195544  47   6.6900 N  60  19.4620 W   1.5        7.8       10.7       23.0        0.0      167.6*
050915  195546  47   6.6900 N  60  19.4610 W   2.6        7.8       10.7       23.0        0.0      167.6 
050915  195548  47   6.6900 N  60  19.4590 W   1.2        7.8       10.7       12.5*       0.0      167.6 
050915  195550  47   6.6900 N  60  19.4580 W   1.8        7.8       10.7       12.5        0.0      168.0*
050915  195552  47   6.6890 N  60  19.4560 W   1.9        7.8       10.7       12.5        0.0      168.0 
050915  195554  47   6.6890 N  60  19.4550 W   1.7        7.8       10.7       12.5        0.0      168.0 
050915  195556  47   6.6880 N  60  19.4530 W   2.7        7.8       10.7       12.5        0.0      169.4*
050915  195558  47   6.6880 N  60  19.4520 W   1.8        7.8       10.7       12.5        0.0      169.4 
050915  195600  47   6.6880 N  60  19.4500 W   2.9        7.8       10.7       12.5        0.0      169.4 
050915  195602  47   6.6870 N  60  19.4480 W   1.9        7.8       10.7       12.5        0.0      167.6*
050915  195604  47   6.6870 N  60  19.4460 W   3.0        7.8       10.7       12.5        0.0      167.6 
050915  195606  47   6.6860 N  60  19.4440 W   1.9        7.8       10.7       12.5        0.0      168.0*
050915  195608  47   6.6860 N  60  19.4420 W   3.0        7.8       10.7       10.9*       0.0      168.0 
050915  195610  47   6.6850 N  60  19.4410 W   1.6        7.8       10.7       10.9        0.0      168.0 
050915  195612  47   6.6850 N  60  19.4390 W   2.7        7.8       10.7       10.9        0.0      168.0*
050915  195614  47   6.6850 N  60  19.4370 W   1.5        7.8       10.7       10.9        0.0      168.0 
050915  195616  47   6.6840 N  60  19.4360 W   2.3        7.8       10.7       10.9        0.0      168.0 
050915  195618  47   6.6840 N  60  19.4350 W   1.4        7.8       10.7       10.9        0.0      167.2*
050915  195620  47   6.6830 N  60  19.4330 W   2.1        7.8       10.7       21.6*       0.0      167.2 
050915  195622  47   6.6830 N  60  19.4310 W   2.0        7.8       10.7       21.6        0.0      167.2 
050915  195624  47   6.6820 N  60  19.4300 W   2.2        7.8       10.7        4.0*       0.0      168.5*
050915  195626  47   6.6820 N  60  19.4280 W   2.4        7.8       11.9*       4.0        0.0      168.5 
050915  195628  47   6.6810 N  60  19.4260 W   2.5        7.8       11.9        4.0        0.0      169.4*
050915  195630  47   6.6810 N  60  19.4250 W   2.3        7.8       11.9        4.0        0.0      169.4 
050915  195632  47   6.6800 N  60  19.4220 W   2.5        7.8       11.9        4.0        0.0      169.4 
050915  195634  47   6.6800 N  60  19.4200 W   2.2        7.8       11.9        4.0        0.0      168.5*
050915  195636  47   6.6800 N  60  19.4190 W   2.2        7.8       11.9        4.0        0.0      168.5 
050915  195638  47   6.6800 N  60  19.4170 W   1.9        7.8       11.9        4.0        0.0      168.5 
050915  195640  47   6.6790 N  60  19.4160 W   2.2        7.8       11.9        4.0        0.0      168.0*
050915  195642  47   6.6790 N  60  19.4140 W   1.5        7.8       11.9        4.0        0.0      168.0 
050915  195644  47   6.6780 N  60  19.4130 W   1.8        7.8       11.9        4.0        0.0      168.0 
050915  195646  47   6.6780 N  60  19.4120 W   1.4        7.8       11.9        4.0        0.0      165.8*
050915  195648  47   6.6780 N  60  19.4110 W   2.2        7.8       11.5*       4.0        0.0      165.8 
050915  195650  47   6.6780 N  60  19.4090 W   1.7        7.8       11.5        4.0        0.0      165.8 
050915  195652  47   6.6770 N  60  19.4070 W   2.5        7.8       11.5        4.0        0.0      170.2*
050915  195654  47   6.6770 N  60  19.4060 W   1.6        7.8       11.5        4.0        0.0      170.2 
050915  195656  47   6.6760 N  60  19.4040 W   2.4        7.8       11.5        4.0        0.0      168.0*
050915  195658  47   6.6760 N  60  19.4020 W   2.0        7.8       11.5        4.0        0.0      168.0 
050915  195700  47   6.6750 N  60  19.4010 W   2.7        7.8       11.5        4.0        0.0      168.0 
050915  195702  47   6.6750 N  60  19.3990 W   2.1        7.8       11.5        4.0        0.0      168.0*
050915  195704  47   6.6740 N  60  19.3970 W   2.6        7.8       11.5        4.0        0.0      168.0 
050915  195706  47   6.6740 N  60  19.3950 W   2.4        7.8       11.5        4.0        0.0      168.0 
050915  195708  47   6.6740 N  60  19.3930 W   2.0        7.8       11.5        4.0        0.0      169.4*
050915  195710  47   6.6740 N  60  19.3920 W   2.5        7.8       11.5        4.0        0.0      169.4 
050915  195712  47   6.6730 N  60  19.3900 W   1.7        7.8       10.7*       4.0        0.0      169.4 
050915  195714  47   6.6730 N  60  19.3880 W   2.1        7.8       10.7        4.0        0.0      166.7*
050915  195716  47   6.6730 N  60  19.3870 W   1.7        7.8       10.7        4.0        0.0      166.7 
050915  195718  47   6.6720 N  60  19.3850 W   1.8        7.8       10.7        4.0        0.0      166.7 
050915  195720  47   6.6720 N  60  19.3840 W   1.4        7.8       10.7        4.0        0.0      168.0*
050915  195722  47   6.6710 N  60  19.3830 W   1.8        7.8       10.7        4.0        0.0      168.0 
050915  195724  47   6.6710 N  60  19.3810 W   1.8        7.8       10.7        4.0        0.0      169.8*
050915  195726  47   6.6700 N  60  19.3800 W   2.3        7.8       10.7        4.0        0.0      169.8 
050915  195728  47   6.6690 N  60  19.3780 W   1.8        7.8       10.7        4.0        0.0      169.8 
050915  195730  47   6.6690 N  60  19.3770 W   2.6        7.8       10.7        4.0        0.0      167.6*
050915  195732  47   6.6690 N  60  19.3750 W   1.8        7.8       10.7        4.0        0.0      167.6 
050915  195734  47   6.6680 N  60  19.3730 W   3.3        7.8       10.7        4.0        0.0      167.6 
050915  195736  47   6.6680 N  60  19.3710 W   1.7        7.8       10.7        4.0        0.0      168.9*
050915  195738  47   6.6670 N  60  19.3690 W   2.9        7.8       10.7        4.0        0.0      168.9 
050915  195740  47   6.6670 N  60  19.3670 W   1.7        7.8       10.7       11.9*       0.0      168.9 
050915  195742  47   6.6660 N  60  19.3660 W   2.3        7.8       10.7       11.9        0.0      168.9*
050915  195744  47   6.6660 N  60  19.3640 W   1.8        7.8       10.7       11.9        0.0      168.9 
050915  195746  47   6.6660 N  60  19.3630 W   1.9        7.8       10.7       13.2*       0.0      168.9 
050915  195748  47   6.6650 N  60  19.3610 W   1.5        7.8       10.7       13.2        0.0      173.8*
050915  195750  47   6.6650 N  60  19.3600 W   2.3        7.8       10.7       13.2        0.0      173.8 
050915  195752  47   6.6650 N  60  19.3580 W   1.7        7.8       10.7       21.2*       0.0      162.3*
050915  195754  47   6.6640 N  60  19.3570 W   2.3        7.8       10.7       21.2        0.0      162.3 
050915  195756  47   6.6640 N  60  19.3560 W   1.9        7.8       10.7       21.2        0.0      162.3 
050915  195758  47   6.6640 N  60  19.3540 W   2.3        7.8       10.7       21.2        0.0      168.5*
050915  195800  47   6.6630 N  60  19.3510 W   2.1        7.8       10.3*      21.2        0.0      168.5 
050915  195802  47   6.6630 N  60  19.3500 W   2.5        7.8       10.3       21.2        0.0      168.5 
050915  195804  47   6.6620 N  60  19.3480 W   2.5        7.8       10.3       21.2        0.0      169.8*
050915  195806  47   6.6620 N  60  19.3460 W   2.2        7.8       10.3       21.2        0.0      169.8 
050915  195808  47   6.6620 N  60  19.3440 W   2.7        7.8       10.3       21.2        0.0      169.8 
050915  195810  47   6.6610 N  60  19.3420 W   2.9        7.8       10.3       21.2        0.0      167.6*
050915  195812  47   6.6600 N  60  19.3400 W   2.4        7.8       11.5*      21.2        0.0      167.6 
050915  195814  47   6.6600 N  60  19.3380 W   2.9        7.8       11.5       21.2        0.0      167.2*
050915  195816  47   6.6590 N  60  19.3360 W   2.3        7.8       11.5       21.2        0.0      167.2 
050915  195818  47   6.6590 N  60  19.3340 W   2.1        7.8       11.5       12.2*       0.0      167.2 
050915  195820  47   6.6590 N  60  19.3330 W   2.1        7.8       11.5       12.2        0.0      168.5*
050915  195822  47   6.6580 N  60  19.3310 W   1.7        7.8       11.5       12.2        0.0      168.5 
050915  195824  47   6.6570 N  60  19.3290 W   1.9        7.8       11.5       12.2        0.0      168.5 
050915  195826  47   6.6570 N  60  19.3280 W   1.5        7.8       11.5       12.2        0.0      168.0*
050915  195828  47   6.6570 N  60  19.3270 W   1.8        7.8       11.5       12.2        0.0      168.0 
050915  195830  47   6.6570 N  60  19.3260 W   1.5        7.8       11.5       12.2        0.0      168.0 
050915  195832  47   6.6560 N  60  19.3240 W   2.1        7.8       11.5       12.2        0.0      168.5*
050915  195834  47   6.6560 N  60  19.3220 W   1.5        7.8       11.5       12.2        0.0      168.5 
050915  195836  47   6.6550 N  60  19.3210 W   2.5        7.8       11.4*      12.2        0.0      168.5 
050915  195838  47   6.6550 N  60  19.3200 W   1.7        7.8       11.4       12.2        0.0      168.0*
050915  195840  47   6.6540 N  60  19.3180 W   2.7        7.8       11.4       12.2        0.0      168.0 
050915  195842  47   6.6540 N  60  19.3160 W   1.9        7.8       11.4       12.2        0.0      169.4*
050915  195844  47   6.6540 N  60  19.3150 W   2.6        7.8       11.4       12.2        0.0      169.4 
050915  195846  47   6.6530 N  60  19.3120 W   2.0        7.8       11.4       12.2        0.0      169.4 
050915  195848  47   6.6530 N  60  19.3110 W   2.5        7.8       11.4       11.9*       0.0      167.6*
050915  195850  47   6.6520 N  60  19.3090 W   1.8        7.8       11.4       11.9        0.0      167.6 
050915  195852  47   6.6520 N  60  19.3070 W   1.9        7.8       11.4       11.9        0.0      167.6 
050915  195854  47   6.6520 N  60  19.3060 W   1.6        7.8       11.4       11.6*       0.0      168.0*
050915  195856  47   6.6520 N  60  19.3040 W   2.1        7.8       11.4       11.6        0.0      168.0 
050915  195858  47   6.6510 N  60  19.3030 W   1.8        7.8       11.4       11.6        0.0      168.0 
050915  195900  47   6.6500 N  60  19.3010 W   2.3        7.8       11.4       11.6        0.0      168.9*
050915  195902  47   6.6500 N  60  19.3000 W   2.0        7.8       11.4       11.6        0.0      168.9 
050915  195904  47   6.6500 N  60  19.2980 W   1.7        7.8       11.4       11.6        0.0      167.2*
050915  195906  47   6.6490 N  60  19.2970 W   1.7        7.8       11.4       11.6        0.0      167.2 
050915  195908  47   6.6490 N  60  19.2960 W   1.0        7.8       11.4       11.6        0.0      167.2 
050915  195910  47   6.6480 N  60  19.2950 W   1.1        7.8       11.4       11.6        0.0      167.2 
050915  195912  47   6.6480 N  60  19.2940 W   1.3        7.8       12.4*      11.6        0.0      167.2 
050915  195914  47   6.6480 N  60  19.2940 W   1.3        7.8       12.4       19.5*       0.0      167.2 
050915  195916  47   6.6480 N  60  19.2920 W   1.5        7.8       12.4       19.5        0.0      167.2 
050915  195918  47   6.6480 N  60  19.2910 W   1.4        7.8       12.4       19.5        0.0      167.2 
050915  195920  47   6.6470 N  60  19.2900 W   1.6        7.8       12.4       12.4*       0.0      167.2 
050915  195922  47   6.6470 N  60  19.2890 W   1.5        7.8       12.4       12.4        0.0      173.3*
050915  195924  47   6.6470 N  60  19.2870 W   1.6        7.8       12.4        9.7*       0.0      173.3 
050915  195926  47   6.6460 N  60  19.2860 W   1.9        7.8       12.4        9.7        0.0      173.3 
050915  195928  47   6.6460 N  60  19.2850 W   1.5        7.8       12.4        9.7        0.0      167.2*
050915  195930  47   6.6460 N  60  19.2830 W   2.3        7.8       12.4        9.7        0.0      167.2 
050915  195932  47   6.6450 N  60  19.2810 W   1.0        7.8       12.4        9.7        0.0      167.2 
050915  195934  47   6.6450 N  60  19.2800 W   2.6        7.8       12.4        9.7        0.0      167.2 
050915  195936  47   6.6450 N  60  19.2790 W   0.8        7.8       12.4        9.7        0.0      167.2 
050915  195938  47   6.6440 N  60  19.2780 W   2.2        7.8       12.4        9.7        0.0      167.2 
050915  195940  47   6.6440 N  60  19.2770 W   1.4        7.8       12.4        9.7        0.0      167.2 
050915  195942  47   6.6430 N  60  19.2750 W   1.8        7.8       12.4        9.7        0.0      167.2 
050915  195944  47   6.6430 N  60  19.2730 W   1.5        7.8       12.4       19.7*       0.0      153.1*
050915  195946  47   6.6430 N  60  19.2720 W   1.6        7.8       12.4       19.7        0.0      153.1 
050915  195948  47   6.6420 N  60  19.2710 W   1.5        7.8       12.4       19.7        0.0      153.1 
050915  195950  47   6.6420 N  60  19.2700 W   1.6        7.8       12.4       19.7        0.0      165.4*
050915  195952  47   6.6420 N  60  19.2680 W   1.7        7.8       12.4       19.7        0.0      165.4 
050915  195954  47   6.6410 N  60  19.2670 W   1.7        7.8       12.4       19.7        0.0      165.4 
050915  195956  47   6.6410 N  60  19.2650 W   1.6        7.8       12.4       19.7        0.0      170.7*
050915  195958  47   6.6400 N  60  19.2640 W   1.9        7.8       12.4       19.7        0.0      170.7 
050915  200000  47   6.6400 N  60  19.2630 W   1.4        7.8       12.4       19.7        0.0      171.6*
050915  200002  47   6.6400 N  60  19.2620 W   1.7        7.8       12.4       19.7        0.0      171.6 
050915  200004  47   6.6390 N  60  19.2610 W   1.8        7.8       12.4       19.7        0.0      171.6 
050915  200006  47   6.6390 N  60  19.2590 W   1.5        7.8       12.4       19.7        0.0      157.0*
050915  200008  47   6.6390 N  60  19.2580 W   1.8        7.8       12.4       19.7        0.0      157.0 
050915  200010  47   6.6390 N  60  19.2560 W   1.7        7.8       12.4       19.7        0.0      157.0 
050915  200012  47   6.6390 N  60  19.2550 W   1.5        7.8       12.4        2.6*       0.0      157.0 
050915  200014  47   6.6380 N  60  19.2540 W   2.0        7.8       12.4        2.6        0.0      157.0 
050915  200016  47   6.6380 N  60  19.2520 W   1.3        7.8       12.4        2.6        0.0      157.0 
050915  200018  47   6.6370 N  60  19.2510 W   2.2        7.8       12.4        2.6        0.0      157.0 
050915  200020  47   6.6370 N  60  19.2490 W   1.4        7.8       12.4        2.6        0.0      157.0 
050915  200022  47   6.6370 N  60  19.2480 W   1.8        7.8       12.4        2.6        0.0      157.0 
050915  200024  47   6.6360 N  60  19.2470 W   1.6        7.8       12.4        2.6        0.0      157.0 
050915  200026  47   6.6360 N  60  19.2460 W   1.4        7.8       12.4        2.6        0.0      157.0 
050915  200028  47   6.6350 N  60  19.2440 W   1.9        7.8       12.4        2.6        0.0      157.0 
050915  200030  47   6.6350 N  60  19.2430 W   1.4        7.8       12.4        2.6        0.0      157.0 
050915  200032  47   6.6350 N  60  19.2420 W   1.8        7.8       12.4        2.6        0.0      157.0 
050915  200034  47   6.6350 N  60  19.2410 W   1.1        7.8       12.4        2.6        0.0      157.0 
050915  200036  47   6.6340 N  60  19.2400 W   2.0        7.8       12.4        2.6        0.0      157.0 
050915  200038  47   6.6340 N  60  19.2380 W   1.3        7.8       12.4        2.6        0.0      157.0 
050915  200040  47   6.6340 N  60  19.2370 W   1.9        7.8       12.4        2.6        0.0      157.0 
050915  200042  47   6.6330 N  60  19.2360 W   1.1        7.8       12.4       17.9*       0.0      157.0 
050915  200044  47   6.6330 N  60  19.2350 W   2.1        7.8       12.4       17.9        0.0      157.0 
050915  200046  47   6.6320 N  60  19.2330 W   1.1        7.8       12.4       17.9        0.0      157.0 
050915  200048  47   6.6320 N  60  19.2320 W   2.2        7.8       12.4       17.9        0.0      157.0 
050915  200050  47   6.6310 N  60  19.2300 W   0.9        7.8       12.4       17.9        0.0      157.0 
050915  200052  47   6.6310 N  60  19.2290 W   2.1        7.8       12.4       17.9        0.0      157.0 
050915  200054  47   6.6310 N  60  19.2280 W   1.4        7.8       12.4       44.9*       0.0      157.0 
050915  200056  47   6.6310 N  60  19.2270 W   1.7        7.8       12.4       44.9        0.0      157.0 
050915  200058  47   6.6300 N  60  19.2260 W   1.4        7.8       12.4       13.6*       0.0      157.0 
050915  200100  47   6.6300 N  60  19.2240 W   1.7        5.5*      12.4       13.6        0.0      157.0 
050915  200102  47   6.6300 N  60  19.2230 W   1.7        5.5       12.4       13.6        0.0      157.0 
050915  200104  47   6.6300 N  60  19.2220 W   1.3        5.5       12.4       13.6        0.0      157.0 
050915  200106  47   6.6300 N  60  19.2200 W   1.7        5.5        7.6*      13.6        0.0      157.0 
050915  200108  47   6.6290 N  60  19.2190 W   2.1        5.5        7.6       13.1*       0.0      185.6*
050915  200110  47   6.6290 N  60  19.2170 W   1.3        5.5        7.6       13.1        0.0      185.6 
050915  200112  47   6.6280 N  60  19.2170 W   1.7        5.5        7.6       13.1        0.0      185.6 
050915  200114  47   6.6280 N  60  19.2150 W   1.8        7.9*       7.6       12.5*       0.0      150.9*
050915  200116  47   6.6280 N  60  19.2140 W   1.2        7.9        7.6       12.5        0.0      150.9 
050915  200118  47   6.6270 N  60  19.2130 W   2.4        7.9        7.6       12.5        0.0      150.9 
050915  200120  47   6.6270 N  60  19.2110 W   0.9        7.9        7.6       11.0*       0.0      150.9 
050915  200122  47   6.6260 N  60  19.2100 W   2.1        7.9        7.6       11.0        0.0      150.9 
050915  200124  47   6.6260 N  60  19.2080 W   1.3        7.9        7.6       11.0        0.0      150.9 
050915  200126  47   6.6260 N  60  19.2070 W   2.2        7.9        7.6       11.0        0.0      150.9 
050915  200128  47   6.6260 N  60  19.2060 W   1.2        7.9        7.6       11.0        0.0      150.9 
050915  200130  47   6.6250 N  60  19.2050 W   1.9        7.9        7.6       11.0        0.0      150.9 
050915  200132  47   6.6250 N  60  19.2030 W   1.6        7.9        7.6       11.0        0.0      150.9 
050915  200134  47   6.6240 N  60  19.2020 W   1.7        7.9        7.6       11.0        0.0      150.9 
050915  200136  47   6.6240 N  60  19.2010 W   1.6        7.9        7.6       11.0        0.0      150.9 
050915  200138  47   6.6240 N  60  19.1990 W   1.5        7.9        7.6       11.0        0.0      150.9 
050915  200140  47   6.6240 N  60  19.1980 W   1.9        7.9        7.6       11.0        0.0      150.9 
050915  200142  47   6.6230 N  60  19.1970 W   1.5        7.9        7.6       11.0        0.0      150.9 
050915  200144  47   6.6230 N  60  19.1950 W   1.6        7.9        7.6       11.0        0.0      150.9 
050915  200146  47   6.6220 N  60  19.1940 W   1.7        7.9        7.6       11.0        0.0      150.9 
050915  200148  47   6.6220 N  60  19.1930 W   1.3        7.9        7.6       11.0        0.0      150.9 
050915  200150  47   6.6220 N  60  19.1910 W   1.9        7.9        7.6       11.0        0.0      150.9 
050915  200152  47   6.6220 N  60  19.1900 W   1.4        7.9        7.6       11.0        0.0      141.2*
050915  200154  47   6.6210 N  60  19.1890 W   1.9        7.9        7.6       11.0        0.0      141.2 
050915  200156  47   6.6210 N  60  19.1870 W   1.6        7.9        7.6       11.0        0.0      141.2 
050915  200158  47   6.6200 N  60  19.1860 W   2.2        7.9        7.6       11.0        0.0      141.2 
050915  200200  47   6.6200 N  60  19.1840 W   1.4        7.9        7.6       11.0        0.0      141.2 
050915  200202  47   6.6200 N  60  19.1830 W   2.2        7.9        7.6       12.5*       0.0      141.2 
050915  200204  47   6.6190 N  60  19.1810 W   1.4        7.9        7.6       12.5        0.0      141.2 
050915  200206  47   6.6190 N  60  19.1800 W   2.2        7.9        7.6       12.5        0.0      141.2 
050915  200208  47   6.6180 N  60  19.1780 W   1.3        7.9        7.6       12.5        0.0       92.4*
050915  200210  47   6.6180 N  60  19.1770 W   2.1        7.9        7.6       12.5        0.0       92.4 
050915  200212  47   6.6180 N  60  19.1760 W   1.6        7.9        7.6       17.3*       0.0       92.4 
050915  200214  47   6.6170 N  60  19.1740 W   1.8        7.9        7.6       17.3        0.0       89.3*
050915  200216  47   6.6170 N  60  19.1730 W   1.8        7.9        7.6       17.3        0.0       89.3 
050915  200218  47   6.6160 N  60  19.1720 W   1.4        7.9        7.6       17.3        0.0       89.3 
050915  200220  47   6.6160 N  60  19.1700 W   1.9        7.9        7.6       17.3        0.0      147.8*
050915  200222  47   6.6160 N  60  19.1690 W   1.4        7.9        7.6       17.3        0.0      147.8 
050915  200224  47   6.6150 N  60  19.1680 W   1.7        7.9        7.6       17.3        0.0      126.7*
050915  200226  47   6.6150 N  60  19.1660 W   1.8        7.9        7.6       17.3        0.0      126.7 
050915  200228  47   6.6150 N  60  19.1650 W   1.5        7.9        7.6       17.3        0.0      126.7 
050915  200230  47   6.6150 N  60  19.1640 W   1.7        7.9        7.6       17.3        0.0      135.9*
050915  200232  47   6.6140 N  60  19.1630 W   1.7        7.9        7.6       17.3        0.0      135.9 
050915  200234  47   6.6140 N  60  19.1610 W   1.5        7.9        7.6       17.3        0.0      135.9 
050915  200236  47   6.6140 N  60  19.1600 W   1.7        7.9        7.6       17.3        0.0      132.4*
050915  200238  47   6.6130 N  60  19.1590 W   1.6        7.9        7.6        6.9*       0.0      132.4 
050915  200240  47   6.6130 N  60  19.1570 W   1.6        7.9        7.6        6.9        0.0      132.4 
050915  200242  47   6.6120 N  60  19.1560 W   2.0        7.9        7.6        6.9        0.0      173.3*
050915  200244  47   6.6120 N  60  19.1540 W   1.7        7.9        7.6        6.9        0.0      173.3 
050915  200246  47   6.6120 N  60  19.1530 W   1.8        7.9        7.6        6.9        0.0      173.3 
050915  200248  47   6.6110 N  60  19.1510 W   1.6        7.9        7.6        6.9        0.0      173.3 
050915  200250  47   6.6110 N  60  19.1500 W   2.1        7.9        7.6        6.9        0.0      173.3 
050915  200252  47   6.6110 N  60  19.1480 W   1.8        7.9        7.6        6.9        0.0      173.3 
050915  200254  47   6.6100 N  60  19.1470 W   2.0        7.9        7.6        4.1*       0.0      173.3 
050915  200256  47   6.6100 N  60  19.1450 W   1.6        7.9        7.6        4.1        0.0      173.3 
050915  200258  47   6.6100 N  60  19.1440 W   1.9        7.9        7.6        4.1        0.0       69.5*
050915  200300  47   6.6090 N  60  19.1430 W   2.1        7.9        7.6        7.1*       0.0       69.5 
050915  200302  47   6.6090 N  60  19.1410 W   1.7        7.9        7.6        7.1        0.0      117.4*
050915  200304  47   6.6080 N  60  19.1390 W   2.0        7.9        7.6        7.1        0.0      117.4 
050915  200306  47   6.6080 N  60  19.1380 W   1.5        7.9        7.6        7.1        0.0      117.4 
050915  200308  47   6.6080 N  60  19.1370 W   2.1        7.9        7.6        7.1        0.0      117.4 
050915  200310  47   6.6070 N  60  19.1350 W   1.5        7.9        7.6        7.1        0.0      117.4 
050915  200312  47   6.6070 N  60  19.1330 W   2.0        7.9        7.6        7.1        0.0      117.4 
050915  200314  47   6.6070 N  60  19.1320 W   1.4        7.9        7.6        7.1        0.0      117.4 
050915  200316  47   6.6060 N  60  19.1300 W   1.9        7.9        7.6        6.0*       0.0      117.4 
050915  200318  47   6.6060 N  60  19.1290 W   1.6        7.9        7.6        6.0        0.0      117.4 
050915  200320  47   6.6060 N  60  19.1280 W   1.5        7.9        7.6        6.2*       0.0      113.0*
050915  200322  47   6.6050 N  60  19.1260 W   1.7        7.9        7.6        6.2        0.0      113.0 
050915  200324  47   6.6050 N  60  19.1250 W   1.4        7.9        7.6        6.2        0.0      104.7*
050915  200326  47   6.6050 N  60  19.1240 W   1.7        7.9        7.6        6.2*       0.0      104.7 
050915  200328  47   6.6040 N  60  19.1220 W   2.0        7.9        7.6        6.2        0.0      104.7 
050915  200330  47   6.6040 N  60  19.1210 W   1.2        7.9        7.6        6.2        0.0       98.5*
050915  200332  47   6.6040 N  60  19.1200 W   1.9        7.9        7.6        6.7*       0.0       98.5 
050915  200334  47   6.6030 N  60  19.1180 W   1.0        7.9        7.6        6.7        0.0       98.5 
050915  200336  47   6.6030 N  60  19.1170 W   2.4        7.9        7.6        7.8*       0.0       98.5 
050915  200338  47   6.6020 N  60  19.1150 W   1.2        7.9        7.6        7.8        0.0       98.5 
050915  200340  47   6.6020 N  60  19.1140 W   2.1        7.9        7.6        7.8        0.0       98.5 
050915  200342  47   6.6020 N  60  19.1130 W   1.3        7.9        7.6        6.3*       0.0       98.5 
050915  200344  47   6.6020 N  60  19.1120 W   1.9        7.9        7.6        6.3        0.0       98.5 
050915  200346  47   6.6020 N  60  19.1100 W   1.2        7.9        7.6        6.3        0.0      161.0*
050915  200348  47   6.6010 N  60  19.1090 W   2.5        7.9        7.6        8.7*       0.0      161.0 
050915  200350  47   6.6010 N  60  19.1070 W   1.5        7.9       11.6*       8.7        0.0      161.0 
050915  200352  47   6.6010 N  60  19.1050 W   1.9        7.9       11.6        6.2*       0.0       26.8*
050915  200354  47   6.6000 N  60  19.1040 W   2.1        7.9       11.6        6.2        0.0       26.8 
050915  200356  47   6.6000 N  60  19.1030 W   1.4        7.9       11.6        6.2        0.0       26.8 
050915  200358  47   6.5990 N  60  19.1020 W   2.1        7.9       11.6       20.6*       0.0       26.8 
050915  200400  47   6.5990 N  60  19.1010 W   1.6        7.9       11.6       20.6        0.0       26.8 
050915  200402  47   6.5990 N  60  19.0980 W   2.1        7.9       11.6       20.6        0.0       26.8 
050915  200404  47   6.5990 N  60  19.0970 W   1.7        7.9       11.6       20.6        0.0       26.8 
050915  200406  47   6.5980 N  60  19.0960 W   1.8        7.9       11.6       20.6        0.0       26.8 
050915  200408  47   6.5980 N  60  19.0940 W   1.9        7.9       11.6       20.6        0.0       26.8 
050915  200410  47   6.5970 N  60  19.0920 W   1.9        7.9       11.6       20.6        0.0       26.8 
050915  200412  47   6.5970 N  60  19.0910 W   1.6        7.9       11.6       20.6        0.0       26.8 
050915  200414  47   6.5970 N  60  19.0900 W   1.9        2.3*      11.6        7.5*       0.0       26.8 
050915  200416  47   6.5970 N  60  19.0890 W   1.4        2.3       11.6        7.5        0.0       26.8 
050915  200418  47   6.5960 N  60  19.0870 W   2.1        2.3       11.6       13.3*       0.0       80.5*
050915  200420  47   6.5960 N  60  19.0860 W   1.6        2.3       11.6       13.3        0.0       80.5 
050915  200422  47   6.5950 N  60  19.0840 W   2.0        2.3       11.6       13.3        0.0       80.5 
050915  200424  47   6.5950 N  60  19.0830 W   1.8        2.3       11.6        0.5*       0.0       80.5 
050915  200426  47   6.5950 N  60  19.0810 W   1.7        2.3       11.6        0.5        0.0       80.5 
050915  200428  47   6.5940 N  60  19.0800 W   2.0        2.3       11.6        0.5        0.0       80.5 
050915  200430  47   6.5940 N  60  19.0780 W   1.5        2.3       11.6        4.8*       0.0       80.5 
050915  200432  47   6.5940 N  60  19.0770 W   2.2        2.3       11.6        4.8        0.0       80.5 
050915  200434  47   6.5940 N  60  19.0760 W   1.7        2.3       11.6       11.3*       0.0       80.5 
050915  200436  47   6.5930 N  60  19.0730 W   2.3        2.3       11.6       11.3        0.0       80.5 
050915  200438  47   6.5930 N  60  19.0720 W   1.9        2.3       11.6       11.3        0.0       80.5 
050915  200440  47   6.5920 N  60  19.0700 W   1.8        2.3       11.6        0.7*       0.0       67.3*
050915  200442  47   6.5920 N  60  19.0690 W   2.1        2.3       11.6        0.7        0.0       67.3 
050915  200444  47   6.5910 N  60  19.0670 W   1.5        2.3       11.6        0.7        0.0       67.3 
050915  200446  47   6.5910 N  60  19.0660 W   3.0        2.3       11.6        0.7        0.0       12.3*
050915  200448  47   6.5910 N  60  19.0640 W   1.1        2.3       11.6        0.7        0.0       12.3 
050915  200450  47   6.5900 N  60  19.0630 W   2.7        2.3       11.6        0.7        0.0       12.3 
050915  200452  47   6.5900 N  60  19.0610 W   1.7        2.3       11.6        0.7        0.0       12.3 
050915  200454  47   6.5900 N  60  19.0590 W   2.5        2.3       11.6        0.7        0.0       12.3 
050915  200456  47   6.5890 N  60  19.0580 W   2.0        2.3       11.6        0.7        0.0       12.3 
050915  200458  47   6.5890 N  60  19.0560 W   1.7        2.3       11.6        0.7        0.0       12.3 
050915  200500  47   6.5880 N  60  19.0540 W   2.6        2.3       11.6        2.6*       0.0       12.3 
050915  200502  47   6.5880 N  60  19.0520 W   1.6        2.2*      11.6        2.6        0.0       15.8*
050915  200504  47   6.5870 N  60  19.0510 W   3.0        2.2       11.6        2.6        0.0       15.8 
050915  200506  47   6.5870 N  60  19.0480 W   1.5        2.2       11.6        2.6        0.0       34.3*
050915  200508  47   6.5860 N  60  19.0470 W   2.8        2.2       11.6        2.6        0.0       34.3 
050915  200510  47   6.5860 N  60  19.0450 W   1.7        2.2       11.6        9.3*       0.0       34.3 
050915  200512  47   6.5860 N  60  19.0440 W   2.9        2.2       11.6        9.3        0.0       89.3*
050915  200514  47   6.5850 N  60  19.0410 W   2.0        2.2       10.3*       9.3        0.0       89.3 
050915  200516  47   6.5850 N  60  19.0390 W   2.2        2.2       10.3        4.2*       0.0       89.3 
050915  200518  47   6.5850 N  60  19.0380 W   2.6        2.2       10.3        4.2        0.0       26.8*
050915  200520  47   6.5840 N  60  19.0360 W   2.1        2.2       10.3        4.2        0.0       26.8 
050915  200522  47   6.5840 N  60  19.0340 W   2.5        2.2       10.3        4.2        0.0       32.1*
050915  200524  47   6.5830 N  60  19.0320 W   2.8        2.2       10.3        4.2        0.0       32.1 
