FileName: C:\PROGRA~1\NETMIND\AREA19~1\GP262.TXT
Local Time: Thu Jun 19 19:28:16 2008

Ship: 19 juin 2008 Trip: GP262 Tow: 4
Comments: Area 19
 Date    Time     Latitude       Longitude    Speed    Primary  Secondary DoorSpread      Depth 
080619  222817  46  41.3773 N  61  16.1871 W   4.4        2.4       12.7*      66.8*     158.4*
080619  222818  46  41.3779 N  61  16.1861 W   4.2        2.4       12.7       66.8      158.4 
080619  222819  46  41.3786 N  61  16.1850 W   4.1        2.4       12.7       66.8      158.4 
080619  222820  46  41.3793 N  61  16.1840 W   4.0        2.4       12.7       66.8      158.4 
080619  222821  46  41.3799 N  61  16.1831 W   3.9        2.4       12.7       66.8      158.4 
080619  222822  46  41.3805 N  61  16.1823 W   3.8        2.4       12.7       66.8      158.4 
080619  222823  46  41.3811 N  61  16.1813 W   3.7        2.4       12.7        3.4*     158.4 
080619  222824  46  41.3817 N  61  16.1803 W   3.6        2.4       12.7        3.4      158.4 
080619  222825  46  41.3823 N  61  16.1794 W   3.5        2.4       12.7        3.4      158.4 
080619  222826  46  41.3830 N  61  16.1785 W   3.5        2.4       12.7        3.4        2.2*
080619  222827  46  41.3835 N  61  16.1777 W   3.4        2.4       12.7        3.4        2.2 
080619  222828  46  41.3841 N  61  16.1769 W   3.3        2.4       12.7        3.1*       2.2 
080619  222829  46  41.3847 N  61  16.1759 W   3.3        2.4       12.7        3.1        2.2 
080619  222830  46  41.3852 N  61  16.1751 W   3.2        2.4       12.7        3.1        2.2 
080619  222831  46  41.3858 N  61  16.1743 W   3.2        2.4       12.7        3.1        2.2 
080619  222832  46  41.3863 N  61  16.1736 W   3.1        2.4       12.7        3.1        2.2 
080619  222833  46  41.3869 N  61  16.1727 W   3.1        2.4       12.7        3.5*       2.2 
080619  222834  46  41.3874 N  61  16.1718 W   3.1        2.4       12.7        3.5        2.2 
080619  222835  46  41.3880 N  61  16.1711 W   3.0        2.4       12.7        3.5        2.2 
080619  222836  46  41.3885 N  61  16.1704 W   2.9        2.4       12.7        3.5        7.0*
080619  222837  46  41.3890 N  61  16.1695 W   2.9        2.4       12.7        3.5        7.0 
080619  222838  46  41.3896 N  61  16.1686 W   2.9        2.4       12.7        3.5        7.0 
080619  222839  46  41.3900 N  61  16.1681 W   2.9        2.4       12.7        8.5*       7.0 
080619  222840  46  41.3905 N  61  16.1674 W   2.8        2.4       12.7        8.5        7.0 
080619  222841  46  41.3911 N  61  16.1665 W   2.9        2.4       12.7        8.5        2.6*
080619  222842  46  41.3917 N  61  16.1656 W   2.9        2.4       12.7        8.5        2.6 
080619  222843  46  41.3923 N  61  16.1647 W   2.9        2.4       12.7        8.5        2.6 
080619  222844  46  41.3930 N  61  16.1637 W   3.0        2.4       12.7        3.0*       2.6 
080619  222845  46  41.3938 N  61  16.1626 W   3.2        2.4       12.7        3.0        2.6 
080619  222846  46  41.3946 N  61  16.1614 W   3.3        2.4       12.7        3.0        2.6 
080619  222847  46  41.3955 N  61  16.1600 W   3.5        2.4       12.7        3.0        2.6 
080619  222848  46  41.3964 N  61  16.1586 W   3.8        2.4       12.7        3.0        2.6 
080619  222849  46  41.3975 N  61  16.1571 W   4.0        2.4       12.7        3.0        2.6 
080619  222850  46  41.3985 N  61  16.1554 W   4.3        2.4       12.7        3.0        2.6 
080619  222851  46  41.3996 N  61  16.1537 W   4.5        2.4       12.7        3.0        2.6 
080619  222852  46  41.4008 N  61  16.1519 W   4.7        2.4       12.7        3.0        2.6 
080619  222853  46  41.4020 N  61  16.1499 W   5.0        2.4       12.7        3.0        2.6 
080619  222854  46  41.4032 N  61  16.1480 W   5.2        2.4       12.7        3.0        2.6 
080619  222855  46  41.4044 N  61  16.1460 W   5.5        2.4       12.7        3.0        2.6 
080619  222856  46  41.4056 N  61  16.1439 W   5.7        2.4       12.7        3.0        2.6 
080619  222857  46  41.4069 N  61  16.1418 W   5.9        2.4       12.7        3.0        2.6 
080619  222858  46  41.4083 N  61  16.1397 W   6.1        2.4       12.7        3.0        2.6 
080619  222859  46  41.4096 N  61  16.1376 W   6.3        2.4       12.7        3.0        2.6 
080619  222900  46  41.4109 N  61  16.1355 W   6.4        2.4       12.7        3.0        2.6 
080619  222901  46  41.4122 N  61  16.1332 W   6.6        2.4       12.7        3.0        2.6 
080619  222902  46  41.4136 N  61  16.1309 W   6.7        2.4       12.7        3.0        2.6 
080619  222903  46  41.4149 N  61  16.1287 W   6.8        2.4       12.7        3.0        2.6 
080619  222904  46  41.4163 N  61  16.1263 W   6.9        2.4       12.7        3.0        2.6 
080619  222905  46  41.4177 N  61  16.1239 W   7.0        2.4       12.7        3.0        2.6 
080619  222906  46  41.4191 N  61  16.1216 W   7.1        2.4       12.7        3.0        2.6 
080619  222907  46  41.4204 N  61  16.1193 W   7.1        2.4       12.7        3.0        2.6 
080619  222908  46  41.4217 N  61  16.1170 W   7.2        2.4       12.7        3.0        2.6 
080619  222909  46  41.4232 N  61  16.1146 W   7.3        2.4       12.7        3.0        2.6 
080619  222910  46  41.4245 N  61  16.1124 W   7.3        2.4       12.7        3.0        2.6 
080619  222911  46  41.4259 N  61  16.1100 W   7.4        2.4       12.7        3.0        2.6 
080619  222912  46  41.4272 N  61  16.1076 W   7.5        2.4       12.7        3.0        2.6 
080619  222913  46  41.4286 N  61  16.1052 W   7.5        2.4       12.7        3.0        2.6 
080619  222914  46  41.4300 N  61  16.1028 W   7.5        2.4       12.7        3.0        2.6 
080619  222915  46  41.4314 N  61  16.1003 W   7.6        2.4       12.7        3.0        2.6 
080619  222916  46  41.4328 N  61  16.0978 W   7.7        2.4       12.7        3.0        2.6 
080619  222917  46  41.4342 N  61  16.0953 W   7.7        2.4       12.7        3.0        2.6 
080619  222918  46  41.4356 N  61  16.0929 W   7.7        2.4       12.7        3.0        2.6 
080619  222919  46  41.4371 N  61  16.0905 W   7.7        2.4       12.7        3.0        2.6 
080619  222920  46  41.4385 N  61  16.0881 W   7.8        2.4       12.7        3.0        2.6 
080619  222921  46  41.4400 N  61  16.0856 W   7.8        2.4       12.7        3.0        2.6 
080619  222922  46  41.4414 N  61  16.0831 W   7.8        2.4       12.7        3.0        2.6 
080619  222923  46  41.4428 N  61  16.0808 W   7.8        2.4       12.7        3.0        2.6 
080619  222924  46  41.4443 N  61  16.0783 W   7.9        2.4       12.7        3.0        2.6 
080619  222925  46  41.4457 N  61  16.0758 W   7.9        2.4       12.7        3.0        2.6 
080619  222926  46  41.4471 N  61  16.0734 W   7.9        2.4       12.7        3.0        2.6 
080619  222927  46  41.4485 N  61  16.0709 W   7.9        2.4       12.7        3.0        2.6 
080619  222928  46  41.4501 N  61  16.0684 W   7.9        2.4       12.7        3.0        2.6 
080619  222929  46  41.4515 N  61  16.0660 W   7.9        2.4       12.7        3.0        2.6 
080619  222930  46  41.4529 N  61  16.0636 W   7.9        2.4       12.7        3.0        2.6 
080619  222931  46  41.4543 N  61  16.0613 W   7.9        2.4       12.7        3.0        2.6 
080619  222932  46  41.4557 N  61  16.0588 W   7.9        2.4       12.7        3.0        2.6 
080619  222933  46  41.4571 N  61  16.0564 W   7.9        2.4       12.7        3.0        2.6 
080619  222934  46  41.4586 N  61  16.0539 W   7.9        2.4       12.7        3.0        2.6 
080619  222935  46  41.4601 N  61  16.0513 W   8.0        2.4       12.7        3.0        2.6 
080619  222936  46  41.4615 N  61  16.0489 W   7.9        2.4       12.7        3.0        2.6 
080619  222937  46  41.4629 N  61  16.0465 W   7.9        2.4       12.7        3.0        2.6 
080619  222938  46  41.4644 N  61  16.0439 W   8.0        2.4       12.7        3.0        2.6 
080619  222939  46  41.4658 N  61  16.0416 W   7.9        2.4       12.7        3.0        2.6 
080619  222940  46  41.4671 N  61  16.0391 W   7.9        2.4       12.7        3.0        2.6 
080619  222941  46  41.4686 N  61  16.0366 W   7.9        2.4       12.7        3.0        2.6 
080619  222942  46  41.4700 N  61  16.0341 W   7.9        2.4       12.7        3.0        2.6 
080619  222943  46  41.4713 N  61  16.0317 W   7.8        2.4       12.7        3.0        2.6 
080619  222944  46  41.4728 N  61  16.0290 W   7.9        2.4       12.7        3.0        2.6 
080619  222945  46  41.4743 N  61  16.0265 W   7.9        2.4       12.7        3.0        2.6 
080619  222946  46  41.4756 N  61  16.0241 W   7.9        2.4       12.7        3.0        2.6 
080619  222947  46  41.4770 N  61  16.0217 W   7.9        2.4       12.7      137.5*       2.6 
080619  222948  46  41.4784 N  61  16.0191 W   7.9        2.4       12.7      137.5        2.6 
080619  222949  46  41.4798 N  61  16.0166 W   7.9        2.4       12.7      137.5        2.6 
080619  222950  46  41.4812 N  61  16.0142 W   7.9        2.4       12.7      137.5        2.6 
080619  222951  46  41.4826 N  61  16.0119 W   7.9        2.4       12.7      137.5        2.6 
080619  222952  46  41.4840 N  61  16.0093 W   7.9        2.4       12.7        7.1*       2.6 
080619  222953  46  41.4854 N  61  16.0069 W   7.9        2.4       12.7        7.1        2.6 
080619  222954  46  41.4867 N  61  16.0045 W   7.9        2.4       12.7        7.1        2.6 
080619  222955  46  41.4881 N  61  16.0020 W   7.9        2.4       12.7        7.1        2.6 
080619  222956  46  41.4895 N  61  15.9995 W   7.9        2.4       12.7        7.1        2.6 
080619  222957  46  41.4908 N  61  15.9971 W   7.8        2.4       12.7        7.1        2.6 
080619  222958  46  41.4921 N  61  15.9947 W   7.8        2.4       12.7        7.1        2.6 
080619  222959  46  41.4935 N  61  15.9921 W   7.9        2.4       12.7        7.1        2.6 
080619  223000  46  41.4948 N  61  15.9897 W   7.9        2.4       12.7        7.1        2.6 
080619  223001  46  41.4961 N  61  15.9873 W   7.8        2.4       12.7        7.1        2.6 
080619  223002  46  41.4975 N  61  15.9848 W   7.8        2.4       12.7        7.1        2.6 
080619  223003  46  41.4988 N  61  15.9822 W   7.8        2.4       12.7        7.1        2.6 
080619  223004  46  41.5001 N  61  15.9797 W   7.8        2.4       12.7        7.1        2.6 
080619  223005  46  41.5014 N  61  15.9773 W   7.8        2.4       12.7        7.1        2.6 
080619  223006  46  41.5027 N  61  15.9748 W   7.8        2.4       12.7        7.1        2.6 
080619  223007  46  41.5040 N  61  15.9723 W   7.8        2.4       12.7        7.1        2.6 
080619  223008  46  41.5053 N  61  15.9698 W   7.8        2.4       12.7        7.1        2.6 
080619  223009  46  41.5066 N  61  15.9674 W   7.7        2.4       12.7        7.1        2.6 
080619  223010  46  41.5079 N  61  15.9649 W   7.7        2.4       12.7        7.1        2.6 
080619  223011  46  41.5093 N  61  15.9621 W   7.8        2.4       12.7        7.1        2.6 
080619  223012  46  41.5106 N  61  15.9596 W   7.8        2.4       12.7        7.1        2.6 
080619  223013  46  41.5119 N  61  15.9572 W   7.7        2.4       12.7        7.1        2.6 
080619  223014  46  41.5132 N  61  15.9546 W   7.7        2.4       12.7        7.1        2.6 
080619  223015  46  41.5145 N  61  15.9520 W   7.8        2.4       12.7        7.1        2.6 
080619  223016  46  41.5158 N  61  15.9496 W   7.8        2.4       12.7        7.1        2.6 
080619  223017  46  41.5171 N  61  15.9471 W   7.7        2.4       12.7        7.1        2.6 
080619  223018  46  41.5184 N  61  15.9446 W   7.7        2.4       12.7        7.1        2.6 
080619  223019  46  41.5197 N  61  15.9421 W   7.8        2.4       12.7        7.1        2.6 
080619  223020  46  41.5210 N  61  15.9396 W   7.8        2.4       12.7        7.1        2.6 
080619  223021  46  41.5223 N  61  15.9371 W   7.8        2.4       12.7        7.1        2.6 
080619  223022  46  41.5236 N  61  15.9345 W   7.8        2.4       12.7        7.1        2.6 
080619  223023  46  41.5249 N  61  15.9320 W   7.8        2.4       12.7        7.1        2.6 
080619  223024  46  41.5262 N  61  15.9294 W   7.8        2.4       12.7        7.1        2.6 
080619  223025  46  41.5275 N  61  15.9270 W   7.8        2.4       12.7        7.1        2.6 
080619  223026  46  41.5287 N  61  15.9244 W   7.8        2.4       12.7        7.1        2.6 
080619  223027  46  41.5301 N  61  15.9218 W   7.8        2.4       12.7        7.1        2.6 
080619  223028  46  41.5314 N  61  15.9194 W   7.8        2.4       12.7        7.1        2.6 
080619  223029  46  41.5326 N  61  15.9170 W   7.7        2.4       12.7       32.0*       2.6 
080619  223030  46  41.5338 N  61  15.9146 W   7.7        2.4       12.7       32.0        2.6 
080619  223031  46  41.5350 N  61  15.9123 W   7.6        2.4       12.7       32.0        2.6 
080619  223032  46  41.5361 N  61  15.9102 W   7.5        2.4       12.7       32.0        2.6 
080619  223033  46  41.5373 N  61  15.9081 W   7.3        2.4       12.7       32.0        2.6 
080619  223034  46  41.5384 N  61  15.9060 W   7.2        2.4       12.7       32.0        2.6 
080619  223035  46  41.5395 N  61  15.9040 W   7.1        2.4       12.7       32.0        2.6 
080619  223036  46  41.5406 N  61  15.9021 W   7.0        2.4       12.7       32.0        2.6 
080619  223037  46  41.5416 N  61  15.9002 W   6.9        2.4       12.7       32.0       27.7*
080619  223038  46  41.5427 N  61  15.8983 W   6.8        2.4       12.7       32.0       27.7 
080619  223039  46  41.5438 N  61  15.8964 W   6.7        2.4       12.7       32.0       27.7 
080619  223040  46  41.5449 N  61  15.8946 W   6.6        2.4       12.7       32.0       27.7 
080619  223041  46  41.5460 N  61  15.8927 W   6.5        2.4       12.7       32.0       27.7 
080619  223042  46  41.5471 N  61  15.8908 W   6.5        2.4       12.7       32.0       40.5*
080619  223043  46  41.5482 N  61  15.8889 W   6.4        2.4       12.7       32.0       40.5 
080619  223044  46  41.5493 N  61  15.8871 W   6.3        2.4       12.7       32.0       40.5 
080619  223045  46  41.5503 N  61  15.8852 W   6.3        2.4       12.7       32.0       40.5 
080619  223046  46  41.5513 N  61  15.8834 W   6.2        2.4       12.7       32.0       40.5 
080619  223047  46  41.5525 N  61  15.8815 W   6.2        2.4       12.7       32.0       36.1*
080619  223048  46  41.5535 N  61  15.8797 W   6.2        2.4       12.7       32.0       36.1 
080619  223049  46  41.5546 N  61  15.8779 W   6.1        2.4       12.7       32.0       36.1 
080619  223050  46  41.5556 N  61  15.8761 W   6.1        2.4       12.7       32.0       36.1 
080619  223051  46  41.5567 N  61  15.8741 W   6.1        2.4       12.7       32.0       36.1 
080619  223052  46  41.5578 N  61  15.8723 W   6.1        2.4       12.7       32.0       36.1 
080619  223053  46  41.5589 N  61  15.8706 W   6.1        2.4       12.7       32.0       36.1 
080619  223054  46  41.5599 N  61  15.8688 W   6.0        2.4       12.7       32.0       36.1 
080619  223055  46  41.5610 N  61  15.8668 W   6.0        2.4       12.7       32.0       36.1 
080619  223056  46  41.5621 N  61  15.8650 W   6.0        2.4       12.7       32.0       36.1 
080619  223057  46  41.5632 N  61  15.8633 W   6.0        2.4       12.7       32.0       36.1 
080619  223058  46  41.5641 N  61  15.8617 W   5.9        2.4       12.7       32.0       36.1 
080619  223059  46  41.5652 N  61  15.8598 W   5.9        2.4       12.7       32.0       36.1 
080619  223100  46  41.5663 N  61  15.8580 W   6.0        2.4       12.7       32.0       36.1 
080619  223101  46  41.5673 N  61  15.8563 W   5.9        2.4       12.7       32.0       36.1 
080619  223102  46  41.5684 N  61  15.8545 W   5.9        2.4       12.7       32.0       36.1 
080619  223103  46  41.5695 N  61  15.8526 W   5.9        2.4       12.7       32.0       36.1 
080619  223104  46  41.5706 N  61  15.8508 W   5.9        2.4       12.7       32.0       36.1 
080619  223105  46  41.5715 N  61  15.8493 W   5.8        2.4       12.7       32.0       36.1 
080619  223106  46  41.5724 N  61  15.8478 W   5.6        2.4       12.7       32.0       36.1 
080619  223107  46  41.5732 N  61  15.8464 W   5.5        2.4       12.7       32.0       36.1 
080619  223108  46  41.5741 N  61  15.8449 W   5.4        2.4       12.7       32.0       36.1 
080619  223109  46  41.5749 N  61  15.8436 W   5.2        2.4       12.7       32.0      643.1*
080619  223110  46  41.5757 N  61  15.8424 W   5.0        2.4       12.7       32.0      643.1 
080619  223111  46  41.5764 N  61  15.8413 W   4.8        2.4       12.7        9.2*     643.1 
080619  223112  46  41.5771 N  61  15.8401 W   4.6        2.4       12.7        9.2      643.1 
080619  223113  46  41.5778 N  61  15.8390 W   4.5        2.4       12.7        9.2      643.1 
080619  223114  46  41.5785 N  61  15.8380 W   4.3        2.4       12.7        9.2       29.9*
080619  223115  46  41.5792 N  61  15.8370 W   4.1        2.4       12.7        9.2       29.9 
080619  223116  46  41.5798 N  61  15.8360 W   4.0        2.4       12.7        9.2       29.9 
080619  223117  46  41.5804 N  61  15.8352 W   3.9        2.4       12.7        9.2       29.9 
080619  223118  46  41.5810 N  61  15.8342 W   3.7        2.4       12.7        9.2       29.9 
080619  223119  46  41.5816 N  61  15.8334 W   3.6        2.4       12.7        9.2       54.1*
080619  223120  46  41.5822 N  61  15.8325 W   3.5        2.4       12.7        9.2       54.1 
080619  223121  46  41.5828 N  61  15.8317 W   3.4        2.4       12.7        9.2       54.1 
080619  223122  46  41.5833 N  61  15.8309 W   3.3        2.4       12.7        9.2       54.1 
080619  223123  46  41.5838 N  61  15.8302 W   3.2        2.4       12.7        9.2       54.1 
080619  223124  46  41.5843 N  61  15.8293 W   3.1        2.4       12.7        9.2       21.1*
080619  223125  46  41.5849 N  61  15.8286 W   3.1        2.4       12.7        9.2       21.1 
080619  223126  46  41.5854 N  61  15.8279 W   3.0        2.4       12.7        2.0*      21.1 
080619  223127  46  41.5859 N  61  15.8272 W   3.0        2.4       12.7        2.0       21.1 
080619  223128  46  41.5865 N  61  15.8264 W   2.9        2.4       12.7        2.0       21.1 
080619  223129  46  41.5870 N  61  15.8257 W   2.9        2.4       12.7        2.0       21.1 
080619  223130  46  41.5875 N  61  15.8250 W   2.8        2.4       12.7        2.0       50.6*
080619  223131  46  41.5880 N  61  15.8243 W   2.8        2.4       12.7        2.0       50.6 
080619  223132  46  41.5885 N  61  15.8236 W   2.7        2.4       12.7        2.0       50.6 
080619  223133  46  41.5890 N  61  15.8229 W   2.7        2.4       12.7        2.0       50.6 
080619  223134  46  41.5895 N  61  15.8222 W   2.7        2.4       12.7        2.0       50.6 
080619  223135  46  41.5900 N  61  15.8215 W   2.7        2.4       12.7        2.0       35.2*
080619  223136  46  41.5905 N  61  15.8210 W   2.6        2.4       12.7        6.2*      35.2 
080619  223137  46  41.5909 N  61  15.8203 W   2.6        2.4       12.7        6.2       35.2 
080619  223138  46  41.5914 N  61  15.8196 W   2.6        2.4       12.7        6.2       35.2 
080619  223139  46  41.5919 N  61  15.8190 W   2.6        2.4       12.7        6.2       35.2 
080619  223140  46  41.5924 N  61  15.8184 W   2.5        2.4       12.7        6.2       41.3*
080619  223141  46  41.5928 N  61  15.8178 W   2.5        2.4       12.7        6.2       41.3 
080619  223142  46  41.5933 N  61  15.8171 W   2.5        2.4       12.7        6.2*      41.3 
080619  223143  46  41.5938 N  61  15.8164 W   2.5        2.4       12.7        6.2       41.3 
080619  223144  46  41.5943 N  61  15.8159 W   2.5        2.4       12.7        6.2       41.3 
080619  223145  46  41.5947 N  61  15.8154 W   2.4        2.4       12.7        6.2       41.3 
080619  223146  46  41.5952 N  61  15.8147 W   2.4        2.4       12.7        6.2       61.6*
080619  223147  46  41.5957 N  61  15.8141 W   2.4        2.4       12.7        6.2*      61.6 
080619  223148  46  41.5962 N  61  15.8135 W   2.4        2.4       12.7        6.2       61.6 
080619  223149  46  41.5967 N  61  15.8131 W   2.3        2.4       12.7        6.2       61.6 
080619  223150  46  41.5972 N  61  15.8124 W   2.3        2.4       12.7        6.2       61.6 
080619  223151  46  41.5977 N  61  15.8117 W   2.3        2.4       12.7        6.2       27.3*
080619  223152  46  41.5982 N  61  15.8112 W   2.3        2.4       12.7        6.5*      27.3 
080619  223153  46  41.5986 N  61  15.8107 W   2.2        2.4       12.7        6.5       27.3 
080619  223154  46  41.5991 N  61  15.8101 W   2.2        2.4       12.7        6.5       27.3 
080619  223155  46  41.5996 N  61  15.8095 W   2.2        2.4       12.7        6.5       27.3 
080619  223156  46  41.6000 N  61  15.8090 W   2.2        2.4       12.7        6.5       53.2*
080619  223157  46  41.6005 N  61  15.8084 W   2.2        2.4       12.7        6.6*      53.2 
080619  223158  46  41.6010 N  61  15.8078 W   2.2        2.4        2.6*       6.6       53.2 
080619  223159  46  41.6015 N  61  15.8073 W   2.2        2.4        2.6        6.6       53.2 
080619  223200  46  41.6020 N  61  15.8066 W   2.2        2.4        2.6        6.6       53.2 
080619  223201  46  41.6025 N  61  15.8060 W   2.2        2.4        2.6        6.6       53.2 
080619  223202  46  41.6029 N  61  15.8055 W   2.2        2.4        2.6        6.6       50.1*
080619  223203  46  41.6034 N  61  15.8049 W   2.1        2.4        2.6        6.6       50.1 
080619  223204  46  41.6039 N  61  15.8042 W   2.2        2.4        2.6        6.6       50.1 
080619  223205  46  41.6044 N  61  15.8036 W   2.2        2.6*       2.6        6.6       50.1 
080619  223206  46  41.6048 N  61  15.8031 W   2.2        2.6        2.6        6.6       50.1 
080619  223207  46  41.6052 N  61  15.8026 W   2.1        2.6        2.6        6.6       55.4*
080619  223208  46  41.6057 N  61  15.8019 W   2.1        2.6        2.6        6.6       55.4 
080619  223209  46  41.6062 N  61  15.8011 W   2.2        2.6        2.6        6.6       55.4 
080619  223210  46  41.6066 N  61  15.8005 W   2.2        2.6        2.6        6.6       55.4 
080619  223211  46  41.6071 N  61  15.8000 W   2.1        2.6        2.6        6.6       55.4 
080619  223212  46  41.6075 N  61  15.7994 W   2.1        2.6        2.6        6.6       57.6*
080619  223213  46  41.6080 N  61  15.7988 W   2.2        2.6        2.6        5.0*      57.6 
080619  223214  46  41.6084 N  61  15.7981 W   2.1        2.6        2.6        5.0       57.6 
080619  223215  46  41.6088 N  61  15.7976 W   2.1        2.6        2.6        5.0       57.6 
080619  223216  46  41.6093 N  61  15.7970 W   2.1        2.6        2.6        5.0       57.6 
080619  223217  46  41.6098 N  61  15.7965 W   2.1        2.6        2.6        5.0       57.6 
080619  223218  46  41.6102 N  61  15.7959 W   2.1        2.6        2.6        2.5*      58.9*
080619  223219  46  41.6107 N  61  15.7951 W   2.2        2.6        2.6        2.5       58.9 
080619  223220  46  41.6110 N  61  15.7946 W   2.1        2.6        2.6        2.5       58.9 
080619  223221  46  41.6114 N  61  15.7942 W   2.1        2.6        2.6        2.5       58.9 
080619  223222  46  41.6119 N  61  15.7936 W   2.1        2.6        2.6        2.5       58.9 
080619  223223  46  41.6123 N  61  15.7930 W   2.1        2.6        2.8*       2.5       64.2*
080619  223224  46  41.6126 N  61  15.7925 W   2.0        2.6        2.8        5.5*      64.2 
080619  223225  46  41.6129 N  61  15.7920 W   2.0        2.6        2.8        5.5       64.2 
080619  223226  46  41.6134 N  61  15.7914 W   2.0        2.6        2.8        5.5       64.2 
080619  223227  46  41.6139 N  61  15.7909 W   2.0        2.6        2.8        5.5       64.2 
080619  223228  46  41.6142 N  61  15.7904 W   2.0        2.6        2.8        5.5       61.6*
080619  223229  46  41.6145 N  61  15.7898 W   2.0        2.6        2.8        6.2*      61.6 
080619  223230  46  41.6149 N  61  15.7892 W   2.0        2.6        2.8        6.2       61.6 
080619  223231  46  41.6153 N  61  15.7887 W   2.0       13.5*       2.8        6.2       61.6 
080619  223232  46  41.6157 N  61  15.7882 W   2.0       13.5        2.8        6.2       61.6 
080619  223233  46  41.6161 N  61  15.7876 W   2.0       13.5        2.8        6.2       61.6 
080619  223234  46  41.6165 N  61  15.7871 W   2.0       13.5        2.8        7.1*      67.7*
080619  223235  46  41.6168 N  61  15.7864 W   2.0       13.5        2.8        7.1       67.7 
080619  223236  46  41.6173 N  61  15.7858 W   2.1       13.5        2.8        7.1       67.7 
080619  223237  46  41.6177 N  61  15.7853 W   2.0       13.5        3.2*       7.1       67.7 
080619  223238  46  41.6181 N  61  15.7847 W   2.0       13.5        3.2        7.1       67.7 
080619  223239  46  41.6185 N  61  15.7841 W   2.1       13.5        3.2        7.4*      66.9*
080619  223240  46  41.6190 N  61  15.7835 W   2.1       13.5        3.2        7.4       66.9 
080619  223241  46  41.6193 N  61  15.7829 W   2.1       13.5        3.2        7.4       66.9 
080619  223242  46  41.6197 N  61  15.7823 W   2.1       13.5        3.2        7.4       66.9 
080619  223243  46  41.6202 N  61  15.7817 W   2.1       13.5        3.2        7.4       66.9 
080619  223244  46  41.6206 N  61  15.7811 W   2.1        7.5*       3.2        7.4       71.7*
080619  223245  46  41.6210 N  61  15.7806 W   2.1        7.5        3.2        7.8*      71.7 
080619  223246  46  41.6214 N  61  15.7800 W   2.1        7.5        3.2        7.8       71.7 
080619  223247  46  41.6219 N  61  15.7793 W   2.1        7.5        3.2        7.8       71.7 
080619  223248  46  41.6222 N  61  15.7788 W   2.1        7.5        3.2        7.8       71.7 
080619  223249  46  41.6227 N  61  15.7782 W   2.1        7.5        3.2        7.8       71.7 
080619  223250  46  41.6231 N  61  15.7776 W   2.1        7.5        3.2        7.7*      70.4*
080619  223251  46  41.6236 N  61  15.7770 W   2.1        7.5        3.2        7.7       70.4 
080619  223252  46  41.6241 N  61  15.7763 W   2.1        7.5        3.2        7.7       70.4 
080619  223253  46  41.6245 N  61  15.7756 W   2.1        7.5        3.2        7.7       70.4 
080619  223254  46  41.6250 N  61  15.7751 W   2.1        7.5        3.2        7.7       70.4 
080619  223255  46  41.6254 N  61  15.7745 W   2.1        7.5        3.2        8.1*      73.9*
080619  223256  46  41.6259 N  61  15.7738 W   2.2        7.5        3.2        8.1       73.9 
080619  223257  46  41.6263 N  61  15.7732 W   2.2        7.5        3.2        8.1       73.9 
080619  223258  46  41.6267 N  61  15.7726 W   2.2        7.5        3.2        8.1       73.9 
080619  223259  46  41.6271 N  61  15.7720 W   2.1        7.5        3.2        8.1       73.9 
080619  223300  46  41.6276 N  61  15.7713 W   2.2        7.5        3.2        8.1       67.7*
080619  223301  46  41.6281 N  61  15.7706 W   2.2        7.5        3.2        8.1       67.7 
080619  223302  46  41.6284 N  61  15.7702 W   2.1        7.5        3.2        8.1       67.7 
080619  223303  46  41.6287 N  61  15.7698 W   2.1        7.5        3.2        8.1       67.7 
080619  223304  46  41.6291 N  61  15.7691 W   2.1        7.5        3.2        8.1       67.7 
080619  223305  46  41.6295 N  61  15.7685 W   2.1        7.5        3.2        8.1       67.7 
080619  223306  46  41.6299 N  61  15.7680 W   2.1        7.5        3.2        8.1       75.7*
080619  223307  46  41.6302 N  61  15.7676 W   2.0        7.5        3.2        8.1       75.7 
080619  223308  46  41.6306 N  61  15.7669 W   2.0        7.5        3.2        8.1       75.7 
080619  223309  46  41.6311 N  61  15.7662 W   2.1        7.5        3.2        8.1       75.7 
080619  223310  46  41.6315 N  61  15.7656 W   2.1        7.5        3.2        8.1       75.7 
080619  223311  46  41.6319 N  61  15.7652 W   2.1        7.5        3.2        8.1       73.0*
080619  223312  46  41.6322 N  61  15.7646 W   2.0        7.5        3.2        8.1       73.0 
080619  223313  46  41.6327 N  61  15.7640 W   2.1        7.5        3.2        8.1       73.0 
080619  223314  46  41.6331 N  61  15.7633 W   2.1        7.5        3.2        8.1       73.0 
080619  223315  46  41.6335 N  61  15.7628 W   2.1        7.5        3.2        8.1       73.0 
080619  223316  46  41.6339 N  61  15.7622 W   2.1        7.5        3.2        8.1       73.0 
080619  223317  46  41.6344 N  61  15.7615 W   2.1        7.5        3.2        8.1       98.5*
080619  223318  46  41.6348 N  61  15.7609 W   2.1        7.5        3.2        8.1       98.5 
080619  223319  46  41.6352 N  61  15.7603 W   2.1        7.5        3.2        8.1       98.5 
080619  223320  46  41.6357 N  61  15.7597 W   2.1        7.5        3.2        8.1       98.5 
080619  223321  46  41.6361 N  61  15.7590 W   2.1        7.5        3.2        8.1       98.5 
080619  223322  46  41.6365 N  61  15.7583 W   2.1        7.5        3.2        8.1       50.6*
080619  223323  46  41.6369 N  61  15.7578 W   2.1        7.5        3.2        8.1       50.6 
080619  223324  46  41.6373 N  61  15.7572 W   2.1        7.5        3.2        8.1       50.6 
080619  223325  46  41.6378 N  61  15.7567 W   2.1        7.5        3.2        8.1       50.6 
080619  223326  46  41.6381 N  61  15.7560 W   2.1        7.5        3.2        8.1       50.6 
080619  223327  46  41.6386 N  61  15.7553 W   2.1        7.5        3.2        8.1       71.7*
080619  223328  46  41.6390 N  61  15.7548 W   2.1        7.5        3.2        8.1       71.7 
080619  223329  46  41.6395 N  61  15.7543 W   2.1        7.5        3.2        8.1       71.7 
080619  223330  46  41.6399 N  61  15.7536 W   2.2        7.5        3.2        8.1       71.7 
080619  223331  46  41.6403 N  61  15.7530 W   2.2        7.5        3.2        8.1       71.7 
080619  223332  46  41.6407 N  61  15.7525 W   2.1        7.5        3.2        8.1       71.7 
080619  223333  46  41.6411 N  61  15.7518 W   2.2        7.5        3.2        8.1       73.5*
080619  223334  46  41.6416 N  61  15.7511 W   2.2        7.5        3.2        8.1       73.5 
080619  223335  46  41.6421 N  61  15.7506 W   2.2        7.5        3.2        8.1       73.5 
080619  223336  46  41.6425 N  61  15.7500 W   2.2        7.5        3.2        8.1       73.5 
080619  223337  46  41.6429 N  61  15.7493 W   2.2        7.5        3.2        8.1       73.5 
080619  223338  46  41.6433 N  61  15.7486 W   2.2        7.5        3.2        8.1       75.2*
080619  223339  46  41.6438 N  61  15.7480 W   2.2        7.5        3.2        8.1       75.2 
080619  223340  46  41.6442 N  61  15.7474 W   2.2        7.5        3.2        8.1       75.2 
080619  223341  46  41.6447 N  61  15.7469 W   2.2        7.5        3.2        8.1       75.2 
080619  223342  46  41.6451 N  61  15.7463 W   2.2        7.5        3.2        8.1       75.2 
080619  223343  46  41.6456 N  61  15.7456 W   2.2        7.5        3.2        8.1       72.1*
080619  223344  46  41.6460 N  61  15.7449 W   2.2        7.5        3.2        8.1       72.1 
080619  223345  46  41.6465 N  61  15.7443 W   2.2        7.5        3.2        8.1       72.1 
080619  223346  46  41.6469 N  61  15.7439 W   2.2        7.5        3.2        8.1       72.1 
080619  223347  46  41.6473 N  61  15.7433 W   2.1        7.5        3.2        8.1       72.1 
080619  223348  46  41.6478 N  61  15.7425 W   2.2        7.5        3.2        8.1       72.1 
080619  223349  46  41.6483 N  61  15.7420 W   2.2        7.5        3.2        8.1       74.3*
080619  223350  46  41.6486 N  61  15.7416 W   2.1        7.5        3.2        8.1       74.3 
080619  223351  46  41.6490 N  61  15.7410 W   2.1        7.5        3.2        8.1       74.3 
080619  223352  46  41.6494 N  61  15.7404 W   2.2        7.5        3.2        8.1       74.3 
080619  223353  46  41.6499 N  61  15.7398 W   2.2        7.5        3.2        8.1       74.3 
080619  223354  46  41.6503 N  61  15.7393 W   2.1        7.5        3.2        8.1       73.9*
080619  223355  46  41.6507 N  61  15.7388 W   2.1        7.5        3.2        8.1       73.9 
080619  223356  46  41.6511 N  61  15.7383 W   2.1        7.5        3.2        8.1       73.9 
080619  223357  46  41.6515 N  61  15.7376 W   2.1        7.5        3.2        8.1       73.9 
080619  223358  46  41.6519 N  61  15.7371 W   2.1        7.5        3.2        8.1       73.9 
080619  223359  46  41.6523 N  61  15.7366 W   2.1        7.5        3.2        8.1       73.9 
080619  223400  46  41.6527 N  61  15.7361 W   2.0        7.5        3.2        8.1       72.1*
080619  223401  46  41.6532 N  61  15.7355 W   2.1        7.5        3.2        8.1       72.1 
080619  223402  46  41.6536 N  61  15.7350 W   2.1        7.5        3.2        8.1       72.1 
080619  223403  46  41.6540 N  61  15.7344 W   2.1        7.5        3.2        8.1       72.1 
080619  223404  46  41.6544 N  61  15.7340 W   2.0        7.5        3.2        8.1       72.1 
080619  223405  46  41.6548 N  61  15.7334 W   2.0        7.5        3.2        8.1       76.1*
080619  223406  46  41.6553 N  61  15.7328 W   2.0        7.5        3.2        8.1       76.1 
080619  223407  46  41.6557 N  61  15.7323 W   2.1        7.5        3.2        8.1       76.1 
080619  223408  46  41.6561 N  61  15.7318 W   2.0        7.5        3.2        8.1       76.1 
080619  223409  46  41.6565 N  61  15.7312 W   2.0        7.5        3.2        8.1       76.1 
080619  223410  46  41.6569 N  61  15.7307 W   2.1        7.5        3.2        8.1       71.3*
080619  223411  46  41.6573 N  61  15.7301 W   2.1        7.5        3.2        8.1       71.3 
080619  223412  46  41.6577 N  61  15.7296 W   2.1        7.5        3.2        8.1       71.3 
080619  223413  46  41.6581 N  61  15.7290 W   2.0        7.5        3.2        8.1       71.3 
080619  223414  46  41.6585 N  61  15.7285 W   2.1        7.5        3.2        8.1       71.3 
080619  223415  46  41.6589 N  61  15.7279 W   2.1        7.5        3.2        8.1       71.3 
080619  223416  46  41.6594 N  61  15.7273 W   2.1        7.5        3.2        8.1       74.8*
080619  223417  46  41.6598 N  61  15.7267 W   2.0        7.5        3.2        8.1       74.8 
080619  223418  46  41.6602 N  61  15.7261 W   2.1        7.5        3.2        8.1       74.8 
080619  223419  46  41.6606 N  61  15.7255 W   2.1        7.5        3.2        8.1       74.8 
080619  223420  46  41.6610 N  61  15.7250 W   2.1        7.5       11.4*       8.1       74.8 
080619  223421  46  41.6614 N  61  15.7245 W   2.0        7.5       11.4        8.1       74.3*
080619  223422  46  41.6618 N  61  15.7238 W   2.0        7.5       11.4        8.1       74.3 
080619  223423  46  41.6623 N  61  15.7232 W   2.1        7.5       11.4        8.1       74.3 
080619  223424  46  41.6627 N  61  15.7227 W   2.0        7.5       11.4        8.1       74.3 
080619  223425  46  41.6630 N  61  15.7222 W   2.0        7.5       11.4        8.1       74.3 
080619  223426  46  41.6634 N  61  15.7217 W   2.0        7.5       11.4        8.1       73.5*
080619  223427  46  41.6638 N  61  15.7212 W   2.0        7.5       11.4        8.1       73.5 
080619  223428  46  41.6642 N  61  15.7207 W   2.0        7.5       11.4        8.1       73.5 
080619  223429  46  41.6646 N  61  15.7202 W   1.9        7.5       11.4        8.1       73.5 
080619  223430  46  41.6650 N  61  15.7196 W   1.9        7.5       11.4        8.1       73.5 
080619  223431  46  41.6654 N  61  15.7191 W   2.0        7.5       11.4        8.1       73.5 
080619  223432  46  41.6658 N  61  15.7185 W   2.0        7.5       11.3*       8.1       72.6*
080619  223433  46  41.6662 N  61  15.7180 W   1.9        7.5       11.3        8.1       72.6 
080619  223434  46  41.6665 N  61  15.7176 W   1.9        7.5       11.3        8.1       72.6 
080619  223435  46  41.6669 N  61  15.7170 W   1.9        7.5       11.3        8.1       72.6 
080619  223436  46  41.6674 N  61  15.7164 W   2.0        7.5       11.3        8.1       72.6 
080619  223437  46  41.6678 N  61  15.7160 W   2.0        7.5       11.3        8.1       73.9*
080619  223438  46  41.6681 N  61  15.7155 W   1.9        7.5       11.3        8.1       73.9 
080619  223439  46  41.6685 N  61  15.7150 W   1.9        7.5       11.3        8.1       73.9 
080619  223440  46  41.6690 N  61  15.7142 W   2.0        7.5       11.3        8.1       73.9 
080619  223441  46  41.6694 N  61  15.7138 W   2.0        7.5       11.3        8.1       73.9 
080619  223442  46  41.6697 N  61  15.7134 W   1.9        7.5       11.3        8.1       73.9 
080619  223443  46  41.6701 N  61  15.7129 W   1.9        7.5       11.3        8.1       73.0*
080619  223444  46  41.6704 N  61  15.7124 W   1.9        7.5       11.3        8.1       73.0 
080619  223445  46  41.6709 N  61  15.7118 W   2.0        7.5       11.3        8.1       73.0 
080619  223446  46  41.6713 N  61  15.7114 W   1.9        7.5       11.3        8.1       73.0 
080619  223447  46  41.6716 N  61  15.7110 W   1.9        7.5       11.3        8.1       73.0 
080619  223448  46  41.6720 N  61  15.7104 W   1.9        7.5       11.3        8.1      105.1*
080619  223449  46  41.6725 N  61  15.7097 W   2.0        7.5       11.3        8.1      105.1 
080619  223450  46  41.6729 N  61  15.7091 W   2.0        7.5       11.3        8.1      105.1 
080619  223451  46  41.6733 N  61  15.7087 W   2.0        7.5       11.3        8.1      105.1 
080619  223452  46  41.6737 N  61  15.7082 W   2.0        7.5       11.3        8.1      105.1 
080619  223453  46  41.6742 N  61  15.7076 W   2.0        7.5       11.3        8.1       43.5*
080619  223454  46  41.6746 N  61  15.7070 W   2.1        7.5       11.3        8.1       43.5 
080619  223455  46  41.6750 N  61  15.7065 W   2.1        7.5       11.3        8.1       43.5 
080619  223456  46  41.6754 N  61  15.7060 W   2.0        7.5       11.3        8.1       43.5 
080619  223457  46  41.6759 N  61  15.7054 W   2.1        7.5       11.3        8.1       43.5 
080619  223458  46  41.6764 N  61  15.7048 W   2.2        7.5       11.3        8.1       43.5 
080619  223459  46  41.6769 N  61  15.7042 W   2.2        7.5       11.3        8.1       71.7*
080619  223500  46  41.6773 N  61  15.7037 W   2.1        7.5       11.3        8.1       71.7 
080619  223501  46  41.6777 N  61  15.7030 W   2.2        7.5       11.3        8.1       71.7 
080619  223502  46  41.6782 N  61  15.7024 W   2.2        7.5       11.3        8.1       71.7 
080619  223503  46  41.6787 N  61  15.7019 W   2.2        7.5       11.3        8.1       71.7 
080619  223504  46  41.6792 N  61  15.7013 W   2.2        7.5       11.3        8.1       73.9*
080619  223505  46  41.6797 N  61  15.7006 W   2.2        7.5       11.3        8.1       73.9 
080619  223506  46  41.6801 N  61  15.7000 W   2.2        7.5       11.3        8.1       73.9 
080619  223507  46  41.6806 N  61  15.6994 W   2.2        7.5       11.3        8.1       73.9 
080619  223508  46  41.6811 N  61  15.6987 W   2.3        7.5       11.3        8.1       73.9 
080619  223509  46  41.6816 N  61  15.6981 W   2.3        7.5       11.3        8.1       74.3*
080619  223510  46  41.6820 N  61  15.6976 W   2.2        7.5       11.3        8.1       74.3 
080619  223511  46  41.6825 N  61  15.6970 W   2.2        7.5       11.3        8.1       74.3 
080619  223512  46  41.6829 N  61  15.6962 W   2.3        7.5       11.3        8.1       74.3 
080619  223513  46  41.6835 N  61  15.6956 W   2.3        7.5       11.3        8.1       74.3 
080619  223514  46  41.6839 N  61  15.6952 W   2.2        7.5       11.3        8.1       74.3 
080619  223515  46  41.6843 N  61  15.6947 W   2.2        7.5       11.3        8.1       72.6*
080619  223516  46  41.6847 N  61  15.6940 W   2.2        7.5       11.3        8.1       72.6 
080619  223517  46  41.6851 N  61  15.6934 W   2.2        7.5       11.3        8.1       72.6 
080619  223518  46  41.6856 N  61  15.6929 W   2.1        7.5       11.3        8.1       72.6 
080619  223519  46  41.6860 N  61  15.6924 W   2.1        7.5       11.3        8.1       72.6 
080619  223520  46  41.6864 N  61  15.6918 W   2.1        7.5       11.3        8.1       73.9*
080619  223521  46  41.6869 N  61  15.6912 W   2.1        7.5       11.3        8.1       73.9 
080619  223522  46  41.6873 N  61  15.6906 W   2.1        7.5       11.3        8.1       73.9 
080619  223523  46  41.6877 N  61  15.6901 W   2.1        7.5       11.3        8.1       73.9 
080619  223524  46  41.6881 N  61  15.6896 W   2.0        7.5       11.3        8.1       73.9 
080619  223525  46  41.6886 N  61  15.6890 W   2.1        7.5       11.3        8.1       73.0*
080619  223526  46  41.6891 N  61  15.6884 W   2.1        7.5       11.3        8.1       73.0 
080619  223527  46  41.6896 N  61  15.6879 W   2.1        7.5       11.3        8.1       73.0 
080619  223528  46  41.6900 N  61  15.6874 W   2.0        7.5       11.3        8.1       73.0 
080619  223529  46  41.6905 N  61  15.6868 W   2.1        7.5       11.3        8.1       73.0 
080619  223530  46  41.6910 N  61  15.6862 W   2.1        7.5       11.3        8.1       73.0 
080619  223531  46  41.6914 N  61  15.6857 W   2.1        7.5       11.3        8.1       73.9*
080619  223532  46  41.6919 N  61  15.6852 W   2.0        7.5       11.6*       8.1       73.9 
080619  223533  46  41.6923 N  61  15.6846 W   2.1        7.5       11.6        8.1       73.9 
080619  223534  46  41.6928 N  61  15.6841 W   2.1        7.5       11.6        8.1       73.9 
080619  223535  46  41.6932 N  61  15.6836 W   2.0        7.5       11.6        8.1       73.9 
080619  223536  46  41.6937 N  61  15.6829 W   2.0        7.5       11.6        8.1       73.5*
080619  223537  46  41.6941 N  61  15.6824 W   2.1        7.5       11.6        8.1       73.5 
080619  223538  46  41.6946 N  61  15.6818 W   2.0        7.5       11.6        8.1       73.5 
080619  223539  46  41.6950 N  61  15.6813 W   2.0        7.5       11.6        8.1       73.5 
080619  223540  46  41.6954 N  61  15.6808 W   2.0        7.5       11.6        8.1       73.5 
080619  223541  46  41.6959 N  61  15.6802 W   2.0        7.5       11.6        8.1       73.5 
080619  223542  46  41.6963 N  61  15.6796 W   2.1        7.5       11.6        8.1       74.3*
080619  223543  46  41.6968 N  61  15.6791 W   2.1        7.5       11.6        8.1       74.3 
080619  223544  46  41.6972 N  61  15.6787 W   2.0        7.5       11.6        8.1       74.3 
080619  223545  46  41.6976 N  61  15.6781 W   2.0        7.5       11.6        8.1       74.3 
080619  223546  46  41.6981 N  61  15.6775 W   2.0        7.5       11.6        8.1       74.3 
080619  223547  46  41.6985 N  61  15.6770 W   2.0        7.5       11.6        8.1       72.1*
080619  223548  46  41.6991 N  61  15.6763 W   2.1        7.5       11.6        8.1       72.1 
080619  223549  46  41.6995 N  61  15.6759 W   2.1        7.5       11.6        8.1       72.1 
080619  223550  46  41.6999 N  61  15.6754 W   2.0        7.5       11.6        8.1       72.1 
080619  223551  46  41.7004 N  61  15.6747 W   2.0        7.5       11.6        8.1       72.1 
080619  223552  46  41.7008 N  61  15.6741 W   2.1        7.5       11.6        8.1       74.8*
080619  223553  46  41.7012 N  61  15.6738 W   2.1        7.5       11.6        8.1       74.8 
080619  223554  46  41.7015 N  61  15.6734 W   2.0        7.5       11.6        8.1       74.8 
080619  223555  46  41.7020 N  61  15.6729 W   2.0        7.5       11.6        8.1       74.8 
080619  223556  46  41.7024 N  61  15.6723 W   2.1        7.5       11.6        8.1       74.8 
080619  223557  46  41.7028 N  61  15.6719 W   2.0        7.5       11.6        8.1       74.8 
080619  223558  46  41.7032 N  61  15.6715 W   2.0        7.5       11.6        8.1       73.0*
080619  223559  46  41.7036 N  61  15.6710 W   2.0        7.5       11.6        8.1       73.0 
080619  223600  46  41.7041 N  61  15.6705 W   2.0        7.5       11.6        8.1       73.0 
080619  223601  46  41.7045 N  61  15.6700 W   2.0        7.5       11.6        8.1       73.0 
080619  223602  46  41.7049 N  61  15.6695 W   2.0        7.5       11.6        8.1       73.0 
080619  223603  46  41.7053 N  61  15.6688 W   1.9        7.5       11.6        8.1       73.0*
080619  223604  46  41.7059 N  61  15.6681 W   2.0        7.5       11.6        8.1       73.0 
080619  223605  46  41.7063 N  61  15.6676 W   2.0        7.5       11.6        8.1       73.0 
080619  223606  46  41.7065 N  61  15.6673 W   1.9        7.5       11.6        8.1       73.0 
080619  223607  46  41.7069 N  61  15.6668 W   1.9        7.5       11.6        8.1       73.0 
080619  223608  46  41.7073 N  61  15.6662 W   1.9        7.5       11.6        8.1       73.5*
080619  223609  46  41.7077 N  61  15.6657 W   1.9        7.5       11.6        8.1       73.5 
080619  223610  46  41.7081 N  61  15.6652 W   1.9        7.5       11.6        8.1       73.5 
080619  223611  46  41.7085 N  61  15.6647 W   1.9        7.5       11.6        8.1       73.5 
080619  223612  46  41.7089 N  61  15.6641 W   1.9        7.5       11.6        8.1       73.5 
080619  223613  46  41.7093 N  61  15.6635 W   1.9        7.5       11.6        8.1       73.5 
080619  223614  46  41.7097 N  61  15.6629 W   1.9        7.5       11.6        8.1       73.0*
080619  223615  46  41.7100 N  61  15.6624 W   1.9        7.5       11.6        8.1       73.0 
080619  223616  46  41.7104 N  61  15.6619 W   1.9        7.5       11.6        8.1       73.0 
080619  223617  46  41.7108 N  61  15.6614 W   2.0        7.5       11.6        8.1       73.0 
080619  223618  46  41.7112 N  61  15.6607 W   2.0        7.5       11.6        8.1       73.0 
080619  223619  46  41.7115 N  61  15.6602 W   2.0        7.5       11.6        8.1       75.2*
080619  223620  46  41.7118 N  61  15.6596 W   1.9        7.5       11.6        8.1       75.2 
080619  223621  46  41.7123 N  61  15.6591 W   2.0        7.5       11.6        8.1       75.2 
080619  223622  46  41.7127 N  61  15.6585 W   2.0        7.5       11.6        8.1       75.2 
080619  223623  46  41.7131 N  61  15.6580 W   2.0        7.5       11.6        8.1       75.2 
080619  223624  46  41.7134 N  61  15.6575 W   2.0        7.5       11.6        8.1       75.2 
080619  223625  46  41.7139 N  61  15.6568 W   2.0        7.5       11.6        8.1       72.1*
080619  223626  46  41.7143 N  61  15.6562 W   2.0        7.5       11.6        8.1       72.1 
080619  223627  46  41.7147 N  61  15.6557 W   2.0        7.5       11.6        8.1       72.1 
080619  223628  46  41.7151 N  61  15.6552 W   2.0        7.5       11.6        8.1       72.1 
080619  223629  46  41.7156 N  61  15.6546 W   2.0        7.5       11.6        8.1       72.1 
080619  223630  46  41.7160 N  61  15.6540 W   2.1        7.5       11.6        8.1       73.0*
080619  223631  46  41.7164 N  61  15.6534 W   2.1        2.1*      11.6        8.1       73.0 
080619  223632  46  41.7168 N  61  15.6529 W   2.0        2.1       11.6        8.1       73.0 
080619  223633  46  41.7172 N  61  15.6524 W   2.1        2.1       11.6        8.1       73.0 
080619  223634  46  41.7177 N  61  15.6517 W   2.1        2.1       11.6        8.1       73.0 
080619  223635  46  41.7181 N  61  15.6511 W   2.1        2.1       11.6        8.1       72.6*
080619  223636  46  41.7185 N  61  15.6506 W   2.1        2.1       11.6        8.1       72.6 
080619  223637  46  41.7189 N  61  15.6499 W   2.1        2.1       11.6        8.1       72.6 
080619  223638  46  41.7194 N  61  15.6493 W   2.1        2.1       11.6        8.1       72.6 
080619  223639  46  41.7198 N  61  15.6488 W   2.1        2.1       11.6        8.1       72.6 
080619  223640  46  41.7202 N  61  15.6482 W   2.1        2.1       11.6        8.1       72.6 
080619  223641  46  41.7206 N  61  15.6476 W   2.1        2.1       11.6        8.1       75.2*
080619  223642  46  41.7211 N  61  15.6469 W   2.2        2.1       11.6        8.1       75.2 
080619  223643  46  41.7215 N  61  15.6464 W   2.1        2.1       11.6*       8.1       75.2 
080619  223644  46  41.7219 N  61  15.6457 W   2.1        2.1       11.6        8.1       75.2 
080619  223645  46  41.7224 N  61  15.6450 W   2.1        2.1       11.6        8.1       75.2 
080619  223646  46  41.7228 N  61  15.6444 W   2.1        2.1       11.6        8.1       75.2*
080619  223647  46  41.7231 N  61  15.6439 W   2.1        2.1       11.6        8.1       75.2 
080619  223648  46  41.7234 N  61  15.6434 W   2.1        2.1       11.6        8.1       75.2 
080619  223649  46  41.7238 N  61  15.6428 W   2.1        2.1       11.6        8.1       75.2 
080619  223650  46  41.7241 N  61  15.6423 W   2.1        2.1       11.6        8.1       75.2 
080619  223651  46  41.7245 N  61  15.6418 W   2.0        2.1       11.6        8.1       71.3*
080619  223652  46  41.7248 N  61  15.6412 W   2.1        2.1       11.6        8.1       71.3 
080619  223653  46  41.7252 N  61  15.6406 W   2.1        2.1       11.6        8.1       71.3 
080619  223654  46  41.7255 N  61  15.6401 W   2.0        2.1       11.6        8.1       71.3 
080619  223655  46  41.7259 N  61  15.6394 W   2.0        2.1       11.6        8.1       71.3 
080619  223656  46  41.7263 N  61  15.6389 W   2.0        2.1       11.6        8.1       71.3 
080619  223657  46  41.7267 N  61  15.6383 W   2.1        2.1       11.6        8.1       72.6*
080619  223658  46  41.7270 N  61  15.6378 W   2.0        2.1       11.6        8.1       72.6 
080619  223659  46  41.7273 N  61  15.6373 W   2.0        2.1       11.6        8.1       72.6 
080619  223700  46  41.7277 N  61  15.6367 W   2.0        2.1       11.6        8.1       72.6 
080619  223701  46  41.7281 N  61  15.6362 W   2.0        2.1       11.6        8.1       72.6 
080619  223702  46  41.7285 N  61  15.6357 W   2.0        2.1       11.6        8.1       73.5*
080619  223703  46  41.7289 N  61  15.6351 W   2.0        2.1       11.6        8.1       73.5 
080619  223704  46  41.7292 N  61  15.6346 W   2.0        2.1       11.6        8.1       73.5 
080619  223705  46  41.7296 N  61  15.6340 W   2.0        2.1       11.6        8.1       73.5 
080619  223706  46  41.7300 N  61  15.6333 W   2.0        2.1       11.6        8.1       73.5 
080619  223707  46  41.7305 N  61  15.6328 W   2.0        2.1       11.6        8.1       73.5 
080619  223708  46  41.7309 N  61  15.6321 W   2.0        2.1       11.6        8.1       73.0*
080619  223709  46  41.7313 N  61  15.6315 W   2.0        2.1       11.6        8.1       73.0 
080619  223710  46  41.7317 N  61  15.6309 W   2.1        2.1       11.6        8.1       73.0 
080619  223711  46  41.7321 N  61  15.6303 W   2.1        2.1       11.6        8.1       73.0 
080619  223712  46  41.7326 N  61  15.6297 W   2.1        2.1       11.6        8.1       73.0 
080619  223713  46  41.7331 N  61  15.6290 W   2.1        2.1       11.6        8.1       73.0*
080619  223714  46  41.7335 N  61  15.6284 W   2.1        2.1       11.6        8.1       73.0 
080619  223715  46  41.7340 N  61  15.6278 W   2.1        2.1       11.6        8.1       73.0 
080619  223716  46  41.7344 N  61  15.6272 W   2.1        2.1       11.6        8.1       73.0 
080619  223717  46  41.7349 N  61  15.6267 W   2.1        2.1       11.6        8.1       73.0 
080619  223718  46  41.7353 N  61  15.6262 W   2.1        2.1       11.6        8.1       73.5*
080619  223719  46  41.7357 N  61  15.6255 W   2.1        2.1       11.1*       8.1       73.5 
080619  223720  46  41.7362 N  61  15.6249 W   2.1        2.1       11.1        8.1       73.5 
080619  223721  46  41.7366 N  61  15.6244 W   2.1        2.1       11.1        8.1       73.5 
080619  223722  46  41.7370 N  61  15.6240 W   2.0        2.1       11.1        8.1       73.5 
080619  223723  46  41.7374 N  61  15.6234 W   2.1        2.1       11.1        8.1       73.5 
080619  223724  46  41.7378 N  61  15.6228 W   2.1        2.1       11.1        8.1       71.7*
080619  223725  46  41.7383 N  61  15.6222 W   2.1        2.1       11.1        8.1       71.7 
080619  223726  46  41.7387 N  61  15.6217 W   2.0        2.1       11.1        8.1       71.7 
080619  223727  46  41.7391 N  61  15.6211 W   2.0        2.1       11.1        8.1       71.7 
080619  223728  46  41.7396 N  61  15.6206 W   2.1        2.1       11.1        8.1       71.7 
080619  223729  46  41.7400 N  61  15.6199 W   2.1        2.1       11.1      103.0*      73.0*
080619  223730  46  41.7405 N  61  15.6194 W   2.1        2.1       11.1      103.0       73.0 
080619  223731  46  41.7409 N  61  15.6188 W   2.0        2.1       11.1      103.0       73.0 
080619  223732  46  41.7414 N  61  15.6183 W   2.0        2.1       11.1      103.0       73.0 
080619  223733  46  41.7418 N  61  15.6177 W   2.0        2.1       11.1      103.0       73.0 
080619  223734  46  41.7423 N  61  15.6171 W   2.1        2.1       11.1      103.0       73.5*
080619  223735  46  41.7428 N  61  15.6165 W   2.1        2.1       11.1      103.0       73.5 
080619  223736  46  41.7432 N  61  15.6159 W   2.1        2.1       11.1      103.0       73.5 
080619  223737  46  41.7436 N  61  15.6154 W   2.0        2.1       11.1      103.0       73.5 
080619  223738  46  41.7441 N  61  15.6147 W   2.1        2.1       11.1      103.0       73.5 
080619  223739  46  41.7446 N  61  15.6140 W   2.1        2.1       11.1      103.0       73.5 
080619  223740  46  41.7451 N  61  15.6135 W   2.1        2.1       11.1      103.0       74.3*
080619  223741  46  41.7455 N  61  15.6130 W   2.1        2.1       11.1      103.0       74.3 
080619  223742  46  41.7460 N  61  15.6124 W   2.1        2.1       11.1      103.0       74.3 
080619  223743  46  41.7465 N  61  15.6117 W   2.1        2.1*      11.1      103.0       74.3 
080619  223744  46  41.7470 N  61  15.6111 W   2.2        2.1       11.1      103.0       74.3 
080619  223745  46  41.7473 N  61  15.6107 W   2.1        2.1       11.1      103.0       73.9*
080619  223746  46  41.7477 N  61  15.6102 W   2.0        2.1       11.1      103.0       73.9 
080619  223747  46  41.7483 N  61  15.6096 W   2.1        2.1       11.1      103.0       73.9 
080619  223748  46  41.7487 N  61  15.6091 W   2.0        2.1       11.1      103.0       73.9 
080619  223749  46  41.7490 N  61  15.6087 W   1.9        2.1       11.1      103.0       73.9 
080619  223750  46  41.7494 N  61  15.6084 W   1.9        2.1       11.1      103.0       73.9 
080619  223751  46  41.7498 N  61  15.6080 W   1.8        2.1       11.1      103.0      129.8*
080619  223752  46  41.7501 N  61  15.6076 W   1.8        2.1       11.1      103.0      129.8 
080619  223753  46  41.7504 N  61  15.6072 W   1.7        2.1       11.1      103.0      129.8 
080619  223754  46  41.7507 N  61  15.6069 W   1.6        2.1       11.1      103.0      129.8 
080619  223755  46  41.7510 N  61  15.6066 W   1.5        2.1       11.1        6.6*     129.8 
080619  223756  46  41.7513 N  61  15.6064 W   1.5        2.1       11.1        6.6      129.8 
080619  223757  46  41.7515 N  61  15.6062 W   1.4        2.1       11.1        6.6      129.8 
080619  223758  46  41.7518 N  61  15.6059 W   1.3        2.1       11.1        6.6      129.8 
080619  223759  46  41.7520 N  61  15.6058 W   1.3        2.1       11.1        6.6      129.8 
080619  223800  46  41.7522 N  61  15.6057 W   1.2        2.1       11.1        8.4*     129.8 
080619  223801  46  41.7524 N  61  15.6056 W   1.1        2.1       11.1        8.4      129.8 
080619  223802  46  41.7527 N  61  15.6054 W   1.1        2.1       11.1        8.4      129.8 
080619  223803  46  41.7529 N  61  15.6053 W   1.1        2.1       11.1        8.4      129.8 
080619  223804  46  41.7531 N  61  15.6052 W   1.0        2.1       11.1        8.4      129.8 
080619  223805  46  41.7533 N  61  15.6052 W   0.9        2.1       11.1        8.4      129.8 
080619  223806  46  41.7534 N  61  15.6051 W   0.9        2.1       11.1       17.4*     129.8 
080619  223807  46  41.7537 N  61  15.6050 W   0.9        2.1       11.1       17.4      129.8 
080619  223808  46  41.7539 N  61  15.6049 W   0.9        2.1       11.1       17.4      129.8 
080619  223809  46  41.7540 N  61  15.6048 W   0.8        2.1       11.1       17.4      129.8 
080619  223810  46  41.7542 N  61  15.6048 W   0.7        2.1       11.1       17.4      129.8 
080619  223811  46  41.7544 N  61  15.6047 W   0.7        2.1       11.1        6.3*     129.8 
080619  223812  46  41.7546 N  61  15.6046 W   0.7        2.1       11.1        6.3       77.4*
080619  223813  46  41.7547 N  61  15.6046 W   0.7        2.1       11.1        6.3       77.4 
080619  223814  46  41.7547 N  61  15.6046 W   0.6        2.1       11.1        6.3       77.4 
080619  223815  46  41.7549 N  61  15.6045 W   0.6        2.1       11.1        6.3       77.4 
080619  223816  46  41.7551 N  61  15.6045 W   0.6        2.1       11.1       16.2*      77.4 
080619  223817  46  41.7552 N  61  15.6045 W   0.6        2.1       11.1       16.2       77.4 
080619  223818  46  41.7552 N  61  15.6045 W   0.5        2.1       11.1       16.2       77.4 
080619  223819  46  41.7554 N  61  15.6045 W   0.5        2.1       11.1       16.2       77.4 
080619  223820  46  41.7555 N  61  15.6044 W   0.6        2.1       11.1       16.2       77.4 
080619  223821  46  41.7556 N  61  15.6044 W   0.5        2.1       11.1       16.2       77.4 
080619  223822  46  41.7557 N  61  15.6044 W   0.5        2.1       11.1       16.2       77.4 
080619  223823  46  41.7558 N  61  15.6044 W   0.5        2.1       11.1       16.2       77.4 
080619  223824  46  41.7560 N  61  15.6044 W   0.5        2.1       11.1       16.2       77.4 
080619  223825  46  41.7561 N  61  15.6044 W   0.5        2.1       11.1       16.2       77.4 
080619  223826  46  41.7562 N  61  15.6044 W   0.5        2.1       11.1       16.2       77.4 
080619  223827  46  41.7563 N  61  15.6044 W   0.5        2.1       11.1       15.6*      77.4 
080619  223828  46  41.7565 N  61  15.6044 W   0.5        2.1       11.1       15.6       77.4 
080619  223829  46  41.7566 N  61  15.6044 W   0.5        2.1       11.1       15.6       77.4 
080619  223830  46  41.7566 N  61  15.6045 W   0.5        2.1       11.1       15.6       77.4 
080619  223831  46  41.7567 N  61  15.6046 W   0.5        2.1       11.1       15.6       77.4 
080619  223832  46  41.7569 N  61  15.6046 W   0.5        2.1       11.1        2.2*      77.4 
080619  223833  46  41.7570 N  61  15.6046 W   0.5        2.1       11.1        2.2       77.4 
080619  223834  46  41.7570 N  61  15.6047 W   0.5        2.1       11.1        2.2       24.6*
080619  223835  46  41.7572 N  61  15.6046 W   0.5        2.1       11.1        2.2       24.6 
080619  223836  46  41.7573 N  61  15.6047 W   0.5        2.1       11.1        2.2       24.6 
080619  223837  46  41.7574 N  61  15.6047 W   0.5        2.1       11.1        8.0*      24.6 
080619  223838  46  41.7575 N  61  15.6048 W   0.5        2.1       11.1        8.0       24.6 
080619  223839  46  41.7577 N  61  15.6047 W   0.5        2.1       11.1        8.0      100.7*
080619  223840  46  41.7577 N  61  15.6048 W   0.5        2.1       11.1        8.0      100.7 
080619  223841  46  41.7578 N  61  15.6048 W   0.4        2.1       11.1        8.0      100.7 
080619  223842  46  41.7580 N  61  15.6049 W   0.5        2.1       11.1        8.0      100.7 
080619  223843  46  41.7582 N  61  15.6049 W   0.5        2.1       11.1        8.0      100.7 
080619  223844  46  41.7583 N  61  15.6050 W   0.5        2.1       11.1        8.0       11.0*
080619  223845  46  41.7583 N  61  15.6050 W   0.4        2.1       11.1        8.0       11.0 
080619  223846  46  41.7584 N  61  15.6050 W   0.5        2.1       11.1        8.0       11.0 
080619  223847  46  41.7587 N  61  15.6049 W   0.5        2.1       11.1        8.0       11.0 
080619  223848  46  41.7588 N  61  15.6049 W   0.5        2.1       11.1        8.0       11.0 
080619  223849  46  41.7589 N  61  15.6050 W   0.5        2.1       11.1        8.0       11.0 
080619  223850  46  41.7590 N  61  15.6050 W   0.5        2.1       11.1        8.0      156.6*
080619  223851  46  41.7592 N  61  15.6048 W   0.5        2.1       11.1        8.0      156.6 
080619  223852  46  41.7594 N  61  15.6048 W   0.5        2.1       11.1        8.0      156.6 
080619  223853  46  41.7594 N  61  15.6050 W   0.5        2.1       11.1        9.2*     156.6 
080619  223854  46  41.7595 N  61  15.6050 W   0.5        2.1       11.1        9.2      156.6 
080619  223855  46  41.7597 N  61  15.6050 W   0.5        2.1       11.1        9.2       51.9*
080619  223856  46  41.7598 N  61  15.6050 W   0.5        2.1       11.1        9.2       51.9 
080619  223857  46  41.7599 N  61  15.6051 W   0.4        2.1       11.1        9.2       51.9 
080619  223858  46  41.7599 N  61  15.6051 W   0.4        2.1       11.1        9.2       51.9 
080619  223859  46  41.7601 N  61  15.6051 W   0.4        2.1       11.1        9.2       51.9 
080619  223900  46  41.7602 N  61  15.6051 W   0.4        2.1       11.1        9.2       32.6*
080619  223901  46  41.7603 N  61  15.6052 W   0.4        2.1       11.1        9.2       32.6 
080619  223902  46  41.7603 N  61  15.6054 W   0.4        2.1       11.1        9.2       32.6 
080619  223903  46  41.7603 N  61  15.6055 W   0.4        2.1       11.1        9.2       32.6 
080619  223904  46  41.7604 N  61  15.6056 W   0.4        2.1       11.1        9.2       32.6 
080619  223905  46  41.7605 N  61  15.6058 W   0.4        2.1       11.1        9.2       32.6 
080619  223906  46  41.7604 N  61  15.6059 W   0.4        2.1       11.1        9.2       74.8*
080619  223907  46  41.7605 N  61  15.6060 W   0.4        3.9*      11.1        9.2       74.8 
080619  223908  46  41.7606 N  61  15.6060 W   0.4        3.9       11.1        9.2       74.8 
080619  223909  46  41.7607 N  61  15.6061 W   0.4        3.9       11.1        9.2       74.8 
080619  223910  46  41.7606 N  61  15.6063 W   0.3        3.9       11.1        9.2       74.8 
080619  223911  46  41.7607 N  61  15.6064 W   0.3        3.9       11.1        9.2       74.8 
080619  223912  46  41.7609 N  61  15.6064 W   0.4        3.9       11.1        9.2       74.8 
080619  223913  46  41.7610 N  61  15.6064 W   0.4        3.9       11.1        9.2       74.8 
080619  223914  46  41.7610 N  61  15.6064 W   0.3        3.9       11.1        8.9*      74.8 
080619  223915  46  41.7610 N  61  15.6065 W   0.3        3.9       11.1        8.9       74.8 
080619  223916  46  41.7611 N  61  15.6066 W   0.3        3.9       11.1        8.9       74.8 
080619  223917  46  41.7612 N  61  15.6067 W   0.3        3.9       11.1        8.9       74.8 
080619  223918  46  41.7612 N  61  15.6068 W   0.3        3.9       11.1        8.9       74.8 
080619  223919  46  41.7613 N  61  15.6068 W   0.3        3.9       11.1        5.4*      74.8 
080619  223920  46  41.7613 N  61  15.6068 W   0.3        6.6*      11.1        5.4       74.8 
080619  223921  46  41.7614 N  61  15.6068 W   0.3        6.6       11.1        5.4       74.8 
080619  223922  46  41.7614 N  61  15.6069 W   0.3        6.6       11.1        5.4      113.9*
080619  223923  46  41.7616 N  61  15.6070 W   0.3        6.6       11.1        5.4      113.9 
080619  223924  46  41.7616 N  61  15.6070 W   0.3        6.6       11.1        4.3*     113.9 
080619  223925  46  41.7617 N  61  15.6071 W   0.3        6.6       11.1        4.3      113.9 
080619  223926  46  41.7617 N  61  15.6071 W   0.3        6.6       11.1        4.3      113.9 
080619  223927  46  41.7618 N  61  15.6072 W   0.3        6.6       11.1        4.3       53.2*
080619  223928  46  41.7619 N  61  15.6072 W   0.3        6.6       11.1        4.3       53.2 
080619  223929  46  41.7620 N  61  15.6072 W   0.3        6.6       11.1        4.3       53.2 
080619  223930  46  41.7620 N  61  15.6073 W   0.3        6.6       11.1        4.3       53.2 
080619  223931  46  41.7621 N  61  15.6074 W   0.3        6.6       11.1        4.3       53.2 
080619  223932  46  41.7621 N  61  15.6074 W   0.3        6.6       11.1        4.3       53.2 
080619  223933  46  41.7623 N  61  15.6074 W   0.3        6.6       11.1        4.3       53.2 
080619  223934  46  41.7623 N  61  15.6074 W   0.3        6.6       11.1        4.3       53.2 
080619  223935  46  41.7623 N  61  15.6075 W   0.3        6.6       11.1        3.7*      53.2 
080619  223936  46  41.7624 N  61  15.6076 W   0.3        6.6       11.1        3.7       53.2 
080619  223937  46  41.7625 N  61  15.6076 W   0.3        6.6       11.1        3.7       53.2 
080619  223938  46  41.7626 N  61  15.6077 W   0.3        6.6       11.1        3.7       53.2 
080619  223939  46  41.7626 N  61  15.6078 W   0.3        6.6       11.1        3.7       53.2 
080619  223940  46  41.7627 N  61  15.6078 W   0.3        6.6       11.1        7.9*      53.2 
080619  223941  46  41.7628 N  61  15.6078 W   0.3        6.6       11.1        7.9       53.2 
080619  223942  46  41.7629 N  61  15.6079 W   0.3        6.6       11.1        7.9       53.2 
080619  223943  46  41.7630 N  61  15.6080 W   0.4        6.6       11.1        7.9       53.2 
080619  223944  46  41.7631 N  61  15.6080 W   0.3        6.6       11.1        7.9       53.2 
080619  223945  46  41.7632 N  61  15.6080 W   0.4        6.6       11.1        7.7*      53.2 
080619  223946  46  41.7632 N  61  15.6080 W   0.4        6.6       11.1        7.7       53.2 
080619  223947  46  41.7633 N  61  15.6081 W   0.3        6.6       11.1        7.7       53.2 
080619  223948  46  41.7634 N  61  15.6082 W   0.3        6.6       11.1        7.7       67.7*
080619  223949  46  41.7635 N  61  15.6082 W   0.4        6.6       11.1        7.7       67.7 
080619  223950  46  41.7637 N  61  15.6082 W   0.4        6.6       11.1        1.3*      67.7 
080619  223951  46  41.7637 N  61  15.6083 W   0.4        6.6       11.1        1.3       67.7 
080619  223952  46  41.7639 N  61  15.6083 W   0.4        6.6       11.1        1.3       67.7 
080619  223953  46  41.7640 N  61  15.6083 W   0.4        6.6       11.1        1.3       67.7 
080619  223954  46  41.7641 N  61  15.6084 W   0.4        6.6       11.1        1.3        9.2*
080619  223955  46  41.7642 N  61  15.6084 W   0.4        6.6       11.1        1.3        9.2 
080619  223956  46  41.7643 N  61  15.6085 W   0.4        2.4*      11.1       17.0*       9.2 
080619  223957  46  41.7645 N  61  15.6085 W   0.4        2.4       11.1       17.0        9.2 
080619  223958  46  41.7646 N  61  15.6085 W   0.4        2.4       11.1       17.0        9.2 
080619  223959  46  41.7647 N  61  15.6086 W   0.4        2.4       11.1       17.0       58.1*
080619  224000  46  41.7648 N  61  15.6087 W   0.4        2.4       11.1       17.0       58.1 
080619  224001  46  41.7649 N  61  15.6087 W   0.4        2.4       11.1       17.0       58.1 
080619  224002  46  41.7650 N  61  15.6088 W   0.4        2.4       11.1       17.0       58.1 
080619  224003  46  41.7652 N  61  15.6088 W   0.4        2.4       11.1       17.0       58.1 
080619  224004  46  41.7653 N  61  15.6088 W   0.4        2.4       11.1       17.0       26.8*
080619  224005  46  41.7653 N  61  15.6089 W   0.4        2.4       11.1       17.0       26.8 
080619  224006  46  41.7655 N  61  15.6090 W   0.5        2.4       11.1       13.5*      26.8 
080619  224007  46  41.7657 N  61  15.6090 W   0.5        2.4       11.1       13.5       26.8 
080619  224008  46  41.7658 N  61  15.6090 W   0.5        2.4       11.1       13.5       26.8 
080619  224009  46  41.7659 N  61  15.6090 W   0.5        2.4       11.1       13.5       26.8 
080619  224010  46  41.7661 N  61  15.6090 W   0.5        2.4       11.1       13.5       12.8*
080619  224011  46  41.7664 N  61  15.6090 W   0.6        2.4       11.1       13.5       12.8 
080619  224012  46  41.7666 N  61  15.6090 W   0.6        2.4       11.1       13.5       12.8 
080619  224013  46  41.7668 N  61  15.6089 W   0.6        2.4       11.1       13.5       12.8 
080619  224014  46  41.7671 N  61  15.6088 W   0.7        2.4        2.2*      13.5       12.8 
080619  224015  46  41.7674 N  61  15.6087 W   0.8        2.4        2.2       13.5      132.0*
080619  224016  46  41.7678 N  61  15.6088 W   0.9        2.4        2.2        5.0*     132.0 
080619  224017  46  41.7681 N  61  15.6087 W   0.9        2.4        2.2        5.0      132.0 
080619  224018  46  41.7684 N  61  15.6087 W   0.9        2.4        2.2        5.0      132.0 
080619  224019  46  41.7689 N  61  15.6085 W   1.0        2.4        2.2        5.0      132.0 
080619  224020  46  41.7692 N  61  15.6084 W   1.1        2.4        2.2        5.0      132.0 
080619  224021  46  41.7695 N  61  15.6084 W   1.1        2.7*       2.2        5.0      132.0 
080619  224022  46  41.7701 N  61  15.6083 W   1.2        2.7        2.2        3.1*     132.0 
