#0	Date-time:	01/08/2017 2:56:39 PM
#1	Recorder:	196H0717
#2	File type:	1
#3	Columns:	7
#4	Channels:	5
#5	Field separation:	0
#6	Decimal point:	0
#7	Date def.:	0	0
#8	Time def.:	0
#9	Channel 1:	Temperature(°C)	Temp(°C)	2	1
#10	Channel 2:	Pressure(Bar)	Press(Bar)	2	1
#11	Reconvertion:	0
#14	Channel 3:	Tilt-X(°)	Tilt-X(°)	1	1
#18	Channel 4:	Tilt-Y(°)	Tilt-Y(°)	1	1
#19	Line color:	1	2	3	4
#22	Channel 5:	Tilt-Z(°)	Tilt-Z(°)	1	1
#30	Trend Type Number:	3
#33	Limit Temp. Corr. OTCR:	1
1	01.08.17 14:22:00	23,77	0,10	52,7	-21,1	16,2
2	01.08.17 14:22:01	23,77	0,07	57,0	-26,7	6,3
3	01.08.17 14:22:02	23,75	0,05	54,9	-25,2	9,9
4	01.08.17 14:22:03	23,75	0,10	47,7	-26,0	16,3
5	01.08.17 14:22:04	23,75	0,07	57,0	-27,1	5,9
6	01.08.17 14:22:05	23,72	0,07	52,9	-27,8	9,2
7	01.08.17 14:22:06	23,72	0,07	56,3	-27,9	5,8
8	01.08.17 14:22:07	23,72	0,07	43,9	-24,6	21,5
9	01.08.17 14:22:08	23,69	0,05	51,5	-35,9	2,7
10	01.08.17 14:22:09	23,69	0,07	38,2	-36,5	15,3
11	01.08.17 14:22:10	23,66	0,12	40,7	-37,6	11,7
12	01.08.17 14:22:11	23,63	0,10	23,3	-30,7	36,1
13	01.08.17 14:22:12	23,60	0,14	27,4	-25,0	37,5
14	01.08.17 14:22:13	23,54	0,19	41,6	-37,0	11,4
15	01.08.17 14:22:14	23,51	0,12	28,9	-51,6	-9,5
16	01.08.17 14:22:15	23,48	0,17	26,3	-58,1	-5,6
17	01.08.17 14:22:16	23,46	0,14	19,6	-54,5	15,8
18	01.08.17 14:22:17	23,37	0,12	17,4	-36,9	35,7
19	01.08.17 14:22:18	23,08	0,35	17,3	-29,8	42,9
20	01.08.17 14:22:19	22,76	0,31	25,2	-22,6	42,2
21	01.08.17 14:22:20	22,67	0,28	27,1	-31,3	31,6
22	01.08.17 14:22:21	22,61	0,26	25,6	-14,9	49,5
23	01.08.17 14:22:22	22,61	0,26	33,1	-18,5	38,4
24	01.08.17 14:22:23	22,56	0,24	13,3	-14,3	62,4
25	01.08.17 14:22:24	22,44	0,47	49,5	5,6	34,9
26	01.08.17 14:22:25	22,21	0,33	21,1	-19,0	49,9
27	01.08.17 14:22:26	22,15	0,28	26,5	-1,0	62,5
28	01.08.17 14:22:27	22,12	0,31	18,9	-12,2	58,9
29	01.08.17 14:22:28	21,94	0,35	19,0	-20,1	50,9
30	01.08.17 14:22:29	21,77	0,35	12,2	-21,0	56,8
31	01.08.17 14:22:30	21,62	0,38	23,3	1,2	65,6
32	01.08.17 14:22:31	21,48	0,31	16,7	3,8	69,5
33	01.08.17 14:22:32	21,36	0,35	56,4	1,9	31,7
34	01.08.17 14:22:33	21,24	0,33	41,6	-6,3	42,1
35	01.08.17 14:22:34	21,19	0,33	14,7	-21,3	54,0
36	01.08.17 14:22:35	21,10	0,31	34,2	-29,4	26,4
37	01.08.17 14:22:36	21,01	0,38	20,9	-24,9	44,3
38	01.08.17 14:22:37	20,92	0,31	15,2	-61,5	13,3
39	01.08.17 14:22:38	20,89	0,28	23,0	4,2	62,7
40	01.08.17 14:22:39	20,86	0,26	24,9	-5,6	59,6
41	01.08.17 14:22:40	20,86	0,26	16,8	-7,9	65,3
42	01.08.17 14:22:41	20,81	0,33	1,5	-5,7	82,8
43	01.08.17 14:22:42	20,69	0,28	28,2	-26,2	35,6
44	01.08.17 14:22:43	20,60	0,31	28,0	-20,1	41,9
45	01.08.17 14:22:44	20,51	0,31	64,0	-17,5	8,5
46	01.08.17 14:22:45	20,43	0,33	60,2	-10,0	-19,8
47	01.08.17 14:22:46	20,37	0,31	48,3	-7,8	33,9
48	01.08.17 14:22:47	20,34	0,31	15,9	-59,5	14,6
49	01.08.17 14:22:48	20,28	0,28	-9,2	-75,0	-5,8
50	01.08.17 14:22:49	20,22	0,26	-11,9	-67,3	-10,8
51	01.08.17 14:22:50	20,19	0,28	18,3	-7,6	64,0
52	01.08.17 14:22:51	20,13	0,31	27,1	21,9	41,0
53	01.08.17 14:22:52	20,13	0,31	28,2	-17,3	44,5
54	01.08.17 14:22:53	20,10	0,26	11,4	-37,5	41,1
55	01.08.17 14:22:54	20,07	0,24	17,7	-38,9	33,4
56	01.08.17 14:22:55	20,04	0,26	15,2	-47,2	27,6
57	01.08.17 14:22:56	20,01	0,24	18,7	12,5	58,8
58	01.08.17 14:22:57	20,01	0,21	14,6	-12,8	62,6
59	01.08.17 14:22:58	19,99	0,26	26,8	5,8	57,4
60	01.08.17 14:22:59	19,96	0,28	67,6	18,8	3,5
61	01.08.17 14:23:00	19,96	0,31	40,7	4,7	44,6
62	01.08.17 14:23:01	19,96	0,31	28,7	-7,4	53,9
63	01.08.17 14:23:02	19,93	0,28	21,3	-28,2	40,5
64	01.08.17 14:23:03	19,90	0,28	27,7	-31,9	30,3
65	01.08.17 14:23:04	19,90	0,28	27,1	-16,8	46,0
66	01.08.17 14:23:05	19,84	0,31	39,3	-2,5	48,3
67	01.08.17 14:23:06	19,84	0,33	30,2	-3,4	56,4
68	01.08.17 14:23:07	19,81	0,33	44,1	2,4	43,5
69	01.08.17 14:23:08	19,81	0,28	26,3	-8,8	54,9
70	01.08.17 14:23:09	19,84	0,28	19,2	-9,1	61,6
71	01.08.17 14:23:10	19,84	0,24	13,7	-0,2	76,1
72	01.08.17 14:23:11	19,84	0,28	20,3	2,4	67,3
73	01.08.17 14:23:12	19,81	0,28	27,0	-5,3	57,6
74	01.08.17 14:23:13	19,78	0,31	37,4	11,5	41,2
75	01.08.17 14:23:14	19,78	0,21	17,1	-6,8	66,1
76	01.08.17 14:23:15	19,78	0,24	4,2	-6,2	79,6
77	01.08.17 14:23:16	19,75	0,26	9,0	-9,5	71,5
78	01.08.17 14:23:17	19,69	0,28	18,9	-6,1	64,9
79	01.08.17 14:23:18	19,66	0,26	16,0	-7,5	66,5
80	01.08.17 14:23:19	19,66	0,26	13,5	-7,0	69,4
81	01.08.17 14:23:20	19,63	0,26	5,7	-14,8	69,5
82	01.08.17 14:23:21	19,60	0,33	17,7	-21,4	50,9
83	01.08.17 14:23:22	19,51	0,35	69,0	3,9	17,1
84	01.08.17 14:23:23	19,43	0,38	51,4	-2,9	35,7
85	01.08.17 14:23:24	19,40	0,33	26,2	-5,1	58,7
86	01.08.17 14:23:25	19,34	0,33	24,5	-5,3	60,3
87	01.08.17 14:23:26	19,28	0,38	33,4	-3,2	53,3
88	01.08.17 14:23:27	19,25	0,40	42,2	3,7	44,1
89	01.08.17 14:23:28	19,22	0,40	47,3	2,2	40,5
90	01.08.17 14:23:29	19,22	0,40	38,1	0,1	51,8
91	01.08.17 14:23:30	19,19	0,40	40,0	-3,4	46,6
92	01.08.17 14:23:31	19,16	0,42	53,4	11,1	25,5
93	01.08.17 14:23:32	19,10	0,42	78,6	9,4	2,0
94	01.08.17 14:23:33	19,10	0,48	79,1	2,4	8,4
95	01.08.17 14:23:34	19,07	0,50	65,7	-0,8	23,5
96	01.08.17 14:23:35	19,04	0,50	66,1	9,7	14,2
97	01.08.17 14:23:36	19,01	0,50	46,7	12,8	30,5
98	01.08.17 14:23:37	19,01	0,50	22,5	-4,1	63,4
99	01.08.17 14:23:38	18,98	0,50	33,9	6,8	49,3
100	01.08.17 14:23:39	18,95	0,52	37,4	-4,9	47,8
101	01.08.17 14:23:40	18,92	0,54	51,2	2,5	36,3
102	01.08.17 14:23:41	18,89	0,51	55,6	2,9	31,5
103	01.08.17 14:23:42	18,89	0,51	43,1	4,9	42,1
104	01.08.17 14:23:43	18,86	0,49	38,1	10,1	41,7
105	01.08.17 14:23:44	18,86	0,51	38,1	-1,7	50,2
106	01.08.17 14:23:45	18,84	0,51	44,1	-2,3	43,6
107	01.08.17 14:23:46	18,81	0,53	46,9	-3,4	39,8
108	01.08.17 14:23:47	18,81	0,53	33,8	-7,6	48,6
109	01.08.17 14:23:48	18,78	0,55	46,9	2,7	40,4
110	01.08.17 14:23:49	18,75	0,55	53,8	9,8	26,5
111	01.08.17 14:23:50	18,75	0,55	67,7	9,0	13,3
112	01.08.17 14:23:51	18,72	0,55	60,6	10,4	19,0
113	01.08.17 14:23:52	18,72	0,52	43,1	9,1	37,9
114	01.08.17 14:23:53	18,69	0,52	42,6	11,3	36,0
115	01.08.17 14:23:54	18,69	0,50	39,7	11,7	38,7
116	01.08.17 14:23:55	18,66	0,54	46,4	8,9	34,7
117	01.08.17 14:23:56	18,66	0,54	47,8	10,5	31,7
118	01.08.17 14:23:57	18,63	0,54	73,3	10,9	5,8
119	01.08.17 14:23:58	18,63	0,56	58,7	-3,0	28,3
120	01.08.17 14:23:59	18,63	0,59	69,5	1,3	19,2
121	01.08.17 14:24:00	18,57	0,60	69,5	8,7	11,8
122	01.08.17 14:24:01	18,57	0,60	51,7	8,7	29,7
123	01.08.17 14:24:02	18,54	0,58	55,1	9,1	25,8
124	01.08.17 14:24:03	18,54	0,60	84,2	4,1	-1,7
125	01.08.17 14:24:04	18,54	0,60	73,6	2,2	14,2
126	01.08.17 14:24:05	18,51	0,60	54,2	-1,2	34,5
127	01.08.17 14:24:06	18,51	0,60	47,4	4,2	38,4
128	01.08.17 14:24:07	18,51	0,60	39,1	4,1	46,8
129	01.08.17 14:24:08	18,48	0,62	56,3	5,2	28,5
130	01.08.17 14:24:09	18,48	0,62	67,3	1,1	21,6
131	01.08.17 14:24:10	18,45	0,67	61,1	-5,5	23,4
132	01.08.17 14:24:11	18,45	0,67	65,2	-2,6	22,3
133	01.08.17 14:24:12	18,42	0,64	75,1	2,6	12,3
134	01.08.17 14:24:13	18,39	0,66	85,3	0,8	3,9
135	01.08.17 14:24:14	18,39	0,64	84,0	-2,2	3,8
136	01.08.17 14:24:15	18,36	0,68	55,6	-8,2	26,2
137	01.08.17 14:24:16	18,36	0,71	59,1	0,1	30,7
138	01.08.17 14:24:17	18,33	0,70	48,1	4,9	37,1
139	01.08.17 14:24:18	18,33	0,73	51,4	-5,8	32,7
140	01.08.17 14:24:19	18,30	0,77	59,1	-5,8	25,1
141	01.08.17 14:24:20	18,30	0,77	59,8	-8,4	21,8
142	01.08.17 14:24:21	18,30	0,75	56,2	-8,2	25,6
143	01.08.17 14:24:22	18,27	0,77	52,8	-8,7	28,5
144	01.08.17 14:24:23	18,27	0,79	50,1	-11,0	28,9
145	01.08.17 14:24:24	18,24	0,81	50,0	-10,8	29,2
146	01.08.17 14:24:25	18,24	0,84	49,1	-11,1	29,8
147	01.08.17 14:24:26	18,21	0,83	53,4	-12,2	24,4
148	01.08.17 14:24:27	18,21	0,83	51,4	-12,8	25,7
149	01.08.17 14:24:28	18,21	0,86	53,8	-13,0	23,2
150	01.08.17 14:24:29	18,21	0,88	56,0	-8,7	25,3
151	01.08.17 14:24:30	18,21	0,90	55,2	-10,6	24,1
152	01.08.17 14:24:31	18,21	0,93	59,0	-11,3	19,7
153	01.08.17 14:24:32	18,18	0,95	63,3	-9,6	17,1
154	01.08.17 14:24:33	18,18	0,93	62,0	-7,6	20,4
155	01.08.17 14:24:34	18,18	0,97	66,0	-6,5	17,5
156	01.08.17 14:24:35	18,15	0,99	69,1	-5,5	15,4
157	01.08.17 14:24:36	18,15	1,02	69,6	-5,3	15,0
158	01.08.17 14:24:37	18,09	1,06	70,8	-3,8	15,4
159	01.08.17 14:24:38	18,06	1,10	74,8	-2,7	12,5
160	01.08.17 14:24:39	18,00	1,12	73,4	-1,9	14,7
161	01.08.17 14:24:40	17,94	1,21	72,4	-3,3	14,3
162	01.08.17 14:24:41	17,85	1,23	75,9	-1,8	12,4
163	01.08.17 14:24:42	17,77	1,22	79,2	-0,3	10,4
164	01.08.17 14:24:43	17,71	1,24	76,8	-0,1	13,0
165	01.08.17 14:24:44	17,65	1,28	76,3	0,5	13,2
166	01.08.17 14:24:45	17,56	1,27	74,4	5,1	10,5
167	01.08.17 14:24:46	17,47	1,34	78,2	2,9	8,8
168	01.08.17 14:24:47	17,41	1,38	78,4	2,1	9,6
169	01.08.17 14:24:48	17,35	1,40	74,7	2,1	13,1
170	01.08.17 14:24:49	17,32	1,42	79,0	1,7	9,3
171	01.08.17 14:24:50	17,26	1,46	69,4	1,8	18,8
172	01.08.17 14:24:51	17,23	1,43	65,9	3,3	20,8
173	01.08.17 14:24:52	17,17	1,52	75,6	2,7	11,7
174	01.08.17 14:24:53	17,08	1,56	76,5	4,9	8,6
175	01.08.17 14:24:54	16,96	1,62	74,2	2,3	13,5
176	01.08.17 14:24:55	16,87	1,69	70,0	4,9	15,1
177	01.08.17 14:24:56	16,72	1,74	66,7	7,0	16,4
178	01.08.17 14:24:57	16,57	1,78	70,7	5,4	13,8
179	01.08.17 14:24:58	16,41	1,79	72,6	6,2	11,1
180	01.08.17 14:24:59	16,32	1,85	71,9	6,1	12,0
181	01.08.17 14:25:00	16,23	1,85	65,9	6,9	17,3
182	01.08.17 14:25:01	16,11	1,93	63,7	6,5	19,8
183	01.08.17 14:25:02	15,93	1,96	67,1	4,2	18,7
184	01.08.17 14:25:03	15,81	1,98	65,2	2,4	22,4
185	01.08.17 14:25:04	15,69	2,06	63,7	-2,4	23,9
186	01.08.17 14:25:05	15,56	2,10	62,0	-4,9	23,1
187	01.08.17 14:25:06	15,44	2,09	59,7	-6,7	23,6
188	01.08.17 14:25:07	15,38	2,08	59,2	-8,6	22,2
189	01.08.17 14:25:08	15,32	2,10	58,6	-11,2	20,3
190	01.08.17 14:25:09	15,26	2,09	57,1	-11,2	21,7
191	01.08.17 14:25:10	15,20	2,14	54,2	-10,2	25,6
192	01.08.17 14:25:11	15,14	2,18	55,4	-10,5	24,1
193	01.08.17 14:25:12	15,08	2,20	57,6	-11,4	21,0
194	01.08.17 14:25:13	15,05	2,19	55,6	-10,7	23,7
195	01.08.17 14:25:14	15,01	2,19	52,8	-8,7	28,5
196	01.08.17 14:25:15	14,95	2,19	57,9	-3,3	28,8
197	01.08.17 14:25:16	14,95	2,21	55,9	5,2	28,9
198	01.08.17 14:25:17	14,89	2,16	39,6	8,7	41,7
199	01.08.17 14:25:18	14,86	2,13	34,0	7,6	48,4
200	01.08.17 14:25:19	14,83	2,20	29,5	10,9	49,6
201	01.08.17 14:25:20	14,62	2,30	26,5	14,7	48,9
202	01.08.17 14:25:21	14,28	2,30	31,3	13,1	45,6
203	01.08.17 14:25:22	14,03	2,28	35,7	17,6	36,8
204	01.08.17 14:25:23	13,94	2,22	34,7	15,8	39,5
205	01.08.17 14:25:24	13,84	2,21	30,8	8,2	51,0
206	01.08.17 14:25:25	13,69	2,15	29,4	6,8	53,7
207	01.08.17 14:25:26	13,53	2,12	27,3	5,6	57,1
208	01.08.17 14:25:27	13,41	2,01	25,2	4,3	60,5
209	01.08.17 14:25:28	13,31	1,96	24,0	4,3	61,7
210	01.08.17 14:25:29	13,25	1,91	19,5	2,2	68,2
211	01.08.17 14:25:30	13,22	1,88	21,0	-0,1	68,9
212	01.08.17 14:25:31	13,16	1,88	24,3	-3,6	62,2
213	01.08.17 14:25:32	13,12	1,85	24,9	-0,4	64,7
214	01.08.17 14:25:33	13,09	1,85	29,9	-2,6	57,5
215	01.08.17 14:25:34	13,09	1,85	37,2	0,0	52,7
216	01.08.17 14:25:35	13,06	1,85	40,8	6,5	42,7
217	01.08.17 14:25:36	13,03	1,84	43,0	10,6	36,4
218	01.08.17 14:25:37	13,00	1,84	42,9	10,8	36,3
219	01.08.17 14:25:38	12,97	1,86	40,5	10,2	39,3
220	01.08.17 14:25:39	12,97	1,81	33,2	6,5	50,3
221	01.08.17 14:25:40	12,94	1,83	28,8	2,5	58,7
222	01.08.17 14:25:41	12,90	1,81	30,3	1,8	57,9
223	01.08.17 14:25:42	12,87	1,85	30,0	-0,2	59,8
224	01.08.17 14:25:43	12,84	1,85	26,4	-1,4	62,2
225	01.08.17 14:25:44	12,81	1,85	26,2	-2,2	61,7
226	01.08.17 14:25:45	12,75	1,89	24,2	-3,5	62,3
227	01.08.17 14:25:46	12,68	1,88	26,6	-2,6	60,8
228	01.08.17 14:25:47	12,62	1,88	25,7	-5,6	58,7
229	01.08.17 14:25:48	12,59	1,88	21,4	-8,3	60,3
230	01.08.17 14:25:49	12,56	1,87	23,3	-8,0	58,7
231	01.08.17 14:25:50	12,53	1,87	21,9	-10,8	57,3
232	01.08.17 14:25:51	12,49	1,89	24,1	-7,0	58,8
233	01.08.17 14:25:52	12,46	1,91	23,1	-10,8	56,2
234	01.08.17 14:25:53	12,40	1,93	27,0	-7,6	55,5
235	01.08.17 14:25:54	12,37	1,95	26,7	-8,2	55,1
236	01.08.17 14:25:55	12,34	1,93	24,9	-7,7	57,4
237	01.08.17 14:25:56	12,30	1,95	21,3	-10,0	58,7
238	01.08.17 14:25:57	12,24	1,99	20,7	-10,4	58,9
239	01.08.17 14:25:58	12,18	1,96	28,3	-5,1	56,6
240	01.08.17 14:25:59	12,15	1,96	24,6	-10,1	55,3
241	01.08.17 14:26:00	12,11	2,03	30,3	-7,4	52,4
242	01.08.17 14:26:01	12,08	1,98	25,8	-9,7	54,5
243	01.08.17 14:26:02	12,08	2,00	20,7	-9,7	59,6
244	01.08.17 14:26:03	12,05	2,02	20,3	-8,7	60,9
245	01.08.17 14:26:04	12,02	2,04	21,0	-6,5	62,6
246	01.08.17 14:26:05	11,99	2,04	20,2	-7,1	62,6
247	01.08.17 14:26:06	11,95	2,06	24,9	-4,7	60,4
248	01.08.17 14:26:07	11,89	2,05	25,7	-6,8	57,5
249	01.08.17 14:26:08	11,83	2,10	22,1	-9,0	58,9
250	01.08.17 14:26:09	11,79	2,12	22,4	-8,3	59,2
251	01.08.17 14:26:10	11,76	2,16	25,5	-4,2	60,3
252	01.08.17 14:26:11	11,70	2,18	24,2	-1,7	64,1
253	01.08.17 14:26:12	11,60	2,19	21,3	-3,7	65,0
254	01.08.17 14:26:13	11,54	2,24	27,5	-1,2	61,3
255	01.08.17 14:26:14	11,44	2,23	20,9	-9,0	60,0
256	01.08.17 14:26:15	11,38	2,25	23,4	-7,4	59,3
257	01.08.17 14:26:16	11,35	2,29	21,2	-8,1	60,7
258	01.08.17 14:26:17	11,31	2,31	21,5	-7,5	61,0
259	01.08.17 14:26:18	11,25	2,28	22,4	-4,5	63,0
260	01.08.17 14:26:19	11,22	2,33	19,2	-4,9	65,8
261	01.08.17 14:26:20	11,15	2,32	21,5	-4,9	63,6
262	01.08.17 14:26:21	11,09	2,36	28,7	0,4	60,9
263	01.08.17 14:26:22	11,02	2,38	30,9	-0,2	58,9
264	01.08.17 14:26:23	10,99	2,38	21,7	-9,0	59,3
265	01.08.17 14:26:24	10,96	2,42	30,0	-2,6	57,4
266	01.08.17 14:26:25	10,93	2,44	23,9	-5,3	60,8
267	01.08.17 14:26:26	10,89	2,44	20,9	-8,8	60,3
268	01.08.17 14:26:27	10,89	2,44	19,9	-7,5	62,6
269	01.08.17 14:26:28	10,86	2,48	18,4	-8,1	63,6
270	01.08.17 14:26:29	10,83	2,51	20,7	-8,5	60,8
271	01.08.17 14:26:30	10,76	2,55	25,7	-4,9	59,3
272	01.08.17 14:26:31	10,70	2,61	29,1	-2,7	58,2
273	01.08.17 14:26:32	10,63	2,58	28,3	-2,8	58,9
274	01.08.17 14:26:33	10,57	2,60	22,9	-7,8	59,3
275	01.08.17 14:26:34	10,54	2,60	18,9	-9,0	62,1
276	01.08.17 14:26:35	10,50	2,64	19,5	-7,0	63,5
277	01.08.17 14:26:36	10,47	2,64	19,6	-6,5	63,9
278	01.08.17 14:26:37	10,44	2,68	17,0	-8,2	64,8
279	01.08.17 14:26:38	10,41	2,73	19,9	-7,2	62,9
280	01.08.17 14:26:39	10,34	2,75	23,7	-4,8	61,5
281	01.08.17 14:26:40	10,31	2,74	25,3	-4,2	60,6
282	01.08.17 14:26:41	10,27	2,79	21,2	-8,2	60,6
283	01.08.17 14:26:42	10,21	2,81	18,7	-7,6	63,7
284	01.08.17 14:26:43	10,14	2,85	18,4	-7,8	63,7
285	01.08.17 14:26:44	10,08	2,89	20,8	-5,1	64,1
286	01.08.17 14:26:45	10,01	2,91	24,0	-3,4	62,6
287	01.08.17 14:26:46	9,95	2,92	30,1	-0,3	59,6
288	01.08.17 14:26:47	9,91	2,95	22,6	-9,7	57,8
289	01.08.17 14:26:48	9,88	2,97	22,5	-8,8	58,7
290	01.08.17 14:26:49	9,88	2,99	19,7	-8,8	61,6
291	01.08.17 14:26:50	9,85	3,01	18,6	-8,9	62,4
292	01.08.17 14:26:51	9,81	3,03	27,8	-0,8	61,4
293	01.08.17 14:26:52	9,72	3,07	27,3	-4,0	58,6
294	01.08.17 14:26:53	9,68	3,11	27,5	-4,9	57,6
295	01.08.17 14:26:54	9,62	3,08	27,2	-6,7	56,1
296	01.08.17 14:26:55	9,58	3,13	27,4	-4,6	58,0
297	01.08.17 14:26:56	9,58	3,13	19,8	-7,6	62,6
298	01.08.17 14:26:57	9,58	3,15	18,6	-8,5	62,9
299	01.08.17 14:26:58	9,55	3,22	20,6	-3,8	65,6
300	01.08.17 14:26:59	9,48	3,21	24,4	-2,9	62,6
301	01.08.17 14:27:00	9,42	3,23	25,0	-2,3	62,7
302	01.08.17 14:27:01	9,38	3,28	32,8	0,4	56,9
303	01.08.17 14:27:02	9,35	3,30	22,4	-7,0	60,6
304	01.08.17 14:27:03	9,32	3,39	25,8	-1,7	62,6
305	01.08.17 14:27:04	9,22	3,38	25,0	1,2	63,8
306	01.08.17 14:27:05	9,15	3,37	23,0	-1,7	65,3
307	01.08.17 14:27:06	9,12	3,40	28,6	1,4	60,0
308	01.08.17 14:27:07	9,05	3,41	24,0	-6,7	59,3
309	01.08.17 14:27:08	9,02	3,43	34,7	-0,1	55,1
310	01.08.17 14:27:09	8,98	3,50	26,9	-4,7	58,4
311	01.08.17 14:27:10	8,95	3,50	32,6	3,2	54,2
312	01.08.17 14:27:11	8,95	3,50	29,4	0,4	60,2
313	01.08.17 14:27:12	8,92	3,52	20,5	-5,2	64,3
314	01.08.17 14:27:13	8,88	3,56	21,6	-4,2	64,2
315	01.08.17 14:27:14	8,82	3,60	27,6	4,8	57,6
316	01.08.17 14:27:15	8,78	3,63	32,5	4,7	52,8
317	01.08.17 14:27:16	8,75	3,65	27,7	-2,2	60,1
318	01.08.17 14:27:17	8,68	3,76	24,5	-4,1	61,4
319	01.08.17 14:27:18	8,61	3,68	18,2	-4,4	67,3
320	01.08.17 14:27:19	8,55	3,75	18,6	-2,8	68,5
321	01.08.17 14:27:20	8,48	3,79	18,8	-3,6	67,5
322	01.08.17 14:27:21	8,38	3,80	23,8	-2,7	63,5
323	01.08.17 14:27:22	8,31	3,82	26,1	-3,5	60,4
324	01.08.17 14:27:23	8,28	3,84	22,7	-7,1	60,2
325	01.08.17 14:27:24	8,24	3,84	22,5	-4,0	63,5
326	01.08.17 14:27:25	8,24	3,86	20,1	-5,4	64,5
327	01.08.17 14:27:26	8,21	3,88	20,0	-5,4	64,6
328	01.08.17 14:27:27	8,17	3,90	24,1	-3,7	62,2
329	01.08.17 14:27:28	8,14	3,95	27,4	2,0	60,6
330	01.08.17 14:27:29	8,11	3,95	32,4	4,6	53,0
331	01.08.17 14:27:30	8,07	3,99	22,6	-4,2	63,2
332	01.08.17 14:27:31	8,00	4,01	20,8	-3,5	65,7
333	01.08.17 14:27:32	7,94	4,05	18,1	-3,3	68,6
334	01.08.17 14:27:33	7,87	4,07	17,0	-4,2	68,7
335	01.08.17 14:27:34	7,80	4,15	19,7	-5,5	64,8
336	01.08.17 14:27:35	7,73	4,13	26,8	-0,7	62,5
337	01.08.17 14:27:36	7,70	4,15	19,4	-7,6	63,0
338	01.08.17 14:27:37	7,66	4,17	21,8	-5,9	62,3
339	01.08.17 14:27:38	7,66	4,17	19,7	-6,7	63,6
340	01.08.17 14:27:39	7,63	4,21	19,0	-5,4	65,6
341	01.08.17 14:27:40	7,59	4,28	18,6	-6,4	65,0
342	01.08.17 14:27:41	7,49	4,29	22,1	-6,9	61,0
343	01.08.17 14:27:42	7,42	4,36	22,7	-6,3	61,0
344	01.08.17 14:27:43	7,39	4,33	24,0	-6,7	59,2
345	01.08.17 14:27:44	7,39	4,36	25,8	-5,5	58,7
346	01.08.17 14:27:45	7,35	4,38	19,6	-9,1	61,2
347	01.08.17 14:27:46	7,35	4,40	27,6	-0,2	62,2
348	01.08.17 14:27:47	7,32	4,44	31,0	0,1	59,0
349	01.08.17 14:27:48	7,25	4,46	20,4	-7,8	61,8
350	01.08.17 14:27:49	7,18	4,50	24,2	-5,8	60,0
351	01.08.17 14:27:50	7,14	4,52	23,1	-5,4	61,5
352	01.08.17 14:27:51	7,08	4,59	20,1	-7,4	62,5
353	01.08.17 14:27:52	7,04	4,61	18,6	-9,5	61,9
354	01.08.17 14:27:53	7,01	4,61	20,0	-6,9	63,1
355	01.08.17 14:27:54	6,97	4,65	16,8	-8,3	64,9
356	01.08.17 14:27:55	6,97	4,70	18,6	-6,4	65,0
357	01.08.17 14:27:56	6,90	4,71	29,1	0,7	60,3
358	01.08.17 14:27:57	6,83	4,78	25,7	-6,9	57,4
359	01.08.17 14:27:58	6,76	4,80	25,6	-7,4	57,1
360	01.08.17 14:27:59	6,73	4,79	20,9	-8,3	60,9
361	01.08.17 14:28:00	6,69	4,81	19,6	-7,0	63,4
362	01.08.17 14:28:01	6,66	4,81	20,2	-4,5	65,3
363	01.08.17 14:28:02	6,62	4,95	17,0	-5,8	67,2
364	01.08.17 14:28:03	6,52	4,94	16,0	-7,9	66,1
365	01.08.17 14:28:04	6,41	4,98	28,9	-1,2	59,9
366	01.08.17 14:28:05	6,34	5,00	26,6	-3,3	60,2
367	01.08.17 14:28:06	6,31	5,04	22,7	-5,0	62,3
368	01.08.17 14:28:07	6,27	5,09	18,1	-8,8	63,1
369	01.08.17 14:28:08	6,20	5,10	21,5	-3,9	64,5
370	01.08.17 14:28:09	6,13	5,12	27,2	1,9	61,0
371	01.08.17 14:28:10	6,06	5,14	21,3	-3,3	65,4
372	01.08.17 14:28:11	5,99	5,16	18,8	-8,3	62,9
373	01.08.17 14:28:12	5,95	5,22	25,3	-6,6	58,1
374	01.08.17 14:28:13	5,92	5,22	23,1	-8,9	58,0
375	01.08.17 14:28:14	5,88	5,22	24,1	-7,3	58,7
376	01.08.17 14:28:15	5,85	5,26	17,2	-18,2	54,5
377	01.08.17 14:28:16	5,85	5,31	22,1	-4,0	63,9
378	01.08.17 14:28:17	5,77	5,30	20,2	-5,6	64,2
379	01.08.17 14:28:18	5,74	5,28	20,5	-2,4	67,1
380	01.08.17 14:28:19	5,70	5,30	22,9	-0,5	66,6
381	01.08.17 14:28:20	5,70	5,35	26,0	1,3	62,7
382	01.08.17 14:28:21	5,70	5,35	30,7	2,4	56,8
383	01.08.17 14:28:22	5,70	5,39	32,3	1,6	56,1
384	01.08.17 14:28:23	5,63	5,46	31,1	2,9	56,1
385	01.08.17 14:28:24	5,52	5,47	30,2	3,4	56,3
386	01.08.17 14:28:25	5,49	5,47	33,1	3,0	53,9
387	01.08.17 14:28:26	5,45	5,49	34,3	-3,7	52,0
388	01.08.17 14:28:27	5,42	5,56	38,6	-3,2	48,2
389	01.08.17 14:28:28	5,34	5,58	39,9	-4,5	45,7
390	01.08.17 14:28:29	5,31	5,60	39,8	-4,2	46,1
391	01.08.17 14:28:30	5,24	5,61	38,3	-3,7	47,9
392	01.08.17 14:28:31	5,20	5,63	38,4	-6,4	45,2
393	01.08.17 14:28:32	5,13	5,68	40,9	-7,4	41,7
394	01.08.17 14:28:33	5,13	5,68	44,9	-2,4	42,7
395	01.08.17 14:28:34	5,09	5,67	41,9	-7,2	40,9
396	01.08.17 14:28:35	5,09	5,70	43,6	-5,1	41,3
397	01.08.17 14:28:36	5,09	5,72	45,9	-3,7	40,5
398	01.08.17 14:28:37	5,06	5,72	42,9	-6,7	40,4
399	01.08.17 14:28:38	5,06	5,74	46,3	-6,3	37,4
400	01.08.17 14:28:39	5,09	5,77	48,1	-7,1	34,8
401	01.08.17 14:28:40	5,09	5,79	47,3	-6,1	36,6
402	01.08.17 14:28:41	5,09	5,81	46,0	-6,6	37,4
403	01.08.17 14:28:42	5,09	5,84	48,7	-6,4	35,0
404	01.08.17 14:28:43	5,09	5,86	49,9	-5,7	34,4
405	01.08.17 14:28:44	5,13	5,86	50,1	-6,2	33,7
406	01.08.17 14:28:45	5,13	5,89	47,8	-6,6	35,5
407	01.08.17 14:28:46	5,13	5,93	50,0	-5,6	34,4
408	01.08.17 14:28:47	5,13	5,98	51,8	-6,4	31,8
409	01.08.17 14:28:48	5,13	6,00	47,2	-6,6	36,2
410	01.08.17 14:28:49	5,09	6,05	49,7	-5,4	34,9
411	01.08.17 14:28:50	5,09	6,07	53,1	-6,8	30,2
412	01.08.17 14:28:51	5,09	6,09	49,3	-7,1	33,5
413	01.08.17 14:28:52	5,09	6,12	46,1	-6,9	37,0
414	01.08.17 14:28:53	5,06	6,16	50,3	-6,6	33,1
415	01.08.17 14:28:54	5,06	6,21	52,8	-7,1	30,1
416	01.08.17 14:28:55	5,06	6,23	48,0	-6,5	35,5
417	01.08.17 14:28:56	5,06	6,28	45,6	-7,0	37,4
418	01.08.17 14:28:57	5,02	6,34	52,5	-6,5	31,0
419	01.08.17 14:28:58	4,98	6,39	51,1	-6,4	32,5
420	01.08.17 14:28:59	4,95	6,43	47,8	-5,9	36,3
421	01.08.17 14:29:00	4,91	6,45	48,6	-4,4	37,0
422	01.08.17 14:29:01	4,87	6,47	50,7	-6,3	33,1
423	01.08.17 14:29:02	4,87	6,52	51,8	-6,4	31,8
424	01.08.17 14:29:03	4,87	6,54	49,5	-3,2	37,3
425	01.08.17 14:29:04	4,87	6,57	42,9	-4,2	43,0
426	01.08.17 14:29:05	4,87	6,61	46,7	-5,7	37,6
427	01.08.17 14:29:06	4,87	6,66	51,4	-4,8	33,8
428	01.08.17 14:29:07	4,87	6,68	46,3	-3,8	39,9
429	01.08.17 14:29:08	4,84	6,71	41,5	-5,4	43,1
430	01.08.17 14:29:09	4,84	6,75	45,1	-5,7	39,2
431	01.08.17 14:29:10	4,84	6,82	48,7	-2,9	38,4
432	01.08.17 14:29:11	4,80	6,87	46,5	-4,2	39,3
433	01.08.17 14:29:12	4,80	6,94	43,2	-4,5	42,3
434	01.08.17 14:29:13	4,73	7,00	45,5	-3,2	41,2
435	01.08.17 14:29:14	4,69	7,02	49,9	-1,4	38,7
436	01.08.17 14:29:15	4,66	7,07	47,5	-4,1	38,5
437	01.08.17 14:29:16	4,66	7,11	46,5	-3,0	40,5
438	01.08.17 14:29:17	4,62	7,13	47,3	-1,6	41,2
439	01.08.17 14:29:18	4,62	7,18	53,6	-3,2	33,3
440	01.08.17 14:29:19	4,58	7,25	59,2	-1,9	28,9
441	01.08.17 14:29:20	4,55	7,24	50,2	-1,1	38,8
442	01.08.17 14:29:21	4,51	7,31	47,2	-1,1	41,8
443	01.08.17 14:29:22	4,47	7,38	58,7	0,8	30,6
444	01.08.17 14:29:23	4,47	7,40	60,6	-2,5	26,9
445	01.08.17 14:29:24	4,47	7,43	55,3	-1,6	33,1
446	01.08.17 14:29:25	4,44	7,45	53,5	0,1	36,4
447	01.08.17 14:29:26	4,44	7,49	59,3	-0,2	30,5
448	01.08.17 14:29:27	4,44	7,54	58,6	-2,0	29,4
449	01.08.17 14:29:28	4,40	7,56	56,1	-1,6	32,3
450	01.08.17 14:29:29	4,40	7,58	59,3	1,4	29,2
451	01.08.17 14:29:30	4,40	7,65	64,4	-1,0	24,7
452	01.08.17 14:29:31	4,40	7,65	58,0	-0,7	31,2
453	01.08.17 14:29:32	4,40	7,68	51,4	0,4	38,2
454	01.08.17 14:29:33	4,40	7,72	60,2	2,1	27,7
455	01.08.17 14:29:34	4,40	7,79	67,4	-0,7	21,9
456	01.08.17 14:29:35	4,36	7,79	60,9	0,0	29,1
457	01.08.17 14:29:36	4,36	7,84	53,4	2,1	34,5
458	01.08.17 14:29:37	4,33	7,86	57,9	1,4	30,7
459	01.08.17 14:29:38	4,33	7,90	62,6	-0,2	27,2
460	01.08.17 14:29:39	4,33	7,90	63,0	0,6	26,5
461	01.08.17 14:29:40	4,29	7,93	61,8	2,8	25,4
462	01.08.17 14:29:41	4,29	7,95	60,9	0,6	28,4
463	01.08.17 14:29:42	4,25	7,97	49,8	0,2	40,0
464	01.08.17 14:29:43	4,25	7,97	20,8	5,0	64,2
465	01.08.17 14:29:44	4,25	7,97	-1,6	9,5	78,8
466	01.08.17 14:29:45	4,22	7,99	1,1	10,5	78,5
467	01.08.17 14:29:46	4,18	8,01	2,1	11,8	76,0
468	01.08.17 14:29:47	4,14	7,98	1,2	8,9	79,9
469	01.08.17 14:29:48	4,11	8,01	-2,7	3,9	83,4
470	01.08.17 14:29:49	4,07	8,00	-1,7	2,9	85,4
471	01.08.17 14:29:50	4,03	8,02	-1,0	3,6	85,4
472	01.08.17 14:29:51	3,99	8,00	0,7	2,1	87,2
473	01.08.17 14:29:52	3,96	8,02	-2,9	-0,9	86,2
474	01.08.17 14:29:53	3,96	8,02	-2,3	-1,2	86,4
475	01.08.17 14:29:54	3,92	7,99	0,1	1,4	88,5
476	01.08.17 14:29:55	3,88	7,99	1,2	0,5	88,3
477	01.08.17 14:29:56	3,85	7,99	-1,0	0,2	88,8
478	01.08.17 14:29:57	3,81	7,98	-5,4	3,2	81,4
479	01.08.17 14:29:58	3,81	7,98	0,1	1,8	88,0
480	01.08.17 14:29:59	3,77	7,98	2,4	-2,6	85,0
481	01.08.17 14:30:00	3,77	7,98	-2,6	0,6	86,8
482	01.08.17 14:30:01	3,77	7,96	-3,6	0,0	86,4
483	01.08.17 14:30:02	3,73	7,95	1,2	3,4	85,5
484	01.08.17 14:30:03	3,73	7,98	1,7	0,5	87,9
485	01.08.17 14:30:04	3,73	7,95	-2,2	0,9	86,9
486	01.08.17 14:30:05	3,73	7,95	-1,4	3,8	84,8
487	01.08.17 14:30:06	3,70	7,95	0,1	2,3	87,6
488	01.08.17 14:30:07	3,70	7,98	-1,0	3,1	85,9
489	01.08.17 14:30:08	3,70	7,95	-4,7	0,4	84,9
490	01.08.17 14:30:09	3,70	7,93	0,0	2,0	88,0
491	01.08.17 14:30:10	3,66	7,95	0,4	-0,6	89,0
492	01.08.17 14:30:11	3,66	7,95	-1,0	-0,7	88,3
493	01.08.17 14:30:12	3,66	7,93	-3,2	-0,6	86,3
494	01.08.17 14:30:13	3,66	7,93	-1,8	1,0	87,2
495	01.08.17 14:30:14	3,62	7,92	1,1	-3,3	85,6
496	01.08.17 14:30:15	3,62	7,90	0,5	-3,0	86,4
497	01.08.17 14:30:16	3,62	7,92	-1,5	0,3	88,2
498	01.08.17 14:30:17	3,62	7,92	-1,2	-0,5	88,3
499	01.08.17 14:30:18	3,59	7,92	-0,2	0,4	89,4
500	01.08.17 14:30:19	3,59	7,92	0,2	-0,3	89,5
501	01.08.17 14:30:20	3,59	7,90	-2,9	-0,3	86,8
502	01.08.17 14:30:21	3,59	7,92	0,2	1,1	88,8
503	01.08.17 14:30:22	3,59	7,90	-3,8	5,5	80,7
504	01.08.17 14:30:23	3,59	7,92	-2,5	1,6	85,9
505	01.08.17 14:30:24	3,55	7,92	1,8	4,7	83,5
506	01.08.17 14:30:25	3,55	7,89	-0,1	3,5	86,4
507	01.08.17 14:30:26	3,55	7,87	-1,3	3,4	85,3
508	01.08.17 14:30:27	3,55	7,89	0,2	2,4	87,5
509	01.08.17 14:30:28	3,55	7,89	-1,1	7,3	81,6
510	01.08.17 14:30:29	3,51	7,89	0,4	1,3	88,3
511	01.08.17 14:30:30	3,51	7,89	-2,4	2,0	85,6
512	01.08.17 14:30:31	3,51	7,89	-0,5	3,2	86,3
513	01.08.17 14:30:32	3,51	7,89	0,1	2,6	87,3
514	01.08.17 14:30:33	3,51	7,89	-0,6	1,6	87,8
515	01.08.17 14:30:34	3,51	7,89	-1,1	2,9	86,0
516	01.08.17 14:30:35	3,51	7,87	-1,5	3,9	84,6
517	01.08.17 14:30:36	3,47	7,89	-2,1	2,8	85,1
518	01.08.17 14:30:37	3,47	7,84	0,4	2,3	87,3
519	01.08.17 14:30:38	3,47	7,84	-0,7	3,7	85,7
520	01.08.17 14:30:39	3,47	7,87	-2,5	2,4	85,1
521	01.08.17 14:30:40	3,47	7,87	-1,9	2,6	85,5
522	01.08.17 14:30:41	3,44	7,86	-0,7	1,8	87,6
523	01.08.17 14:30:42	3,44	7,86	-0,9	4,7	84,4
524	01.08.17 14:30:43	3,44	7,86	-0,8	5,3	83,8
525	01.08.17 14:30:44	3,44	7,86	-2,3	5,6	82,0
526	01.08.17 14:30:45	3,44	7,89	-0,5	3,8	85,7
527	01.08.17 14:30:46	3,40	7,86	0,9	4,4	84,7
528	01.08.17 14:30:47	3,40	7,86	-2,3	3,2	84,5
529	01.08.17 14:30:48	3,40	7,86	-1,9	6,5	81,6
530	01.08.17 14:30:49	3,40	7,88	-0,4	5,8	83,8
531	01.08.17 14:30:50	3,36	7,88	0,1	5,2	84,7
532	01.08.17 14:30:51	3,36	7,88	-0,7	5,0	84,3
533	01.08.17 14:30:52	3,36	7,86	-1,9	6,4	81,6
534	01.08.17 14:30:53	3,36	7,86	-1,6	4,3	84,0
535	01.08.17 14:30:54	3,36	7,86	-1,0	5,6	83,4
536	01.08.17 14:30:55	3,36	7,86	0,2	3,5	86,3
537	01.08.17 14:30:56	3,32	7,83	-3,1	3,6	83,3
538	01.08.17 14:30:57	3,32	7,86	-0,4	3,1	86,5
539	01.08.17 14:30:58	3,32	7,83	-1,0	3,9	85,1
540	01.08.17 14:30:59	3,32	7,86	-2,6	3,8	83,6
541	01.08.17 14:31:00	3,28	7,85	-0,4	6,4	83,2
542	01.08.17 14:31:01	3,28	7,85	-1,5	7,1	81,5
543	01.08.17 14:31:02	3,28	7,83	0,7	7,9	81,4
544	01.08.17 14:31:03	3,28	7,85	0,1	4,9	85,0
545	01.08.17 14:31:04	3,28	7,85	-2,0	6,8	81,2
546	01.08.17 14:31:05	3,25	7,85	-1,2	6,7	82,1
547	01.08.17 14:31:06	3,25	7,85	-0,7	6,2	83,1
548	01.08.17 14:31:07	3,25	7,87	-1,0	4,6	84,4
549	01.08.17 14:31:08	3,25	7,85	-3,2	5,6	81,2
550	01.08.17 14:31:09	3,21	7,85	0,2	5,9	83,9
551	01.08.17 14:31:10	3,21	7,85	0,3	7,2	82,6
552	01.08.17 14:31:11	3,21	7,85	0,4	8,6	80,9
553	01.08.17 14:31:12	3,21	7,87	-0,2	9,6	80,1
554	01.08.17 14:31:13	3,17	7,87	-1,6	9,4	79,0
555	01.08.17 14:31:14	3,17	7,84	-1,1	10,6	78,3
556	01.08.17 14:31:15	3,17	7,84	-0,8	12,0	77,3
557	01.08.17 14:31:16	3,17	7,84	0,6	8,6	80,8
558	01.08.17 14:31:17	3,17	7,84	-0,4	9,7	79,9
559	01.08.17 14:31:18	3,17	7,84	-0,5	10,3	79,2
560	01.08.17 14:31:19	3,13	7,87	-2,4	8,2	79,4
561	01.08.17 14:31:20	3,13	7,84	-0,4	10,1	79,5
562	01.08.17 14:31:21	3,13	7,84	1,3	9,3	79,5
563	01.08.17 14:31:22	3,13	7,84	-1,8	6,8	81,4
564	01.08.17 14:31:23	3,13	7,84	0,1	9,1	80,8
565	01.08.17 14:31:24	3,13	7,84	-0,6	9,0	80,4
566	01.08.17 14:31:25	3,13	7,84	-2,4	5,9	81,7
567	01.08.17 14:31:26	3,13	7,84	-2,6	6,7	80,7
568	01.08.17 14:31:27	3,10	7,82	-0,9	6,6	82,5
569	01.08.17 14:31:28	3,10	7,84	-0,3	6,6	83,1
570	01.08.17 14:31:29	3,10	7,84	-0,8	5,1	84,1
571	01.08.17 14:31:30	3,10	7,84	-1,8	4,0	84,2
572	01.08.17 14:31:31	3,10	7,84	-2,1	3,8	84,1
573	01.08.17 14:31:32	3,06	7,84	-0,3	6,6	83,0
574	01.08.17 14:31:33	3,06	7,84	-0,9	5,4	83,7
575	01.08.17 14:31:34	3,06	7,84	-2,1	7,3	80,5
576	01.08.17 14:31:35	3,06	7,84	-0,2	5,6	84,2
577	01.08.17 14:31:36	3,06	7,84	-2,9	6,0	81,1
578	01.08.17 14:31:37	3,06	7,81	-1,1	8,5	80,4
579	01.08.17 14:31:38	3,06	7,81	0,2	7,8	82,0
580	01.08.17 14:31:39	3,02	7,83	-1,4	7,4	81,2
581	01.08.17 14:31:40	3,02	7,83	-1,7	7,1	81,2
582	01.08.17 14:31:41	3,02	7,83	-0,4	7,5	82,2
583	01.08.17 14:31:42	3,02	7,83	-2,5	6,2	81,3
584	01.08.17 14:31:43	3,02	7,86	-1,5	6,4	82,1
585	01.08.17 14:31:44	2,98	7,83	0,1	8,2	81,7
586	01.08.17 14:31:45	2,98	7,83	-2,2	6,7	81,1
587	01.08.17 14:31:46	2,98	7,83	-1,1	7,0	82,0
588	01.08.17 14:31:47	2,98	7,83	-1,5	6,9	81,6
589	01.08.17 14:31:48	2,98	7,83	-1,9	6,2	81,9
590	01.08.17 14:31:49	2,98	7,83	-0,4	6,0	83,5
591	01.08.17 14:31:50	2,98	7,83	-1,9	7,3	80,8
592	01.08.17 14:31:51	2,98	7,83	-1,2	5,8	83,0
593	01.08.17 14:31:52	2,94	7,83	-2,2	5,2	82,6
594	01.08.17 14:31:53	2,94	7,81	-0,2	6,7	83,1
595	01.08.17 14:31:54	2,94	7,83	-0,9	6,4	82,7
596	01.08.17 14:31:55	2,94	7,83	-2,7	5,7	81,6
597	01.08.17 14:31:56	2,94	7,85	-1,4	4,7	83,9
598	01.08.17 14:31:57	2,94	7,83	-2,7	5,3	81,9
599	01.08.17 14:31:58	2,94	7,83	-0,9	5,5	83,5
600	01.08.17 14:31:59	2,91	7,80	-0,8	4,4	84,8
601	01.08.17 14:32:00	2,91	7,83	-1,8	6,0	82,3
602	01.08.17 14:32:01	2,91	7,83	-2,2	6,9	80,8
603	01.08.17 14:32:02	2,91	7,83	-4,4	1,9	83,7
604	01.08.17 14:32:03	2,91	7,80	-2,4	2,6	85,0
605	01.08.17 14:32:04	2,91	7,83	-0,7	2,0	87,3
606	01.08.17 14:32:05	2,91	7,83	-2,0	0,5	87,5
607	01.08.17 14:32:06	2,87	7,82	-0,5	3,4	86,1
608	01.08.17 14:32:07	2,87	7,80	-2,3	4,3	83,3
609	01.08.17 14:32:08	2,87	7,85	-2,9	4,0	83,1
610	01.08.17 14:32:09	2,87	7,82	0,1	5,0	84,9
611	01.08.17 14:32:10	2,87	7,85	-1,6	6,5	81,9
612	01.08.17 14:32:11	2,87	7,82	-2,4	5,3	82,3
613	01.08.17 14:32:12	2,87	7,82	-3,4	4,4	82,2
614	01.08.17 14:32:13	2,83	7,82	-1,4	3,2	85,4
615	01.08.17 14:32:14	2,83	7,82	-1,1	5,5	83,3
616	01.08.17 14:32:15	2,83	7,82	-2,1	5,0	82,9
617	01.08.17 14:32:16	2,83	7,80	-1,7	4,5	83,9
618	01.08.17 14:32:17	2,83	7,82	-2,0	1,4	86,6
619	01.08.17 14:32:18	2,83	7,82	-1,5	2,4	86,2
620	01.08.17 14:32:19	2,83	7,80	-1,7	3,2	85,1
621	01.08.17 14:32:20	2,83	7,82	-3,0	2,5	84,5
622	01.08.17 14:32:21	2,83	7,80	-0,7	2,1	87,2
623	01.08.17 14:32:22	2,79	7,79	-1,2	3,8	85,0
624	01.08.17 14:32:23	2,79	7,79	-2,7	4,2	83,1
625	01.08.17 14:32:24	2,79	7,82	-2,4	3,2	84,5
626	01.08.17 14:32:25	2,79	7,82	-2,3	-0,2	87,5
627	01.08.17 14:32:26	2,79	7,82	-0,8	2,5	86,7
628	01.08.17 14:32:27	2,79	7,79	-2,3	2,3	85,4
629	01.08.17 14:32:28	2,79	7,79	-3,5	2,0	84,4
630	01.08.17 14:32:29	2,75	7,82	-0,8	1,9	87,3
631	01.08.17 14:32:30	2,75	7,82	-0,6	3,3	86,0
632	01.08.17 14:32:31	2,75	7,82	-1,7	3,6	84,7
633	01.08.17 14:32:32	2,75	7,79	-2,1	3,7	84,1
634	01.08.17 14:32:33	2,75	7,79	-1,3	3,2	85,5
635	01.08.17 14:32:34	2,75	7,79	-2,4	3,3	84,2
636	01.08.17 14:32:35	2,75	7,82	-1,9	2,0	86,1
637	01.08.17 14:32:36	2,75	7,79	-1,2	6,0	82,8
638	01.08.17 14:32:37	2,75	7,82	-3,4	3,7	82,8
639	01.08.17 14:32:38	2,72	7,79	-3,3	3,9	82,8
640	01.08.17 14:32:39	2,72	7,81	-1,6	3,4	85,0
641	01.08.17 14:32:40	2,72	7,79	-3,6	2,0	84,4
642	01.08.17 14:32:41	2,72	7,81	-2,0	3,3	84,7
643	01.08.17 14:32:42	2,72	7,77	-2,0	3,4	84,6
644	01.08.17 14:32:43	2,72	7,79	-2,5	3,6	83,9
645	01.08.17 14:32:44	2,72	7,79	-2,1	3,2	84,7
646	01.08.17 14:32:45	2,72	7,81	-0,9	2,7	86,4
647	01.08.17 14:32:46	2,72	7,81	-1,2	2,7	86,1
648	01.08.17 14:32:47	2,68	7,79	-1,9	2,3	85,7
649	01.08.17 14:32:48	2,68	7,81	-2,4	3,5	84,1
650	01.08.17 14:32:49	2,68	7,79	-2,6	3,0	84,4
651	01.08.17 14:32:50	2,68	7,79	-2,9	2,6	84,5
652	01.08.17 14:32:51	2,68	7,79	-2,0	2,8	85,2
653	01.08.17 14:32:52	2,68	7,79	-3,3	2,6	84,1
654	01.08.17 14:32:53	2,68	7,81	-1,3	3,5	85,2
655	01.08.17 14:32:54	2,68	7,81	-1,1	1,7	87,2
656	01.08.17 14:32:55	2,68	7,79	-1,2	1,4	87,4
657	01.08.17 14:32:56	2,64	7,81	-1,5	2,7	85,8
658	01.08.17 14:32:57	2,64	7,78	-2,6	2,8	84,6
659	01.08.17 14:32:58	2,64	7,78	-1,0	1,3	87,7
660	01.08.17 14:32:59	2,64	7,78	-1,5	-0,2	88,3
661	01.08.17 14:33:00	2,64	7,81	-1,8	1,7	86,5
662	01.08.17 14:33:01	2,64	7,78	-2,1	1,0	86,8
663	01.08.17 14:33:02	2,64	7,78	-2,9	2,7	84,4
664	01.08.17 14:33:03	2,64	7,78	-2,4	1,8	85,9
665	01.08.17 14:33:04	2,64	7,81	-1,8	3,3	84,9
666	01.08.17 14:33:05	2,64	7,78	-2,2	1,3	86,5
667	01.08.17 14:33:06	2,60	7,78	-1,1	1,9	87,0
668	01.08.17 14:33:07	2,60	7,78	-1,4	3,6	85,0
669	01.08.17 14:33:08	2,60	7,78	-2,3	3,1	84,5
670	01.08.17 14:33:09	2,60	7,78	-2,1	3,4	84,5
671	01.08.17 14:33:10	2,60	7,78	-1,2	2,1	86,7
672	01.08.17 14:33:11	2,60	7,78	-1,5	1,9	86,6
673	01.08.17 14:33:12	2,60	7,78	-2,7	4,2	83,1
674	01.08.17 14:33:13	2,60	7,78	-1,9	3,6	84,6
675	01.08.17 14:33:14	2,60	7,78	-0,8	3,4	85,8
676	01.08.17 14:33:15	2,60	7,80	-1,8	2,6	85,6
677	01.08.17 14:33:16	2,60	7,78	-2,4	3,9	83,7
678	01.08.17 14:33:17	2,56	7,80	-2,4	4,1	83,5
679	01.08.17 14:33:18	2,56	7,80	-1,3	2,4	86,4
680	01.08.17 14:33:19	2,56	7,80	-2,0	2,1	85,9
681	01.08.17 14:33:20	2,56	7,78	-2,4	2,4	85,3
682	01.08.17 14:33:21	2,56	7,78	-1,9	3,8	84,3
683	01.08.17 14:33:22	2,56	7,80	-2,2	4,1	83,7
684	01.08.17 14:33:23	2,56	7,78	-2,5	3,3	84,2
685	01.08.17 14:33:24	2,56	7,80	-2,4	2,5	85,1
686	01.08.17 14:33:25	2,56	7,78	-1,4	4,5	84,1
687	01.08.17 14:33:26	2,56	7,78	-2,2	3,6	84,2
688	01.08.17 14:33:27	2,56	7,80	-2,0	3,0	85,0
689	01.08.17 14:33:28	2,53	7,78	-2,7	0,9	86,5
690	01.08.17 14:33:29	2,53	7,78	-0,2	4,0	85,8
691	01.08.17 14:33:30	2,53	7,75	0,9	3,0	86,2
692	01.08.17 14:33:31	2,53	7,80	-1,2	5,2	83,6
693	01.08.17 14:33:32	2,53	7,78	-1,9	5,8	82,3
694	01.08.17 14:33:33	2,53	7,78	-1,5	5,2	83,3
695	01.08.17 14:33:34	2,53	7,80	-1,6	5,8	82,6
696	01.08.17 14:33:35	2,53	7,80	-1,5	3,9	84,6
697	01.08.17 14:33:36	2,53	7,78	-1,0	4,9	84,1
698	01.08.17 14:33:37	2,53	7,78	-1,0	3,9	85,1
699	01.08.17 14:33:38	2,53	7,80	-0,8	3,6	85,5
700	01.08.17 14:33:39	2,53	7,78	-1,3	3,6	85,1
701	01.08.17 14:33:40	2,53	7,80	-2,5	3,2	84,3
702	01.08.17 14:33:41	2,53	7,78	-1,7	3,9	84,4
703	01.08.17 14:33:42	2,53	7,78	-1,6	2,8	85,6
704	01.08.17 14:33:43	2,49	7,77	-0,9	2,5	86,6
705	01.08.17 14:33:44	2,49	7,80	-1,8	1,6	86,6
706	01.08.17 14:33:45	2,49	7,77	-2,7	3,5	83,8
707	01.08.17 14:33:46	2,49	7,80	-2,6	3,3	84,2
708	01.08.17 14:33:47	2,49	7,77	-0,1	5,6	84,3
709	01.08.17 14:33:48	2,49	7,80	-1,2	4,3	84,5
710	01.08.17 14:33:49	2,49	7,77	-1,2	3,7	85,1
711	01.08.17 14:33:50	2,49	7,77	-1,6	4,8	83,6
712	01.08.17 14:33:51	2,49	7,77	-2,3	3,8	84,0
713	01.08.17 14:33:52	2,49	7,77	-6,0	3,9	80,2
714	01.08.17 14:33:53	2,49	7,77	-0,2	3,3	86,5
715	01.08.17 14:33:54	2,45	7,75	-1,5	4,0	84,5
716	01.08.17 14:33:55	2,45	7,77	-3,2	5,2	81,6
717	01.08.17 14:33:56	2,45	7,77	-3,9	3,9	82,2
718	01.08.17 14:33:57	2,45	7,77	-1,8	6,2	82,0
719	01.08.17 14:33:58	2,45	7,77	-0,9	5,0	84,0
720	01.08.17 14:33:59	2,45	7,77	-1,7	2,0	86,3
721	01.08.17 14:34:00	2,45	7,79	-1,6	2,8	85,6
722	01.08.17 14:34:01	2,45	7,79	-1,8	4,7	83,5
723	01.08.17 14:34:02	2,45	7,77	-1,8	3,6	84,6
724	01.08.17 14:34:03	2,45	7,77	-1,5	4,2	84,3
725	01.08.17 14:34:04	2,45	7,79	-2,3	2,0	85,7
726	01.08.17 14:34:05	2,45	7,79	-1,7	2,4	86,0
727	01.08.17 14:34:06	2,41	7,79	-1,6	3,0	85,4
728	01.08.17 14:34:07	2,41	7,79	-0,6	3,2	86,2
729	01.08.17 14:34:08	2,41	7,79	-1,5	3,6	84,9
730	01.08.17 14:34:09	2,41	7,77	-2,1	5,0	82,9
731	01.08.17 14:34:10	2,41	7,77	-2,7	3,1	84,2
732	01.08.17 14:34:11	2,41	7,79	-0,8	4,4	84,7
733	01.08.17 14:34:12	2,41	7,77	-0,5	4,2	85,2
734	01.08.17 14:34:13	2,41	7,77	-2,1	4,6	83,2
735	01.08.17 14:34:14	2,41	7,77	-1,2	4,0	84,7
736	01.08.17 14:34:15	2,41	7,79	-1,7	5,0	83,4
737	01.08.17 14:34:16	2,41	7,77	-1,9	3,5	84,6
738	01.08.17 14:34:17	2,37	7,77	-1,1	3,3	85,6
739	01.08.17 14:34:18	2,37	7,77	-0,5	4,6	84,8
740	01.08.17 14:34:19	2,37	7,77	-1,3	3,7	85,0
741	01.08.17 14:34:20	2,37	7,77	-1,3	3,5	85,2
742	01.08.17 14:34:21	2,37	7,74	-0,1	4,3	85,5
743	01.08.17 14:34:22	2,37	7,79	-3,0	4,4	82,6
744	01.08.17 14:34:23	2,37	7,77	-2,8	2,2	85,0
745	01.08.17 14:34:24	2,37	7,79	-2,1	3,2	84,7
746	01.08.17 14:34:25	2,37	7,77	-2,0	2,6	85,4
747	01.08.17 14:34:26	2,37	7,77	-2,2	2,6	85,1
748	01.08.17 14:34:27	2,37	7,77	-2,9	2,6	84,6
749	01.08.17 14:34:28	2,37	7,79	-2,0	1,2	86,8
750	01.08.17 14:34:29	2,33	7,76	-2,5	1,7	85,8
751	01.08.17 14:34:30	2,33	7,76	-1,8	1,3	86,9
752	01.08.17 14:34:31	2,33	7,76	-2,2	3,3	84,5
753	01.08.17 14:34:32	2,33	7,79	-0,8	1,9	87,2
754	01.08.17 14:34:33	2,33	7,76	-0,5	3,0	86,5
755	01.08.17 14:34:34	2,33	7,74	-1,7	1,7	86,5
756	01.08.17 14:34:35	2,33	7,79	-2,1	2,7	85,2
757	01.08.17 14:34:36	2,33	7,79	-0,6	1,8	87,6
758	01.08.17 14:34:37	2,33	7,79	-1,4	1,3	87,2
759	01.08.17 14:34:38	2,33	7,76	-2,7	0,8	86,6
760	01.08.17 14:34:39	2,33	7,76	-1,9	1,6	86,5
761	01.08.17 14:34:40	2,33	7,76	-1,3	2,8	85,9
762	01.08.17 14:34:41	2,33	7,79	-0,9	2,5	86,6
763	01.08.17 14:34:42	2,30	7,76	-1,4	1,5	87,1
764	01.08.17 14:34:43	2,30	7,78	-2,3	0,4	87,3
765	01.08.17 14:34:44	2,30	7,78	-2,7	1,0	86,3
766	01.08.17 14:34:45	2,30	7,81	-2,0	2,5	85,4
767	01.08.17 14:34:46	2,30	7,76	-2,0	1,8	86,2
768	01.08.17 14:34:47	2,30	7,78	-2,9	-0,9	86,2
769	01.08.17 14:34:48	2,30	7,81	-3,5	1,9	84,6
770	01.08.17 14:34:49	2,30	7,76	-1,2	0,8	88,0
771	01.08.17 14:34:50	2,30	7,78	-1,9	2,2	85,9
772	01.08.17 14:34:51	2,30	7,76	-2,3	1,1	86,6
773	01.08.17 14:34:52	2,30	7,78	-2,1	2,7	85,2
774	01.08.17 14:34:53	2,30	7,76	-2,3	3,5	84,3
775	01.08.17 14:34:54	2,30	7,76	-2,4	2,5	85,1
776	01.08.17 14:34:55	2,30	7,76	-1,9	3,1	85,0
777	01.08.17 14:34:56	2,26	7,76	-1,7	1,7	86,6
778	01.08.17 14:34:57	2,26	7,78	-2,0	1,8	86,2
779	01.08.17 14:34:58	2,26	7,78	-2,2	3,2	84,6
780	01.08.17 14:34:59	2,26	7,76	-2,2	1,9	86,0
781	01.08.17 14:35:00	2,26	7,78	-2,6	1,8	85,7
782	01.08.17 14:35:01	2,26	7,78	-3,1	0,5	86,4
783	01.08.17 14:35:02	2,26	7,76	-1,2	2,4	86,4
784	01.08.17 14:35:03	2,26	7,78	-1,4	1,6	87,0
785	01.08.17 14:35:04	2,26	7,76	-1,7	2,0	86,4
786	01.08.17 14:35:05	2,26	7,78	-1,3	2,4	86,3
787	01.08.17 14:35:06	2,26	7,76	-1,8	-0,5	87,7
788	01.08.17 14:35:07	2,26	7,76	-1,0	1,0	88,0
789	01.08.17 14:35:08	2,22	7,75	-2,3	2,5	85,2
790	01.08.17 14:35:09	2,22	7,75	-1,3	3,1	85,6
791	01.08.17 14:35:10	2,22	7,75	-2,1	2,6	85,4
792	01.08.17 14:35:11	2,22	7,75	-1,3	3,3	85,3
793	01.08.17 14:35:12	2,22	7,75	-2,0	3,6	84,4
794	01.08.17 14:35:13	2,22	7,78	-1,3	-1,4	87,4
795	01.08.17 14:35:14	2,22	7,75	-0,6	-0,4	89,0
796	01.08.17 14:35:15	2,22	7,78	-1,0	0,1	89,0
797	01.08.17 14:35:16	2,22	7,75	-1,1	1,3	87,6
798	01.08.17 14:35:17	2,22	7,78	-2,3	1,3	86,4
799	01.08.17 14:35:18	2,22	7,80	-1,0	1,9	87,1
800	01.08.17 14:35:19	2,22	7,78	-2,3	1,2	86,5
801	01.08.17 14:35:20	2,22	7,78	-1,0	1,0	88,0
802	01.08.17 14:35:21	2,22	7,78	-1,6	0,9	87,5
803	01.08.17 14:35:22	2,18	7,78	-2,3	0,7	87,0
804	01.08.17 14:35:23	2,18	7,78	-0,9	0,5	88,5
805	01.08.17 14:35:24	2,18	7,78	-1,8	-0,2	88,0
806	01.08.17 14:35:25	2,18	7,75	-2,4	-0,6	87,0
807	01.08.17 14:35:26	2,18	7,78	-1,3	-0,4	88,2
808	01.08.17 14:35:27	2,18	7,78	-2,9	-0,3	86,8
809	01.08.17 14:35:28	2,18	7,78	-2,4	0,9	86,7
810	01.08.17 14:35:29	2,18	7,78	-2,2	0,8	87,0
811	01.08.17 14:35:30	2,18	7,78	-1,5	0,1	88,4
812	01.08.17 14:35:31	2,18	7,78	-2,0	-0,2	87,8
813	01.08.17 14:35:32	2,18	7,78	-2,8	0,3	86,9
814	01.08.17 14:35:33	2,18	7,78	-2,3	0,4	87,3
815	01.08.17 14:35:34	2,18	7,78	-1,8	-0,9	87,2
816	01.08.17 14:35:35	2,14	7,80	-2,3	-1,8	86,0
817	01.08.17 14:35:36	2,14	7,77	-2,1	-0,1	87,8
818	01.08.17 14:35:37	2,14	7,77	-2,4	0,5	87,0
819	01.08.17 14:35:38	2,14	7,77	-1,3	-0,7	87,9
820	01.08.17 14:35:39	2,14	7,77	-1,9	-0,1	87,9
821	01.08.17 14:35:40	2,14	7,80	-1,2	1,5	87,4
822	01.08.17 14:35:41	2,14	7,77	-2,4	1,9	85,7
823	01.08.17 14:35:42	2,14	7,77	-1,2	-0,2	88,5
824	01.08.17 14:35:43	2,14	7,77	-1,3	-1,8	86,9
825	01.08.17 14:35:44	2,14	7,77	-1,4	2,3	86,2
826	01.08.17 14:35:45	2,14	7,77	-3,3	2,8	83,9
827	01.08.17 14:35:46	2,14	7,77	-3,4	0,9	85,7
828	01.08.17 14:35:47	2,14	7,80	-0,3	1,4	88,3
829	01.08.17 14:35:48	2,14	7,77	-1,2	0,6	88,2
830	01.08.17 14:35:49	2,14	7,77	-2,8	1,1	86,1
831	01.08.17 14:35:50	2,10	7,77	-2,9	3,3	83,8
832	01.08.17 14:35:51	2,10	7,75	-0,3	1,0	88,7
833	01.08.17 14:35:52	2,10	7,77	-2,9	-2,3	84,8
834	01.08.17 14:35:53	2,10	7,79	-1,7	1,6	86,7
835	01.08.17 14:35:54	2,10	7,77	-2,5	3,6	83,9
836	01.08.17 14:35:55	2,10	7,77	-2,5	2,2	85,3
837	01.08.17 14:35:56	2,10	7,77	-2,8	2,6	84,6
838	01.08.17 14:35:57	2,10	7,77	-0,2	3,9	85,9
839	01.08.17 14:35:58	2,10	7,77	-2,2	2,6	85,2
840	01.08.17 14:35:59	2,10	7,79	-2,6	6,0	81,4
841	01.08.17 14:36:00	2,10	7,77	-2,5	6,0	81,6
842	01.08.17 14:36:01	2,10	7,79	-2,2	3,2	84,6
843	01.08.17 14:36:02	2,10	7,77	-0,3	2,2	87,6
844	01.08.17 14:36:03	2,10	7,77	-1,9	3,9	84,2
845	01.08.17 14:36:04	2,06	7,77	-2,3	7,0	80,6
846	01.08.17 14:36:05	2,06	7,77	0,5	6,3	83,2
847	01.08.17 14:36:06	2,06	7,77	-1,1	4,8	84,1
848	01.08.17 14:36:07	2,06	7,79	-2,0	7,7	80,3
849	01.08.17 14:36:08	2,06	7,77	-1,0	9,3	79,6
850	01.08.17 14:36:09	2,06	7,74	-1,4	5,6	83,0
851	01.08.17 14:36:10	2,06	7,77	0,6	10,8	78,6
852	01.08.17 14:36:11	2,06	7,77	-0,3	11,6	78,1
853	01.08.17 14:36:12	2,06	7,77	0,3	11,5	78,3
854	01.08.17 14:36:13	2,06	7,79	-0,5	9,3	80,2
855	01.08.17 14:36:14	2,06	7,79	1,4	10,3	78,3
856	01.08.17 14:36:15	2,06	7,77	1,5	12,8	75,7
857	01.08.17 14:36:16	2,06	7,79	-0,7	15,1	74,2
858	01.08.17 14:36:17	2,06	7,74	1,8	9,6	78,6
859	01.08.17 14:36:18	2,06	7,77	1,0	-2,6	86,3
860	01.08.17 14:36:19	2,06	7,74	-8,0	-10,3	71,7
861	01.08.17 14:36:20	2,02	7,77	0,2	-10,2	79,6
862	01.08.17 14:36:21	2,02	7,79	1,5	-13,7	74,8
863	01.08.17 14:36:22	2,02	7,79	-0,4	-23,2	66,4
864	01.08.17 14:36:23	2,02	7,77	3,1	-24,4	62,5
865	01.08.17 14:36:24	2,02	7,77	5,8	-22,9	61,4
866	01.08.17 14:36:25	2,02	7,77	7,9	-34,5	47,6
867	01.08.17 14:36:26	2,02	7,77	14,2	-30,1	45,7
868	01.08.17 14:36:27	2,02	7,77	23,9	-28,0	38,2
869	01.08.17 14:36:28	2,02	7,74	25,4	-29,0	35,6
870	01.08.17 14:36:29	2,02	7,77	29,4	-27,2	33,4
871	01.08.17 14:36:30	2,02	7,77	42,9	-9,7	37,3
872	01.08.17 14:36:31	2,02	7,74	39,3	-18,7	32,0
873	01.08.17 14:36:32	2,02	7,72	40,7	-19,8	29,5
874	01.08.17 14:36:33	1,99	7,72	36,2	-13,4	40,4
875	01.08.17 14:36:34	1,99	7,72	31,9	-12,3	45,9
876	01.08.17 14:36:35	1,99	7,69	37,1	-16,3	36,6
877	01.08.17 14:36:36	1,99	7,72	38,7	-16,8	34,5
878	01.08.17 14:36:37	1,99	7,69	34,9	-14,5	40,6
879	01.08.17 14:36:38	1,99	7,69	35,0	-12,0	42,9
880	01.08.17 14:36:39	1,99	7,67	33,2	-13,2	43,6
881	01.08.17 14:36:40	1,99	7,67	34,0	-14,7	41,3
882	01.08.17 14:36:41	1,99	7,67	36,7	-18,4	34,9
883	01.08.17 14:36:42	1,99	7,65	35,3	-17,4	37,3
884	01.08.17 14:36:43	1,99	7,65	32,5	-10,4	47,1
885	01.08.17 14:36:44	1,99	7,65	32,6	-12,9	44,6
886	01.08.17 14:36:45	1,99	7,62	37,5	-18,3	34,2
887	01.08.17 14:36:46	1,99	7,62	38,0	-18,1	33,9
888	01.08.17 14:36:47	1,99	7,60	32,5	-12,4	45,1
889	01.08.17 14:36:48	1,95	7,60	32,4	-11,5	46,1
890	01.08.17 14:36:49	1,95	7,57	38,5	-13,7	37,8
891	01.08.17 14:36:50	1,95	7,57	41,6	-15,8	32,6
892	01.08.17 14:36:51	1,95	7,57	40,1	-11,9	38,0
893	01.08.17 14:36:52	1,95	7,53	32,4	-11,0	46,6
894	01.08.17 14:36:53	1,95	7,50	36,1	-13,9	40,0
895	01.08.17 14:36:54	1,95	7,53	38,2	-17,2	34,6
896	01.08.17 14:36:55	1,95	7,50	38,3	-15,0	36,7
897	01.08.17 14:36:56	1,95	7,50	35,7	-13,7	40,6
898	01.08.17 14:36:57	1,91	7,48	37,8	-11,2	41,0
899	01.08.17 14:36:58	1,91	7,45	36,5	-15,2	38,3
900	01.08.17 14:36:59	1,91	7,43	39,0	-14,7	36,2
901	01.08.17 14:37:00	1,91	7,41	37,0	-14,7	38,3
902	01.08.17 14:37:01	1,91	7,38	33,8	-14,3	41,9
903	01.08.17 14:37:02	1,91	7,36	40,0	-10,3	39,7
904	01.08.17 14:37:03	1,91	7,34	35,4	-15,5	39,1
905	01.08.17 14:37:04	1,91	7,31	38,2	-14,0	37,8
906	01.08.17 14:37:05	1,91	7,31	40,4	-12,8	36,8
907	01.08.17 14:37:06	1,91	7,27	33,3	-12,8	43,9
908	01.08.17 14:37:07	1,91	7,22	29,1	-12,6	48,3
909	01.08.17 14:37:08	1,91	7,22	38,2	-11,7	40,2
910	01.08.17 14:37:09	1,87	7,22	45,0	-12,9	32,2
911	01.08.17 14:37:10	1,87	7,19	42,2	-11,5	36,2
912	01.08.17 14:37:11	1,87	7,10	26,3	-13,5	50,2
913	01.08.17 14:37:12	1,87	7,05	27,0	-14,5	48,5
914	01.08.17 14:37:13	1,87	7,05	46,1	-14,6	29,4
915	01.08.17 14:37:14	1,87	7,05	43,5	-11,7	34,7
916	01.08.17 14:37:15	1,87	6,98	27,6	-11,7	50,6
917	01.08.17 14:37:16	1,87	6,96	30,1	-14,9	45,1
918	01.08.17 14:37:17	1,83	6,93	44,1	-12,5	33,4
919	01.08.17 14:37:18	1,83	6,91	35,1	-13,3	41,6
920	01.08.17 14:37:19	1,83	6,86	29,8	-13,5	46,7
921	01.08.17 14:37:20	1,83	6,82	31,7	-14,2	44,1
922	01.08.17 14:37:21	1,83	6,77	37,2	-12,8	40,0
923	01.08.17 14:37:22	1,83	6,77	35,9	-13,3	40,8
924	01.08.17 14:37:23	1,83	6,75	36,2	-12,7	41,1
925	01.08.17 14:37:24	1,83	6,70	34,2	-11,2	44,7
926	01.08.17 14:37:25	1,83	6,68	33,3	-12,4	44,3
927	01.08.17 14:37:26	1,79	6,65	46,0	-11,1	32,9
928	01.08.17 14:37:27	1,79	6,63	45,5	-10,4	34,1
929	01.08.17 14:37:28	1,79	6,56	30,7	-8,1	51,2
930	01.08.17 14:37:29	1,79	6,51	32,5	-11,1	46,4
931	01.08.17 14:37:30	1,79	6,54	48,9	-11,3	29,8
932	01.08.17 14:37:31	1,79	6,49	42,7	-11,1	36,2
933	01.08.17 14:37:32	1,79	6,42	29,8	-8,0	52,3
934	01.08.17 14:37:33	1,79	6,37	36,4	-9,3	44,3
935	01.08.17 14:37:34	1,79	6,35	40,9	-12,1	37,0
936	01.08.17 14:37:35	1,75	6,32	39,2	-10,9	40,0
937	01.08.17 14:37:36	1,75	6,28	35,4	-10,5	44,1
938	01.08.17 14:37:37	1,75	6,23	34,9	-10,7	44,4
939	01.08.17 14:37:38	1,75	6,14	33,8	-9,1	47,1
940	01.08.17 14:37:39	1,75	6,11	39,4	-10,2	40,4
941	01.08.17 14:37:40	1,75	6,09	39,0	-10,9	40,2
942	01.08.17 14:37:41	1,75	6,04	35,2	-10,3	44,4
943	01.08.17 14:37:42	1,75	6,00	35,7	-10,5	43,7
944	01.08.17 14:37:43	1,75	5,92	31,8	-9,6	48,5
945	01.08.17 14:37:44	1,75	5,85	33,7	-12,5	43,9
946	01.08.17 14:37:45	1,71	5,83	43,8	-12,8	33,4
947	01.08.17 14:37:46	1,71	5,78	37,7	-10,5	41,8
948	01.08.17 14:37:47	1,71	5,69	28,4	-9,3	52,3
949	01.08.17 14:37:48	1,71	5,64	43,5	-10,5	36,0
950	01.08.17 14:37:49	1,71	5,64	47,9	-12,2	29,9
951	01.08.17 14:37:50	1,67	5,57	35,1	-11,7	43,2
952	01.08.17 14:37:51	1,67	5,45	28,7	-10,7	50,6
953	01.08.17 14:37:52	1,67	5,43	36,9	-12,5	40,6
954	01.08.17 14:37:53	1,64	5,38	39,4	-12,8	37,7
955	01.08.17 14:37:54	1,60	5,31	33,8	-11,6	44,6
956	01.08.17 14:37:55	1,56	5,28	31,4	-12,4	46,2
957	01.08.17 14:37:56	1,52	5,21	33,4	-13,0	43,6
958	01.08.17 14:37:57	1,48	5,14	33,6	-11,8	44,6
959	01.08.17 14:37:58	1,44	5,09	32,9	-11,3	45,8
960	01.08.17 14:37:59	1,40	4,99	36,3	-11,5	42,1
961	01.08.17 14:38:00	1,40	4,94	38,5	-12,4	39,1
962	01.08.17 14:38:01	1,36	4,89	36,4	-12,0	41,6
963	01.08.17 14:38:02	1,36	4,78	31,7	-9,0	49,3
964	01.08.17 14:38:03	1,32	4,70	31,7	-12,2	46,2
965	01.08.17 14:38:04	1,32	4,70	50,1	-10,2	29,7
966	01.08.17 14:38:05	1,32	4,68	46,9	-11,4	31,7
967	01.08.17 14:38:06	1,28	4,54	34,4	-10,2	45,4
968	01.08.17 14:38:07	1,28	4,42	28,2	-10,7	51,2
969	01.08.17 14:38:08	1,28	4,40	46,1	-12,0	32,0
970	01.08.17 14:38:09	1,28	4,35	45,2	-13,8	31,0
971	01.08.17 14:38:10	1,28	4,23	35,7	-11,4	42,8
972	01.08.17 14:38:11	1,28	4,16	36,4	-14,8	38,8
973	01.08.17 14:38:12	1,28	4,16	45,4	-21,4	23,2
974	01.08.17 14:38:13	1,28	4,19	53,2	-25,0	11,8
975	01.08.17 14:38:14	1,28	4,16	49,3	-17,5	23,2
976	01.08.17 14:38:15	1,28	4,16	53,5	-16,3	20,2
977	01.08.17 14:38:16	1,28	4,09	52,5	-9,7	27,9
978	01.08.17 14:38:17	1,32	4,05	56,7	-8,4	24,9
979	01.08.17 14:38:18	1,32	4,03	49,4	-12,4	28,2
980	01.08.17 14:38:19	1,32	3,98	53,7	-7,0	29,3
981	01.08.17 14:38:20	1,32	3,98	54,3	8,7	27,0
982	01.08.17 14:38:21	1,36	3,91	47,7	8,6	33,7
983	01.08.17 14:38:22	1,36	3,80	49,9	6,3	33,8
984	01.08.17 14:38:23	1,40	3,77	58,0	9,1	22,9
985	01.08.17 14:38:24	1,40	3,77	63,9	15,1	11,0
986	01.08.17 14:38:25	1,44	3,78	68,4	12,9	8,7
987	01.08.17 14:38:26	1,44	3,73	86,1	-0,5	3,3
988	01.08.17 14:38:27	1,48	3,66	47,9	9,0	33,1
989	01.08.17 14:38:28	1,48	3,66	69,0	3,8	17,1
990	01.08.17 14:38:29	1,52	3,69	78,9	9,7	1,4
991	01.08.17 14:38:30	1,52	3,64	59,4	5,7	24,9
992	01.08.17 14:38:31	1,52	3,59	47,0	-0,6	42,4
993	01.08.17 14:38:32	1,56	3,53	48,8	-4,3	36,9
994	01.08.17 14:38:33	1,56	3,48	38,5	-16,3	35,2
995	01.08.17 14:38:34	1,60	3,51	51,7	-11,9	26,5
996	01.08.17 14:38:35	1,60	3,48	54,0	-9,7	26,2
997	01.08.17 14:38:36	1,64	3,46	57,8	-8,0	24,2
998	01.08.17 14:38:37	1,64	3,39	58,3	-4,6	27,1
999	01.08.17 14:38:38	1,67	3,35	54,2	-2,8	33,0
1000	01.08.17 14:38:39	1,67	3,32	55,9	-1,8	32,3
1001	01.08.17 14:38:40	1,67	3,28	55,0	-1,7	33,3
1002	01.08.17 14:38:41	1,71	3,28	54,1	-4,2	31,8
1003	01.08.17 14:38:42	1,71	3,23	51,1	-7,1	31,8
1004	01.08.17 14:38:43	1,71	3,21	48,7	-9,5	31,7
1005	01.08.17 14:38:44	1,71	3,19	51,1	-7,1	31,8
1006	01.08.17 14:38:45	1,75	3,17	50,4	-7,4	32,2
1007	01.08.17 14:38:46	1,75	3,12	47,8	-7,3	34,9
1008	01.08.17 14:38:47	1,75	3,10	48,1	-7,0	34,9
1009	01.08.17 14:38:48	1,75	3,07	49,1	-5,7	35,2
1010	01.08.17 14:38:49	1,75	3,05	49,4	-4,1	36,5
1011	01.08.17 14:38:50	1,79	3,00	49,2	-4,6	36,3
1012	01.08.17 14:38:51	1,79	2,96	50,6	-4,6	34,8
1013	01.08.17 14:38:52	1,83	2,94	53,6	-2,1	34,3
1014	01.08.17 14:38:53	1,83	2,91	56,0	-0,8	33,2
1015	01.08.17 14:38:54	1,87	2,89	52,3	-0,1	37,7
1016	01.08.17 14:38:55	1,87	2,85	51,8	-2,4	35,8
1017	01.08.17 14:38:56	1,91	2,80	58,6	-2,1	29,2
1018	01.08.17 14:38:57	1,91	2,80	62,2	-2,3	25,5
1019	01.08.17 14:38:58	1,95	2,76	56,5	-5,0	28,5
1020	01.08.17 14:38:59	1,95	2,76	56,8	-5,2	28,0
1021	01.08.17 14:39:00	1,99	2,74	60,9	-3,3	25,8
1022	01.08.17 14:39:01	1,99	2,71	60,5	-3,2	26,2
1023	01.08.17 14:39:02	1,99	2,69	58,7	-7,5	23,8
1024	01.08.17 14:39:03	1,99	2,69	60,5	-4,3	25,2
1025	01.08.17 14:39:04	2,02	2,67	62,6	-3,9	23,6
1026	01.08.17 14:39:05	2,02	2,67	59,2	-1,9	28,9
1027	01.08.17 14:39:06	2,02	2,65	54,5	-2,9	32,5
1028	01.08.17 14:39:07	2,02	2,60	46,7	3,3	40,1
1029	01.08.17 14:39:08	2,02	2,57	50,2	-1,1	38,7
1030	01.08.17 14:39:09	2,02	2,57	50,8	-2,5	36,7
1031	01.08.17 14:39:10	2,02	2,55	56,6	-0,6	32,9
1032	01.08.17 14:39:11	2,06	2,51	59,8	-0,6	29,5
1033	01.08.17 14:39:12	2,10	2,46	54,7	-1,6	33,7
1034	01.08.17 14:39:13	2,14	2,44	45,3	-3,3	41,3
1035	01.08.17 14:39:14	2,18	2,37	51,0	-2,8	36,1
1036	01.08.17 14:39:15	2,18	2,35	47,9	-5,7	36,4
1037	01.08.17 14:39:16	2,22	2,33	49,0	-2,6	38,4
1038	01.08.17 14:39:17	2,22	2,26	51,4	-1,0	37,7
1039	01.08.17 14:39:18	2,26	2,19	49,5	0,5	40,1
1040	01.08.17 14:39:19	2,33	2,15	45,8	0,0	44,2
1041	01.08.17 14:39:20	2,41	2,13	46,6	-1,9	41,4
1042	01.08.17 14:39:21	2,45	2,09	38,5	-5,3	46,2
1043	01.08.17 14:39:22	2,49	2,09	44,9	-5,8	39,3
1044	01.08.17 14:39:23	2,49	2,09	46,3	-5,2	38,5
1045	01.08.17 14:39:24	2,53	2,12	51,0	-8,9	30,0
1046	01.08.17 14:39:25	2,53	2,12	51,8	-8,9	29,3
1047	01.08.17 14:39:26	2,53	2,09	49,2	-6,9	33,9
1048	01.08.17 14:39:27	2,53	2,09	48,7	-5,8	35,5
1049	01.08.17 14:39:28	2,56	2,10	49,6	-4,3	36,1
1050	01.08.17 14:39:29	2,56	2,07	51,4	-4,4	34,2
1051	01.08.17 14:39:30	2,56	2,10	52,8	-5,3	31,9
1052	01.08.17 14:39:31	2,60	2,08	51,4	-4,8	33,8
1053	01.08.17 14:39:32	2,60	2,08	46,2	-4,5	39,2
1054	01.08.17 14:39:33	2,60	2,08	47,2	-3,8	39,0
1055	01.08.17 14:39:34	2,60	2,08	49,9	-4,9	35,2
1056	01.08.17 14:39:35	2,64	2,06	48,7	-5,3	35,9
1057	01.08.17 14:39:36	2,64	2,06	45,4	-5,7	39,0
1058	01.08.17 14:39:37	2,64	2,06	46,4	-5,5	38,1
1059	01.08.17 14:39:38	2,64	2,03	46,2	-2,1	41,6
1060	01.08.17 14:39:39	2,64	1,96	29,9	-4,9	55,2
1061	01.08.17 14:39:40	2,68	1,89	27,0	-8,1	54,9
1062	01.08.17 14:39:41	2,75	1,88	42,8	-5,4	41,8
1063	01.08.17 14:39:42	2,83	1,93	47,5	-6,0	36,4
1064	01.08.17 14:39:43	2,83	1,93	47,8	-4,1	38,1
1065	01.08.17 14:39:44	2,87	1,93	49,1	-4,2	36,6
1066	01.08.17 14:39:45	2,87	1,95	49,1	-3,9	37,0
1067	01.08.17 14:39:46	2,87	1,95	48,8	-3,3	37,9
1068	01.08.17 14:39:47	2,87	1,95	49,2	-3,4	37,3
1069	01.08.17 14:39:48	2,87	1,95	50,4	-3,0	36,6
1070	01.08.17 14:39:49	2,87	1,91	37,6	-2,4	50,0
1071	01.08.17 14:39:50	2,91	1,84	33,8	0,5	55,7
1072	01.08.17 14:39:51	2,94	1,80	42,4	2,7	44,9
1073	01.08.17 14:39:52	2,98	1,77	45,2	3,1	41,7
1074	01.08.17 14:39:53	3,02	1,78	44,4	2,7	42,9
1075	01.08.17 14:39:54	3,02	1,75	39,0	2,4	48,7
1076	01.08.17 14:39:55	3,06	1,73	38,5	0,9	50,5
1077	01.08.17 14:39:56	3,06	1,71	42,4	2,2	45,4
1078	01.08.17 14:39:57	3,10	1,69	40,3	1,4	48,2
1079	01.08.17 14:39:58	3,10	1,67	37,1	-1,1	51,8
1080	01.08.17 14:39:59	3,13	1,67	43,5	1,9	44,6
1081	01.08.17 14:40:00	3,13	1,64	44,6	0,1	45,3
1082	01.08.17 14:40:01	3,13	1,53	42,8	1,4	45,8
1083	01.08.17 14:40:02	3,28	1,47	43,3	2,4	44,4
1084	01.08.17 14:40:03	3,36	1,47	48,3	0,7	41,1
1085	01.08.17 14:40:04	3,44	1,46	49,7	-0,3	40,0
1086	01.08.17 14:40:05	3,51	1,44	46,3	-1,1	42,6
1087	01.08.17 14:40:06	3,55	1,39	40,8	0,7	48,5
1088	01.08.17 14:40:07	3,59	1,37	31,9	5,5	52,5
1089	01.08.17 14:40:08	3,66	1,31	37,1	6,0	46,9
1090	01.08.17 14:40:09	3,73	1,27	39,8	5,4	44,8
1091	01.08.17 14:40:10	3,85	1,30	40,3	1,7	47,9
1092	01.08.17 14:40:11	3,88	1,21	41,8	0,4	47,8
1093	01.08.17 14:40:12	3,96	1,24	48,0	-1,7	40,2
1094	01.08.17 14:40:13	4,03	1,24	48,6	-3,7	37,7
1095	01.08.17 14:40:14	4,07	1,22	46,7	-2,1	41,2
1096	01.08.17 14:40:15	4,11	1,22	47,1	-1,9	41,1
1097	01.08.17 14:40:16	4,14	1,20	53,8	0,6	35,6
1098	01.08.17 14:40:17	4,22	1,16	51,0	1,9	37,1
1099	01.08.17 14:40:18	4,25	1,12	45,4	1,7	42,8
1100	01.08.17 14:40:19	4,29	1,14	47,8	2,0	40,2
1101	01.08.17 14:40:20	4,33	1,12	50,3	5,6	34,1
1102	01.08.17 14:40:21	4,40	1,06	48,7	2,5	38,8
1103	01.08.17 14:40:22	4,47	0,99	43,0	5,8	41,3
1104	01.08.17 14:40:23	4,58	1,00	46,8	3,8	39,4
1105	01.08.17 14:40:24	4,66	1,03	48,9	3,0	38,0
1106	01.08.17 14:40:25	4,73	0,92	45,0	6,5	38,5
1107	01.08.17 14:40:26	4,87	0,91	45,9	4,8	39,3
1108	01.08.17 14:40:27	4,95	0,93	44,3	4,3	41,4
1109	01.08.17 14:40:28	4,98	0,91	47,8	4,4	37,8
1110	01.08.17 14:40:29	5,06	0,83	46,8	3,9	39,2
1111	01.08.17 14:40:30	5,16	0,81	39,6	0,6	49,8
1112	01.08.17 14:40:31	5,24	0,79	38,5	1,0	50,5
1113	01.08.17 14:40:32	5,31	0,73	41,6	1,1	47,3
1114	01.08.17 14:40:33	5,38	0,76	48,7	1,6	39,7
1115	01.08.17 14:40:34	5,45	0,79	45,4	1,1	43,5
1116	01.08.17 14:40:35	5,49	0,72	39,0	3,7	47,2
1117	01.08.17 14:40:36	5,49	0,65	39,7	4,3	46,0
1118	01.08.17 14:40:37	5,56	0,65	47,8	5,7	36,5
1119	01.08.17 14:40:38	5,63	0,68	46,5	8,6	34,8
1120	01.08.17 14:40:39	5,70	0,64	33,3	8,3	48,4
1121	01.08.17 14:40:40	5,85	0,56	47,6	4,2	38,2
1122	01.08.17 14:40:41	5,99	0,55	55,0	7,0	27,9
1123	01.08.17 14:40:42	6,09	0,58	58,9	3,7	27,4
1124	01.08.17 14:40:43	6,13	0,58	59,6	1,5	28,9
1125	01.08.17 14:40:44	6,20	0,59	60,5	-1,9	27,6
1126	01.08.17 14:40:45	6,20	0,59	53,9	-2,2	33,9
1127	01.08.17 14:40:46	6,24	0,59	54,7	-1,5	33,8
1128	01.08.17 14:40:47	6,27	0,57	34,2	6,5	49,3
1129	01.08.17 14:40:48	6,31	0,33	26,9	0,2	62,9
1130	01.08.17 14:40:49	6,52	0,33	46,0	4,0	40,0
1131	01.08.17 14:40:50	6,69	0,31	41,5	-9,4	39,1
1132	01.08.17 14:40:51	6,83	0,31	47,4	-4,2	38,4
1133	01.08.17 14:40:52	6,94	0,33	43,1	-4,0	42,9
1134	01.08.17 14:40:53	7,01	0,28	43,9	-1,3	44,7
1135	01.08.17 14:40:54	7,14	0,21	46,9	-1,0	42,1
1136	01.08.17 14:40:55	7,32	0,12	37,9	-3,7	48,4
1137	01.08.17 14:40:56	7,49	0,12	25,7	-11,1	53,2
1138	01.08.17 14:40:57	7,59	0,02	35,8	-5,4	48,7
1139	01.08.17 14:40:58	7,73	0,00	34,5	-4,4	51,1
1140	01.08.17 14:40:59	7,90	0,00	30,5	-2,9	56,7
1141	01.08.17 14:41:00	8,17	0,00	31,4	-7,3	51,3
1142	01.08.17 14:41:01	8,34	0,00	33,2	-10,6	46,2
1143	01.08.17 14:41:02	8,51	0,00	32,8	-6,1	51,1
1144	01.08.17 14:41:03	8,68	0,00	28,4	-6,2	55,4
1145	01.08.17 14:41:04	8,82	0,00	26,8	-5,8	57,4
1146	01.08.17 14:41:05	8,92	0,00	44,2	4,6	41,2
1147	01.08.17 14:41:06	9,05	0,00	41,7	-1,3	47,0
1148	01.08.17 14:41:07	9,12	0,00	42,7	6,0	41,3
1149	01.08.17 14:41:08	9,15	0,00	48,2	3,3	38,5
1150	01.08.17 14:41:09	9,18	0,00	45,9	2,8	41,3
1151	01.08.17 14:41:10	9,22	0,00	25,6	-2,0	62,4
1152	01.08.17 14:41:11	9,28	0,00	25,1	-0,5	64,4
1153	01.08.17 14:41:12	9,42	0,00	34,2	3,4	52,4
1154	01.08.17 14:41:13	9,55	0,00	37,5	-1,0	51,5
1155	01.08.17 14:41:14	9,62	0,00	32,1	-4,2	53,8
1156	01.08.17 14:41:15	9,62	0,00	23,8	-7,6	58,5
1157	01.08.17 14:41:16	9,72	0,00	30,9	-2,9	56,2
1158	01.08.17 14:41:17	9,85	0,00	28,8	-11,2	49,9
1159	01.08.17 14:41:18	9,91	0,00	37,0	0,4	52,6
1160	01.08.17 14:41:19	9,95	0,00	18,9	-11,3	59,8
1161	01.08.17 14:41:20	9,98	0,00	18,1	-19,6	52,4
1162	01.08.17 14:41:21	10,01	0,00	27,8	-6,1	56,1
1163	01.08.17 14:41:22	10,04	0,00	13,3	-13,4	63,3
1164	01.08.17 14:41:23	10,11	0,00	23,3	-13,4	53,3
1165	01.08.17 14:41:24	10,18	0,00	42,8	1,3	45,9
1166	01.08.17 14:41:25	10,27	0,00	34,6	-0,9	54,6
1167	01.08.17 14:41:26	10,34	0,00	25,1	-1,7	63,1
1168	01.08.17 14:41:27	10,44	0,00	7,5	-26,3	56,3
1169	01.08.17 14:41:28	10,50	0,00	17,1	-4,1	68,7
1170	01.08.17 14:41:29	10,54	0,00	42,9	-3,7	43,4
1171	01.08.17 14:41:30	10,57	0,00	45,8	-11,5	32,7
1172	01.08.17 14:41:31	10,60	0,00	46,3	-7,8	35,8
1173	01.08.17 14:41:32	10,63	0,00	39,5	-8,5	42,0
1174	01.08.17 14:41:33	10,63	0,00	42,5	-13,1	34,4
1175	01.08.17 14:41:34	10,70	0,00	43,2	0,7	46,0
1176	01.08.17 14:41:35	10,76	0,00	28,2	-7,3	54,5
1177	01.08.17 14:41:36	10,83	0,00	36,5	-0,7	52,8
1178	01.08.17 14:41:37	10,86	0,00	21,0	-12,8	56,2
1179	01.08.17 14:41:38	10,86	0,00	33,7	-7,9	48,4
1180	01.08.17 14:41:39	10,93	0,00	21,1	-15,9	53,0
1181	01.08.17 14:41:40	10,96	0,00	23,7	-10,7	55,6
1182	01.08.17 14:41:41	11,02	0,00	18,8	-10,3	60,8
1183	01.08.17 14:41:42	11,06	0,00	23,6	-5,7	60,6
1184	01.08.17 14:41:43	11,12	0,00	27,9	6,1	55,9
1185	01.08.17 14:41:44	11,18	0,00	33,1	3,2	53,7
1186	01.08.17 14:41:45	11,22	0,00	35,6	-17,2	37,1
1187	01.08.17 14:41:46	11,25	0,00	57,1	-7,5	25,4
1188	01.08.17 14:41:47	11,31	0,00	32,8	-14,3	42,9
1189	01.08.17 14:41:48	11,31	0,00	43,3	-5,1	41,5
1190	01.08.17 14:41:49	11,35	0,00	52,2	-7,6	30,3
1191	01.08.17 14:41:50	11,35	0,00	55,1	-11,3	23,6
1192	01.08.17 14:41:51	11,38	0,00	62,8	-3,4	23,8
1193	01.08.17 14:41:52	11,41	0,00	58,8	-0,7	30,4
1194	01.08.17 14:41:53	11,44	0,00	53,2	-2,9	33,9
1195	01.08.17 14:41:54	11,47	0,00	50,7	-9,0	30,3
1196	01.08.17 14:41:55	11,47	0,00	43,8	-4,8	41,3
1197	01.08.17 14:41:56	11,54	0,00	23,3	-5,4	61,3
1198	01.08.17 14:41:57	11,63	0,00	36,2	-0,9	52,9
1199	01.08.17 14:41:58	11,73	0,00	25,4	-14,6	50,0
1200	01.08.17 14:41:59	11,79	0,00	65,5	-8,0	16,4
1201	01.08.17 14:42:00	11,86	0,00	47,8	-26,7	15,6
1202	01.08.17 14:42:01	11,86	0,00	36,5	-39,8	13,7
1203	01.08.17 14:42:02	11,76	0,00	59,1	-20,4	10,5
1204	01.08.17 14:42:03	11,67	0,00	57,2	-24,9	7,9
1205	01.08.17 14:42:04	11,57	0,00	54,1	-28,0	8,0
1206	01.08.17 14:42:05	11,47	0,00	57,2	-25,4	7,4
1207	01.08.17 14:42:06	11,38	0,00	56,4	-25,7	7,9
1208	01.08.17 14:42:07	11,31	0,00	43,6	-22,3	24,0
1209	01.08.17 14:42:08	11,25	0,00	52,0	-23,9	14,0
1210	01.08.17 14:42:09	11,18	0,00	44,5	-43,2	2,3
1211	01.08.17 14:42:10	11,12	0,00	43,2	-26,8	20,0
1212	01.08.17 14:42:11	11,09	0,00	46,2	-19,5	24,3
1213	01.08.17 14:42:12	11,06	0,00	56,6	28,4	5,0
1214	01.08.17 14:42:13	10,99	0,00	43,5	43,2	3,2
1215	01.08.17 14:42:14	10,96	0,00	48,5	27,8	-13,7
1216	01.08.17 14:42:15	10,93	0,00	71,4	16,3	-2,3
1217	01.08.17 14:42:16	10,89	0,00	-14,2	5,3	-70,4
1218	01.08.17 14:42:17	10,86	0,00	-9,6	-6,9	-73,5
1219	01.08.17 14:42:18	10,83	0,00	-11,1	-4,1	-74,7
1220	01.08.17 14:42:19	10,83	0,00	-10,5	-3,1	-76,3
1221	01.08.17 14:42:20	10,80	0,00	-8,8	0,8	-80,4
1222	01.08.17 14:42:21	10,76	0,02	-6,5	-8,7	-74,8
1223	01.08.17 14:42:22	10,73	0,00	-9,5	-4,2	-76,3
1224	01.08.17 14:42:23	10,73	0,02	-11,5	-3,8	-74,6
1225	01.08.17 14:42:24	10,70	0,02	-14,2	-11,2	-64,5
1226	01.08.17 14:42:25	10,67	0,02	-18,0	-4,1	-67,9
1227	01.08.17 14:42:26	10,67	0,02	-19,8	-6,0	-64,2
1228	01.08.17 14:42:27	10,63	0,02	-47,1	-12,6	-30,3
1229	01.08.17 14:42:28	10,63	0,02	-54,4	-13,3	-22,3
1230	01.08.17 14:42:29	10,60	0,02	6,3	-47,0	-36,7
1231	01.08.17 14:42:30	10,60	0,02	14,5	-10,2	-65,3
1232	01.08.17 14:42:31	10,60	0,02	11,2	-12,0	-66,9
1233	01.08.17 14:42:32	10,57	0,02	10,8	-9,5	-69,7
1234	01.08.17 14:42:33	10,54	0,02	12,2	-7,7	-70,2
1235	01.08.17 14:42:34	10,54	0,00	12,2	-7,5	-70,3
1236	01.08.17 14:42:35	10,54	0,00	11,1	-7,6	-71,2
1237	01.08.17 14:42:36	10,50	0,02	11,7	-7,2	-71,1
1238	01.08.17 14:42:37	10,47	0,02	12,5	-5,8	-71,8
1239	01.08.17 14:42:38	10,47	0,02	11,4	-2,8	-75,9
1240	01.08.17 14:42:39	10,47	0,02	11,3	-1,8	-76,8
1241	01.08.17 14:42:40	10,44	0,05	10,9	-4,8	-74,3
1242	01.08.17 14:42:41	10,44	0,05	11,2	-7,9	-71,0
1243	01.08.17 14:42:42	10,44	0,05	12,0	-7,3	-70,7
1244	01.08.17 14:42:43	10,41	0,05	11,2	-3,2	-75,5
1245	01.08.17 14:42:44	10,41	0,05	10,7	-1,6	-77,7
1246	01.08.17 14:42:45	10,41	0,05	11,1	-4,6	-74,3
1247	01.08.17 14:42:46	10,41	0,05	11,8	-3,5	-74,7
1248	01.08.17 14:42:47	10,37	0,05	11,1	-3,3	-75,5
1249	01.08.17 14:42:48	10,37	0,02	10,2	-4,6	-75,2
1250	01.08.17 14:42:49	10,37	0,05	11,8	-3,2	-75,0
1251	01.08.17 14:42:50	10,37	0,05	12,4	-3,2	-74,4
1252	01.08.17 14:42:51	10,34	0,07	9,9	-5,4	-74,7
1253	01.08.17 14:42:52	10,34	0,05	11,2	-4,4	-74,5
1254	01.08.17 14:42:53	10,34	0,07	11,5	-2,9	-75,5
1255	01.08.17 14:42:54	10,34	0,05	11,1	-3,4	-75,6
1256	01.08.17 14:42:55	10,34	0,05	11,6	-3,4	-75,0
1257	01.08.17 14:42:56	10,31	0,05	11,0	-5,1	-73,9
1258	01.08.17 14:42:57	10,31	0,05	10,6	-5,0	-74,4
1259	01.08.17 14:42:58	10,31	0,05	11,4	-2,1	-76,4
1260	01.08.17 14:42:59	10,31	0,05	12,5	-3,8	-73,7
1261	01.08.17 14:43:00	10,27	0,05	7,9	-5,1	-77,0
1262	01.08.17 14:43:01	10,27	0,02	12,2	-1,0	-76,7
1263	01.08.17 14:43:02	10,27	0,05	12,7	-0,7	-76,6
1264	01.08.17 14:43:03	10,27	0,05	9,9	-6,0	-74,1
1265	01.08.17 14:43:04	10,27	0,05	10,1	-4,6	-75,2
1266	01.08.17 14:43:05	10,27	0,05	11,3	-6,6	-72,1
1267	01.08.17 14:43:06	10,27	0,02	11,9	-9,3	-68,8
1268	01.08.17 14:43:07	10,27	0,05	11,5	-10,1	-68,5
1269	01.08.17 14:43:08	10,24	0,02	9,2	-11,7	-69,1
1270	01.08.17 14:43:09	10,24	0,05	12,2	-9,9	-67,9
1271	01.08.17 14:43:10	10,24	0,02	13,8	-9,3	-66,9
1272	01.08.17 14:43:11	10,24	0,05	8,3	-9,2	-72,5
1273	01.08.17 14:43:12	10,24	0,02	9,0	-8,7	-72,3
1274	01.08.17 14:43:13	10,24	0,02	17,3	-9,6	-63,1
1275	01.08.17 14:43:14	10,24	0,05	8,7	-9,6	-71,6
1276	01.08.17 14:43:15	10,24	0,02	9,4	-8,4	-72,1
1277	01.08.17 14:43:16	10,24	0,02	14,0	-10,1	-65,9
1278	01.08.17 14:43:17	10,24	0,02	11,6	-10,9	-67,5
1279	01.08.17 14:43:18	10,24	0,02	12,4	-10,0	-67,7
1280	01.08.17 14:43:19	10,24	0,02	9,2	-10,7	-70,2
1281	01.08.17 14:43:20	10,24	0,05	13,8	-11,8	-64,4
1282	01.08.17 14:43:21	10,27	0,02	14,5	-11,0	-64,5
1283	01.08.17 14:43:22	10,27	0,02	4,5	-10,8	-74,7
1284	01.08.17 14:43:23	10,27	0,02	15,4	-5,6	-69,0
1285	01.08.17 14:43:24	10,27	0,02	14,2	-2,4	-73,4
1286	01.08.17 14:43:25	10,27	0,02	5,8	-3,4	-80,8
1287	01.08.17 14:43:26	10,27	0,02	12,2	-4,3	-73,4
1288	01.08.17 14:43:27	10,27	0,02	13,7	1,4	-74,9
1289	01.08.17 14:43:28	10,27	0,02	7,4	-7,4	-75,2
1290	01.08.17 14:43:29	10,27	0,02	13,3	-8,3	-68,4
1291	01.08.17 14:43:30	10,27	0,02	9,8	-10,9	-69,3
1292	01.08.17 14:43:31	10,27	0,05	11,0	-12,9	-66,1
1293	01.08.17 14:43:32	10,27	0,02	11,9	-14,1	-64,1
1294	01.08.17 14:43:33	10,27	0,02	9,9	-13,9	-66,2
1295	01.08.17 14:43:34	10,31	0,05	10,0	-14,2	-65,8
1296	01.08.17 14:43:35	10,31	0,05	10,3	-16,2	-63,5
1297	01.08.17 14:43:36	10,31	0,05	11,5	-14,8	-63,8
1298	01.08.17 14:43:37	10,31	0,07	7,5	-15,0	-67,4
1299	01.08.17 14:43:38	10,31	0,05	13,1	-14,0	-62,8
1300	01.08.17 14:43:39	10,31	0,05	9,3	-15,5	-65,2
1301	01.08.17 14:43:40	10,31	0,05	12,1	-11,0	-67,0
1302	01.08.17 14:43:41	10,31	0,05	9,1	-9,6	-71,4
1303	01.08.17 14:43:42	10,31	0,05	11,2	-10,2	-68,6
1304	01.08.17 14:43:43	10,34	0,05	12,6	-6,7	-70,7
1305	01.08.17 14:43:44	10,34	0,07	6,9	-6,6	-76,4
1306	01.08.17 14:43:45	10,34	0,05	13,2	-8,2	-68,6
1307	01.08.17 14:43:46	10,34	0,05	12,5	-6,4	-71,2
1308	01.08.17 14:43:47	10,34	0,02	8,6	-10,5	-70,9
1309	01.08.17 14:43:48	10,34	0,02	10,3	-7,6	-72,1
1310	01.08.17 14:43:49	10,34	0,05	13,7	-12,6	-63,7
1311	01.08.17 14:43:50	10,37	0,05	9,4	-11,4	-69,2
1312	01.08.17 14:43:51	10,37	0,07	5,6	-15,1	-69,3
1313	01.08.17 14:43:52	10,37	0,07	16,6	-13,0	-60,4
1314	01.08.17 14:43:53	10,37	0,05	8,2	-12,0	-69,8
1315	01.08.17 14:43:54	10,37	0,05	9,7	-11,1	-69,2
1316	01.08.17 14:43:55	10,37	0,05	12,5	-9,5	-68,0
1317	01.08.17 14:43:56	10,41	0,05	12,2	-9,6	-68,2
1318	01.08.17 14:43:57	10,41	0,05	8,7	-8,3	-73,1
1319	01.08.17 14:43:58	10,41	0,05	12,5	-7,7	-69,8
1320	01.08.17 14:43:59	10,41	0,05	10,5	-9,3	-70,3
1321	01.08.17 14:44:00	10,41	0,05	12,7	-8,1	-69,2
1322	01.08.17 14:44:01	10,41	0,02	8,3	-8,6	-73,0
1323	01.08.17 14:44:02	10,41	0,05	12,5	-10,1	-67,4
1324	01.08.17 14:44:03	10,41	0,05	12,4	-9,3	-68,3
1325	01.08.17 14:44:04	10,44	0,02	7,6	-11,0	-71,3
1326	01.08.17 14:44:05	10,44	0,02	13,9	-11,6	-64,6
1327	01.08.17 14:44:06	10,44	0,02	10,8	-10,6	-68,7
1328	01.08.17 14:44:07	10,44	0,02	9,5	-11,0	-69,5
1329	01.08.17 14:44:08	10,44	0,02	11,3	-10,3	-68,4
1330	01.08.17 14:44:09	10,47	0,05	12,1	-10,5	-67,4
1331	01.08.17 14:44:10	10,47	0,02	10,6	-10,1	-69,3
1332	01.08.17 14:44:11	10,47	0,02	9,8	-11,1	-69,2
1333	01.08.17 14:44:12	10,47	0,02	11,8	-11,0	-67,2
1334	01.08.17 14:44:13	10,47	0,05	12,2	-10,7	-67,1
1335	01.08.17 14:44:14	10,47	0,02	8,5	-10,7	-70,7
1336	01.08.17 14:44:15	10,50	0,02	11,2	-10,6	-68,2
1337	01.08.17 14:44:16	10,50	0,02	12,5	-9,8	-67,7
1338	01.08.17 14:44:17	10,50	0,02	8,0	-10,8	-71,2
1339	01.08.17 14:44:18	10,50	0,02	11,9	-9,5	-68,5
1340	01.08.17 14:44:19	10,50	0,02	11,7	-9,1	-69,2
1341	01.08.17 14:44:20	10,54	0,02	11,3	-9,5	-69,2
1342	01.08.17 14:44:21	10,54	0,02	8,3	-9,4	-72,2
1343	01.08.17 14:44:22	10,54	0,02	13,8	-9,1	-67,1
1344	01.08.17 14:44:23	10,54	0,05	10,3	-9,2	-70,5
1345	01.08.17 14:44:24	10,54	0,02	10,9	-9,1	-70,0
1346	01.08.17 14:44:25	10,57	0,00	10,4	-9,5	-70,1
1347	01.08.17 14:44:26	10,57	0,02	11,2	-9,3	-69,6
1348	01.08.17 14:44:27	10,57	0,02	11,6	-9,3	-69,2
1349	01.08.17 14:44:28	10,57	0,02	9,8	-9,3	-71,0
1350	01.08.17 14:44:29	10,57	0,02	11,5	-9,2	-69,3
1351	01.08.17 14:44:30	10,60	0,05	10,7	-9,5	-69,8
1352	01.08.17 14:44:31	10,60	0,02	11,8	-10,8	-67,4
1353	01.08.17 14:44:32	10,60	0,05	9,5	-11,5	-69,0
1354	01.08.17 14:44:33	10,60	0,05	11,4	-9,7	-68,9
1355	01.08.17 14:44:34	10,60	0,05	10,9	-12,7	-66,3
1356	01.08.17 14:44:35	10,60	0,05	11,3	-11,2	-67,5
1357	01.08.17 14:44:36	10,63	0,10	9,2	-11,4	-69,4
1358	01.08.17 14:44:37	10,63	0,02	11,6	-10,9	-67,4
1359	01.08.17 14:44:38	10,63	0,05	11,2	-9,7	-69,2
1360	01.08.17 14:44:39	10,63	0,05	8,6	-11,2	-70,2
1361	01.08.17 14:44:40	10,63	0,02	13,0	-8,2	-68,7
1362	01.08.17 14:44:41	10,67	0,02	11,4	-11,0	-67,5
1363	01.08.17 14:44:42	10,67	0,02	8,6	-9,2	-72,2
1364	01.08.17 14:44:43	10,67	0,02	12,0	-9,4	-68,6
1365	01.08.17 14:44:44	10,67	0,05	13,9	-9,9	-66,3
1366	01.08.17 14:44:45	10,67	0,05	6,8	-10,2	-73,0
1367	01.08.17 14:44:46	10,67	0,02	-10,3	0,1	-79,6
1368	01.08.17 14:44:47	10,70	0,02	-7,1	-0,5	-82,4
1369	01.08.17 14:44:48	10,70	0,05	-14,2	-0,1	-75,7
1370	01.08.17 14:44:49	10,70	0,05	-7,1	2,4	-80,5
1371	01.08.17 14:44:50	10,70	0,05	-7,1	3,8	-79,2
1372	01.08.17 14:44:51	10,73	0,05	-12,0	0,8	-77,2
1373	01.08.17 14:44:52	10,73	0,02	-10,2	0,0	-79,8
1374	01.08.17 14:44:53	10,73	0,05	-5,7	-0,6	-83,6
1375	01.08.17 14:44:54	10,73	0,02	-12,0	-2,3	-75,7
1376	01.08.17 14:44:55	10,73	0,05	-10,7	-4,6	-74,7
1377	01.08.17 14:44:56	10,76	0,02	-7,0	-1,8	-81,2
1378	01.08.17 14:44:57	10,76	0,02	-8,0	-0,6	-81,3
1379	01.08.17 14:44:58	10,76	0,02	-14,9	-1,2	-73,9
1380	01.08.17 14:44:59	10,76	0,02	-11,6	-4,4	-74,0
1381	01.08.17 14:45:00	10,76	0,02	-2,7	-2,7	-84,6
1382	01.08.17 14:45:01	10,80	0,00	-12,6	-0,6	-76,8
1383	01.08.17 14:45:02	10,80	0,00	-17,2	-1,0	-71,9
1384	01.08.17 14:45:03	10,80	0,02	-9,6	-4,3	-76,1
1385	01.08.17 14:45:04	10,80	0,02	-2,8	-5,9	-81,3
1386	01.08.17 14:45:05	10,83	0,02	-13,8	-0,4	-75,8
1387	01.08.17 14:45:06	10,83	0,00	-18,0	-1,6	-70,4
1388	01.08.17 14:45:07	10,83	0,02	-6,1	-7,2	-76,7
1389	01.08.17 14:45:08	10,83	0,02	-5,0	-5,5	-79,5
1390	01.08.17 14:45:09	10,86	0,02	-16,0	-3,5	-70,5
1391	01.08.17 14:45:10	10,86	0,00	-13,9	-5,6	-70,5
1392	01.08.17 14:45:11	10,86	0,02	-5,2	-5,1	-79,7
1393	01.08.17 14:45:12	10,86	0,02	-10,2	-0,6	-79,3
1394	01.08.17 14:45:13	10,89	0,02	-14,5	-3,7	-71,8
1395	01.08.17 14:45:14	10,89	0,05	-10,7	-7,4	-71,9
1396	01.08.17 14:45:15	10,89	0,02	-7,9	-4,7	-77,3
1397	01.08.17 14:45:16	10,89	0,02	-11,2	-0,9	-77,9
1398	01.08.17 14:45:17	10,89	0,02	-12,7	-3,7	-73,6
1399	01.08.17 14:45:18	10,93	0,02	-10,1	-6,8	-73,1
1400	01.08.17 14:45:19	10,93	0,02	-9,6	-5,2	-75,2
1401	01.08.17 14:45:20	10,93	0,02	-10,8	-1,7	-77,6
1402	01.08.17 14:45:21	10,93	0,02	-11,4	-1,9	-76,8
1403	01.08.17 14:45:22	10,93	0,02	-11,0	-3,6	-75,4
1404	01.08.17 14:45:23	10,93	0,05	-10,0	-5,2	-74,8
1405	01.08.17 14:45:24	10,93	0,02	-10,4	-4,9	-74,7
1406	01.08.17 14:45:25	10,96	0,02	-10,9	-2,1	-77,0
1407	01.08.17 14:45:26	10,96	0,02	-10,2	-2,7	-77,1
1408	01.08.17 14:45:27	10,96	0,02	-11,1	-3,9	-75,0
1409	01.08.17 14:45:28	10,96	0,05	-10,8	-4,9	-74,3
1410	01.08.17 14:45:29	10,96	0,02	-9,8	-2,5	-77,6
1411	01.08.17 14:45:30	10,99	0,02	-11,0	-2,5	-76,5
1412	01.08.17 14:45:31	10,99	0,02	-11,4	-8,4	-70,2
1413	01.08.17 14:45:32	10,99	0,02	-9,8	-4,1	-76,1
1414	01.08.17 14:45:33	10,99	0,02	-10,1	-0,7	-79,2
1415	01.08.17 14:45:34	10,99	0,02	-11,7	-2,7	-75,6
1416	01.08.17 14:45:35	11,02	0,05	-10,8	-8,8	-70,4
1417	01.08.17 14:45:36	11,02	0,02	-10,0	-6,9	-73,2
1418	01.08.17 14:45:37	11,02	0,02	-11,3	-0,8	-77,8
1419	01.08.17 14:45:38	11,02	0,02	-10,4	-0,8	-78,8
1420	01.08.17 14:45:39	11,02	0,02	-10,2	-3,2	-76,7
1421	01.08.17 14:45:40	11,02	0,02	-11,2	-7,3	-71,5
1422	01.08.17 14:45:41	11,06	0,02	-11,0	-6,9	-72,2
1423	01.08.17 14:45:42	11,06	0,02	-10,0	-1,2	-78,8
1424	01.08.17 14:45:43	11,06	0,05	-10,0	1,4	-78,7
1425	01.08.17 14:45:44	11,06	0,02	-10,9	-3,7	-75,4
1426	01.08.17 14:45:45	11,06	0,02	-11,3	-6,9	-71,8
1427	01.08.17 14:45:46	11,09	0,02	-11,3	-6,9	-71,9
1428	01.08.17 14:45:47	11,09	0,02	-9,5	-3,3	-77,2
1429	01.08.17 14:45:48	11,09	0,02	-10,4	-0,1	-79,5
1430	01.08.17 14:45:49	11,09	0,00	-11,4	-1,3	-77,3
1431	01.08.17 14:45:50	11,09	0,02	-11,1	-5,8	-73,1
1432	01.08.17 14:45:51	11,12	0,00	-10,0	-6,6	-73,3
1433	01.08.17 14:45:52	11,12	0,00	-10,2	-4,5	-75,3
1434	01.08.17 14:45:53	11,12	0,02	-10,5	-1,4	-78,1
1435	01.08.17 14:45:54	11,12	0,02	-11,0	-0,5	-78,4
1436	01.08.17 14:45:55	11,12	0,00	-10,1	-5,2	-74,7
1437	01.08.17 14:45:56	11,12	0,02	-10,8	-7,2	-72,0
1438	01.08.17 14:45:57	11,15	0,02	-12,2	-3,3	-74,5
1439	01.08.17 14:45:58	11,15	0,02	-8,6	-1,4	-80,0
1440	01.08.17 14:45:59	11,15	0,02	-10,1	-2,9	-77,0
1441	01.08.17 14:46:00	11,15	0,00	-11,6	-6,6	-71,8
1442	01.08.17 14:46:01	11,15	0,00	-11,3	-4,4	-74,4
1443	01.08.17 14:46:02	11,18	0,02	-11,0	-2,3	-76,7
1444	01.08.17 14:46:03	11,18	0,02	-9,3	-2,4	-78,3
1445	01.08.17 14:46:04	11,18	0,02	-10,6	-3,5	-76,0
1446	01.08.17 14:46:05	11,18	0,05	-12,1	-2,7	-75,2
1447	01.08.17 14:46:06	11,18	0,02	-11,5	-3,8	-74,6
1448	01.08.17 14:46:07	11,18	0,02	-8,0	-7,1	-74,9
1449	01.08.17 14:46:08	11,22	0,05	-10,9	-3,5	-75,6
1450	01.08.17 14:46:09	11,22	0,02	-12,3	-0,7	-77,0
1451	01.08.17 14:46:10	11,22	0,02	-10,0	-3,5	-76,5
1452	01.08.17 14:46:11	11,22	0,02	-10,2	-4,6	-75,3
1453	01.08.17 14:46:12	11,22	0,02	-10,7	-3,3	-76,0
1454	01.08.17 14:46:13	11,25	0,02	-11,1	-5,7	-73,1
1455	01.08.17 14:46:14	11,25	0,02	-10,7	-4,5	-74,8
1456	01.08.17 14:46:15	11,25	0,00	-10,9	-2,3	-76,8
1457	01.08.17 14:46:16	11,25	0,02	-10,0	-3,6	-76,4
1458	01.08.17 14:46:17	11,25	0,02	-10,5	-4,9	-74,6
1459	01.08.17 14:46:18	11,25	0,00	-11,4	-4,0	-74,6
1460	01.08.17 14:46:19	11,28	0,02	-9,7	-3,7	-76,6
1461	01.08.17 14:46:20	11,28	0,02	-10,8	-2,3	-76,9
1462	01.08.17 14:46:21	11,28	0,02	-11,6	-1,6	-76,8
1463	01.08.17 14:46:22	11,28	0,02	-10,0	-5,7	-74,4
1464	01.08.17 14:46:23	11,28	0,02	-9,5	-7,4	-73,1
1465	01.08.17 14:46:24	11,31	0,02	-11,7	-4,5	-73,8
1466	01.08.17 14:46:25	11,31	0,00	-11,5	-0,5	-78,0
1467	01.08.17 14:46:26	11,31	0,00	-9,3	-2,1	-78,6
1468	01.08.17 14:46:27	11,31	0,02	-10,2	-5,0	-74,8
1469	01.08.17 14:46:28	11,31	0,02	-11,5	-6,6	-71,9
1470	01.08.17 14:46:29	11,31	0,00	-10,8	-4,5	-74,6
1471	01.08.17 14:46:30	11,35	0,00	-10,8	-0,4	-78,8
1472	01.08.17 14:46:31	11,35	0,00	-10,4	-1,4	-78,2
1473	01.08.17 14:46:32	11,35	0,00	-10,2	-5,1	-74,7
1474	01.08.17 14:46:33	11,35	0,00	-10,5	-7,6	-71,9
1475	01.08.17 14:46:34	11,35	0,02	-11,5	-5,1	-73,4
1476	01.08.17 14:46:35	11,35	0,00	-10,9	1,8	-77,3
1477	01.08.17 14:46:36	11,38	0,00	-8,9	-2,3	-78,8
1478	01.08.17 14:46:37	11,38	0,02	-10,0	-7,9	-72,1
1479	01.08.17 14:46:38	11,38	0,02	-13,0	-6,0	-71,0
1480	01.08.17 14:46:39	11,38	0,00	-10,3	-3,3	-76,4
1481	01.08.17 14:46:40	11,38	0,02	-7,5	-3,4	-79,0
1482	01.08.17 14:46:41	11,41	0,00	-12,9	-3,0	-74,2
1483	01.08.17 14:46:42	11,41	0,00	-12,6	-4,7	-72,7
1484	01.08.17 14:46:43	11,41	0,02	-6,9	-7,5	-75,5
1485	01.08.17 14:46:44	11,41	0,02	-10,1	-3,2	-76,7
1486	01.08.17 14:46:45	11,41	0,02	-14,8	0,5	-74,7
1487	01.08.17 14:46:46	11,41	0,02	-11,2	-2,4	-76,4
1488	01.08.17 14:46:47	11,41	0,02	-6,2	-8,4	-75,4
1489	01.08.17 14:46:48	11,44	0,05	-10,2	-8,8	-70,9
1490	01.08.17 14:46:49	11,44	0,02	-14,3	-1,7	-73,9
1491	01.08.17 14:46:50	11,44	0,05	-11,2	1,8	-77,0
1492	01.08.17 14:46:51	11,44	0,02	-7,9	-2,5	-79,5
1493	01.08.17 14:46:52	11,44	0,02	-9,9	-6,7	-73,4
1494	01.08.17 14:46:53	11,44	0,02	-12,7	-6,5	-70,8
1495	01.08.17 14:46:54	11,44	0,02	-11,6	-2,4	-76,0
1496	01.08.17 14:46:55	11,47	0,05	-8,4	-1,6	-80,0
1497	01.08.17 14:46:56	11,47	0,05	-10,1	-5,2	-74,7
1498	01.08.17 14:46:57	11,47	0,02	-11,9	-3,9	-74,2
1499	01.08.17 14:46:58	11,47	0,02	-11,5	-1,5	-76,9
1500	01.08.17 14:46:59	11,47	0,05	-8,9	-3,7	-77,4
1501	01.08.17 14:47:00	11,47	0,02	-10,4	-6,2	-73,4
1502	01.08.17 14:47:01	11,47	0,02	-11,4	-5,5	-73,0
1503	01.08.17 14:47:02	11,51	0,02	-9,8	-2,1	-78,1
1504	01.08.17 14:47:03	11,51	0,05	-11,0	-2,5	-76,5
1505	01.08.17 14:47:04	11,51	0,02	-11,0	-2,3	-76,7
1506	01.08.17 14:47:05	11,51	0,02	-9,9	-6,2	-73,9
1507	01.08.17 14:47:06	11,51	0,02	-11,0	-5,6	-73,4
1508	01.08.17 14:47:07	11,51	0,05	-10,7	-1,2	-78,1
1509	01.08.17 14:47:08	11,54	0,02	-9,7	-2,4	-78,0
1510	01.08.17 14:47:09	11,54	0,02	-11,2	-5,6	-73,2
1511	01.08.17 14:47:10	11,54	0,02	-10,9	-6,0	-73,1
1512	01.08.17 14:47:11	11,54	0,02	-10,1	-4,2	-75,6
1513	01.08.17 14:47:12	11,54	0,02	-9,4	-3,3	-77,3
1514	01.08.17 14:47:13	11,54	0,02	-11,3	-2,9	-75,9
1515	01.08.17 14:47:14	11,57	0,02	-12,2	-3,2	-74,6
1516	01.08.17 14:47:15	11,57	0,00	-9,8	-4,1	-76,0
1517	01.08.17 14:47:16	11,57	0,02	-9,0	-3,8	-77,2
1518	01.08.17 14:47:17	11,57	0,00	-11,5	-4,7	-73,8
1519	01.08.17 14:47:18	11,57	0,02	-11,8	-3,4	-74,9
1520	01.08.17 14:47:19	11,57	0,00	-9,0	-3,6	-77,3
1521	01.08.17 14:47:20	11,60	0,02	-9,8	-2,7	-77,5
1522	01.08.17 14:47:21	11,60	0,02	-11,9	-2,6	-75,5
1523	01.08.17 14:47:22	11,60	0,00	-10,3	-7,3	-72,4
1524	01.08.17 14:47:23	11,60	0,00	-10,5	-5,2	-74,3
1525	01.08.17 14:47:24	11,60	0,02	-10,1	-1,0	-78,9
1526	01.08.17 14:47:25	11,60	0,02	-10,7	-2,5	-76,8
1527	01.08.17 14:47:26	11,63	0,02	-11,4	-5,9	-72,7
1528	01.08.17 14:47:27	11,63	0,02	-10,0	-5,8	-74,2
1529	01.08.17 14:47:28	11,63	0,02	-10,5	-4,1	-75,5
1530	01.08.17 14:47:29	11,63	0,02	-10,0	-3,6	-76,4
1531	01.08.17 14:47:30	11,63	0,00	-11,0	-2,3	-76,6
1532	01.08.17 14:47:31	11,63	0,02	-11,8	-2,3	-75,9
1533	01.08.17 14:47:32	11,67	0,00	-10,0	-4,8	-75,2
1534	01.08.17 14:47:33	11,67	0,02	-9,1	-6,8	-74,1
1535	01.08.17 14:47:34	11,67	0,02	-11,3	-3,4	-75,3
1536	01.08.17 14:47:35	11,67	0,02	-12,2	-1,3	-76,5
1537	01.08.17 14:47:36	11,67	0,02	-10,6	-2,2	-77,2
1538	01.08.17 14:47:37	11,67	0,00	-8,5	-7,3	-74,3
1539	01.08.17 14:47:38	11,67	0,00	-11,2	-6,6	-72,3
1540	01.08.17 14:47:39	11,70	0,00	-12,1	-1,5	-76,5
1541	01.08.17 14:47:40	11,70	0,00	-9,8	-0,9	-79,4
1542	01.08.17 14:47:41	11,70	0,02	-10,5	-3,4	-76,1
1543	01.08.17 14:47:42	11,70	0,00	-10,8	-6,2	-73,1
1544	01.08.17 14:47:43	11,70	0,02	-9,9	-5,7	-74,4
1545	01.08.17 14:47:44	11,70	0,02	-11,3	-3,6	-75,1
1546	01.08.17 14:47:45	11,70	0,00	-10,9	-5,1	-73,9
1547	01.08.17 14:47:46	11,70	0,00	-9,2	-3,5	-77,4
1548	01.08.17 14:47:47	11,73	0,02	-10,4	-1,4	-78,2
1549	01.08.17 14:47:48	11,73	0,05	-12,2	-5,5	-72,3
1550	01.08.17 14:47:49	11,73	0,05	-11,4	-6,7	-71,8
1551	01.08.17 14:47:50	11,73	0,02	-8,0	-5,6	-76,4
1552	01.08.17 14:47:51	11,73	0,02	-9,1	-4,9	-76,1
1553	01.08.17 14:47:52	11,73	0,02	-13,3	-3,6	-73,1
1554	01.08.17 14:47:53	11,73	0,02	-12,0	-5,3	-72,7
1555	01.08.17 14:47:54	11,76	0,05	-8,5	-4,1	-77,4
1556	01.08.17 14:47:55	11,76	0,02	-9,9	-2,2	-77,9
1557	01.08.17 14:47:56	11,76	0,02	-11,4	-5,7	-72,9
1558	01.08.17 14:47:57	11,76	0,02	-12,0	-3,9	-74,0
1559	01.08.17 14:47:58	11,76	0,02	-10,8	-2,2	-77,0
1560	01.08.17 14:47:59	11,76	0,02	-8,3	-6,8	-74,8
1561	01.08.17 14:48:00	11,79	0,02	-9,5	-7,4	-73,2
1562	01.08.17 14:48:01	11,79	0,02	-13,8	-3,5	-72,7
1563	01.08.17 14:48:02	11,79	0,05	-11,1	-0,6	-78,3
1564	01.08.17 14:48:03	11,79	0,02	-7,1	-4,1	-78,8
1565	01.08.17 14:48:04	11,79	0,02	-10,9	-6,7	-72,4
1566	01.08.17 14:48:05	11,83	0,00	-12,7	-5,9	-71,4
1567	01.08.17 14:48:06	11,83	0,02	-10,2	-2,7	-77,0
1568	01.08.17 14:48:07	11,83	0,02	-9,6	-0,3	-80,1
1569	01.08.17 14:48:08	11,83	0,02	-9,9	-4,4	-75,8
1570	01.08.17 14:48:09	11,83	0,00	-11,7	-6,3	-72,0
1571	01.08.17 14:48:10	11,83	0,02	-11,8	-5,0	-73,3
1572	01.08.17 14:48:11	11,83	0,02	-8,6	-2,6	-78,8
1573	01.08.17 14:48:12	11,86	0,00	-9,9	-2,5	-77,7
1574	01.08.17 14:48:13	11,86	0,02	-12,2	-6,6	-71,2
1575	01.08.17 14:48:14	11,86	0,00	-11,6	-5,0	-73,4
1576	01.08.17 14:48:15	11,86	0,02	-8,5	-2,5	-79,0
1577	01.08.17 14:48:16	11,86	0,02	-9,6	-4,3	-76,1
1578	01.08.17 14:48:17	11,86	0,02	-12,4	-6,0	-71,5
1579	01.08.17 14:48:18	11,89	0,00	-11,1	-5,7	-73,2
1580	01.08.17 14:48:19	11,89	0,02	-9,2	-3,6	-77,3
1581	01.08.17 14:48:20	11,89	0,00	-10,6	-1,1	-78,3
1582	01.08.17 14:48:21	11,89	0,00	-11,3	-3,0	-75,7
1583	01.08.17 14:48:22	11,89	0,02	-10,2	-5,5	-74,3
1584	01.08.17 14:48:23	11,89	0,00	-10,5	-4,8	-74,7
1585	01.08.17 14:48:24	11,89	0,02	-10,6	-4,6	-74,8
1586	01.08.17 14:48:25	11,89	0,02	-9,2	-4,2	-76,6
1587	01.08.17 14:48:26	11,92	0,00	-11,9	-2,1	-76,0
1588	01.08.17 14:48:27	11,92	0,00	-12,3	-2,6	-75,1
1589	01.08.17 14:48:28	11,92	0,00	-7,9	-6,6	-75,5
1590	01.08.17 14:48:29	11,92	0,00	-10,0	-5,7	-74,3
1591	01.08.17 14:48:30	11,92	0,02	-12,7	-2,5	-74,8
1592	01.08.17 14:48:31	11,95	0,00	-10,8	-3,0	-76,2
1593	01.08.17 14:48:32	11,95	0,00	-9,0	-4,4	-76,6
1594	01.08.17 14:48:33	11,95	0,02	-10,8	-3,0	-76,2
1595	01.08.17 14:48:34	11,95	0,00	-11,6	-5,5	-72,9
1596	01.08.17 14:48:35	11,95	0,00	-10,6	-7,0	-72,4
1597	01.08.17 14:48:36	11,95	0,00	-9,8	-3,3	-76,9
1598	01.08.17 14:48:37	11,95	0,00	-10,0	-2,2	-77,8
1599	01.08.17 14:48:38	11,95	0,02	-10,4	-4,8	-74,8
1600	01.08.17 14:48:39	11,95	0,00	-11,6	-7,1	-71,2
1601	01.08.17 14:48:40	11,95	0,02	-10,3	-5,1	-74,6
1602	01.08.17 14:48:41	11,95	0,00	-9,0	-1,2	-79,7
1603	01.08.17 14:48:42	11,99	0,02	-10,8	-4,1	-75,1
1604	01.08.17 14:48:43	11,99	0,00	-10,4	-7,0	-72,6
1605	01.08.17 14:48:44	11,99	0,00	-11,1	-4,9	-73,9
1606	01.08.17 14:48:45	11,99	0,00	-10,3	-3,6	-76,2
1607	01.08.17 14:48:46	11,99	0,00	-8,6	-4,8	-76,6
1608	01.08.17 14:48:47	11,99	0,00	-11,1	-3,1	-75,8
1609	01.08.17 14:48:48	11,99	0,00	-12,8	-1,9	-75,3
1610	01.08.17 14:48:49	11,99	0,00	-8,5	-5,7	-75,8
1611	01.08.17 14:48:50	11,99	0,00	-9,2	-7,7	-73,1
1612	01.08.17 14:48:51	12,02	0,02	-12,2	-4,0	-73,8
1613	01.08.17 14:48:52	12,02	0,02	-11,3	-0,8	-77,9
1614	01.08.17 14:48:53	12,02	0,00	-8,0	-5,8	-76,1
1615	01.08.17 14:48:54	12,02	0,02	-10,5	-6,8	-72,8
1616	01.08.17 14:48:55	12,02	0,00	-12,3	-3,6	-74,1
1617	01.08.17 14:48:56	12,02	0,00	-9,4	-2,9	-77,7
1618	01.08.17 14:48:57	12,02	0,02	-9,3	-4,6	-76,1
1619	01.08.17 14:48:58	12,05	0,02	-12,1	-4,1	-73,8
1620	01.08.17 14:48:59	12,05	0,02	-9,5	-5,5	-75,0
1621	01.08.17 14:49:00	12,05	0,02	-10,2	-5,0	-74,8
1622	01.08.17 14:49:01	12,05	0,02	-11,7	-3,0	-75,3
1623	01.08.17 14:49:02	12,05	0,02	-9,4	-4,4	-76,2
1624	01.08.17 14:49:03	12,05	0,02	-9,9	-4,6	-75,5
1625	01.08.17 14:49:04	12,08	0,02	-12,0	-3,4	-74,6
1626	01.08.17 14:49:05	12,08	0,02	-10,3	-4,0	-75,7
1627	01.08.17 14:49:06	12,08	0,02	-8,5	-5,2	-76,3
1628	01.08.17 14:49:07	12,08	0,02	-11,5	-5,2	-73,3
1629	01.08.17 14:49:08	12,08	0,02	-12,1	-4,1	-73,8
1630	01.08.17 14:49:09	12,08	0,02	-9,0	-1,9	-79,2
1631	01.08.17 14:49:10	12,08	0,02	-8,6	-5,1	-76,3
1632	01.08.17 14:49:11	12,11	0,00	-11,7	-6,7	-71,7
1633	01.08.17 14:49:12	12,11	0,00	-12,6	-4,8	-72,5
1634	01.08.17 14:49:13	12,11	0,02	-9,5	-1,9	-78,6
1635	01.08.17 14:49:14	12,11	0,02	-6,9	-3,5	-79,6
1636	01.08.17 14:49:15	12,11	0,00	-12,2	-4,9	-72,9
1637	01.08.17 14:49:16	12,11	0,02	-13,4	-6,2	-70,4
1638	01.08.17 14:49:17	12,11	0,00	-8,7	-4,8	-76,5
1639	01.08.17 14:49:18	12,15	0,02	-7,8	-2,5	-79,7
1640	01.08.17 14:49:19	12,15	0,02	-12,2	-2,1	-75,7
1641	01.08.17 14:49:20	12,15	0,00	-12,4	-5,2	-72,4
1642	01.08.17 14:49:21	12,15	0,02	-8,8	-7,7	-73,5
1643	01.08.17 14:49:22	12,15	0,00	-9,1	-4,9	-76,0
1644	01.08.17 14:49:23	12,15	0,02	-13,2	0,8	-76,1
1645	01.08.17 14:49:24	12,15	0,02	-10,1	-1,9	-78,0
1646	01.08.17 14:49:25	12,15	0,02	-8,1	-8,7	-73,3
1647	01.08.17 14:49:26	12,15	0,02	-12,0	-7,2	-70,9
1648	01.08.17 14:49:27	12,18	0,00	-11,1	-2,8	-76,1
1649	01.08.17 14:49:28	12,18	0,00	-8,7	-3,6	-77,7
1650	01.08.17 14:49:29	12,18	0,02	-10,3	-5,0	-74,8
1651	01.08.17 14:49:30	12,18	0,00	-11,3	-5,2	-73,5
1652	01.08.17 14:49:31	12,18	0,02	-10,6	-4,4	-75,1
1653	01.08.17 14:49:32	12,18	0,02	-9,4	-4,5	-76,1
1654	01.08.17 14:49:33	12,18	0,02	-10,2	-4,1	-75,7
1655	01.08.17 14:49:34	12,18	0,02	-11,7	-2,6	-75,6
1656	01.08.17 14:49:35	12,21	0,02	-10,1	-2,5	-77,3
1657	01.08.17 14:49:36	12,21	0,00	-9,2	-7,2	-73,7
1658	01.08.17 14:49:37	12,21	0,02	-11,0	-6,2	-72,8
1659	01.08.17 14:49:38	12,21	0,00	-11,8	-1,0	-77,2
1660	01.08.17 14:49:39	12,21	0,00	-8,8	-3,9	-77,3
1661	01.08.17 14:49:40	12,21	0,02	-9,5	-7,2	-73,3
1662	01.08.17 14:49:41	12,21	0,02	-12,1	-6,2	-71,7
1663	01.08.17 14:49:42	12,24	0,00	-10,8	-1,9	-77,3
1664	01.08.17 14:49:43	12,24	0,00	-8,8	-2,4	-78,9
1665	01.08.17 14:49:44	12,24	0,00	-10,0	-5,6	-74,4
1666	01.08.17 14:49:45	12,24	0,02	-11,7	-5,8	-72,5
1667	01.08.17 14:49:46	12,24	0,00	-10,5	-4,8	-74,8
1668	01.08.17 14:49:47	12,24	0,00	-9,3	-2,6	-78,1
1669	01.08.17 14:49:48	12,24	0,00	-10,7	-2,8	-76,5
1670	01.08.17 14:49:49	12,27	0,02	-10,8	-4,2	-75,0
1671	01.08.17 14:49:50	12,27	0,00	-10,2	-6,0	-73,8
1672	01.08.17 14:49:51	12,27	0,00	-10,6	-5,7	-73,7
1673	01.08.17 14:49:52	12,27	0,00	-11,0	-3,4	-75,6
1674	01.08.17 14:49:53	12,27	0,00	-9,2	-1,6	-79,2
1675	01.08.17 14:49:54	12,27	0,00	-10,3	-3,8	-75,9
1676	01.08.17 14:49:55	12,27	0,00	-12,4	-5,6	-72,0
1677	01.08.17 14:49:56	12,27	0,00	-9,6	-6,2	-74,3
1678	01.08.17 14:49:57	12,30	0,02	-9,0	-3,6	-77,4
1679	01.08.17 14:49:58	12,30	0,02	-12,2	-2,3	-75,6
1680	01.08.17 14:49:59	12,30	0,02	-10,4	-6,2	-73,5
1681	01.08.17 14:50:00	12,30	0,02	-9,6	-4,8	-75,6
1682	01.08.17 14:50:01	12,30	0,02	-11,1	-3,2	-75,7
1683	01.08.17 14:50:02	12,30	0,02	-10,6	-4,9	-74,5
1684	01.08.17 14:50:03	12,30	0,02	-9,8	-4,7	-75,5
1685	01.08.17 14:50:04	12,34	0,02	-11,0	-3,3	-75,7
1686	01.08.17 14:50:05	12,34	0,02	-12,0	-3,6	-74,5
1687	01.08.17 14:50:06	12,34	0,02	-12,0	-6,4	-71,7
1688	01.08.17 14:50:07	12,34	0,02	-11,6	-6,2	-72,2
1689	01.08.17 14:50:08	12,34	0,02	-12,4	-1,5	-76,1
1690	01.08.17 14:50:09	12,34	0,05	-10,4	-3,8	-75,8
1691	01.08.17 14:50:10	12,34	0,05	-10,6	-9,8	-69,5
1692	01.08.17 14:50:11	12,34	0,02	-12,1	-9,2	-68,7
1693	01.08.17 14:50:12	12,34	0,05	-12,2	-2,6	-75,2
1694	01.08.17 14:50:13	12,34	0,05	-10,3	-1,7	-78,1
1695	01.08.17 14:50:14	12,37	0,02	-10,4	-5,0	-74,6
1696	01.08.17 14:50:15	12,37	0,02	-11,3	-8,0	-70,7
1697	01.08.17 14:50:16	12,37	0,05	-11,9	-4,5	-73,6
1698	01.08.17 14:50:17	12,37	0,02	-12,0	0,0	-78,0
1699	01.08.17 14:50:18	12,37	0,02	-11,1	-1,1	-77,7
1700	01.08.17 14:50:19	12,37	0,02	-9,5	-5,1	-75,4
1701	01.08.17 14:50:20	12,37	0,02	-11,1	-5,2	-73,7
1702	01.08.17 14:50:21	12,37	0,02	-12,0	-1,6	-76,4
1703	01.08.17 14:50:22	12,40	0,02	-10,8	-1,1	-78,1
1704	01.08.17 14:50:23	12,40	0,02	-11,3	-1,7	-77,1
1705	01.08.17 14:50:24	12,40	0,02	-11,4	0,7	-77,9
1706	01.08.17 14:50:25	12,40	0,00	-9,6	-3,8	-76,5
1707	01.08.17 14:50:26	12,40	0,02	-10,7	-4,1	-75,2
1708	01.08.17 14:50:27	12,40	0,00	-13,8	-16,2	-60,0
1709	01.08.17 14:50:28	12,40	0,02	-6,5	-82,0	-1,6
1710	01.08.17 14:50:29	12,40	0,02	-9,8	-66,4	-13,8
1711	01.08.17 14:50:30	12,43	0,00	-51,5	4,2	-34,2
1712	01.08.17 14:50:31	12,43	0,00	-50,4	0,7	-38,9
1713	01.08.17 14:50:32	12,43	0,02	-47,9	1,2	-40,9
1714	01.08.17 14:50:33	12,43	0,00	-56,9	-1,5	-31,6
1715	01.08.17 14:50:34	12,46	0,00	-54,6	-2,0	-33,4
1716	01.08.17 14:50:35	12,46	0,00	-57,5	-2,6	-29,9
1717	01.08.17 14:50:36	12,46	0,00	-50,6	-3,2	-36,2
1718	01.08.17 14:50:37	12,46	0,00	-55,1	-2,0	-32,9
1719	01.08.17 14:50:38	12,46	0,00	-55,2	0,1	-34,6
1720	01.08.17 14:50:39	12,49	0,00	-60,2	-2,5	-27,4
1721	01.08.17 14:50:40	12,49	0,00	-52,6	-0,4	-37,0
1722	01.08.17 14:50:41	12,49	0,00	-50,4	-1,1	-38,5
1723	01.08.17 14:50:42	12,53	0,00	-52,9	0,4	-36,7
1724	01.08.17 14:50:43	12,53	0,00	-59,5	3,3	-27,2
1725	01.08.17 14:50:44	12,53	0,00	-50,7	-5,9	-33,5
1726	01.08.17 14:50:45	12,56	0,00	-13,5	-48,9	-27,6
1727	01.08.17 14:50:46	12,56	0,00	-10,8	-47,4	-31,8
1728	01.08.17 14:50:47	12,56	0,00	-11,9	-44,5	-33,6
1729	01.08.17 14:50:48	12,56	0,00	-10,8	-44,7	-34,6
1730	01.08.17 14:50:49	12,56	0,00	-9,4	-47,8	-32,8
1731	01.08.17 14:50:50	12,56	0,00	-10,0	-49,0	-31,0
1732	01.08.17 14:50:51	12,56	0,00	-8,0	-51,4	-30,7
1733	01.08.17 14:50:52	12,56	0,00	-6,8	-52,1	-31,0
1734	01.08.17 14:50:53	12,59	0,02	-8,7	-50,8	-30,5
1735	01.08.17 14:50:54	12,59	0,05	-9,9	-47,9	-32,2
1736	01.08.17 14:50:55	12,59	0,00	-9,0	-49,2	-31,8
1737	01.08.17 14:50:56	12,59	0,02	-8,2	-50,1	-31,7
1738	01.08.17 14:50:57	12,59	0,02	-7,5	-52,1	-30,4
1739	01.08.17 14:50:58	12,59	0,02	-7,5	-52,5	-30,0
1740	01.08.17 14:50:59	12,59	0,02	-6,7	-53,0	-30,2
1741	01.08.17 14:51:00	12,59	0,02	-8,8	-50,4	-30,9
1742	01.08.17 14:51:01	12,59	0,05	-10,1	-48,1	-31,8
1743	01.08.17 14:51:02	12,59	0,02	-10,3	-46,0	-33,7
1744	01.08.17 14:51:03	12,59	0,02	-9,3	-47,7	-33,0
1745	01.08.17 14:51:04	12,62	0,02	-8,3	-49,7	-32,0
1746	01.08.17 14:51:05	12,62	0,05	-8,0	-51,7	-30,4
1747	01.08.17 14:51:06	12,62	0,02	-10,0	-48,5	-31,5
1748	01.08.17 14:51:07	12,62	0,00	-10,0	-48,0	-32,1
1749	01.08.17 14:51:08	12,62	0,02	-8,2	-48,6	-33,2
1750	01.08.17 14:51:09	12,62	0,05	-8,8	-49,2	-32,0
1751	01.08.17 14:51:10	12,62	0,05	-9,7	-49,0	-31,3
1752	01.08.17 14:51:11	12,62	0,02	-8,6	-50,1	-31,2
1753	01.08.17 14:51:12	12,62	0,02	-8,3	-50,3	-31,4
1754	01.08.17 14:51:13	12,65	0,02	-8,5	-50,5	-31,1
1755	01.08.17 14:51:14	12,65	0,02	-8,7	-49,8	-31,5
1756	01.08.17 14:51:15	12,65	0,00	-7,7	-51,1	-31,2
1757	01.08.17 14:51:16	12,65	0,02	-8,0	-51,1	-31,0
1758	01.08.17 14:51:17	12,65	0,02	-8,7	-51,2	-30,1
1759	01.08.17 14:51:18	12,65	0,02	-9,4	-48,6	-32,0
1760	01.08.17 14:51:19	12,65	0,02	-7,7	-49,9	-32,4
1761	01.08.17 14:51:20	12,65	0,02	-7,5	-51,6	-30,9
1762	01.08.17 14:51:21	12,65	0,00	-24,8	-12,0	-53,3
1763	01.08.17 14:51:22	12,68	0,02	-52,8	20,4	-16,7
1764	01.08.17 14:51:23	12,68	0,00	-49,3	21,1	-19,6
1765	01.08.17 14:51:24	12,68	0,02	-18,1	-66,8	5,1
1766	01.08.17 14:51:25	12,68	0,00	-55,5	-7,6	-26,9
1767	01.08.17 14:51:26	12,68	0,00	-54,5	-11,2	-24,3
1768	01.08.17 14:51:27	12,72	0,00	-56,5	-4,7	-28,9
1769	01.08.17 14:51:28	12,72	0,00	-49,8	-7,9	-32,3
1770	01.08.17 14:51:29	12,72	0,00	-57,8	-9,4	-22,8
1771	01.08.17 14:51:30	12,72	0,00	-64,4	-8,1	-17,5
1772	01.08.17 14:51:31	12,75	0,00	-65,8	3,7	-20,6
1773	01.08.17 14:51:32	12,75	0,00	-66,8	1,3	-21,9
1774	01.08.17 14:51:33	12,75	0,00	-62,4	1,5	-26,1
1775	01.08.17 14:51:34	12,78	0,00	-59,1	-8,4	-22,5
1776	01.08.17 14:51:35	12,78	0,00	-59,5	-8,7	-21,7
1777	01.08.17 14:51:36	12,78	0,00	-50,9	-10,5	-28,6
1778	01.08.17 14:51:37	12,78	0,00	-53,9	-9,4	-26,7
1779	01.08.17 14:51:38	12,78	0,00	-50,3	-13,9	-25,8
1780	01.08.17 14:51:39	12,78	0,00	-58,1	-6,4	-25,5
1781	01.08.17 14:51:40	12,78	0,00	-56,7	-3,3	-30,1
1782	01.08.17 14:51:41	12,81	0,00	-55,1	-6,8	-28,0
1783	01.08.17 14:51:42	12,81	0,00	-51,3	-12,4	-26,4
1784	01.08.17 14:51:43	12,81	0,00	-54,9	-8,4	-26,7
1785	01.08.17 14:51:44	12,81	0,00	-58,3	-3,9	-27,8
1786	01.08.17 14:51:45	12,81	0,00	-58,0	-3,5	-28,5
1787	01.08.17 14:51:46	12,81	0,00	-59,8	-1,9	-28,4
1788	01.08.17 14:51:47	12,81	0,00	-49,2	-10,2	-30,6
1789	01.08.17 14:51:48	12,84	0,00	-53,4	-7,3	-29,3
1790	01.08.17 14:51:49	12,84	0,00	-57,7	-5,1	-27,2
1791	01.08.17 14:51:50	12,84	0,00	-21,1	12,9	-55,9
1792	01.08.17 14:51:51	12,84	0,00	0,8	4,2	85,0
1793	01.08.17 14:51:52	12,84	0,00	-17,9	-60,9	-11,2
1794	01.08.17 14:51:53	12,84	0,00	-4,9	-84,8	0,3
1795	01.08.17 14:51:54	12,84	0,00	-5,3	-82,6	2,1
1796	01.08.17 14:51:55	12,87	0,05	-7,0	-79,3	3,6
1797	01.08.17 14:51:56	12,87	0,02	-7,6	-79,7	2,7
1798	01.08.17 14:51:57	12,87	0,02	-6,9	-78,8	4,3
1799	01.08.17 14:51:58	12,87	0,02	-7,5	-77,9	4,7
1800	01.08.17 14:51:59	12,87	0,00	-7,6	-79,0	3,4
1801	01.08.17 14:52:00	12,87	0,02	-7,5	-77,2	5,3
1802	01.08.17 14:52:01	12,87	0,02	-9,3	-73,6	7,1
1803	01.08.17 14:52:02	12,87	0,00	-8,8	-77,7	3,5
1804	01.08.17 14:52:03	12,87	0,02	-6,1	-83,9	-0,1
1805	01.08.17 14:52:04	12,90	0,02	-4,0	-84,3	1,7
1806	01.08.17 14:52:05	12,90	0,00	-6,7	-75,5	7,9
1807	01.08.17 14:52:06	12,90	0,02	-11,1	-69,9	9,0
1808	01.08.17 14:52:07	12,90	0,02	-9,3	-78,5	2,1
1809	01.08.17 14:52:08	12,90	0,00	-5,5	-83,7	-0,8
1810	01.08.17 14:52:09	12,90	0,05	-4,7	-84,1	1,2
1811	01.08.17 14:52:10	12,90	0,02	-5,0	-81,6	3,4
1812	01.08.17 14:52:11	12,90	0,02	-7,7	-76,1	6,2
1813	01.08.17 14:52:12	12,90	0,02	-9,7	-73,0	7,3
1814	01.08.17 14:52:13	12,94	0,02	-9,0	-75,6	5,4
1815	01.08.17 14:52:14	12,94	0,00	-7,7	-82,0	-0,3
1816	01.08.17 14:52:15	12,94	0,02	-3,8	-83,8	-2,4
1817	01.08.17 14:52:16	12,94	0,02	-3,6	-83,7	2,7
1818	01.08.17 14:52:17	12,94	0,00	-7,5	-74,8	7,6
1819	01.08.17 14:52:18	12,94	0,02	-10,6	-70,2	9,1
1820	01.08.17 14:52:19	12,94	0,02	-10,2	-75,7	4,1
1821	01.08.17 14:52:20	12,94	0,02	-7,8	-80,9	1,3
1822	01.08.17 14:52:21	12,97	0,00	-4,0	-84,7	1,3
1823	01.08.17 14:52:22	12,97	0,02	-5,6	-79,9	4,5
1824	01.08.17 14:52:23	12,97	0,02	-8,7	-75,1	6,2
1825	01.08.17 14:52:24	12,97	0,00	-8,0	-77,1	4,9
1826	01.08.17 14:52:25	12,97	0,02	-8,5	-77,8	3,7
1827	01.08.17 14:52:26	12,97	0,00	-6,5	-79,7	3,7
1828	01.08.17 14:52:27	12,97	0,00	-5,6	-83,4	0,9
1829	01.08.17 14:52:28	12,97	0,02	-5,6	-83,2	1,1
1830	01.08.17 14:52:29	12,97	0,02	-5,5	-81,1	3,4
1831	01.08.17 14:52:30	12,97	0,00	-7,2	-78,3	4,5
1832	01.08.17 14:52:31	12,97	0,00	-7,5	-78,5	4,0
1833	01.08.17 14:52:32	12,97	0,02	-8,1	-78,1	3,8
1834	01.08.17 14:52:33	12,97	0,02	-5,9	-81,9	2,2
1835	01.08.17 14:52:34	12,97	0,00	-5,2	-80,5	4,2
1836	01.08.17 14:52:35	13,00	0,02	-9,9	-72,0	8,1
1837	01.08.17 14:52:36	13,00	0,02	-8,7	-77,2	4,1
1838	01.08.17 14:52:37	13,00	0,00	-7,5	-81,2	1,3
1839	01.08.17 14:52:38	13,00	0,02	-2,9	-86,2	0,9
1840	01.08.17 14:52:39	13,00	0,02	-6,0	-77,9	6,2
1841	01.08.17 14:52:40	13,00	0,00	-8,3	-75,3	6,4
1842	01.08.17 14:52:41	13,00	0,00	-9,5	-75,2	5,3
1843	01.08.17 14:52:42	13,03	0,02	-7,8	-79,4	2,8
1844	01.08.17 14:52:43	13,03	0,00	-6,0	-81,8	2,2
1845	01.08.17 14:52:44	13,03	0,00	-6,1	-80,8	3,1
1846	01.08.17 14:52:45	13,03	0,00	-7,4	-78,0	4,6
1847	01.08.17 14:52:46	13,03	0,02	-9,1	-73,5	7,4
1848	01.08.17 14:52:47	13,03	0,02	-8,4	-77,6	4,0
1849	01.08.17 14:52:48	13,03	0,02	-7,9	-74,9	-7,2
1850	01.08.17 14:52:49	13,03	0,02	-2,0	-82,9	5,1
1851	01.08.17 14:52:50	13,06	0,02	-4,6	-81,5	3,9
1852	01.08.17 14:52:51	13,06	0,00	-5,3	-80,3	4,3
1853	01.08.17 14:52:52	13,06	0,02	-6,1	-76,0	8,0
1854	01.08.17 14:52:53	13,06	0,00	-6,5	-76,3	7,2
1855	01.08.17 14:52:54	13,06	0,02	-6,3	-73,5	10,3
1856	01.08.17 14:52:55	13,06	0,00	-5,8	-77,2	7,0
1857	01.08.17 14:52:56	13,09	0,00	-5,1	-77,8	7,1
1858	01.08.17 14:52:57	13,09	0,02	-6,5	-79,2	4,3
1859	01.08.17 14:52:58	13,09	0,02	-7,3	-78,4	4,3
1860	01.08.17 14:52:59	13,09	0,00	-4,5	-78,3	7,2
1861	01.08.17 14:53:00	13,09	0,00	-4,5	-71,5	14,0
1862	01.08.17 14:53:01	13,09	0,00	-9,8	-74,7	-5,5
1863	01.08.17 14:53:02	13,12	0,00	25,5	-7,8	56,7
1864	01.08.17 14:53:03	13,12	0,00	2,3	-2,6	85,1
1865	01.08.17 14:53:04	13,12	0,00	2,5	45,6	41,9
1866	01.08.17 14:53:05	13,12	0,00	63,7	1,2	25,1
1867	01.08.17 14:53:06	13,12	0,00	84,1	-0,5	5,4
1868	01.08.17 14:53:07	13,16	0,56	35,5	38,4	16,0
1869	01.08.17 14:53:08	13,16	0,59	68,5	4,8	16,6
1870	01.08.17 14:53:09	13,16	0,61	-9,3	-71,5	-9,2
1871	01.08.17 14:53:10	13,19	0,61	3,9	-84,7	-1,4
1872	01.08.17 14:53:11	13,19	0,59	-7,8	-69,7	-12,6
1873	01.08.17 14:53:12	13,25	0,57	27,5	4,8	-57,7
1874	01.08.17 14:53:13	13,41	0,49	76,7	8,1	-5,2
1875	01.08.17 14:53:14	13,62	0,42	33,9	39,9	-16,1
1876	01.08.17 14:53:15	13,84	0,40	31,6	14,1	-44,3
1877	01.08.17 14:53:16	14,09	0,42	4,3	25,5	-60,3
1878	01.08.17 14:53:17	14,34	0,42	-65,8	14,3	-9,8
1879	01.08.17 14:53:18	14,62	0,42	-39,5	-23,3	27,2
1880	01.08.17 14:53:19	14,89	0,33	-26,9	50,9	-12,2
1881	01.08.17 14:53:20	15,14	0,33	29,8	3,4	56,8
1882	01.08.17 14:53:21	15,41	0,26	81,2	-4,4	-4,4
1883	01.08.17 14:53:22	15,69	0,24	55,4	6,0	28,6
1884	01.08.17 14:53:23	15,93	0,26	-16,4	30,9	-42,8
1885	01.08.17 14:53:24	16,11	0,24	-59,7	-13,4	17,0
1886	01.08.17 14:53:25	16,29	0,21	-29,9	-59,0	-1,0
1887	01.08.17 14:53:26	16,47	0,24	-39,4	-39,5	11,2
1888	01.08.17 14:53:27	16,69	0,26	-44,1	-35,3	10,5
1889	01.08.17 14:53:28	16,87	0,26	-53,8	-31,5	4,7
1890	01.08.17 14:53:29	16,99	0,26	-69,0	-14,1	6,9
