#0	Date-time:	02/08/2017 7:45:41 PM
#1	Recorder:	6H0890
#2	File type:	1
#3	Columns:	7
#4	Channels:	5
#5	Field separation:	0
#6	Decimal point:	0
#7	Date def.:	0	0
#8	Time def.:	0
#9	Channel 1:	Temperature(°C)	Temp(°C)	2	1
#10	Channel 2:	Pressure(Bar)	Press(Bar)	2	1
#11	Reconvertion:	0
#14	Channel 3:	Tilt-X(°)	Tilt-X(°)	1	1
#18	Channel 4:	Tilt-Y(°)	Tilt-Y(°)	1	1
#19	Line color:	1	2	3	4
#22	Channel 5:	Tilt-Z(°)	Tilt-Z(°)	1	1
#30	Trend Type Number:	3
#33	No Temp. Corr. OTCR:	1
1	02.08.17 19:17:00	22,48	0,02	43,5	-7,5	39,0
2	02.08.17 19:17:01	22,36	0,00	28,6	11,6	49,8
3	02.08.17 19:17:02	22,24	0,00	21,6	-27,7	40,7
4	02.08.17 19:17:03	22,13	0,00	0,0	-63,5	26,5
5	02.08.17 19:17:04	22,07	0,00	48,3	-0,2	41,5
6	02.08.17 19:17:05	22,07	0,00	38,0	0,4	51,6
7	02.08.17 19:17:06	21,98	0,00	20,8	-28,3	40,9
8	02.08.17 19:17:07	21,86	0,00	32,8	-3,6	53,5
9	02.08.17 19:17:08	21,81	0,00	30,2	-26,2	33,7
10	02.08.17 19:17:09	21,69	0,00	21,4	-27,0	41,5
11	02.08.17 19:17:10	21,63	0,00	21,3	-12,3	56,3
12	02.08.17 19:17:11	21,54	0,00	43,0	-40,2	-6,8
13	02.08.17 19:17:12	21,45	0,00	28,4	-12,2	49,4
14	02.08.17 19:17:13	21,43	0,00	11,0	32,9	46,1
15	02.08.17 19:17:14	21,37	0,00	28,2	11,5	50,4
16	02.08.17 19:17:15	21,34	0,00	17,1	-26,3	46,6
17	02.08.17 19:17:16	21,22	0,00	16,4	9,5	64,1
18	02.08.17 19:17:17	21,16	0,00	22,7	-13,0	54,3
19	02.08.17 19:17:18	21,16	0,00	22,5	-8,7	58,8
20	02.08.17 19:17:19	21,19	0,00	26,3	-9,6	54,1
21	02.08.17 19:17:20	21,16	0,00	19,0	-18,5	52,6
22	02.08.17 19:17:21	21,10	0,00	38,2	-9,4	42,3
23	02.08.17 19:17:22	21,04	0,00	39,8	-12,6	37,7
24	02.08.17 19:17:23	21,07	0,00	35,1	-12,2	42,7
25	02.08.17 19:17:24	21,13	0,00	35,6	-15,0	39,4
26	02.08.17 19:17:25	21,07	0,00	37,1	-10,3	42,6
27	02.08.17 19:17:26	21,01	0,00	16,5	-18,2	55,3
28	02.08.17 19:17:27	21,01	0,00	29,2	6,0	54,9
29	02.08.17 19:17:28	20,96	0,00	19,9	-18,1	52,0
30	02.08.17 19:17:29	20,90	0,00	22,8	7,7	59,5
31	02.08.17 19:17:30	20,90	0,00	25,0	3,9	61,1
32	02.08.17 19:17:31	20,90	0,00	19,9	12,6	57,5
33	02.08.17 19:17:32	20,96	0,00	25,1	11,7	53,2
34	02.08.17 19:17:33	21,01	0,00	48,9	10,6	30,5
35	02.08.17 19:17:34	21,07	0,00	39,0	22,1	28,9
36	02.08.17 19:17:35	21,01	0,00	40,2	13,1	36,7
37	02.08.17 19:17:36	21,01	0,00	32,0	22,5	35,5
38	02.08.17 19:17:37	21,04	0,00	27,8	26,0	36,2
39	02.08.17 19:17:38	21,10	0,00	33,4	33,5	23,2
40	02.08.17 19:17:39	21,13	0,00	59,8	-6,2	24,0
41	02.08.17 19:17:40	21,16	0,00	38,9	17,6	33,4
42	02.08.17 19:17:41	21,19	0,00	31,5	19,9	38,6
43	02.08.17 19:17:42	21,22	0,00	33,3	6,9	49,8
44	02.08.17 19:17:43	21,25	0,00	28,4	8,0	53,7
45	02.08.17 19:17:44	21,28	0,00	33,5	9,5	47,1
46	02.08.17 19:17:45	21,31	0,00	33,9	21,1	35,0
47	02.08.17 19:17:46	21,37	0,00	29,9	40,5	19,6
48	02.08.17 19:17:47	21,40	0,00	36,6	48,2	5,2
49	02.08.17 19:17:48	21,43	0,00	44,1	38,8	7,1
50	02.08.17 19:17:49	21,43	0,00	47,8	39,8	2,4
51	02.08.17 19:17:50	21,45	0,00	43,9	44,9	1,1
52	02.08.17 19:17:51	21,43	0,00	31,7	48,8	9,5
53	02.08.17 19:17:52	21,37	0,00	27,7	31,6	30,7
54	02.08.17 19:17:53	21,22	0,00	38,5	17,6	33,9
55	02.08.17 19:17:54	21,16	0,00	39,1	18,1	32,8
56	02.08.17 19:17:55	21,10	0,00	42,6	10,3	37,1
57	02.08.17 19:17:56	20,99	0,00	30,0	10,4	49,6
58	02.08.17 19:17:57	20,96	0,00	36,3	5,8	47,9
59	02.08.17 19:17:58	20,93	0,00	25,6	8,2	56,2
60	02.08.17 19:17:59	20,81	0,00	27,7	4,7	57,5
61	02.08.17 19:18:00	20,66	0,00	24,7	1,8	63,4
62	02.08.17 19:18:01	20,57	0,00	28,1	-4,4	57,5
63	02.08.17 19:18:02	20,57	0,00	22,2	6,2	61,6
64	02.08.17 19:18:03	20,54	0,00	20,2	5,6	64,2
65	02.08.17 19:18:04	20,52	0,00	36,4	-9,0	44,7
66	02.08.17 19:18:05	20,54	0,00	31,5	2,4	56,1
67	02.08.17 19:18:06	20,49	0,00	39,9	0,7	49,3
68	02.08.17 19:18:07	20,37	0,00	41,1	1,0	47,9
69	02.08.17 19:18:08	20,31	0,02	37,7	2,5	49,8
70	02.08.17 19:18:09	20,25	0,00	28,4	8,4	53,2
71	02.08.17 19:18:10	20,22	0,02	24,9	15,2	49,9
72	02.08.17 19:18:11	20,13	0,02	35,5	5,2	49,3
73	02.08.17 19:18:12	20,10	0,02	30,1	17,9	42,0
74	02.08.17 19:18:13	20,07	0,04	47,2	6,9	35,9
75	02.08.17 19:18:14	20,07	0,04	40,0	10,8	39,3
76	02.08.17 19:18:15	20,07	0,04	33,2	8,5	48,3
77	02.08.17 19:18:16	20,04	0,04	40,4	2,5	47,1
78	02.08.17 19:18:17	19,99	0,07	41,9	3,0	45,1
79	02.08.17 19:18:18	19,99	0,02	27,5	3,2	59,3
80	02.08.17 19:18:19	19,96	0,04	36,9	-4,7	48,4
81	02.08.17 19:18:20	19,90	0,07	30,5	8,6	51,0
82	02.08.17 19:18:21	19,90	0,04	31,4	5,4	53,2
83	02.08.17 19:18:22	19,87	0,04	28,9	12,2	48,9
84	02.08.17 19:18:23	19,84	0,09	35,7	4,8	49,5
85	02.08.17 19:18:24	19,78	0,07	33,5	10,4	46,2
86	02.08.17 19:18:25	19,81	0,09	32,0	10,0	48,0
87	02.08.17 19:18:26	19,78	0,09	30,6	8,7	50,7
88	02.08.17 19:18:27	19,78	0,11	37,1	6,4	46,5
89	02.08.17 19:18:28	19,78	0,11	31,3	11,9	46,9
90	02.08.17 19:18:29	19,75	0,14	37,1	5,9	47,0
91	02.08.17 19:18:30	19,75	0,14	30,7	6,6	52,8
92	02.08.17 19:18:31	19,72	0,18	50,1	2,0	38,0
93	02.08.17 19:18:32	19,69	0,18	58,5	3,3	28,2
94	02.08.17 19:18:33	19,69	0,18	56,8	-1,6	31,6
95	02.08.17 19:18:34	19,69	0,21	52,4	11,0	26,6
96	02.08.17 19:18:35	19,66	0,25	58,8	14,1	17,1
97	02.08.17 19:18:36	19,66	0,32	59,9	12,1	17,9
98	02.08.17 19:18:37	19,48	0,32	57,1	12,2	20,7
99	02.08.17 19:18:38	19,36	0,32	57,4	14,2	18,4
100	02.08.17 19:18:39	19,22	0,41	60,0	16,4	13,6
101	02.08.17 19:18:40	19,07	0,44	63,3	13,1	13,6
102	02.08.17 19:18:41	18,92	0,44	61,3	13,3	15,3
103	02.08.17 19:18:42	18,86	0,44	60,4	14,1	15,5
104	02.08.17 19:18:43	18,74	0,46	60,3	15,2	14,4
105	02.08.17 19:18:44	18,65	0,51	61,7	14,8	13,5
106	02.08.17 19:18:45	18,56	0,53	62,4	15,1	12,4
107	02.08.17 19:18:46	18,50	0,55	62,0	14,3	13,6
108	02.08.17 19:18:47	18,47	0,55	61,3	13,9	14,8
109	02.08.17 19:18:48	18,44	0,57	61,4	16,2	12,4
110	02.08.17 19:18:49	18,41	0,64	61,9	17,6	10,5
111	02.08.17 19:18:50	18,38	0,63	63,1	14,9	12,0
112	02.08.17 19:18:51	18,33	0,65	62,5	13,3	14,1
113	02.08.17 19:18:52	18,24	0,67	60,2	18,3	11,5
114	02.08.17 19:18:53	18,24	0,74	60,8	19,6	9,5
115	02.08.17 19:18:54	18,18	0,76	61,3	16,6	12,1
116	02.08.17 19:18:55	18,12	0,80	61,1	17,5	11,4
117	02.08.17 19:18:56	18,00	0,84	62,0	18,9	9,1
118	02.08.17 19:18:57	17,91	0,88	62,2	20,0	7,8
119	02.08.17 19:18:58	17,88	0,88	62,4	19,5	8,1
120	02.08.17 19:18:59	17,82	0,92	62,4	17,4	10,2
121	02.08.17 19:19:00	17,82	0,94	61,7	19,0	9,3
122	02.08.17 19:19:01	17,79	0,99	61,4	21,4	7,2
123	02.08.17 19:19:02	17,70	1,02	63,4	19,6	7,0
124	02.08.17 19:19:03	17,64	1,07	62,8	18,3	9,0
125	02.08.17 19:19:04	17,67	1,09	61,9	20,6	7,5
126	02.08.17 19:19:05	17,67	1,09	62,9	20,1	7,0
127	02.08.17 19:19:06	17,67	1,14	62,8	19,1	8,2
128	02.08.17 19:19:07	17,67	1,19	61,8	19,2	9,0
129	02.08.17 19:19:08	17,67	1,21	61,8	19,1	9,1
130	02.08.17 19:19:09	17,64	1,23	61,4	18,2	10,4
131	02.08.17 19:19:10	17,58	1,32	60,6	18,3	11,1
132	02.08.17 19:19:11	17,37	1,35	61,5	17,4	11,1
133	02.08.17 19:19:12	17,22	1,45	60,7	17,0	12,3
134	02.08.17 19:19:13	16,98	1,50	60,1	19,2	10,6
135	02.08.17 19:19:14	16,71	1,55	61,9	18,5	9,5
136	02.08.17 19:19:15	16,61	1,59	61,9	16,6	11,6
137	02.08.17 19:19:16	16,52	1,59	59,7	17,4	12,9
138	02.08.17 19:19:17	16,40	1,72	58,5	19,8	11,7
139	02.08.17 19:19:18	16,10	1,74	59,7	19,2	11,1
140	02.08.17 19:19:19	15,98	1,76	59,6	17,9	12,5
141	02.08.17 19:19:20	15,98	1,76	58,4	20,3	11,3
142	02.08.17 19:19:21	15,98	1,78	59,7	20,8	9,5
143	02.08.17 19:19:22	15,89	1,84	61,9	15,6	12,5
144	02.08.17 19:19:23	15,89	1,86	60,5	15,4	14,1
145	02.08.17 19:19:24	15,70	2,01	59,2	22,3	8,4
146	02.08.17 19:19:25	15,21	2,07	62,7	18,1	9,1
147	02.08.17 19:19:26	15,03	2,06	64,2	11,1	14,7
148	02.08.17 19:19:27	15,06	2,20	56,8	18,0	15,1
149	02.08.17 19:19:28	14,75	2,15	58,6	23,2	8,2
150	02.08.17 19:19:29	14,32	2,23	63,8	17,4	8,8
151	02.08.17 19:19:30	14,07	2,28	64,4	11,0	14,6
152	02.08.17 19:19:31	13,98	2,28	57,1	16,4	16,5
153	02.08.17 19:19:32	13,79	2,36	58,1	21,6	10,3
154	02.08.17 19:19:33	13,48	2,40	62,1	18,2	9,7
155	02.08.17 19:19:34	13,29	2,36	62,3	13,1	14,5
156	02.08.17 19:19:35	13,23	2,41	56,6	16,0	17,4
157	02.08.17 19:19:36	12,91	2,54	56,7	13,0	20,3
158	02.08.17 19:19:37	12,34	2,62	54,8	18,8	16,4
159	02.08.17 19:19:38	11,93	2,63	56,3	18,2	15,5
160	02.08.17 19:19:39	11,77	2,64	58,8	12,9	18,3
161	02.08.17 19:19:40	11,48	2,64	56,4	16,1	17,5
162	02.08.17 19:19:41	11,09	2,68	57,1	19,8	13,1
163	02.08.17 19:19:42	11,00	2,68	59,3	16,7	13,9
164	02.08.17 19:19:43	10,90	2,72	59,4	13,4	17,2
165	02.08.17 19:19:44	10,57	2,85	57,1	17,8	15,1
166	02.08.17 19:19:45	10,28	2,78	58,4	19,6	12,0
167	02.08.17 19:19:46	10,21	2,80	59,5	17,3	13,2
168	02.08.17 19:19:47	10,15	2,84	59,7	13,0	17,3
169	02.08.17 19:19:48	10,02	2,97	58,5	12,4	19,2
170	02.08.17 19:19:49	9,82	2,89	58,8	12,2	19,0
171	02.08.17 19:19:50	9,62	2,90	59,5	10,4	20,1
172	02.08.17 19:19:51	9,49	2,91	59,8	9,9	20,3
173	02.08.17 19:19:52	9,45	2,91	60,1	11,1	18,8
174	02.08.17 19:19:53	9,39	2,88	60,6	9,2	20,1
175	02.08.17 19:19:54	9,35	2,88	59,6	8,3	22,1
176	02.08.17 19:19:55	9,39	2,90	58,2	12,7	19,2
177	02.08.17 19:19:56	9,25	2,96	59,7	12,1	18,2
178	02.08.17 19:19:57	9,15	2,93	59,9	8,2	21,9
179	02.08.17 19:19:58	9,15	2,93	59,4	7,6	23,0
180	02.08.17 19:19:59	9,15	2,93	59,8	10,9	19,3
181	02.08.17 19:20:00	9,12	2,93	59,7	11,1	19,2
182	02.08.17 19:20:01	9,08	2,95	58,9	7,5	23,6
183	02.08.17 19:20:02	9,08	2,92	57,6	3,5	28,9
184	02.08.17 19:20:03	9,08	2,90	64,6	1,7	23,6
185	02.08.17 19:20:04	9,08	2,90	68,6	-6,2	15,2
186	02.08.17 19:20:05	9,08	2,83	51,8	-8,7	29,5
187	02.08.17 19:20:06	9,08	2,79	36,6	2,7	50,7
188	02.08.17 19:20:07	9,12	2,81	39,2	0,9	49,9
189	02.08.17 19:20:08	8,82	2,83	47,8	-2,5	39,7
190	02.08.17 19:20:09	8,68	2,68	28,3	-11,1	50,6
191	02.08.17 19:20:10	8,61	2,66	36,2	-15,3	38,5
192	02.08.17 19:20:11	8,55	2,65	33,6	-7,1	49,3
193	02.08.17 19:20:12	8,41	2,57	34,8	-7,4	47,9
194	02.08.17 19:20:13	8,21	2,49	44,0	-1,0	45,1
195	02.08.17 19:20:14	8,07	2,43	31,8	-7,6	50,6
196	02.08.17 19:20:15	8,07	2,31	31,7	-5,8	52,5
197	02.08.17 19:20:16	8,07	2,22	30,6	-4,3	55,1
198	02.08.17 19:20:17	8,10	2,11	29,0	-3,2	57,8
199	02.08.17 19:20:18	8,21	2,02	27,4	-5,2	57,4
200	02.08.17 19:20:19	8,31	1,96	25,8	-7,1	57,1
201	02.08.17 19:20:20	8,41	1,87	25,8	-7,9	56,4
202	02.08.17 19:20:21	8,51	1,81	25,8	-8,2	55,9
203	02.08.17 19:20:22	8,58	1,75	25,7	-7,9	56,4
204	02.08.17 19:20:23	8,61	1,68	30,3	-3,6	56,2
205	02.08.17 19:20:24	8,75	1,62	24,0	-10,4	55,6
206	02.08.17 19:20:25	8,85	1,54	19,3	-11,8	58,9
207	02.08.17 19:20:26	9,12	1,42	16,6	-8,6	64,8
208	02.08.17 19:20:27	9,45	1,30	16,2	-5,5	68,3
209	02.08.17 19:20:28	9,75	1,26	19,2	-2,0	68,8
210	02.08.17 19:20:29	10,08	1,19	22,0	0,5	67,5
211	02.08.17 19:20:30	10,41	1,17	21,7	2,5	65,9
212	02.08.17 19:20:31	10,67	1,12	22,7	5,1	62,2
213	02.08.17 19:20:32	10,83	1,09	22,9	6,5	60,6
214	02.08.17 19:20:33	10,93	1,09	23,6	7,7	58,7
215	02.08.17 19:20:34	11,09	1,06	24,9	7,6	57,5
216	02.08.17 19:20:35	11,26	1,02	25,0	7,7	57,3
217	02.08.17 19:20:36	11,35	1,01	26,3	5,7	57,9
218	02.08.17 19:20:37	11,45	0,97	23,5	6,8	59,7
219	02.08.17 19:20:38	11,55	0,95	23,3	5,5	61,2
220	02.08.17 19:20:39	11,64	0,94	23,0	4,7	62,2
221	02.08.17 19:20:40	11,71	0,94	24,5	2,9	62,6
222	02.08.17 19:20:41	11,77	0,90	25,8	0,6	63,5
223	02.08.17 19:20:42	11,83	0,86	19,7	-4,1	66,2
224	02.08.17 19:20:43	11,96	0,85	15,3	-5,6	69,1
225	02.08.17 19:20:44	12,06	0,81	10,5	-8,1	71,5
226	02.08.17 19:20:45	12,22	0,77	12,3	-8,0	69,7
227	02.08.17 19:20:46	12,34	0,78	11,6	-12,6	65,8
228	02.08.17 19:20:47	12,47	0,75	10,0	-16,5	63,6
229	02.08.17 19:20:48	12,57	0,71	7,3	-19,3	63,3
230	02.08.17 19:20:49	12,66	0,71	7,4	-22,7	59,9
231	02.08.17 19:20:50	12,76	0,70	7,6	-27,2	55,2
232	02.08.17 19:20:51	12,79	0,65	7,0	-30,5	52,5
233	02.08.17 19:20:52	12,88	0,66	10,3	-29,3	50,3
234	02.08.17 19:20:53	12,95	0,67	20,1	-25,3	44,7
235	02.08.17 19:20:54	13,01	0,69	25,2	-29,2	35,6
236	02.08.17 19:20:55	13,04	0,65	20,8	-26,4	42,8
237	02.08.17 19:20:56	13,04	0,65	19,4	-23,3	47,3
238	02.08.17 19:20:57	13,10	0,66	22,6	-20,1	47,3
239	02.08.17 19:20:58	13,10	0,63	29,5	-16,3	44,2
240	02.08.17 19:20:59	13,13	0,63	31,0	-15,7	43,3
241	02.08.17 19:21:00	13,17	0,64	33,5	-11,0	45,5
242	02.08.17 19:21:01	13,23	0,62	32,7	-7,6	49,7
243	02.08.17 19:21:02	13,29	0,62	34,3	-4,2	51,5
244	02.08.17 19:21:03	13,35	0,63	30,8	-6,4	52,8
245	02.08.17 19:21:04	13,45	0,63	42,7	-5,1	42,3
246	02.08.17 19:21:05	13,51	0,66	43,7	-6,7	39,6
247	02.08.17 19:21:06	13,57	0,67	44,7	-6,1	39,2
248	02.08.17 19:21:07	13,61	0,69	44,9	-5,3	39,8
249	02.08.17 19:21:08	13,61	0,67	44,0	-5,9	40,1
250	02.08.17 19:21:09	13,61	0,69	44,7	-5,9	39,3
251	02.08.17 19:21:10	13,61	0,72	39,1	-0,7	50,2
252	02.08.17 19:21:11	13,61	0,74	37,3	-1,1	51,6
253	02.08.17 19:21:12	13,61	0,74	40,4	-4,5	45,0
254	02.08.17 19:21:13	13,61	0,76	37,9	2,6	49,5
255	02.08.17 19:21:14	13,57	0,76	35,8	4,6	49,7
256	02.08.17 19:21:15	13,57	0,76	33,0	3,8	53,2
257	02.08.17 19:21:16	13,57	0,78	33,5	4,7	51,8
258	02.08.17 19:21:17	13,57	0,78	35,5	5,3	49,2
259	02.08.17 19:21:18	13,57	0,83	41,2	6,0	42,7
260	02.08.17 19:21:19	13,54	0,83	43,8	7,0	39,2
261	02.08.17 19:21:20	13,54	0,85	44,9	6,5	38,6
262	02.08.17 19:21:21	13,54	0,87	43,4	5,7	40,8
263	02.08.17 19:21:22	13,51	0,90	39,9	6,6	43,5
264	02.08.17 19:21:23	13,51	0,90	41,4	4,8	43,7
265	02.08.17 19:21:24	13,48	0,89	40,0	4,6	45,4
266	02.08.17 19:21:25	13,45	0,91	42,6	4,2	43,2
267	02.08.17 19:21:26	13,45	0,94	43,8	5,4	40,9
268	02.08.17 19:21:27	13,42	0,98	44,9	6,0	39,1
269	02.08.17 19:21:28	13,39	0,96	43,9	3,7	42,4
270	02.08.17 19:21:29	13,35	0,98	42,5	4,6	42,8
271	02.08.17 19:21:30	13,32	1,02	43,6	4,1	42,3
272	02.08.17 19:21:31	13,29	1,04	43,4	4,2	42,4
273	02.08.17 19:21:32	13,26	1,06	43,9	2,5	43,6
274	02.08.17 19:21:33	13,26	1,09	43,7	2,2	44,1
275	02.08.17 19:21:34	13,17	1,12	43,5	2,5	44,0
276	02.08.17 19:21:35	13,10	1,14	43,6	2,1	44,4
277	02.08.17 19:21:36	13,07	1,16	41,3	2,1	46,7
278	02.08.17 19:21:37	13,04	1,16	39,2	1,8	49,0
279	02.08.17 19:21:38	13,01	1,18	38,1	1,6	50,3
280	02.08.17 19:21:39	12,98	1,23	37,8	1,5	50,7
281	02.08.17 19:21:40	12,91	1,24	40,1	1,1	48,8
282	02.08.17 19:21:41	12,85	1,26	39,0	1,5	49,5
283	02.08.17 19:21:42	12,79	1,30	40,4	1,9	47,7
284	02.08.17 19:21:43	12,79	1,35	40,5	2,0	47,5
285	02.08.17 19:21:44	12,76	1,35	40,7	2,4	46,9
286	02.08.17 19:21:45	12,73	1,37	40,5	3,1	46,3
287	02.08.17 19:21:46	12,69	1,41	40,8	1,1	48,1
288	02.08.17 19:21:47	12,54	1,47	39,4	2,0	48,6
289	02.08.17 19:21:48	12,41	1,51	40,7	0,8	48,5
290	02.08.17 19:21:49	12,34	1,50	40,2	2,9	46,9
291	02.08.17 19:21:50	12,31	1,55	40,6	2,6	46,8
292	02.08.17 19:21:51	12,28	1,54	41,5	2,0	46,5
293	02.08.17 19:21:52	12,25	1,59	40,3	0,3	49,4
294	02.08.17 19:21:53	12,22	1,61	39,3	-0,1	50,7
295	02.08.17 19:21:54	12,19	1,65	39,5	0,4	50,1
296	02.08.17 19:21:55	12,09	1,69	39,6	1,3	49,1
297	02.08.17 19:21:56	11,99	1,71	42,3	1,8	46,0
298	02.08.17 19:21:57	11,93	1,70	43,4	0,4	46,2
299	02.08.17 19:21:58	11,83	1,77	43,1	0,4	46,5
300	02.08.17 19:21:59	11,67	1,78	43,4	0,4	46,2
301	02.08.17 19:22:00	11,61	1,82	43,2	0,5	46,3
302	02.08.17 19:22:01	11,48	1,83	41,5	1,4	47,0
303	02.08.17 19:22:02	11,35	1,91	40,9	0,2	48,9
304	02.08.17 19:22:03	11,13	1,92	41,6	-0,8	47,6
305	02.08.17 19:22:04	10,93	1,98	41,4	-1,6	47,0
306	02.08.17 19:22:05	10,70	1,98	43,6	0,4	46,0
307	02.08.17 19:22:06	10,48	2,01	43,4	0,2	46,4
308	02.08.17 19:22:07	10,38	2,03	43,5	-1,1	45,5
309	02.08.17 19:22:08	10,28	2,06	41,9	-0,3	47,8
310	02.08.17 19:22:09	10,21	2,06	41,4	-0,4	48,2
311	02.08.17 19:22:10	10,05	2,14	39,1	-4,2	46,7
312	02.08.17 19:22:11	9,92	2,20	40,6	1,6	47,8
313	02.08.17 19:22:12	9,72	2,21	39,4	-1,8	48,9
314	02.08.17 19:22:13	9,59	2,22	37,6	-1,6	50,8
315	02.08.17 19:22:14	9,49	2,24	40,3	0,9	48,8
316	02.08.17 19:22:15	9,32	2,27	36,9	-3,9	49,3
317	02.08.17 19:22:16	9,25	2,29	38,5	0,2	51,3
318	02.08.17 19:22:17	9,15	2,30	38,8	-1,0	50,2
319	02.08.17 19:22:18	9,15	2,35	37,2	-1,5	51,3
320	02.08.17 19:22:19	9,12	2,35	38,3	0,9	50,8
321	02.08.17 19:22:20	9,02	2,41	36,4	-1,5	52,1
322	02.08.17 19:22:21	8,92	2,42	36,6	-2,1	51,3
323	02.08.17 19:22:22	8,78	2,48	38,4	0,0	51,5
324	02.08.17 19:22:23	8,65	2,50	37,2	-0,8	51,9
325	02.08.17 19:22:24	8,58	2,54	36,0	-1,6	52,4
326	02.08.17 19:22:25	8,41	2,55	39,7	0,1	50,2
327	02.08.17 19:22:26	8,21	2,58	39,6	-2,1	48,3
328	02.08.17 19:22:27	8,07	2,66	39,0	-0,8	50,2
329	02.08.17 19:22:28	7,97	2,65	37,9	-2,9	49,2
330	02.08.17 19:22:29	7,80	2,66	38,2	-1,4	50,3
331	02.08.17 19:22:30	7,76	2,66	31,2	-19,3	39,5
332	02.08.17 19:22:31	7,59	2,72	21,1	-9,4	59,5
333	02.08.17 19:22:32	7,56	2,69	20,6	-10,9	58,5
334	02.08.17 19:22:33	7,42	2,77	18,5	-10,7	60,8
335	02.08.17 19:22:34	7,35	2,77	18,6	-8,2	63,1
336	02.08.17 19:22:35	7,28	2,79	19,8	-6,8	63,4
337	02.08.17 19:22:36	7,21	2,83	23,2	-6,1	60,7
338	02.08.17 19:22:37	7,17	2,80	24,4	-5,0	60,6
339	02.08.17 19:22:38	7,21	2,80	25,5	-4,4	60,1
340	02.08.17 19:22:39	7,24	2,85	25,7	-9,0	55,2
341	02.08.17 19:22:40	7,24	2,88	30,7	-5,2	54,1
342	02.08.17 19:22:41	7,24	2,88	33,4	-3,0	53,6
343	02.08.17 19:22:42	7,24	2,90	33,7	-2,8	53,5
344	02.08.17 19:22:43	7,24	2,92	36,1	-0,4	53,5
345	02.08.17 19:22:44	7,17	2,94	41,3	-1,2	47,5
346	02.08.17 19:22:45	7,14	2,98	43,4	2,0	44,7
347	02.08.17 19:22:46	7,04	2,98	43,6	2,4	44,0
348	02.08.17 19:22:47	7,00	3,02	43,9	0,5	45,6
349	02.08.17 19:22:48	6,97	3,02	44,2	3,5	42,3
350	02.08.17 19:22:49	6,93	3,08	47,8	3,8	38,3
351	02.08.17 19:22:50	6,93	3,08	47,3	3,1	39,6
352	02.08.17 19:22:51	6,86	3,13	46,9	4,6	38,5
353	02.08.17 19:22:52	6,83	3,12	51,7	4,2	34,0
354	02.08.17 19:22:53	6,83	3,15	51,5	4,2	34,3
355	02.08.17 19:22:54	6,79	3,17	49,2	4,0	36,8
356	02.08.17 19:22:55	6,79	3,19	51,9	5,0	33,1
357	02.08.17 19:22:56	6,79	3,24	54,4	5,7	29,9
358	02.08.17 19:22:57	6,79	3,26	51,1	5,5	33,4
359	02.08.17 19:22:58	6,79	3,28	51,2	5,9	32,9
360	02.08.17 19:22:59	6,83	3,31	54,1	5,5	30,3
361	02.08.17 19:23:00	6,83	3,35	53,1	3,7	33,2
362	02.08.17 19:23:01	6,83	3,40	50,4	5,4	34,2
363	02.08.17 19:23:02	6,79	3,42	55,6	6,5	28,0
364	02.08.17 19:23:03	6,79	3,44	57,4	6,0	26,6
365	02.08.17 19:23:04	6,79	3,44	51,0	5,9	33,0
366	02.08.17 19:23:05	6,76	3,49	49,4	6,3	34,4
367	02.08.17 19:23:06	6,72	3,51	54,7	5,4	30,0
368	02.08.17 19:23:07	6,76	3,54	55,1	7,7	27,2
369	02.08.17 19:23:08	6,76	3,58	50,0	6,6	33,3
370	02.08.17 19:23:09	6,76	3,60	48,2	4,5	37,3
371	02.08.17 19:23:10	6,76	3,67	51,0	8,4	30,6
372	02.08.17 19:23:11	6,76	3,70	52,9	6,0	31,1
373	02.08.17 19:23:12	6,76	3,72	50,1	5,0	34,9
374	02.08.17 19:23:13	6,76	3,77	47,6	7,3	35,1
375	02.08.17 19:23:14	6,69	3,81	48,2	7,3	34,5
376	02.08.17 19:23:15	6,65	3,83	50,2	4,6	35,2
377	02.08.17 19:23:16	6,65	3,88	48,7	6,5	34,8
378	02.08.17 19:23:17	6,69	3,90	46,9	7,0	36,1
379	02.08.17 19:23:18	6,69	3,95	47,6	2,2	40,2
380	02.08.17 19:23:19	6,69	4,04	46,9	5,4	37,7
381	02.08.17 19:23:20	6,55	4,08	48,0	6,8	35,1
382	02.08.17 19:23:21	6,30	4,20	49,1	3,0	37,9
383	02.08.17 19:23:22	6,16	4,19	46,7	4,7	38,5
384	02.08.17 19:23:23	6,09	4,18	45,7	4,4	39,9
385	02.08.17 19:23:24	6,05	4,22	46,1	3,7	40,2
386	02.08.17 19:23:25	6,01	4,24	49,6	3,7	36,7
387	02.08.17 19:23:26	6,01	4,27	51,6	4,9	33,6
388	02.08.17 19:23:27	6,05	4,29	51,8	1,3	36,9
389	02.08.17 19:23:28	6,05	4,32	47,8	2,9	39,3
390	02.08.17 19:23:29	6,09	4,37	50,3	4,5	35,3
391	02.08.17 19:23:30	6,12	4,39	54,8	2,6	32,6
392	02.08.17 19:23:31	6,16	4,44	55,5	3,6	30,9
393	02.08.17 19:23:32	6,16	4,49	50,9	3,1	36,1
394	02.08.17 19:23:33	6,12	4,51	48,9	2,2	38,9
395	02.08.17 19:23:34	6,16	4,56	54,9	4,0	31,1
396	02.08.17 19:23:35	6,16	4,63	57,5	2,3	30,2
397	02.08.17 19:23:36	6,16	4,63	53,2	0,8	36,0
398	02.08.17 19:23:37	6,16	4,65	48,1	2,0	39,8
399	02.08.17 19:23:38	6,16	4,72	54,3	0,3	35,4
400	02.08.17 19:23:39	6,09	4,76	61,4	2,0	26,5
401	02.08.17 19:23:40	6,01	4,83	64,0	0,1	26,0
402	02.08.17 19:23:41	5,84	4,97	56,4	2,7	30,9
403	02.08.17 19:23:42	5,44	4,99	57,4	1,8	30,7
404	02.08.17 19:23:43	5,26	5,00	58,5	0,8	30,7
405	02.08.17 19:23:44	5,19	5,02	57,3	1,5	31,2
406	02.08.17 19:23:45	5,15	5,04	53,2	2,3	34,6
407	02.08.17 19:23:46	5,15	5,06	52,5	1,4	36,1
408	02.08.17 19:23:47	5,15	5,08	51,7	2,1	36,2
409	02.08.17 19:23:48	5,15	5,08	53,0	2,4	34,6
410	02.08.17 19:23:49	5,15	5,11	53,8	0,6	35,6
411	02.08.17 19:23:50	5,15	5,15	49,4	0,9	39,6
412	02.08.17 19:23:51	5,19	5,16	49,9	1,8	38,3
413	02.08.17 19:23:52	5,19	5,20	55,4	2,7	31,9
414	02.08.17 19:23:53	5,22	5,23	57,7	1,5	30,8
415	02.08.17 19:23:54	5,22	5,23	51,4	1,8	36,8
416	02.08.17 19:23:55	5,22	5,25	47,9	2,0	40,1
417	02.08.17 19:23:56	5,22	5,30	55,9	3,3	30,8
418	02.08.17 19:23:57	5,22	5,32	59,1	2,4	28,5
419	02.08.17 19:23:58	5,22	5,35	48,9	0,3	40,8
420	02.08.17 19:23:59	5,19	5,37	28,1	8,8	53,1
421	02.08.17 19:24:00	5,15	5,34	7,2	7,0	75,8
422	02.08.17 19:24:01	5,12	5,38	0,6	8,7	80,6
423	02.08.17 19:24:02	5,04	5,40	3,2	7,5	79,3
424	02.08.17 19:24:03	4,79	5,45	6,3	2,8	80,9
425	02.08.17 19:24:04	4,61	5,39	-0,8	4,0	85,2
426	02.08.17 19:24:05	4,49	5,38	21,6	-14,6	53,8
427	02.08.17 19:24:06	4,38	5,40	5,1	-1,3	83,6
428	02.08.17 19:24:07	4,31	5,37	0,8	-13,3	75,9
429	02.08.17 19:24:08	4,27	5,34	27,8	-0,2	62,0
430	02.08.17 19:24:09	4,24	5,34	9,8	-17,7	62,5
431	02.08.17 19:24:10	4,05	5,26	21,2	9,0	59,7
432	02.08.17 19:24:11	4,01	5,35	2,4	-11,2	76,3
433	02.08.17 19:24:12	3,98	5,34	16,2	-10,5	63,3
434	02.08.17 19:24:13	3,94	5,36	44,7	-15,9	29,4
435	02.08.17 19:24:14	3,87	5,34	16,2	-25,5	48,2
436	02.08.17 19:24:15	3,83	5,26	20,6	-14,6	54,8
437	02.08.17 19:24:16	3,75	5,30	3,6	-11,0	75,4
438	02.08.17 19:24:17	3,64	5,37	18,5	0,6	70,9
439	02.08.17 19:24:18	3,57	5,66	-24,0	-7,0	59,0
440	02.08.17 19:24:19	2,65	6,64	-5,0	-6,9	78,0
441	02.08.17 19:24:20	2,65	6,64	-5,6	-0,3	84,1
442	02.08.17 19:24:21	2,62	6,68	9,2	16,3	64,6
443	02.08.17 19:24:22	3,38	5,46	19,2	6,9	63,9
444	02.08.17 19:24:23	3,38	5,32	-6,1	2,0	81,9
445	02.08.17 19:24:24	3,34	5,32	-1,9	-4,3	83,7
446	02.08.17 19:24:25	3,30	5,25	11,9	-5,4	72,8
447	02.08.17 19:24:26	3,30	5,32	32,1	14,5	43,4
448	02.08.17 19:24:27	3,26	5,27	27,9	-3,2	59,0
449	02.08.17 19:24:28	3,26	5,22	19,1	-3,5	67,4
450	02.08.17 19:24:29	3,23	5,26	-4,7	0,4	84,8
451	02.08.17 19:24:30	3,19	5,29	11,3	-7,6	71,1
452	02.08.17 19:24:31	3,19	5,33	-3,5	-4,0	82,5
453	02.08.17 19:24:32	3,15	5,28	9,2	-5,6	75,2
454	02.08.17 19:24:33	3,11	5,35	-9,9	-4,9	75,2
455	02.08.17 19:24:34	3,11	5,28	8,1	-4,2	77,8
456	02.08.17 19:24:35	3,11	5,28	3,1	-16,0	70,8
457	02.08.17 19:24:36	3,11	5,28	-2,8	-11,7	75,5
458	02.08.17 19:24:37	3,11	5,30	3,2	-5,0	81,8
459	02.08.17 19:24:38	3,11	5,28	-2,4	-18,9	68,8
460	02.08.17 19:24:39	3,11	5,28	7,6	3,0	79,4
461	02.08.17 19:24:40	3,07	5,30	-1,2	5,4	83,4
462	02.08.17 19:24:41	3,07	5,30	3,7	-0,7	85,6
463	02.08.17 19:24:42	3,04	5,37	0,1	-5,1	84,8
464	02.08.17 19:24:43	3,04	5,30	-0,3	-4,0	85,6
465	02.08.17 19:24:44	3,00	5,27	44,8	-5,2	40,0
466	02.08.17 19:24:45	2,96	5,29	12,9	-9,7	67,4
467	02.08.17 19:24:46	2,92	5,13	14,4	-3,7	72,0
468	02.08.17 19:24:47	2,88	5,24	7,9	-4,3	77,8
469	02.08.17 19:24:48	2,81	5,40	28,5	-10,1	51,4
470	02.08.17 19:24:49	2,81	5,23	9,9	-7,1	73,0
471	02.08.17 19:24:50	2,77	5,28	19,1	11,5	59,3
472	02.08.17 19:24:51	2,73	5,27	15,4	-7,8	66,9
473	02.08.17 19:24:52	2,73	5,30	-3,0	-10,9	76,1
474	02.08.17 19:24:53	2,69	5,25	-7,0	-1,0	82,0
475	02.08.17 19:24:54	2,69	5,32	-8,4	-5,9	75,6
476	02.08.17 19:24:55	2,69	5,27	-3,4	-6,5	80,1
477	02.08.17 19:24:56	2,65	5,27	7,5	-0,9	81,6
478	02.08.17 19:24:57	2,65	5,25	8,7	-3,5	77,8
479	02.08.17 19:24:58	2,65	5,25	-7,3	-11,1	71,6
480	02.08.17 19:24:59	2,62	5,29	13,4	-3,7	72,9
481	02.08.17 19:25:00	2,62	5,29	17,2	0,5	72,2
482	02.08.17 19:25:01	2,62	5,24	11,5	-13,8	64,6
483	02.08.17 19:25:02	2,58	5,26	13,0	-8,8	68,2
484	02.08.17 19:25:03	2,54	5,24	8,0	-2,9	79,1
485	02.08.17 19:25:04	2,54	5,26	23,0	-1,6	65,4
486	02.08.17 19:25:05	2,54	5,24	10,8	-7,9	71,3
487	02.08.17 19:25:06	2,50	5,30	22,9	-5,0	62,1
488	02.08.17 19:25:07	2,50	5,26	1,0	-5,9	83,0
489	02.08.17 19:25:08	2,46	5,23	-5,8	-3,5	80,7
490	02.08.17 19:25:09	2,46	5,25	16,8	-11,4	61,8
491	02.08.17 19:25:10	2,42	5,25	16,5	-4,2	69,3
492	02.08.17 19:25:11	2,38	5,27	19,6	1,0	69,4
493	02.08.17 19:25:12	2,35	5,34	12,8	5,3	71,8
494	02.08.17 19:25:13	2,31	5,22	25,2	-6,6	58,2
495	02.08.17 19:25:14	2,27	5,22	15,7	-17,6	56,6
496	02.08.17 19:25:15	2,23	5,26	26,1	-9,1	54,8
497	02.08.17 19:25:16	2,19	5,21	11,4	-1,1	77,5
498	02.08.17 19:25:17	2,19	5,23	16,1	-12,6	61,3
499	02.08.17 19:25:18	2,19	5,23	3,0	-6,5	80,5
500	02.08.17 19:25:19	2,15	5,26	20,2	-0,3	69,4
501	02.08.17 19:25:20	2,15	5,26	41,7	-13,3	35,1
502	02.08.17 19:25:21	2,11	5,09	10,8	-20,2	59,0
503	02.08.17 19:25:22	2,07	5,23	13,8	-10,9	65,3
504	02.08.17 19:25:23	2,07	5,20	8,6	-11,0	70,4
505	02.08.17 19:25:24	2,07	5,23	5,4	0,1	84,4
506	02.08.17 19:25:25	2,07	5,20	22,4	-3,8	63,9
507	02.08.17 19:25:26	2,04	5,22	13,6	-15,5	61,0
508	02.08.17 19:25:27	2,04	5,22	33,1	-5,8	51,1
509	02.08.17 19:25:28	2,00	5,15	51,0	9,9	29,1
510	02.08.17 19:25:29	1,96	5,22	-0,4	-18,2	71,4
511	02.08.17 19:25:30	1,96	5,24	7,6	-7,7	74,7
512	02.08.17 19:25:31	1,92	5,26	25,5	-4,6	59,8
513	02.08.17 19:25:32	1,88	5,24	5,3	3,5	81,2
514	02.08.17 19:25:33	1,88	5,24	6,8	-6,1	77,1
515	02.08.17 19:25:34	1,84	5,23	3,4	-9,6	77,0
516	02.08.17 19:25:35	1,84	5,23	2,2	-4,8	83,0
517	02.08.17 19:25:36	1,84	5,21	10,4	5,3	74,3
518	02.08.17 19:25:37	1,84	5,21	-10,0	-1,9	78,1
519	02.08.17 19:25:38	1,84	5,23	4,9	-1,4	83,7
520	02.08.17 19:25:39	1,84	5,23	10,2	-3,5	76,2
521	02.08.17 19:25:40	1,84	5,19	-1,9	-11,0	77,2
522	02.08.17 19:25:41	1,84	5,21	11,9	2,7	75,5
523	02.08.17 19:25:42	1,80	5,23	-2,0	3,5	84,5
524	02.08.17 19:25:43	1,80	5,21	8,5	-2,7	78,8
525	02.08.17 19:25:44	1,76	5,20	-3,6	-2,6	83,8
526	02.08.17 19:25:45	1,76	5,18	-12,4	-4,2	73,3
527	02.08.17 19:25:46	1,76	5,20	2,8	-10,2	76,9
528	02.08.17 19:25:47	1,76	5,23	-1,3	-4,0	84,7
529	02.08.17 19:25:48	1,72	5,22	4,3	6,1	79,6
530	02.08.17 19:25:49	1,72	5,20	-3,8	2,6	83,6
531	02.08.17 19:25:50	1,72	5,22	-5,1	2,2	82,7
532	02.08.17 19:25:51	1,72	5,18	9,9	-0,1	80,0
533	02.08.17 19:25:52	1,68	5,22	2,1	-8,2	79,8
534	02.08.17 19:25:53	1,68	5,17	28,2	9,2	52,6
535	02.08.17 19:25:54	1,64	5,20	7,5	-12,3	70,1
536	02.08.17 19:25:55	1,64	5,20	8,3	-1,5	80,2
537	02.08.17 19:25:56	1,60	5,49	21,6	-5,6	62,8
538	02.08.17 19:25:57	1,60	5,24	6,7	9,4	73,9
539	02.08.17 19:25:58	1,60	5,24	-1,5	-12,2	76,2
540	02.08.17 19:25:59	1,57	5,17	14,1	14,9	61,0
541	02.08.17 19:26:00	1,57	5,17	22,3	-7,3	60,4
542	02.08.17 19:26:01	1,57	5,14	9,6	-10,4	70,0
543	02.08.17 19:26:02	1,53	5,16	11,8	-3,1	75,0
544	02.08.17 19:26:03	1,53	5,19	17,7	-9,6	62,7
545	02.08.17 19:26:04	1,49	5,16	26,0	-9,0	55,0
546	02.08.17 19:26:05	1,49	5,14	2,4	-3,3	84,3
547	02.08.17 19:26:06	1,49	5,11	1,4	-1,9	86,7
548	02.08.17 19:26:07	1,49	5,14	0,9	-11,8	77,3
549	02.08.17 19:26:08	1,49	5,14	16,9	-24,9	48,1
550	02.08.17 19:26:09	1,45	5,11	7,9	-0,5	81,6
551	02.08.17 19:26:10	1,45	5,11	9,4	9,3	71,3
552	02.08.17 19:26:11	1,41	5,11	17,1	-6,2	66,7
553	02.08.17 19:26:12	1,41	5,13	21,5	-9,4	59,2
554	02.08.17 19:26:13	1,41	5,15	8,4	-6,8	74,7
555	02.08.17 19:26:14	1,41	5,11	19,7	-3,0	67,3
556	02.08.17 19:26:15	1,41	5,09	7,7	-11,5	70,8
557	02.08.17 19:26:16	1,37	5,11	7,1	1,5	81,4
558	02.08.17 19:26:17	1,37	5,11	0,0	-2,9	87,1
559	02.08.17 19:26:18	1,37	5,13	8,2	-5,0	76,8
560	02.08.17 19:26:19	1,37	5,13	5,5	-4,4	80,1
561	02.08.17 19:26:20	1,33	5,15	-2,0	-2,8	85,2
562	02.08.17 19:26:21	1,33	5,13	14,0	-2,8	73,2
563	02.08.17 19:26:22	1,33	5,13	0,9	2,6	86,5
564	02.08.17 19:26:23	1,33	5,13	3,0	-5,3	81,7
565	02.08.17 19:26:24	1,33	5,10	0,4	-7,6	82,0
566	02.08.17 19:26:25	1,33	5,10	-0,5	0,6	88,9
567	02.08.17 19:26:26	1,33	5,10	0,1	-8,1	81,7
568	02.08.17 19:26:27	1,33	5,13	4,2	-2,0	83,8
569	02.08.17 19:26:28	1,33	5,13	4,6	-0,4	85,0
570	02.08.17 19:26:29	1,33	5,13	18,0	-6,3	65,7
571	02.08.17 19:26:30	1,33	5,10	-5,9	-0,8	83,3
572	02.08.17 19:26:31	1,33	5,10	-1,9	-3,8	84,2
573	02.08.17 19:26:32	1,33	5,13	6,8	-8,8	74,5
574	02.08.17 19:26:33	1,33	5,10	10,8	1,1	78,1
575	02.08.17 19:26:34	1,29	5,12	14,8	-14,5	60,7
576	02.08.17 19:26:35	1,29	5,10	22,5	0,2	67,2
577	02.08.17 19:26:36	1,29	5,12	-4,1	-2,8	83,1
578	02.08.17 19:26:37	1,25	5,10	4,1	-24,5	61,4
579	02.08.17 19:26:38	1,25	5,10	2,6	-10,9	76,5
580	02.08.17 19:26:39	1,25	5,07	0,1	-6,5	83,4
581	02.08.17 19:26:40	1,25	5,12	-5,5	-9,5	75,0
582	02.08.17 19:26:41	1,25	5,10	-4,9	6,8	78,3
583	02.08.17 19:26:42	1,25	5,10	0,1	4,5	85,4
584	02.08.17 19:26:43	1,21	5,09	4,8	-1,9	83,3
585	02.08.17 19:26:44	1,21	5,07	9,5	2,8	77,7
586	02.08.17 19:26:45	1,21	5,09	9,6	-8,8	71,6
587	02.08.17 19:26:46	1,21	5,02	12,2	-3,0	74,7
588	02.08.17 19:26:47	1,21	5,07	-4,7	-7,0	78,3
589	02.08.17 19:26:48	1,17	5,09	21,6	34,9	33,4
590	02.08.17 19:26:49	1,17	5,07	10,9	-12,6	66,5
591	02.08.17 19:26:50	1,17	5,07	10,6	-13,3	66,2
592	02.08.17 19:26:51	1,17	5,11	24,9	-6,7	58,4
593	02.08.17 19:26:52	1,17	5,09	9,7	-2,7	77,7
594	02.08.17 19:26:53	1,17	5,07	21,4	14,9	53,7
595	02.08.17 19:26:54	1,17	5,11	3,4	-2,1	84,5
596	02.08.17 19:26:55	1,17	5,04	38,1	-3,5	48,4
597	02.08.17 19:26:56	1,13	5,07	25,8	-21,9	42,4
598	02.08.17 19:26:57	1,13	5,07	20,8	-20,0	49,2
599	02.08.17 19:26:58	1,09	5,06	34,9	1,5	53,6
600	02.08.17 19:26:59	1,09	5,04	20,2	-15,2	54,6
601	02.08.17 19:27:00	1,09	5,09	17,7	8,5	63,8
602	02.08.17 19:27:01	1,09	5,29	19,0	-9,7	61,3
603	02.08.17 19:27:02	1,09	5,04	9,9	-12,3	67,8
604	02.08.17 19:27:03	1,05	5,06	10,7	-6,8	72,5
605	02.08.17 19:27:04	1,05	5,06	27,0	-0,7	62,3
606	02.08.17 19:27:05	1,05	5,06	26,0	-4,7	59,3
607	02.08.17 19:27:06	1,05	5,15	10,2	-21,7	58,2
608	02.08.17 19:27:07	1,05	5,11	20,1	-20,8	49,1
609	02.08.17 19:27:08	1,05	5,08	13,3	-7,9	68,9
610	02.08.17 19:27:09	1,01	5,10	18,5	-10,3	61,3
611	02.08.17 19:27:10	1,01	5,17	19,2	-21,2	49,6
612	02.08.17 19:27:11	1,01	5,13	15,4	-12,2	62,4
613	02.08.17 19:27:12	1,01	5,13	-1,1	-18,6	70,3
614	02.08.17 19:27:13	1,01	5,15	12,6	9,7	67,7
615	02.08.17 19:27:14	1,01	5,13	-3,1	4,0	82,9
616	02.08.17 19:27:15	1,01	5,10	28,2	-9,1	52,7
617	02.08.17 19:27:16	1,01	5,08	-4,3	-9,5	76,2
618	02.08.17 19:27:17	1,01	5,10	15,1	-6,6	68,3
619	02.08.17 19:27:18	1,01	5,10	0,7	-6,0	83,3
620	02.08.17 19:27:19	1,01	5,10	7,7	-6,6	75,8
621	02.08.17 19:27:20	0,97	5,10	5,8	-3,2	81,1
622	02.08.17 19:27:21	0,97	5,10	28,0	-7,7	54,3
623	02.08.17 19:27:22	0,97	5,10	18,1	-3,2	68,7
624	02.08.17 19:27:23	0,97	5,19	18,0	-1,9	70,1
625	02.08.17 19:27:24	0,97	5,19	20,2	-2,0	67,8
626	02.08.17 19:27:25	0,97	5,15	30,9	-5,5	53,5
627	02.08.17 19:27:26	0,97	5,19	5,6	7,5	77,0
628	02.08.17 19:27:27	0,97	5,12	31,5	6,9	51,6
629	02.08.17 19:27:28	0,97	5,12	1,8	-14,1	74,1
630	02.08.17 19:27:29	0,97	5,15	31,4	-4,2	54,3
631	02.08.17 19:27:30	0,97	5,10	11,9	0,3	77,8
632	02.08.17 19:27:31	0,97	5,15	23,2	15,7	51,1
633	02.08.17 19:27:32	0,93	5,07	-1,1	-17,7	71,2
634	02.08.17 19:27:33	0,93	5,12	25,1	-0,2	64,8
635	02.08.17 19:27:34	0,93	5,12	35,4	-5,6	49,1
636	02.08.17 19:27:35	0,93	5,12	29,6	-3,5	56,9
637	02.08.17 19:27:36	0,93	5,14	3,0	-6,6	80,4
638	02.08.17 19:27:37	0,93	5,12	13,6	-6,4	69,9
639	02.08.17 19:27:38	0,93	5,19	7,3	-6,6	76,1
640	02.08.17 19:27:39	0,93	5,14	40,7	0,8	48,5
641	02.08.17 19:27:40	0,93	5,05	8,9	-11,1	70,0
642	02.08.17 19:27:41	0,93	5,17	12,6	1,8	75,6
643	02.08.17 19:27:42	0,93	5,17	-3,1	-0,2	86,8
644	02.08.17 19:27:43	0,93	5,17	21,8	11,4	56,9
645	02.08.17 19:27:44	0,93	5,14	16,0	-6,9	67,0
646	02.08.17 19:27:45	0,89	5,14	-3,1	-11,9	75,1
647	02.08.17 19:27:46	0,89	5,14	11,9	2,2	75,9
648	02.08.17 19:27:47	0,89	5,14	-1,8	0,5	87,7
649	02.08.17 19:27:48	0,89	5,14	3,1	6,4	80,5
650	02.08.17 19:27:49	0,89	5,14	10,4	-18,6	61,0
651	02.08.17 19:27:50	0,89	5,14	-4,9	-2,5	82,6
652	02.08.17 19:27:51	0,89	5,12	2,1	5,3	82,6
653	02.08.17 19:27:52	0,89	5,16	12,6	3,3	74,0
654	02.08.17 19:27:53	0,89	5,14	3,6	-9,1	77,2
655	02.08.17 19:27:54	0,89	5,14	25,8	-9,0	55,2
656	02.08.17 19:27:55	0,89	5,14	2,5	-2,8	84,7
657	02.08.17 19:27:56	0,89	5,14	1,7	-12,6	75,8
658	02.08.17 19:27:57	0,85	5,14	20,0	-3,8	66,3
659	02.08.17 19:27:58	0,89	5,14	23,1	-10,5	56,4
660	02.08.17 19:27:59	0,89	5,16	8,0	-7,8	74,3
661	02.08.17 19:28:00	0,85	5,14	40,4	0,7	48,9
662	02.08.17 19:28:01	0,85	5,11	24,7	4,5	60,8
663	02.08.17 19:28:02	0,85	5,14	8,9	-5,4	75,8
664	02.08.17 19:28:03	0,85	5,11	-2,5	-7,5	80,1
665	02.08.17 19:28:04	0,85	5,18	10,4	23,3	56,2
666	02.08.17 19:28:05	0,85	5,16	30,4	0,6	59,0
667	02.08.17 19:28:06	0,85	5,11	23,1	2,1	64,8
668	02.08.17 19:28:07	0,85	5,11	37,5	17,6	34,9
669	02.08.17 19:28:08	0,81	5,09	5,8	-5,7	78,5
670	02.08.17 19:28:09	0,81	5,14	10,6	-5,7	73,7
671	02.08.17 19:28:10	0,85	5,09	2,9	-1,7	85,4
672	02.08.17 19:28:11	0,85	5,14	8,8	-7,9	73,3
673	02.08.17 19:28:12	0,85	5,07	8,2	-1,2	80,6
674	02.08.17 19:28:13	0,81	5,11	13,5	-0,6	75,9
675	02.08.17 19:28:14	0,81	5,11	6,7	-7,2	76,2
676	02.08.17 19:28:15	0,81	5,14	6,9	2,6	80,6
677	02.08.17 19:28:16	0,81	5,11	11,7	-6,8	71,5
678	02.08.17 19:28:17	0,81	5,09	1,7	-11,5	76,8
679	02.08.17 19:28:18	0,81	5,11	3,3	-0,4	86,3
680	02.08.17 19:28:19	0,81	5,11	7,0	1,0	82,0
681	02.08.17 19:28:20	0,81	5,11	12,7	-4,2	73,1
682	02.08.17 19:28:21	0,81	5,09	5,7	-4,6	79,7
683	02.08.17 19:28:22	0,81	5,16	24,9	-15,9	49,2
684	02.08.17 19:28:23	0,81	5,11	4,0	5,0	80,9
685	02.08.17 19:28:24	0,81	5,11	30,5	-9,1	50,4
686	02.08.17 19:28:25	0,81	5,09	24,1	8,5	57,4
687	02.08.17 19:28:26	0,81	5,09	3,8	-9,4	76,8
688	02.08.17 19:28:27	0,81	5,09	20,4	1,1	68,5
689	02.08.17 19:28:28	0,81	5,09	20,1	-31,8	38,1
690	02.08.17 19:28:29	0,81	5,09	20,8	-3,9	65,3
691	02.08.17 19:28:30	0,81	5,14	4,4	-11,3	74,3
692	02.08.17 19:28:31	0,77	5,11	5,8	-15,6	68,6
693	02.08.17 19:28:32	0,81	5,11	6,1	-5,8	78,0
694	02.08.17 19:28:33	0,81	5,11	-0,6	10,8	78,6
695	02.08.17 19:28:34	0,77	5,13	6,7	-43,5	39,9
696	02.08.17 19:28:35	0,77	5,06	4,3	-9,7	76,1
697	02.08.17 19:28:36	0,77	5,11	7,7	-7,9	74,3
698	02.08.17 19:28:37	0,77	5,09	9,9	-13,3	66,8
699	02.08.17 19:28:38	0,77	5,06	20,5	0,7	68,8
700	02.08.17 19:28:39	0,77	5,13	6,5	8,7	74,8
701	02.08.17 19:28:40	0,77	5,11	4,0	-7,6	78,4
702	02.08.17 19:28:41	0,77	5,11	-3,3	4,0	82,6
703	02.08.17 19:28:42	0,77	5,11	13,7	4,6	71,6
704	02.08.17 19:28:43	0,77	5,13	11,0	-3,7	75,3
705	02.08.17 19:28:44	0,77	5,13	13,6	-5,4	71,0
706	02.08.17 19:28:45	0,77	5,09	22,0	1,2	66,8
707	02.08.17 19:28:46	0,77	5,13	10,1	16,3	63,6
708	02.08.17 19:28:47	0,77	5,11	5,9	-8,7	75,4
709	02.08.17 19:28:48	0,77	5,20	5,2	3,8	80,9
710	02.08.17 19:28:49	0,77	5,13	30,8	2,1	57,1
711	02.08.17 19:28:50	0,77	5,11	21,1	-6,7	62,2
712	02.08.17 19:28:51	0,77	5,16	18,4	-10,0	61,6
713	02.08.17 19:28:52	0,77	5,18	-1,1	-6,8	82,0
714	02.08.17 19:28:53	0,77	5,11	15,3	-15,7	59,0
715	02.08.17 19:28:54	0,77	5,13	5,9	-4,4	79,8
716	02.08.17 19:28:55	0,77	5,16	16,6	-6,1	67,3
717	02.08.17 19:28:56	0,77	5,20	14,3	-8,1	67,6
718	02.08.17 19:28:57	0,77	5,18	15,7	2,8	71,5
719	02.08.17 19:28:58	0,77	5,09	15,7	-0,3	74,1
720	02.08.17 19:28:59	0,77	5,09	11,3	4,6	74,2
721	02.08.17 19:29:00	0,77	5,13	20,6	-7,5	61,9
722	02.08.17 19:29:01	0,77	5,13	23,2	-3,3	63,5
723	02.08.17 19:29:02	0,73	5,01	24,2	-2,9	62,9
724	02.08.17 19:29:03	0,77	5,16	3,1	1,3	85,6
725	02.08.17 19:29:04	0,77	5,16	1,5	-3,2	85,3
726	02.08.17 19:29:05	0,73	5,13	15,3	-0,1	74,6
727	02.08.17 19:29:06	0,77	5,25	9,6	-2,0	78,4
728	02.08.17 19:29:07	0,77	5,11	5,6	-14,9	69,5
729	02.08.17 19:29:08	0,77	5,16	-0,3	4,4	85,3
730	02.08.17 19:29:09	0,77	5,13	6,5	-8,7	74,8
731	02.08.17 19:29:10	0,77	5,13	6,4	-1,8	81,8
732	02.08.17 19:29:11	0,77	5,13	30,0	-5,3	54,7
733	02.08.17 19:29:12	0,77	5,16	2,9	-5,8	81,3
734	02.08.17 19:29:13	0,77	5,18	7,2	-5,5	77,3
735	02.08.17 19:29:14	0,73	5,13	-3,2	-24,9	61,9
736	02.08.17 19:29:15	0,73	5,62	5,3	-7,6	77,1
737	02.08.17 19:29:16	0,77	5,16	4,2	-3,3	82,5
738	02.08.17 19:29:17	0,73	5,15	2,6	-5,2	82,2
739	02.08.17 19:29:18	0,73	5,13	1,7	-2,7	85,7
740	02.08.17 19:29:19	0,73	5,13	16,6	-11,9	61,5
741	02.08.17 19:29:20	0,73	5,13	20,4	-1,6	68,0
742	02.08.17 19:29:21	0,73	5,13	15,9	-0,1	74,0
743	02.08.17 19:29:22	0,73	5,13	30,8	-5,8	53,4
744	02.08.17 19:29:23	0,73	5,13	31,1	-7,6	51,4
745	02.08.17 19:29:24	0,73	5,11	32,1	-4,9	53,0
746	02.08.17 19:29:25	0,73	5,08	36,7	-4,4	48,9
747	02.08.17 19:29:26	0,73	5,08	34,6	-4,4	51,0
748	02.08.17 19:29:27	0,73	5,08	35,6	-1,8	52,6
749	02.08.17 19:29:28	0,73	5,06	38,5	-1,9	49,6
750	02.08.17 19:29:29	0,73	5,04	38,6	-2,9	48,5
751	02.08.17 19:29:30	0,73	5,01	38,8	-3,7	47,6
752	02.08.17 19:29:31	0,73	5,04	38,7	-1,0	50,3
753	02.08.17 19:29:32	0,73	5,01	37,5	-1,5	51,0
754	02.08.17 19:29:33	0,73	4,97	38,1	-1,3	50,6
755	02.08.17 19:29:34	0,73	5,01	42,6	-2,8	44,6
756	02.08.17 19:29:35	0,73	4,94	37,1	-5,4	47,5
757	02.08.17 19:29:36	0,73	4,94	36,6	-4,9	48,5
758	02.08.17 19:29:37	0,73	4,92	40,8	-3,5	45,8
759	02.08.17 19:29:38	0,73	4,92	43,1	-1,1	45,8
760	02.08.17 19:29:39	0,73	4,87	39,3	-1,0	49,7
761	02.08.17 19:29:40	0,73	4,87	38,4	-2,1	49,5
762	02.08.17 19:29:41	0,73	4,87	43,3	-4,8	41,9
763	02.08.17 19:29:42	0,73	4,87	42,1	-3,8	44,1
764	02.08.17 19:29:43	0,73	4,85	39,2	-2,4	48,4
765	02.08.17 19:29:44	0,73	4,83	43,4	-1,1	45,4
766	02.08.17 19:29:45	0,73	4,80	43,3	-4,3	42,4
767	02.08.17 19:29:46	0,73	4,83	39,1	-6,0	45,0
768	02.08.17 19:29:47	0,73	4,78	39,6	-1,7	48,7
769	02.08.17 19:29:48	0,73	4,78	44,0	-3,9	42,0
770	02.08.17 19:29:49	0,73	4,76	42,9	-3,5	43,6
771	02.08.17 19:29:50	0,73	4,73	38,6	1,3	50,1
772	02.08.17 19:29:51	0,73	4,73	41,5	-4,5	44,0
773	02.08.17 19:29:52	0,73	4,71	46,1	-2,7	41,1
774	02.08.17 19:29:53	0,73	4,69	39,6	-2,8	47,6
775	02.08.17 19:29:54	0,73	4,67	40,7	0,2	49,1
776	02.08.17 19:29:55	0,73	4,64	42,4	-4,3	43,3
777	02.08.17 19:29:56	0,73	4,62	42,6	-2,4	44,9
778	02.08.17 19:29:57	0,73	4,60	41,4	-0,6	48,0
779	02.08.17 19:29:58	0,73	4,55	37,8	-6,9	45,3
780	02.08.17 19:29:59	0,73	4,57	40,3	-5,6	44,1
781	02.08.17 19:30:00	0,73	4,53	40,7	-0,8	48,5
782	02.08.17 19:30:01	0,73	4,53	41,0	-3,0	46,0
783	02.08.17 19:30:02	0,73	4,48	37,5	-7,4	45,2
784	02.08.17 19:30:03	0,73	4,46	36,6	-5,8	47,6
785	02.08.17 19:30:04	0,77	4,46	43,1	-2,0	45,0
786	02.08.17 19:30:05	0,77	4,41	41,0	-3,5	45,5
787	02.08.17 19:30:06	0,77	4,37	30,2	-7,5	52,3
788	02.08.17 19:30:07	0,77	4,37	31,6	-9,0	49,4
789	02.08.17 19:30:08	0,77	4,34	39,6	-5,4	45,0
790	02.08.17 19:30:09	0,77	4,32	42,0	-1,0	47,0
791	02.08.17 19:30:10	0,77	4,27	31,1	-6,4	52,5
792	02.08.17 19:30:11	0,77	4,25	30,2	-9,2	50,6
793	02.08.17 19:30:12	0,77	4,23	33,8	-9,9	46,3
794	02.08.17 19:30:13	0,77	4,20	32,8	-9,2	48,0
795	02.08.17 19:30:14	0,77	4,18	28,8	-9,6	51,6
796	02.08.17 19:30:15	0,77	4,16	40,1	-4,5	45,5
797	02.08.17 19:30:16	0,77	4,11	37,2	-8,5	44,3
798	02.08.17 19:30:17	0,77	4,09	29,7	-12,6	47,7
799	02.08.17 19:30:18	0,81	4,04	28,2	-11,7	50,1
800	02.08.17 19:30:19	0,81	4,02	31,3	-12,8	45,9
801	02.08.17 19:30:20	0,81	3,97	30,0	-12,3	47,7
802	02.08.17 19:30:21	0,85	3,93	26,8	-11,4	51,9
803	02.08.17 19:30:22	0,85	3,88	29,3	-11,8	49,0
804	02.08.17 19:30:23	0,89	3,86	31,3	-13,5	45,2
805	02.08.17 19:30:24	0,93	3,84	29,4	-12,5	48,1
806	02.08.17 19:30:25	0,93	3,77	25,7	-14,4	49,9
807	02.08.17 19:30:26	0,93	3,75	38,6	-6,0	45,3
808	02.08.17 19:30:27	0,97	3,71	31,1	-12,4	46,5
809	02.08.17 19:30:28	0,97	3,68	28,5	-13,4	48,2
810	02.08.17 19:30:29	0,97	3,64	30,1	-12,3	47,6
811	02.08.17 19:30:30	1,01	3,62	27,0	-18,3	44,7
812	02.08.17 19:30:31	1,01	3,55	30,4	-14,1	45,5
813	02.08.17 19:30:32	1,05	3,50	30,6	-10,9	48,5
814	02.08.17 19:30:33	1,05	3,46	28,7	-11,6	49,7
815	02.08.17 19:30:34	1,09	3,41	30,0	-12,9	47,1
816	02.08.17 19:30:35	1,13	3,37	28,3	-14,4	47,3
817	02.08.17 19:30:36	1,17	3,33	24,4	-15,9	49,6
818	02.08.17 19:30:37	1,21	3,26	29,4	-13,6	46,9
819	02.08.17 19:30:38	1,25	3,24	27,7	-16,2	46,2
820	02.08.17 19:30:39	1,29	3,20	28,4	-15,3	46,4
821	02.08.17 19:30:40	1,33	3,11	28,5	-14,2	47,3
822	02.08.17 19:30:41	1,37	3,11	31,0	-14,3	44,7
823	02.08.17 19:30:42	1,41	3,07	30,9	-13,8	45,3
824	02.08.17 19:30:43	1,45	3,00	29,7	-11,8	48,5
825	02.08.17 19:30:44	1,49	2,95	27,2	-13,1	49,7
826	02.08.17 19:30:45	1,60	2,89	30,5	-13,8	45,7
827	02.08.17 19:30:46	1,68	2,85	31,3	-14,4	44,3
828	02.08.17 19:30:47	1,80	2,79	30,7	-14,5	44,8
829	02.08.17 19:30:48	1,88	2,77	29,0	-12,7	48,3
830	02.08.17 19:30:49	1,88	2,75	35,5	-22,6	32,0
831	02.08.17 19:30:50	1,92	2,78	48,9	-17,8	23,3
832	02.08.17 19:30:51	1,92	2,78	51,4	-15,1	23,5
833	02.08.17 19:30:52	1,92	2,80	41,2	-16,4	32,4
834	02.08.17 19:30:53	1,92	2,82	61,0	-8,0	20,9
835	02.08.17 19:30:54	1,88	2,84	66,1	-10,2	13,7
836	02.08.17 19:30:55	1,88	2,87	57,8	-12,8	19,4
837	02.08.17 19:30:56	1,88	2,84	53,9	-15,0	21,0
838	02.08.17 19:30:57	1,88	2,84	53,7	-17,0	19,3
839	02.08.17 19:30:58	1,88	2,84	53,8	-18,7	17,5
840	02.08.17 19:30:59	1,88	2,87	52,4	-18,1	19,5
841	02.08.17 19:31:00	1,88	2,87	50,8	-15,1	24,1
842	02.08.17 19:31:01	1,88	2,84	53,1	-13,4	23,4
843	02.08.17 19:31:02	1,88	2,87	60,2	-12,1	17,7
844	02.08.17 19:31:03	1,84	2,86	60,2	-10,0	19,8
845	02.08.17 19:31:04	1,84	2,84	60,0	-6,2	23,8
846	02.08.17 19:31:05	1,84	2,86	66,0	-2,5	21,6
847	02.08.17 19:31:06	1,84	2,89	69,7	-0,3	20,0
848	02.08.17 19:31:07	1,84	2,86	65,3	3,3	21,3
849	02.08.17 19:31:08	1,84	2,84	58,2	8,1	23,7
850	02.08.17 19:31:09	1,84	2,82	54,3	13,5	22,2
851	02.08.17 19:31:10	1,84	2,84	54,4	16,6	19,1
852	02.08.17 19:31:11	1,88	2,80	52,5	13,7	23,7
853	02.08.17 19:31:12	1,88	2,77	48,7	12,7	28,6
854	02.08.17 19:31:13	1,88	2,70	47,9	9,1	33,0
855	02.08.17 19:31:14	1,88	2,68	48,7	9,1	32,3
856	02.08.17 19:31:15	1,88	2,63	44,1	12,5	33,4
857	02.08.17 19:31:16	1,92	2,57	45,1	9,8	35,2
858	02.08.17 19:31:17	1,92	2,52	43,2	12,2	34,6
859	02.08.17 19:31:18	1,92	2,52	42,6	14,1	33,3
860	02.08.17 19:31:19	1,92	2,50	48,6	18,9	22,5
861	02.08.17 19:31:20	1,92	2,50	50,6	17,3	22,2
862	02.08.17 19:31:21	1,92	2,48	47,3	17,4	25,3
863	02.08.17 19:31:22	1,92	2,48	48,1	18,5	23,4
864	02.08.17 19:31:23	1,92	2,48	50,0	17,6	22,4
865	02.08.17 19:31:24	1,92	2,43	45,1	16,8	28,1
866	02.08.17 19:31:25	1,92	2,36	43,9	11,4	34,7
867	02.08.17 19:31:26	1,92	2,31	42,2	14,4	33,4
868	02.08.17 19:31:27	1,92	2,34	49,1	18,5	22,4
869	02.08.17 19:31:28	1,92	2,34	53,0	15,9	21,1
870	02.08.17 19:31:29	1,92	2,29	46,1	18,1	25,8
871	02.08.17 19:31:30	1,96	2,27	44,1	18,3	27,6
872	02.08.17 19:31:31	2,00	2,27	48,8	17,7	23,4
873	02.08.17 19:31:32	2,04	2,27	48,6	16,8	24,7
874	02.08.17 19:31:33	2,07	2,25	45,4	17,1	27,6
875	02.08.17 19:31:34	2,11	2,23	45,1	17,2	27,7
876	02.08.17 19:31:35	2,15	2,24	43,6	18,0	28,3
877	02.08.17 19:31:36	2,19	2,22	47,0	18,0	25,0
878	02.08.17 19:31:37	2,23	2,24	50,7	16,1	23,2
879	02.08.17 19:31:38	2,27	2,22	49,5	17,0	23,4
880	02.08.17 19:31:39	2,31	2,20	46,9	17,6	25,5
881	02.08.17 19:31:40	2,31	2,18	42,0	15,8	32,2
882	02.08.17 19:31:41	2,35	2,13	42,7	16,4	30,9
883	02.08.17 19:31:42	2,38	2,11	42,8	16,7	30,4
884	02.08.17 19:31:43	2,42	2,07	41,8	16,4	31,8
885	02.08.17 19:31:44	2,58	1,99	41,4	15,6	32,9
886	02.08.17 19:31:45	2,62	1,99	42,1	17,9	29,9
887	02.08.17 19:31:46	2,65	1,95	42,8	16,0	31,1
888	02.08.17 19:31:47	2,77	1,89	45,4	11,9	32,7
889	02.08.17 19:31:48	2,88	1,87	42,9	15,3	31,8
890	02.08.17 19:31:49	3,04	1,84	44,6	11,2	34,2
891	02.08.17 19:31:50	3,15	1,78	43,7	13,8	32,5
892	02.08.17 19:31:51	3,30	1,76	42,4	10,2	37,4
893	02.08.17 19:31:52	3,38	1,75	41,5	15,3	33,2
894	02.08.17 19:31:53	3,49	1,69	44,4	7,9	37,7
895	02.08.17 19:31:54	3,57	1,64	37,5	12,0	40,5
896	02.08.17 19:31:55	3,64	1,63	39,2	14,5	36,3
897	02.08.17 19:31:56	3,68	1,65	40,1	14,6	35,2
898	02.08.17 19:31:57	3,72	1,61	37,5	13,7	38,8
899	02.08.17 19:31:58	3,75	1,59	39,2	10,8	40,0
900	02.08.17 19:31:59	3,83	1,57	39,8	11,4	38,8
901	02.08.17 19:32:00	3,90	1,51	37,5	14,3	38,2
902	02.08.17 19:32:01	3,94	1,49	33,7	13,8	42,5
903	02.08.17 19:32:02	4,01	1,45	41,3	7,6	41,1
904	02.08.17 19:32:03	4,09	1,34	42,6	6,8	40,6
905	02.08.17 19:32:04	4,20	1,39	33,0	18,7	38,2
906	02.08.17 19:32:05	4,42	1,31	40,6	10,0	39,5
907	02.08.17 19:32:06	4,57	1,28	27,2	14,8	48,0
908	02.08.17 19:32:07	4,68	1,29	27,9	15,4	46,7
909	02.08.17 19:32:08	4,72	1,24	28,5	13,0	48,5
910	02.08.17 19:32:09	4,97	1,17	33,0	12,0	45,0
911	02.08.17 19:32:10	5,26	1,15	32,2	11,8	46,0
912	02.08.17 19:32:11	5,44	1,11	33,0	11,1	45,9
913	02.08.17 19:32:12	5,66	1,13	37,1	10,8	42,1
914	02.08.17 19:32:13	5,80	1,12	40,9	11,1	38,0
915	02.08.17 19:32:14	5,87	1,10	37,9	13,5	38,7
916	02.08.17 19:32:15	5,87	1,10	36,4	15,3	38,3
917	02.08.17 19:32:16	5,91	1,08	37,0	17,2	35,8
918	02.08.17 19:32:17	5,91	1,06	35,9	18,8	35,3
919	02.08.17 19:32:18	5,91	1,06	34,8	21,5	33,6
920	02.08.17 19:32:19	5,91	1,06	38,5	20,0	31,5
921	02.08.17 19:32:20	5,87	1,03	39,4	21,6	29,0
922	02.08.17 19:32:21	5,87	1,01	27,6	26,5	35,9
923	02.08.17 19:32:22	5,87	1,03	40,1	22,8	27,1
924	02.08.17 19:32:23	5,94	1,01	45,8	20,6	23,6
925	02.08.17 19:32:24	6,12	0,96	48,4	16,9	24,7
926	02.08.17 19:32:25	6,33	0,90	39,8	19,4	30,8
927	02.08.17 19:32:26	6,51	0,89	48,4	13,6	28,0
928	02.08.17 19:32:27	6,58	0,90	49,1	16,7	24,2
929	02.08.17 19:32:28	6,58	0,90	44,0	15,5	30,5
930	02.08.17 19:32:29	6,62	0,83	41,9	10,6	37,4
931	02.08.17 19:32:30	6,65	0,79	41,1	14,8	34,2
932	02.08.17 19:32:31	6,69	0,81	46,4	12,0	31,6
933	02.08.17 19:32:32	6,76	0,80	41,7	13,0	35,2
934	02.08.17 19:32:33	6,83	0,71	33,4	16,2	40,4
935	02.08.17 19:32:34	6,97	0,56	36,6	12,9	40,5
936	02.08.17 19:32:35	7,21	0,64	33,8	14,5	41,7
937	02.08.17 19:32:36	7,42	0,59	41,0	7,6	41,5
938	02.08.17 19:32:37	7,49	0,57	39,0	8,2	42,9
939	02.08.17 19:32:38	7,56	0,53	33,6	12,3	44,2
940	02.08.17 19:32:39	7,66	0,46	32,5	14,0	43,5
941	02.08.17 19:32:40	7,87	0,46	45,6	4,0	40,4
942	02.08.17 19:32:41	7,97	0,44	41,4	7,5	41,1
943	02.08.17 19:32:42	8,07	0,39	35,6	11,7	42,7
944	02.08.17 19:32:43	8,07	0,34	31,7	17,1	41,2
945	02.08.17 19:32:44	8,31	0,30	40,7	7,7	41,6
946	02.08.17 19:32:45	8,48	0,28	35,5	11,9	42,6
947	02.08.17 19:32:46	8,61	0,18	30,3	13,3	46,4
948	02.08.17 19:32:47	8,82	0,21	32,7	11,1	46,2
949	02.08.17 19:32:48	8,95	0,11	30,2	12,6	47,2
950	02.08.17 19:32:49	9,15	0,11	38,9	7,7	43,4
951	02.08.17 19:32:50	9,32	0,04	38,0	10,5	41,5
952	02.08.17 19:32:51	9,39	0,09	34,2	10,5	45,3
953	02.08.17 19:32:52	9,39	0,04	30,2	12,7	47,1
954	02.08.17 19:32:53	9,55	0,00	34,1	9,3	46,6
955	02.08.17 19:32:54	9,68	0,00	38,6	3,8	47,6
956	02.08.17 19:32:55	9,92	0,00	26,5	11,4	52,1
957	02.08.17 19:32:56	10,05	0,00	24,1	14,5	51,4
958	02.08.17 19:32:57	10,11	0,00	32,0	10,4	47,5
959	02.08.17 19:32:58	10,25	0,00	37,8	4,0	48,3
960	02.08.17 19:32:59	10,44	0,00	18,7	4,1	67,2
961	02.08.17 19:33:00	10,54	0,00	22,8	7,5	59,7
962	02.08.17 19:33:01	10,67	0,00	22,4	6,2	61,4
963	02.08.17 19:33:02	10,80	0,00	31,6	-1,6	56,7
964	02.08.17 19:33:03	10,87	0,00	30,4	2,4	57,2
965	02.08.17 19:33:04	10,80	0,00	28,2	7,6	54,2
966	02.08.17 19:33:05	10,83	0,00	24,7	6,2	59,0
967	02.08.17 19:33:06	11,00	0,00	27,8	6,5	55,7
968	02.08.17 19:33:07	11,06	0,00	23,3	8,6	58,0
969	02.08.17 19:33:08	11,26	0,00	21,2	8,7	60,1
970	02.08.17 19:33:09	11,35	0,00	26,3	2,2	61,5
971	02.08.17 19:33:10	11,51	0,00	21,6	2,1	66,3
972	02.08.17 19:33:11	11,64	0,00	18,0	1,6	70,4
973	02.08.17 19:33:12	11,71	0,00	35,8	-0,4	53,8
974	02.08.17 19:33:13	11,77	0,00	24,4	11,5	54,1
975	02.08.17 19:33:14	11,90	0,00	15,2	22,0	52,8
976	02.08.17 19:33:15	11,96	0,00	37,6	6,8	45,7
977	02.08.17 19:33:16	11,96	0,00	40,2	-0,4	49,4
978	02.08.17 19:33:17	11,96	0,00	36,0	-1,6	52,5
979	02.08.17 19:33:18	11,96	0,00	25,8	12,8	51,4
980	02.08.17 19:33:19	11,99	0,00	29,9	3,9	56,2
981	02.08.17 19:33:20	12,09	0,00	16,9	8,5	64,6
982	02.08.17 19:33:21	12,12	0,00	22,4	9,6	58,0
983	02.08.17 19:33:22	12,22	0,00	22,5	6,4	61,0
984	02.08.17 19:33:23	12,34	0,00	39,2	-3,4	47,5
985	02.08.17 19:33:24	12,41	0,00	22,7	18,0	49,3
986	02.08.17 19:33:25	12,44	0,00	31,8	5,9	52,4
987	02.08.17 19:33:26	12,57	0,00	42,7	18,5	28,8
988	02.08.17 19:33:27	12,69	0,00	44,0	26,1	19,9
989	02.08.17 19:33:28	12,73	0,00	46,8	12,2	30,9
990	02.08.17 19:33:29	12,69	0,00	25,7	-22,5	41,8
991	02.08.17 19:33:30	12,66	0,00	33,4	-20,4	36,2
992	02.08.17 19:33:31	12,69	0,00	25,9	-36,2	27,9
993	02.08.17 19:33:32	12,69	0,00	27,2	-35,6	27,2
994	02.08.17 19:33:33	12,79	0,00	51,7	-23,3	15,0
995	02.08.17 19:33:34	12,79	0,00	46,8	-25,8	17,4
996	02.08.17 19:33:35	12,88	0,00	47,6	-23,6	18,8
997	02.08.17 19:33:36	12,85	0,00	52,6	-20,9	16,5
998	02.08.17 19:33:37	12,82	0,00	41,1	-33,4	15,5
999	02.08.17 19:33:38	12,88	0,00	46,8	-26,8	16,4
1000	02.08.17 19:33:39	12,98	0,00	48,9	-31,2	9,9
1001	02.08.17 19:33:40	13,04	0,00	40,0	-34,9	15,0
1002	02.08.17 19:33:41	13,07	0,00	43,0	-28,9	18,1
1003	02.08.17 19:33:42	13,04	0,00	48,5	-33,7	7,7
1004	02.08.17 19:33:43	12,85	0,00	45,6	-22,5	21,9
1005	02.08.17 19:33:44	12,60	0,00	24,2	-13,4	52,3
1006	02.08.17 19:33:45	12,34	0,00	28,5	-34,0	27,5
1007	02.08.17 19:33:46	12,12	0,00	21,4	-59,3	9,3
1008	02.08.17 19:33:47	11,87	0,00	9,3	-75,0	-5,7
1009	02.08.17 19:33:48	11,71	0,00	41,5	-39,0	-9,4
1010	02.08.17 19:33:49	11,55	0,00	23,4	-46,4	20,2
1011	02.08.17 19:33:50	11,42	0,00	22,1	-49,2	18,7
1012	02.08.17 19:33:51	11,29	0,00	46,2	-13,4	30,4
1013	02.08.17 19:33:52	11,22	0,00	75,9	-13,5	0,5
1014	02.08.17 19:33:53	11,09	0,00	67,7	-13,4	8,9
1015	02.08.17 19:33:54	11,00	0,00	67,2	17,1	5,7
1016	02.08.17 19:33:55	10,93	0,00	54,2	8,4	27,4
1017	02.08.17 19:33:56	10,83	0,00	73,3	3,2	13,6
1018	02.08.17 19:33:57	10,77	0,00	74,7	11,6	-3,7
1019	02.08.17 19:33:58	10,70	0,00	-4,0	-26,8	-59,1
1020	02.08.17 19:33:59	10,64	0,00	-1,4	-0,5	-88,1
1021	02.08.17 19:34:00	10,57	0,00	-7,9	-5,0	-77,1
1022	02.08.17 19:34:01	10,54	0,00	-8,4	-5,3	-76,3
1023	02.08.17 19:34:02	10,48	0,00	-12,1	-3,2	-74,7
1024	02.08.17 19:34:03	10,41	0,00	-7,0	-5,0	-78,0
1025	02.08.17 19:34:04	10,38	0,00	-14,2	-3,2	-72,6
1026	02.08.17 19:34:05	10,34	0,00	-16,5	4,9	-68,6
1027	02.08.17 19:34:06	10,31	0,00	-23,7	5,0	-61,3
1028	02.08.17 19:34:07	10,28	0,00	-23,1	4,0	-62,8
1029	02.08.17 19:34:08	10,25	0,00	-25,3	5,3	-59,5
1030	02.08.17 19:34:09	10,21	0,00	-29,0	3,9	-57,1
1031	02.08.17 19:34:10	10,18	0,00	-24,7	5,7	-59,6
1032	02.08.17 19:34:11	10,15	0,00	-33,4	-2,6	-54,0
1033	02.08.17 19:34:12	10,15	0,00	-58,0	-5,9	-26,1
1034	02.08.17 19:34:13	10,18	0,00	-22,6	-42,8	-24,6
1035	02.08.17 19:34:14	10,18	0,00	-1,8	-64,5	-23,7
1036	02.08.17 19:34:15	10,18	0,00	-0,7	-63,3	-26,0
1037	02.08.17 19:34:16	10,18	0,00	-3,2	-62,0	-24,8
1038	02.08.17 19:34:17	10,15	0,00	-3,8	-63,6	-22,7
1039	02.08.17 19:34:18	10,11	0,00	-2,7	-65,2	-22,1
1040	02.08.17 19:34:19	10,08	0,00	-2,1	-64,3	-23,6
1041	02.08.17 19:34:20	10,08	0,00	-2,4	-63,2	-24,4
1042	02.08.17 19:34:21	10,05	0,00	-3,4	-61,7	-24,8
1043	02.08.17 19:34:22	10,02	0,00	-3,5	-63,2	-23,3
1044	02.08.17 19:34:23	10,02	0,00	-2,2	-63,9	-23,9
1045	02.08.17 19:34:24	10,02	0,00	-1,1	-65,6	-23,3
1046	02.08.17 19:34:25	9,98	0,00	-3,2	-64,1	-22,6
1047	02.08.17 19:34:26	9,95	0,00	-5,0	-62,0	-23,0
1048	02.08.17 19:34:27	9,95	0,00	-2,6	-63,3	-24,1
1049	02.08.17 19:34:28	9,92	0,00	0,1	-65,8	-24,2
1050	02.08.17 19:34:29	9,92	0,00	-3,3	-63,4	-23,4
1051	02.08.17 19:34:30	9,88	0,00	-4,8	-62,3	-22,9
1052	02.08.17 19:34:31	9,85	0,00	-1,9	-64,4	-23,7
1053	02.08.17 19:34:32	9,85	0,00	-1,6	-64,8	-23,6
1054	02.08.17 19:34:33	9,82	0,00	-4,1	-62,9	-22,9
1055	02.08.17 19:34:34	9,82	0,00	-2,7	-63,7	-23,5
1056	02.08.17 19:34:35	9,78	0,00	-1,3	-63,8	-24,9
1057	02.08.17 19:34:36	9,78	0,00	-3,3	-63,4	-23,3
1058	02.08.17 19:34:37	9,75	0,00	-3,6	-63,9	-22,5
1059	02.08.17 19:34:38	9,75	0,00	-2,7	-64,3	-23,0
1060	02.08.17 19:34:39	9,75	0,00	-2,0	-63,3	-24,6
1061	02.08.17 19:34:40	9,72	0,00	-2,4	-62,5	-25,1
1062	02.08.17 19:34:41	9,72	0,00	-3,3	-63,2	-23,5
1063	02.08.17 19:34:42	9,72	0,00	-3,0	-64,2	-22,8
1064	02.08.17 19:34:43	9,72	0,00	-2,0	-64,5	-23,4
1065	02.08.17 19:34:44	9,72	0,00	-2,5	-62,6	-24,9
1066	02.08.17 19:34:45	9,68	0,00	-3,2	-62,1	-24,8
1067	02.08.17 19:34:46	9,68	0,00	-2,8	-63,8	-23,4
1068	02.08.17 19:34:47	9,68	0,00	-1,9	-64,9	-23,2
1069	02.08.17 19:34:48	9,68	0,00	-2,8	-63,3	-23,9
1070	02.08.17 19:34:49	9,68	0,00	-3,4	-62,2	-24,4
1071	02.08.17 19:34:50	9,68	0,00	-2,4	-62,5	-25,1
1072	02.08.17 19:34:51	9,68	0,00	-1,9	-64,5	-23,6
1073	02.08.17 19:34:52	9,68	0,00	-2,5	-64,8	-22,7
1074	02.08.17 19:34:53	9,68	0,00	-3,4	-61,7	-24,9
1075	02.08.17 19:34:54	9,65	0,00	-2,3	-61,0	-26,7
1076	02.08.17 19:34:55	9,65	0,00	-1,4	-65,3	-23,3
1077	02.08.17 19:34:56	9,65	0,00	-3,2	-65,0	-21,8
1078	02.08.17 19:34:57	9,65	0,00	-3,7	-62,3	-23,9
1079	02.08.17 19:34:58	9,65	0,00	-2,4	-62,4	-25,2
1080	02.08.17 19:34:59	9,65	0,00	-1,8	-63,6	-24,6
1081	02.08.17 19:35:00	9,65	0,00	-2,6	-62,7	-24,7
1082	02.08.17 19:35:01	9,65	0,00	-3,0	-63,5	-23,5
1083	02.08.17 19:35:02	9,65	0,00	-2,2	-64,7	-23,1
1084	02.08.17 19:35:03	9,65	0,00	-3,2	-64,0	-22,8
1085	02.08.17 19:35:04	9,62	0,00	-3,7	-61,3	-25,0
1086	02.08.17 19:35:05	9,62	0,00	-1,7	-63,4	-24,9
1087	02.08.17 19:35:06	9,62	0,00	-0,9	-65,1	-24,0
1088	02.08.17 19:35:07	9,62	0,00	-3,4	-62,1	-24,5
1089	02.08.17 19:35:08	9,62	0,00	-4,2	-63,0	-22,8
1090	02.08.17 19:35:09	9,62	0,00	-2,3	-65,4	-22,2
1091	02.08.17 19:35:10	9,62	0,00	-1,5	-63,7	-24,8
1092	02.08.17 19:35:11	9,62	0,00	-2,7	-61,7	-25,6
1093	02.08.17 19:35:12	9,62	0,00	-3,6	-62,9	-23,5
1094	02.08.17 19:35:13	9,62	0,00	-2,7	-65,0	-22,3
1095	02.08.17 19:35:14	9,62	0,00	-1,9	-64,0	-24,1
1096	02.08.17 19:35:15	9,62	0,00	-2,6	-62,1	-25,4
1097	02.08.17 19:35:16	9,62	0,00	-3,3	-62,9	-23,8
1098	02.08.17 19:35:17	9,62	0,00	-3,1	-64,7	-22,2
1099	02.08.17 19:35:18	9,62	0,00	-1,8	-64,7	-23,5
1100	02.08.17 19:35:19	9,62	0,00	-2,0	-62,5	-25,5
1101	02.08.17 19:35:20	9,62	0,00	-3,9	-62,1	-24,0
1102	02.08.17 19:35:21	9,65	0,00	-3,7	-63,8	-22,5
1103	02.08.17 19:35:22	9,65	0,00	-1,1	-65,0	-23,9
1104	02.08.17 19:35:23	9,65	0,00	-1,6	-63,5	-24,9
1105	02.08.17 19:35:24	9,65	0,00	-3,7	-61,6	-24,7
1106	02.08.17 19:35:25	9,65	0,00	-3,8	-61,9	-24,3
1107	02.08.17 19:35:26	9,65	0,00	-2,1	-65,7	-22,2
1108	02.08.17 19:35:27	9,65	0,00	-1,5	-65,7	-22,8
1109	02.08.17 19:35:28	9,65	0,00	-3,2	-61,7	-25,1
1110	02.08.17 19:35:29	9,65	0,00	-3,8	-61,3	-24,9
1111	02.08.17 19:35:30	9,65	0,00	-2,4	-64,1	-23,5
1112	02.08.17 19:35:31	9,65	0,00	-1,5	-64,6	-23,9
1113	02.08.17 19:35:32	9,65	0,00	-2,4	-63,7	-23,9
1114	02.08.17 19:35:33	9,65	0,00	-3,8	-63,0	-23,1
1115	02.08.17 19:35:34	9,65	0,00	-3,3	-63,0	-23,8
1116	02.08.17 19:35:35	9,65	0,00	-2,1	-63,4	-24,5
1117	02.08.17 19:35:36	9,68	0,00	-2,0	-63,3	-24,7
1118	02.08.17 19:35:37	9,68	0,00	-2,1	-64,2	-23,7
1119	02.08.17 19:35:38	9,68	0,00	-3,3	-63,0	-23,7
1120	02.08.17 19:35:39	9,68	0,00	-4,1	-62,1	-23,8
1121	02.08.17 19:35:40	9,68	0,00	-1,9	-64,6	-23,5
1122	02.08.17 19:35:41	9,68	0,00	-1,3	-65,3	-23,4
1123	02.08.17 19:35:42	9,68	0,00	-3,0	-61,3	-25,6
1124	02.08.17 19:35:43	9,68	0,00	-3,8	-61,3	-24,9
1125	02.08.17 19:35:44	9,68	0,00	-2,3	-65,4	-22,4
1126	02.08.17 19:35:45	9,68	0,00	-2,1	-65,6	-22,3
1127	02.08.17 19:35:46	9,68	0,00	-3,0	-62,9	-24,1
1128	02.08.17 19:35:47	9,68	0,00	-3,3	-61,4	-25,3
1129	02.08.17 19:35:48	9,72	0,00	-2,8	-62,6	-24,6
1130	02.08.17 19:35:49	9,72	0,00	-1,6	-65,0	-23,4
1131	02.08.17 19:35:50	9,72	0,00	-2,3	-63,6	-24,1
1132	02.08.17 19:35:51	9,72	0,00	-3,4	-62,1	-24,5
1133	02.08.17 19:35:52	9,75	0,00	-3,1	-63,8	-23,1
1134	02.08.17 19:35:53	9,75	0,00	-2,4	-64,1	-23,5
1135	02.08.17 19:35:54	9,75	0,00	-2,0	-62,6	-25,4
1136	02.08.17 19:35:55	9,75	0,00	-2,1	-62,1	-25,8
1137	02.08.17 19:35:56	9,78	0,00	-3,0	-64,1	-22,9
1138	02.08.17 19:35:57	9,78	0,00	-3,1	-63,7	-23,2
1139	02.08.17 19:35:58	9,78	0,00	-2,5	-62,7	-24,8
1140	02.08.17 19:35:59	9,78	0,00	-1,5	-63,0	-25,4
1141	02.08.17 19:36:00	9,78	0,00	-2,4	-63,3	-24,3
1142	02.08.17 19:36:01	9,78	0,00	-3,2	-63,0	-23,8
1143	02.08.17 19:36:02	9,82	0,00	-2,2	-62,9	-24,9
1144	02.08.17 19:36:03	9,82	0,00	-2,3	-62,8	-24,9
1145	02.08.17 19:36:04	9,82	0,00	-2,8	-63,2	-24,1
1146	02.08.17 19:36:05	9,82	0,00	-1,9	-64,5	-23,6
1147	02.08.17 19:36:06	9,85	0,00	-2,7	-62,7	-24,6
1148	02.08.17 19:36:07	9,85	0,00	-3,7	-60,4	-25,9
1149	02.08.17 19:36:08	9,85	0,00	-1,4	-63,7	-24,9
1150	02.08.17 19:36:09	9,88	0,00	-1,0	-65,6	-23,4
1151	02.08.17 19:36:10	9,88	0,00	-3,6	-62,5	-23,9
1152	02.08.17 19:36:11	9,88	0,00	-4,2	-61,3	-24,5
1153	02.08.17 19:36:12	9,88	0,00	-1,9	-61,9	-26,2
1154	02.08.17 19:36:13	9,92	0,00	0,9	-64,2	-24,9
1155	02.08.17 19:36:14	9,92	0,00	-3,8	-64,0	-22,2
1156	02.08.17 19:36:15	9,92	0,00	-5,6	-61,1	-23,3
1157	02.08.17 19:36:16	9,95	0,00	-1,3	-61,8	-26,8
1158	02.08.17 19:36:17	9,95	0,00	0,7	-62,7	-26,5
1159	02.08.17 19:36:18	9,95	0,00	-3,5	-63,7	-22,8
1160	02.08.17 19:36:19	9,98	0,00	-4,4	-62,8	-22,7
1161	02.08.17 19:36:20	9,98	0,00	-2,0	-63,0	-25,0
1162	02.08.17 19:36:21	9,98	0,00	-2,0	-63,0	-25,0
1163	02.08.17 19:36:22	9,98	0,00	-2,1	-62,1	-25,7
1164	02.08.17 19:36:23	10,02	0,00	-2,2	-63,0	-24,8
1165	02.08.17 19:36:24	10,02	0,00	-2,9	-63,8	-23,3
1166	02.08.17 19:36:25	10,02	0,00	-3,4	-63,0	-23,7
1167	02.08.17 19:36:26	10,02	0,00	-2,2	-61,9	-25,9
1168	02.08.17 19:36:27	10,05	0,00	-1,1	-64,2	-24,7
1169	02.08.17 19:36:28	10,05	0,00	-3,0	-62,3	-24,7
1170	02.08.17 19:36:29	10,08	0,00	-3,1	-61,7	-25,1
1171	02.08.17 19:36:30	10,08	0,00	-2,0	-64,1	-23,9
1172	02.08.17 19:36:31	10,08	0,00	-2,2	-63,6	-24,1
1173	02.08.17 19:36:32	10,08	0,00	-2,7	-62,4	-24,9
1174	02.08.17 19:36:33	10,11	0,00	-2,8	-62,6	-24,7
1175	02.08.17 19:36:34	10,11	0,00	-2,8	-63,9	-23,4
1176	02.08.17 19:36:35	10,11	0,00	-2,3	-62,9	-24,8
1177	02.08.17 19:36:36	10,15	0,00	-1,7	-61,6	-26,7
1178	02.08.17 19:36:37	10,15	0,00	-1,7	-63,7	-24,6
1179	02.08.17 19:36:38	10,15	0,00	-4,2	-63,4	-22,4
1180	02.08.17 19:36:39	10,15	0,00	-3,7	-62,5	-23,8
1181	02.08.17 19:36:40	10,18	0,00	-0,1	-63,4	-26,6
1182	02.08.17 19:36:41	10,18	0,00	-1,4	-63,0	-25,7
1183	02.08.17 19:36:42	10,18	0,00	-4,2	-62,2	-23,5
1184	02.08.17 19:36:43	10,21	0,00	-3,7	-62,1	-24,2
1185	02.08.17 19:36:44	10,21	0,00	-0,3	-64,5	-25,2
1186	02.08.17 19:36:45	10,21	0,00	-2,2	-63,1	-24,7
1187	02.08.17 19:36:46	10,21	0,00	-3,7	-62,0	-24,3
1188	02.08.17 19:36:47	10,25	0,00	-3,0	-62,6	-24,4
1189	02.08.17 19:36:48	10,25	0,00	-1,5	-63,5	-24,9
1190	02.08.17 19:36:49	10,25	0,00	-1,3	-63,5	-25,2
1191	02.08.17 19:36:50	10,25	0,00	-3,0	-62,6	-24,3
1192	02.08.17 19:36:51	10,28	0,00	-3,2	-62,2	-24,5
1193	02.08.17 19:36:52	10,28	0,00	-2,8	-62,0	-25,2
1194	02.08.17 19:36:53	10,28	0,00	-0,5	-64,3	-25,2
1195	02.08.17 19:36:54	10,28	0,00	-2,0	-63,9	-24,1
1196	02.08.17 19:36:55	10,31	0,00	-4,8	-61,8	-23,5
1197	02.08.17 19:36:56	10,31	0,00	-3,9	-60,9	-25,2
1198	02.08.17 19:36:57	10,31	0,00	-0,1	-63,9	-26,0
1199	02.08.17 19:36:58	10,31	0,00	-0,5	-64,6	-24,9
1200	02.08.17 19:36:59	10,34	0,00	-4,2	-62,3	-23,5
1201	02.08.17 19:37:00	10,34	0,00	-4,9	-60,5	-24,5
1202	02.08.17 19:37:01	10,34	0,00	-1,5	-63,3	-25,2
1203	02.08.17 19:37:02	10,34	0,00	0,5	-64,7	-24,8
1204	02.08.17 19:37:03	10,38	0,00	-3,4	-62,0	-24,6
1205	02.08.17 19:37:04	10,38	0,00	-4,7	-60,9	-24,4
1206	02.08.17 19:37:05	10,38	0,00	-2,4	-62,7	-24,9
1207	02.08.17 19:37:06	10,41	0,00	-1,5	-63,6	-24,9
1208	02.08.17 19:37:07	10,41	0,00	-2,3	-61,4	-26,3
1209	02.08.17 19:37:08	10,41	0,00	-4,5	-60,0	-25,5
1210	02.08.17 19:37:09	10,41	0,00	-5,0	-60,4	-24,6
1211	02.08.17 19:37:10	10,44	0,00	-2,1	-63,4	-24,6
1212	02.08.17 19:37:11	10,44	0,00	-1,6	-63,2	-25,2
1213	02.08.17 19:37:12	10,48	0,00	-4,8	-60,6	-24,7
1214	02.08.17 19:37:13	10,48	0,00	-5,3	-61,6	-23,1
1215	02.08.17 19:37:14	10,48	0,00	-3,6	-65,0	-21,3
1216	02.08.17 19:37:15	10,48	0,00	-3,5	-65,2	-21,3
1217	02.08.17 19:37:16	10,48	0,00	-4,3	-63,6	-22,1
1218	02.08.17 19:37:17	10,51	0,00	-4,2	-62,9	-22,9
1219	02.08.17 19:37:18	10,51	0,00	-3,9	-63,2	-22,9
1220	02.08.17 19:37:19	10,51	0,00	-3,8	-64,7	-21,5
1221	02.08.17 19:37:20	10,51	0,00	-4,7	-65,6	-19,7
1222	02.08.17 19:37:21	10,54	0,00	-5,4	-64,9	-19,7
1223	02.08.17 19:37:22	10,54	0,00	-4,9	-65,3	-19,7
1224	02.08.17 19:37:23	10,54	0,00	-3,6	-66,3	-20,1
1225	02.08.17 19:37:24	10,54	0,00	-4,8	-64,6	-20,6
1226	02.08.17 19:37:25	10,54	0,00	-4,9	-63,5	-21,6
1227	02.08.17 19:37:26	10,57	0,00	-4,4	-65,4	-20,2
1228	02.08.17 19:37:27	10,57	0,00	-4,3	-67,4	-18,3
1229	02.08.17 19:37:28	10,57	0,00	-5,6	-65,7	-18,7
1230	02.08.17 19:37:29	10,57	0,00	-5,5	-63,1	-21,5
1231	02.08.17 19:37:30	10,61	0,00	-3,7	-65,7	-20,6
1232	02.08.17 19:37:31	10,61	0,00	-3,7	-69,1	-17,2
1233	02.08.17 19:37:32	10,61	0,00	-7,0	-62,3	-20,6
1234	02.08.17 19:37:33	10,61	0,00	-4,4	-64,5	-21,1
1235	02.08.17 19:37:34	10,64	0,00	-2,8	-67,3	-19,9
1236	02.08.17 19:37:35	10,64	0,00	-6,0	-65,8	-18,2
1237	02.08.17 19:37:36	10,64	0,00	-4,8	-65,1	-20,1
1238	02.08.17 19:37:37	10,64	0,00	-4,6	-64,3	-21,2
1239	02.08.17 19:37:38	10,67	0,00	-5,1	-64,3	-20,7
1240	02.08.17 19:37:39	10,67	0,00	-3,5	-66,7	-19,8
1241	02.08.17 19:37:40	10,67	0,00	-5,6	-64,7	-19,7
1242	02.08.17 19:37:41	10,67	0,00	-5,5	-64,9	-19,6
1243	02.08.17 19:37:42	10,70	0,00	-4,0	-65,8	-20,2
1244	02.08.17 19:37:43	10,70	0,00	-3,1	-64,7	-22,2
1245	02.08.17 19:37:44	10,70	0,00	-6,6	-63,9	-19,5
1246	02.08.17 19:37:45	10,70	0,00	-4,5	-66,9	-18,6
1247	02.08.17 19:37:46	10,74	0,00	-3,4	-65,3	-21,3
1248	02.08.17 19:37:47	10,74	0,00	-7,6	-61,6	-20,8
1249	02.08.17 19:37:48	10,74	0,00	-4,0	-67,1	-18,9
1250	02.08.17 19:37:49	10,74	0,00	-4,1	-67,1	-18,8
1251	02.08.17 19:37:50	10,74	0,00	-7,5	-60,0	-22,5
1252	02.08.17 19:37:51	10,74	0,00	-3,2	-66,7	-20,1
1253	02.08.17 19:37:52	10,74	0,00	-3,6	-65,7	-20,7
1254	02.08.17 19:37:53	10,77	0,00	-7,7	-58,4	-23,9
1255	02.08.17 19:37:54	10,77	0,00	0,1	-66,0	-24,0
1256	02.08.17 19:37:55	10,77	0,00	-4,0	-61,7	-24,3
1257	02.08.17 19:37:56	10,77	0,00	-4,6	-61,3	-24,1
1258	02.08.17 19:37:57	10,77	0,00	-2,5	-65,8	-21,7
1259	02.08.17 19:37:58	10,80	0,00	-4,8	-63,2	-22,0
1260	02.08.17 19:37:59	10,80	0,00	-4,6	-64,0	-21,4
1261	02.08.17 19:38:00	10,80	0,00	-2,6	-65,8	-21,6
1262	02.08.17 19:38:01	10,80	0,00	-3,4	-62,8	-23,7
1263	02.08.17 19:38:02	10,83	0,00	-3,9	-60,2	-26,0
1264	02.08.17 19:38:03	10,83	0,00	-1,4	-62,2	-26,4
1265	02.08.17 19:38:04	10,83	0,00	-2,9	-63,0	-24,1
1266	02.08.17 19:38:05	10,83	0,00	-2,5	-63,3	-24,3
1267	02.08.17 19:38:06	10,87	0,00	-3,3	-60,5	-26,2
1268	02.08.17 19:38:07	10,87	0,00	-1,7	-63,9	-24,5
1269	02.08.17 19:38:08	10,87	0,00	-3,0	-62,0	-25,0
1270	02.08.17 19:38:09	10,87	0,00	-2,9	-63,6	-23,5
1271	02.08.17 19:38:10	10,87	0,00	-2,9	-62,2	-24,9
1272	02.08.17 19:38:11	10,90	0,00	-1,6	-63,9	-24,4
1273	02.08.17 19:38:12	10,90	0,00	-2,5	-62,1	-25,4
1274	02.08.17 19:38:13	10,90	0,00	-3,4	-61,5	-25,1
1275	02.08.17 19:38:14	10,93	0,00	-1,2	-65,5	-23,4
1276	02.08.17 19:38:15	10,93	0,00	-5,0	-59,1	-25,9
1277	02.08.17 19:38:16	10,93	0,00	1,0	-64,1	-24,9
1278	02.08.17 19:38:17	10,93	0,00	-4,2	-58,2	-27,6
1279	02.08.17 19:38:18	10,93	0,00	1,5	-62,1	-26,4
1280	02.08.17 19:38:19	10,96	0,00	-2,6	-58,6	-28,8
1281	02.08.17 19:38:20	10,96	0,00	0,7	-60,4	-28,8
1282	02.08.17 19:38:21	10,96	0,00	-2,2	-60,5	-27,3
1283	02.08.17 19:38:22	10,96	0,00	-1,5	-61,6	-26,8
1284	02.08.17 19:38:23	11,00	0,00	-1,6	-62,4	-26,0
1285	02.08.17 19:38:24	11,00	0,00	-2,3	-62,9	-24,8
1286	02.08.17 19:38:25	11,00	0,00	-3,0	-63,3	-23,7
1287	02.08.17 19:38:26	11,00	0,00	-2,7	-64,7	-22,6
1288	02.08.17 19:38:27	11,03	0,00	-2,4	-64,5	-23,2
1289	02.08.17 19:38:28	11,03	0,00	-4,0	-63,4	-22,6
1290	02.08.17 19:38:29	11,03	0,00	-1,9	-65,5	-22,6
1291	02.08.17 19:38:30	11,06	0,00	-2,7	-63,1	-24,2
1292	02.08.17 19:38:31	11,06	0,00	-1,9	-64,2	-23,9
1293	02.08.17 19:38:32	11,06	0,00	-1,6	-61,7	-26,7
1294	02.08.17 19:38:33	11,06	0,00	-2,0	-61,4	-26,6
1295	02.08.17 19:38:34	11,09	0,00	-1,4	-61,8	-26,8
1296	02.08.17 19:38:35	11,09	0,00	-3,1	-60,9	-26,0
1297	02.08.17 19:38:36	11,09	0,00	-1,0	-62,4	-26,6
1298	02.08.17 19:38:37	11,09	0,00	-2,4	-61,5	-26,1
1299	02.08.17 19:38:38	11,13	0,00	-2,8	-61,7	-25,5
1300	02.08.17 19:38:39	11,13	0,00	-2,1	-62,4	-25,5
1301	02.08.17 19:38:40	11,13	0,00	-2,0	-64,4	-23,6
1302	02.08.17 19:38:41	11,13	0,00	-2,8	-64,4	-22,8
1303	02.08.17 19:38:42	11,16	0,00	-4,0	-62,1	-23,9
1304	02.08.17 19:38:43	11,16	0,00	-0,8	-65,4	-23,9
1305	02.08.17 19:38:44	11,16	0,00	-5,0	-61,5	-23,5
1306	02.08.17 19:38:45	11,19	0,00	0,7	-65,3	-24,0
1307	02.08.17 19:38:46	11,19	0,00	-5,6	-59,7	-24,8
1308	02.08.17 19:38:47	11,19	0,00	0,4	-65,3	-24,3
1309	02.08.17 19:38:48	11,19	0,00	-3,0	-59,8	-27,3
1310	02.08.17 19:38:49	11,19	0,00	-1,2	-62,4	-26,4
1311	02.08.17 19:38:50	11,22	0,00	-0,6	-61,7	-27,6
1312	02.08.17 19:38:51	11,22	0,00	-2,0	-61,6	-26,4
1313	02.08.17 19:38:52	11,22	0,00	-2,0	-62,6	-25,4
1314	02.08.17 19:38:53	11,22	0,00	-1,7	-62,0	-26,3
1315	02.08.17 19:38:54	11,22	0,00	-1,7	-62,7	-25,6
1316	02.08.17 19:38:55	11,26	0,00	-1,4	-64,0	-24,6
1317	02.08.17 19:38:56	11,26	0,00	-4,7	-61,4	-23,9
1318	02.08.17 19:38:57	11,26	0,00	0,2	-66,8	-23,1
1319	02.08.17 19:38:58	11,26	0,00	-5,5	-61,5	-23,0
1320	02.08.17 19:38:59	11,26	0,00	-1,0	-65,7	-23,3
1321	02.08.17 19:39:00	11,29	0,00	-3,1	-63,1	-23,8
1322	02.08.17 19:39:01	11,29	0,00	-0,9	-64,8	-24,3
1323	02.08.17 19:39:02	11,29	0,00	-3,2	-62,2	-24,6
1324	02.08.17 19:39:03	11,29	0,00	-1,7	-62,4	-25,9
1325	02.08.17 19:39:04	11,32	0,00	-0,4	-63,1	-26,5
1326	02.08.17 19:39:05	11,32	0,00	-2,0	-61,0	-27,0
1327	02.08.17 19:39:06	11,32	0,00	-0,9	-61,7	-27,3
1328	02.08.17 19:39:07	11,32	0,00	-1,7	-63,6	-24,7
1329	02.08.17 19:39:08	11,32	0,00	-1,8	-61,6	-26,6
1330	02.08.17 19:39:09	11,35	0,00	0,4	-63,2	-26,4
1331	02.08.17 19:39:10	11,35	0,00	-2,1	-59,6	-28,4
1332	02.08.17 19:39:11	11,35	0,00	0,6	-60,0	-29,5
1333	02.08.17 19:39:12	11,35	0,00	2,9	-56,0	-31,1
1334	02.08.17 19:39:13	11,38	0,00	1,5	-56,8	-31,7
1335	02.08.17 19:39:14	11,38	0,00	2,3	-58,7	-29,0
1336	02.08.17 19:39:15	11,38	0,00	-0,6	-61,1	-28,4
1337	02.08.17 19:39:16	11,38	0,00	-0,5	-63,3	-26,1
1338	02.08.17 19:39:17	11,42	0,00	-0,8	-63,2	-26,0
1339	02.08.17 19:39:18	11,42	0,00	0,2	-65,7	-24,1
1340	02.08.17 19:39:19	11,42	0,00	-1,6	-62,2	-26,1
1341	02.08.17 19:39:20	11,45	0,00	-2,6	-61,0	-26,4
1342	02.08.17 19:39:21	11,45	0,00	1,0	-62,9	-26,0
1343	02.08.17 19:39:22	11,45	0,00	-1,0	-62,5	-26,5
1344	02.08.17 19:39:23	11,45	0,00	-3,5	-63,1	-23,4
1345	02.08.17 19:39:24	11,45	0,00	-1,5	-64,4	-24,0
1346	02.08.17 19:39:25	11,48	0,00	-1,7	-60,3	-28,0
1347	02.08.17 19:39:26	11,48	0,00	-1,4	-62,1	-26,5
1348	02.08.17 19:39:27	11,48	0,00	-2,4	-63,5	-24,1
1349	02.08.17 19:39:28	11,51	0,00	-2,7	-60,9	-26,4
1350	02.08.17 19:39:29	11,51	0,00	-3,4	-62,7	-23,9
1351	02.08.17 19:39:30	11,51	0,00	-1,7	-64,1	-24,2
1352	02.08.17 19:39:31	11,55	0,00	-2,6	-63,9	-23,4
1353	02.08.17 19:39:32	11,55	0,00	-2,7	-61,3	-25,9
1354	02.08.17 19:39:33	11,55	0,00	-2,4	-60,5	-27,1
1355	02.08.17 19:39:34	11,55	0,00	-3,5	-64,7	-21,8
1356	02.08.17 19:39:35	11,58	0,00	-1,6	-65,1	-23,3
1357	02.08.17 19:39:36	11,58	0,00	-2,3	-61,4	-26,4
1358	02.08.17 19:39:37	11,58	0,00	-4,7	-62,3	-23,0
1359	02.08.17 19:39:38	11,61	0,00	-3,4	-66,3	-20,3
1360	02.08.17 19:39:39	11,61	0,00	-1,1	-62,9	-26,0
1361	02.08.17 19:39:40	11,61	0,00	-2,6	-61,7	-25,7
1362	02.08.17 19:39:41	11,61	0,00	-4,4	-65,0	-20,6
1363	02.08.17 19:39:42	11,61	0,00	-3,2	-62,6	-24,2
1364	02.08.17 19:39:43	11,64	0,00	-1,3	-62,1	-26,6
1365	02.08.17 19:39:44	11,64	0,00	-2,1	-63,1	-24,8
1366	02.08.17 19:39:45	11,64	0,00	-3,6	-63,4	-23,0
1367	02.08.17 19:39:46	11,64	0,00	-2,3	-62,3	-25,4
1368	02.08.17 19:39:47	11,67	0,00	-3,2	-63,2	-23,6
1369	02.08.17 19:39:48	11,67	0,00	-2,9	-63,4	-23,7
1370	02.08.17 19:39:49	11,67	0,00	-2,3	-63,1	-24,7
1371	02.08.17 19:39:50	11,67	0,00	-1,9	-62,6	-25,5
1372	02.08.17 19:39:51	11,67	0,00	-3,6	-62,0	-24,5
1373	02.08.17 19:39:52	11,71	0,00	-3,5	-62,2	-24,3
1374	02.08.17 19:39:53	11,71	0,00	-1,7	-63,7	-24,6
1375	02.08.17 19:39:54	11,71	0,00	-1,9	-65,5	-22,5
1376	02.08.17 19:39:55	11,71	0,00	-3,9	-60,1	-26,0
1377	02.08.17 19:39:56	11,71	0,00	-3,6	-61,2	-25,2
1378	02.08.17 19:39:57	11,74	0,00	-1,0	-66,6	-22,4
1379	02.08.17 19:39:58	11,74	0,00	-1,9	-62,5	-25,6
1380	02.08.17 19:39:59	11,74	0,00	-4,7	-59,8	-25,6
1381	02.08.17 19:40:00	11,74	0,00	-3,2	-64,5	-22,4
1382	02.08.17 19:40:01	11,77	0,00	-1,1	-66,2	-22,7
1383	02.08.17 19:40:02	11,77	0,00	-3,0	-62,1	-24,9
1384	02.08.17 19:40:03	11,77	0,00	-3,7	-61,4	-24,9
1385	02.08.17 19:40:04	11,77	0,00	-2,6	-62,6	-24,8
1386	02.08.17 19:40:05	11,77	0,00	-1,9	-63,0	-25,2
1387	02.08.17 19:40:06	11,77	0,00	-1,9	-64,1	-24,0
1388	02.08.17 19:40:07	11,77	0,00	-3,2	-63,9	-22,9
1389	02.08.17 19:40:08	11,80	0,00	-4,2	-60,8	-24,9
1390	02.08.17 19:40:09	11,80	0,00	-2,4	-62,1	-25,5
1391	02.08.17 19:40:10	11,80	0,00	0,3	-65,0	-24,7
1392	02.08.17 19:40:11	11,80	0,00	-4,2	-64,6	-21,2
1393	02.08.17 19:40:12	11,80	0,00	-4,8	-60,2	-25,0
1394	02.08.17 19:40:13	11,83	0,00	-1,4	-62,0	-26,5
1395	02.08.17 19:40:14	11,83	0,00	-0,9	-67,1	-22,0
1396	02.08.17 19:40:15	11,83	0,00	-4,4	-64,2	-21,5
1397	02.08.17 19:40:16	11,83	0,00	-4,3	-60,0	-25,7
1398	02.08.17 19:40:17	11,87	0,00	-0,3	-61,9	-27,9
1399	02.08.17 19:40:18	11,87	0,00	-0,7	-65,3	-24,1
1400	02.08.17 19:40:19	11,87	0,00	-5,5	-63,7	-20,8
1401	02.08.17 19:40:20	11,87	0,00	-4,2	-60,6	-25,2
1402	02.08.17 19:40:21	11,87	0,00	-0,6	-65,0	-24,4
1403	02.08.17 19:40:22	11,90	0,00	-1,2	-65,1	-23,7
1404	02.08.17 19:40:23	11,90	0,00	-4,8	-62,0	-23,2
1405	02.08.17 19:40:24	11,90	0,00	-4,4	-59,2	-26,4
1406	02.08.17 19:40:25	11,90	0,00	-0,2	-63,7	-26,2
1407	02.08.17 19:40:26	11,90	0,00	-0,9	-67,7	-21,4
1408	02.08.17 19:40:27	11,93	0,00	-5,5	-62,7	-21,8
1409	02.08.17 19:40:28	11,93	0,00	-4,5	-58,9	-26,6
1410	02.08.17 19:40:29	11,93	0,00	-0,3	-63,0	-26,6
1411	02.08.17 19:40:30	11,93	0,00	-0,8	-68,3	-21,0
1412	02.08.17 19:40:31	11,96	0,00	-5,1	-62,6	-22,4
1413	02.08.17 19:40:32	11,96	0,00	-4,5	-59,2	-26,3
1414	02.08.17 19:40:33	11,96	0,00	-0,9	-63,8	-25,3
1415	02.08.17 19:40:34	11,96	0,00	-0,4	-66,7	-22,9
1416	02.08.17 19:40:35	11,96	0,00	-4,8	-62,1	-23,2
1417	02.08.17 19:40:36	11,99	0,00	-5,0	-59,4	-25,6
1418	02.08.17 19:40:37	11,99	0,00	-0,9	-63,5	-25,7
1419	02.08.17 19:40:38	11,99	0,00	-0,2	-66,6	-23,2
1420	02.08.17 19:40:39	11,99	0,00	-4,8	-62,8	-22,5
1421	02.08.17 19:40:40	12,03	0,00	-4,9	-59,2	-25,9
1422	02.08.17 19:40:41	12,03	0,00	-0,7	-63,1	-26,2
1423	02.08.17 19:40:42	12,03	0,00	-1,0	-67,7	-21,3
1424	02.08.17 19:40:43	12,03	0,00	-3,9	-62,0	-24,1
1425	02.08.17 19:40:44	12,03	0,00	-4,6	-59,1	-26,3
1426	02.08.17 19:40:45	12,06	0,00	-1,4	-65,7	-23,0
1427	02.08.17 19:40:46	12,06	0,00	-0,9	-66,1	-23,0
1428	02.08.17 19:40:47	12,06	0,00	-5,4	-61,0	-23,6
1429	02.08.17 19:40:48	12,09	0,00	-3,2	-60,0	-26,8
1430	02.08.17 19:40:49	12,09	0,00	0,4	-65,4	-24,2
1431	02.08.17 19:40:50	12,09	0,00	-2,6	-63,8	-23,6
1432	02.08.17 19:40:51	12,09	0,00	-5,4	-59,9	-24,7
1433	02.08.17 19:40:52	12,12	0,00	-3,1	-62,4	-24,5
1434	02.08.17 19:40:53	12,12	0,00	0,6	-66,2	-23,1
1435	02.08.17 19:40:54	12,12	0,00	-3,4	-62,5	-24,1
1436	02.08.17 19:40:55	12,12	0,00	-4,9	-59,3	-25,9
1437	02.08.17 19:40:56	12,12	0,00	-2,3	-63,2	-24,4
1438	02.08.17 19:40:57	12,12	0,00	-0,6	-65,6	-23,8
1439	02.08.17 19:40:58	12,15	0,00	-3,0	-63,1	-23,9
1440	02.08.17 19:40:59	12,15	0,00	-4,2	-61,3	-24,5
1441	02.08.17 19:41:00	12,15	0,00	-3,2	-61,7	-25,1
1442	02.08.17 19:41:01	12,15	0,00	-0,3	-65,2	-24,5
1443	02.08.17 19:41:02	12,15	0,00	-2,0	-64,2	-23,8
1444	02.08.17 19:41:03	12,19	0,00	-4,8	-61,0	-24,2
1445	02.08.17 19:41:04	12,19	0,00	-3,0	-61,8	-25,2
1446	02.08.17 19:41:05	12,19	0,00	0,3	-65,1	-24,6
1447	02.08.17 19:41:06	12,22	0,00	-3,4	-63,7	-22,9
1448	02.08.17 19:41:07	12,22	0,00	-5,2	-62,1	-22,6
1449	02.08.17 19:41:08	12,22	0,00	-1,7	-63,4	-24,9
1450	02.08.17 19:41:09	12,22	0,00	0,3	-62,9	-26,8
1451	02.08.17 19:41:10	12,25	0,00	-4,7	-62,9	-22,4
1452	02.08.17 19:41:11	12,25	0,00	-4,8	-64,2	-21,0
1453	02.08.17 19:41:12	12,25	0,00	-1,5	-63,9	-24,6
1454	02.08.17 19:41:13	12,25	0,00	-1,4	-63,5	-25,2
1455	02.08.17 19:41:14	12,28	0,00	-4,3	-64,5	-21,2
1456	02.08.17 19:41:15	12,28	0,00	-4,6	-63,7	-21,7
1457	02.08.17 19:41:16	12,28	0,00	-1,5	-62,8	-25,7
1458	02.08.17 19:41:17	12,28	0,00	-0,4	-63,3	-26,4
1459	02.08.17 19:41:18	12,28	0,00	-4,6	-63,8	-21,6
1460	02.08.17 19:41:19	12,31	0,00	-4,4	-62,7	-22,9
1461	02.08.17 19:41:20	12,31	0,00	-1,2	-65,2	-23,6
1462	02.08.17 19:41:21	12,31	0,00	-1,4	-63,5	-25,1
1463	02.08.17 19:41:22	12,31	0,00	-4,7	-62,2	-23,2
1464	02.08.17 19:41:23	12,31	0,00	-3,5	-64,0	-22,5
1465	02.08.17 19:41:24	12,34	0,00	-1,3	-62,0	-26,7
1466	02.08.17 19:41:25	12,34	0,00	-2,0	-63,3	-24,7
1467	02.08.17 19:41:26	12,34	0,00	-3,2	-65,7	-21,1
1468	02.08.17 19:41:27	12,34	0,00	-3,5	-62,9	-23,6
1469	02.08.17 19:41:28	12,38	0,00	-2,3	-60,6	-27,1
1470	02.08.17 19:41:29	12,38	0,00	-2,1	-66,1	-21,8
1471	02.08.17 19:41:30	12,38	0,00	-3,4	-63,6	-23,0
1472	02.08.17 19:41:31	12,38	0,00	-2,9	-62,5	-24,6
1473	02.08.17 19:41:32	12,41	0,00	-1,8	-64,1	-24,1
1474	02.08.17 19:41:33	12,41	0,00	-3,4	-63,3	-23,3
1475	02.08.17 19:41:34	12,41	0,00	-2,6	-62,4	-25,0
1476	02.08.17 19:41:35	12,41	0,00	-1,8	-63,1	-25,2
1477	02.08.17 19:41:36	12,44	0,00	-3,2	-64,7	-22,1
1478	02.08.17 19:41:37	12,44	0,00	-3,5	-63,1	-23,4
1479	02.08.17 19:41:38	12,44	0,00	-2,3	-64,0	-23,7
1480	02.08.17 19:41:39	12,44	0,00	-2,3	-65,5	-22,2
1481	02.08.17 19:41:40	12,47	0,00	-4,1	-61,8	-24,0
1482	02.08.17 19:41:41	12,47	0,00	-3,3	-61,6	-25,2
1483	02.08.17 19:41:42	12,47	0,00	0,2	-65,2	-24,6
1484	02.08.17 19:41:43	12,47	0,00	-2,6	-64,4	-23,0
1485	02.08.17 19:41:44	12,50	0,00	-5,2	-60,2	-24,7
1486	02.08.17 19:41:45	12,50	0,00	-2,8	-62,7	-24,6
1487	02.08.17 19:41:46	12,50	0,00	-0,2	-68,5	-21,3
1488	02.08.17 19:41:47	12,50	0,00	-3,8	-63,0	-23,2
1489	02.08.17 19:41:48	12,54	0,00	-3,8	-60,6	-25,6
1490	02.08.17 19:41:49	12,54	0,00	-1,7	-62,7	-25,6
1491	02.08.17 19:41:50	12,54	0,00	-2,1	-64,4	-23,5
1492	02.08.17 19:41:51	12,54	0,00	-1,9	-65,4	-22,7
1493	02.08.17 19:41:52	12,54	0,00	-4,0	-61,9	-24,1
1494	02.08.17 19:41:53	12,57	0,00	-3,9	-60,8	-25,3
1495	02.08.17 19:41:54	12,57	0,00	-0,2	-66,5	-23,4
1496	02.08.17 19:41:55	12,57	0,00	-2,9	-63,9	-23,3
1497	02.08.17 19:41:56	12,60	0,00	-4,1	-60,2	-25,7
1498	02.08.17 19:41:57	12,60	0,00	-2,0	-64,7	-23,3
1499	02.08.17 19:41:58	12,60	0,00	-2,8	-63,4	-23,8
1500	02.08.17 19:41:59	12,60	0,00	-3,7	-62,8	-23,5
1501	02.08.17 19:42:00	12,60	0,00	-1,9	-65,0	-23,1
1502	02.08.17 19:42:01	12,60	0,00	-2,7	-62,9	-24,4
1503	02.08.17 19:42:02	12,60	0,00	-3,8	-61,7	-24,5
1504	02.08.17 19:42:03	12,63	0,00	-2,6	-61,8	-25,7
1505	02.08.17 19:42:04	12,63	0,00	-1,7	-64,1	-24,2
1506	02.08.17 19:42:05	12,63	0,00	-2,7	-66,6	-20,7
1507	02.08.17 19:42:06	12,63	0,00	-4,2	-61,1	-24,7
1508	02.08.17 19:42:07	12,66	0,00	-1,9	-60,3	-27,8
1509	02.08.17 19:42:08	12,66	0,00	-2,1	-66,9	-21,0
1510	02.08.17 19:42:09	12,66	0,00	-4,4	-65,4	-20,2
1511	02.08.17 19:42:10	12,66	0,00	-8,6	-1,7	-79,8
1512	02.08.17 19:42:11	12,66	0,00	-49,6	-5,3	-35,1
1513	02.08.17 19:42:12	12,69	0,00	-59,3	-1,3	-29,5
1514	02.08.17 19:42:13	12,73	0,00	-57,9	0,6	-31,5
1515	02.08.17 19:42:14	12,73	0,00	-57,5	-3,0	-29,5
1516	02.08.17 19:42:15	12,79	0,00	-58,1	0,6	-31,3
1517	02.08.17 19:42:16	12,85	0,00	-63,4	-2,2	-24,4
1518	02.08.17 19:42:17	12,91	0,00	-56,7	3,8	-29,4
1519	02.08.17 19:42:18	12,95	0,00	-57,3	-2,9	-29,8
1520	02.08.17 19:42:19	12,98	0,00	-55,8	-3,2	-31,0
1521	02.08.17 19:42:20	13,01	0,00	-57,2	-1,8	-31,1
1522	02.08.17 19:42:21	13,01	0,00	-54,4	1,0	-34,6
1523	02.08.17 19:42:22	13,04	0,00	-60,8	-1,4	-27,8
1524	02.08.17 19:42:23	13,07	0,00	-58,5	0,0	-31,5
1525	02.08.17 19:42:24	13,07	0,00	-56,1	-0,4	-33,5
1526	02.08.17 19:42:25	13,07	0,00	-52,3	-2,9	-34,8
1527	02.08.17 19:42:26	13,10	0,00	-54,9	-4,9	-30,1
1528	02.08.17 19:42:27	13,10	0,00	-57,8	-3,1	-29,2
1529	02.08.17 19:42:28	13,13	0,00	-60,7	-2,0	-27,2
1530	02.08.17 19:42:29	13,13	0,00	-46,4	-2,7	-40,9
1531	02.08.17 19:42:30	13,13	0,00	-54,0	-7,9	-28,1
1532	02.08.17 19:42:31	13,17	0,00	-56,3	-4,7	-29,0
1533	02.08.17 19:42:32	13,17	0,00	-59,7	-0,6	-29,7
1534	02.08.17 19:42:33	13,20	0,00	-57,9	-1,8	-30,3
1535	02.08.17 19:42:34	13,20	0,00	-58,1	-2,4	-29,5
1536	02.08.17 19:42:35	13,23	0,00	-27,8	-47,4	14,8
1537	02.08.17 19:42:36	13,23	0,00	-3,1	-68,9	18,0
1538	02.08.17 19:42:37	13,26	0,00	-3,6	-73,2	13,1
1539	02.08.17 19:42:38	13,26	0,00	-3,4	-74,2	12,4
1540	02.08.17 19:42:39	13,26	0,00	-2,9	-71,7	15,4
1541	02.08.17 19:42:40	13,26	0,00	-3,0	-70,9	16,1
1542	02.08.17 19:42:41	13,26	0,00	-2,9	-73,0	14,1
1543	02.08.17 19:42:42	13,26	0,00	-3,2	-74,1	12,7
1544	02.08.17 19:42:43	13,26	0,00	-3,5	-72,9	13,7
1545	02.08.17 19:42:44	13,26	0,00	-3,3	-69,2	17,6
1546	02.08.17 19:42:45	13,26	0,00	-3,3	-72,6	14,1
1547	02.08.17 19:42:46	13,26	0,00	-3,4	-75,4	11,1
1548	02.08.17 19:42:47	13,29	0,00	-3,3	-71,7	15,0
1549	02.08.17 19:42:48	13,29	0,00	-1,3	-71,2	17,5
1550	02.08.17 19:42:49	13,29	0,00	-3,2	-73,1	13,7
1551	02.08.17 19:42:50	13,29	0,00	-4,4	-73,6	12,0
1552	02.08.17 19:42:51	13,29	0,00	-2,0	-73,3	14,6
1553	02.08.17 19:42:52	13,29	0,00	-2,2	-71,4	16,3
1554	02.08.17 19:42:53	13,32	0,00	-3,9	-71,5	14,6
1555	02.08.17 19:42:54	13,32	0,00	-4,1	-73,9	12,0
1556	02.08.17 19:42:55	13,32	0,00	-2,4	-74,4	13,2
1557	02.08.17 19:42:56	13,32	0,00	-2,1	-71,1	16,7
1558	02.08.17 19:42:57	13,32	0,00	-3,9	-70,7	15,4
1559	02.08.17 19:42:58	13,32	0,00	-3,5	-75,1	11,4
1560	02.08.17 19:42:59	13,32	0,00	-1,3	-75,3	13,4
1561	02.08.17 19:43:00	13,32	0,00	-3,5	-69,8	16,6
1562	02.08.17 19:43:01	13,32	0,00	-59,1	7,2	-23,7
1563	02.08.17 19:43:02	13,35	0,00	-59,0	3,5	-27,5
1564	02.08.17 19:43:03	13,35	0,00	-52,9	-4,9	-32,2
1565	02.08.17 19:43:04	13,39	0,00	-54,5	-2,2	-33,2
1566	02.08.17 19:43:05	13,42	0,00	-56,2	-3,5	-30,3
1567	02.08.17 19:43:06	13,42	0,00	-57,6	-1,5	-30,9
1568	02.08.17 19:43:07	13,45	0,00	-55,9	0,5	-33,7
1569	02.08.17 19:43:08	13,45	0,00	-63,5	0,1	-26,4
1570	02.08.17 19:43:09	13,45	0,00	-58,0	-3,4	-28,6
1571	02.08.17 19:43:10	13,45	0,00	-56,6	-3,0	-30,4
1572	02.08.17 19:43:11	13,45	0,00	-58,4	-1,4	-30,2
1573	02.08.17 19:43:12	13,45	0,00	-56,6	-2,2	-31,1
1574	02.08.17 19:43:13	13,45	0,00	-55,5	-2,4	-32,1
1575	02.08.17 19:43:14	13,45	0,00	-54,4	-3,1	-32,5
1576	02.08.17 19:43:15	13,45	0,00	-56,6	-1,9	-31,5
1577	02.08.17 19:43:16	13,48	0,00	-61,1	-1,7	-27,3
1578	02.08.17 19:43:17	13,48	0,00	-56,5	-0,9	-32,5
1579	02.08.17 19:43:18	13,48	0,00	-64,2	0,0	-25,8
1580	02.08.17 19:43:19	13,48	0,00	-54,3	-1,8	-33,9
1581	02.08.17 19:43:20	13,48	0,00	-59,7	-0,4	-29,9
1582	02.08.17 19:43:21	13,48	0,00	-60,1	-3,1	-26,7
1583	02.08.17 19:43:22	13,51	0,00	-59,1	-3,3	-27,5
1584	02.08.17 19:43:23	13,51	0,00	-58,3	-2,6	-29,1
1585	02.08.17 19:43:24	13,51	0,00	-36,6	-4,5	-48,9
1586	02.08.17 19:43:25	13,51	0,00	-0,2	1,1	-88,7
1587	02.08.17 19:43:26	13,54	0,00	2,7	-0,8	-86,5
1588	02.08.17 19:43:27	13,54	0,00	-0,6	-5,5	-83,9
1589	02.08.17 19:43:28	13,54	0,00	-1,6	1,5	-87,0
1590	02.08.17 19:43:29	13,54	0,00	1,0	1,3	-87,7
1591	02.08.17 19:43:30	13,54	0,00	0,3	-0,7	-89,0
1592	02.08.17 19:43:31	13,54	0,00	-1,1	-2,2	-86,8
1593	02.08.17 19:43:32	13,54	0,00	-0,1	-1,6	-88,3
1594	02.08.17 19:43:33	13,54	0,00	1,0	0,0	-88,9
1595	02.08.17 19:43:34	13,54	0,00	-0,1	0,3	-89,7
1596	02.08.17 19:43:35	13,54	0,00	-1,4	-1,8	-86,7
1597	02.08.17 19:43:36	13,54	0,00	-0,8	-0,9	-88,3
1598	02.08.17 19:43:37	13,54	0,00	2,0	-0,8	-87,3
1599	02.08.17 19:43:38	13,57	0,00	1,1	-1,2	-87,7
1600	02.08.17 19:43:39	13,57	0,00	-3,0	0,0	-87,0
1601	02.08.17 19:43:40	13,57	0,00	-1,5	-0,2	-88,4
1602	02.08.17 19:43:41	13,57	0,00	2,2	-2,3	-85,5
1603	02.08.17 19:43:42	13,57	0,00	1,4	-2,4	-86,2
1604	02.08.17 19:43:43	13,61	0,00	-5,3	-0,2	-84,6
1605	02.08.17 19:43:44	13,61	0,00	-2,0	1,4	-86,6
1606	02.08.17 19:43:45	13,61	0,00	0,7	-0,1	-89,1
1607	02.08.17 19:43:46	13,61	0,00	-1,7	-1,8	-86,6
1608	02.08.17 19:43:47	13,61	0,00	-4,1	-2,8	-83,1
1609	02.08.17 19:43:48	13,61	0,00	-0,8	-1,5	-87,7
1610	02.08.17 19:43:49	13,61	0,00	0,0	-1,7	-88,3
1611	02.08.17 19:43:50	13,64	0,00	-4,9	-4,4	-80,6
1612	02.08.17 19:43:51	13,64	0,00	-2,2	-5,9	-81,9
1613	02.08.17 19:43:52	13,64	0,00	0,0	-6,2	-83,8
1614	02.08.17 19:43:53	13,64	0,00	-1,2	-2,1	-86,6
1615	02.08.17 19:43:54	13,67	0,00	-6,0	-4,7	-79,3
1616	02.08.17 19:43:55	13,67	0,00	0,0	-6,8	-83,2
1617	02.08.17 19:43:56	13,67	0,00	1,4	-6,2	-82,4
1618	02.08.17 19:43:57	13,67	0,00	-7,7	-2,1	-80,3
1619	02.08.17 19:43:58	13,67	0,00	-4,5	-0,4	-85,1
1620	02.08.17 19:43:59	13,67	0,00	-1,2	-3,4	-85,4
1621	02.08.17 19:44:00	13,70	0,00	-7,8	1,2	-81,0
1622	02.08.17 19:44:01	13,70	0,00	-3,3	-3,1	-83,6
1623	02.08.17 19:44:02	13,70	0,00	-2,7	0,0	-87,2
1624	02.08.17 19:44:03	13,70	0,00	-5,4	3,0	-81,6
1625	02.08.17 19:44:04	13,70	0,00	-2,1	-5,8	-82,1
1626	02.08.17 19:44:05	13,73	0,00	-5,7	-0,1	-84,2
1627	02.08.17 19:44:06	13,73	0,00	-4,5	1,0	-84,5
1628	02.08.17 19:44:07	13,73	0,00	-2,0	-3,7	-84,3
1629	02.08.17 19:44:08	13,73	0,00	-4,1	0,9	-85,0
1630	02.08.17 19:44:09	13,73	0,00	-3,9	-1,0	-85,1
1631	02.08.17 19:44:10	13,73	0,00	-3,2	-2,9	-83,9
1632	02.08.17 19:44:11	13,76	0,00	-4,4	1,1	-84,4
1633	02.08.17 19:44:12	13,76	0,00	-3,5	-0,9	-85,6
1634	02.08.17 19:44:13	13,76	0,00	-3,5	-4,5	-82,0
1635	02.08.17 19:44:14	13,76	0,00	0,5	-54,4	35,0
1636	02.08.17 19:44:15	13,79	0,00	-0,4	-13,2	76,4
1637	02.08.17 19:44:16	13,85	0,00	4,1	-29,1	56,9
1638	02.08.17 19:44:17	14,01	0,00	23,9	-20,8	45,2
1639	02.08.17 19:44:18	14,13	0,04	46,3	17,1	26,6
1640	02.08.17 19:44:19	14,17	0,21	24,7	22,7	42,7
1641	02.08.17 19:44:20	14,29	0,23	26,2	36,9	26,9
1642	02.08.17 19:44:21	14,44	0,21	36,8	28,5	24,6
1643	02.08.17 19:44:22	14,57	0,23	53,3	7,8	28,9
1644	02.08.17 19:44:23	14,66	0,21	44,9	13,5	31,6
1645	02.08.17 19:44:24	14,78	0,16	17,5	23,5	49,0
1646	02.08.17 19:44:25	15,03	0,18	12,9	32,5	44,5
1647	02.08.17 19:44:26	15,28	0,21	-10,2	8,6	71,2
1648	02.08.17 19:44:27	15,52	0,18	-11,1	2,6	76,3
1649	02.08.17 19:44:28	15,76	0,18	-19,1	-21,1	49,8
1650	02.08.17 19:44:29	16,01	0,18	-17,9	-63,8	-8,3
1651	02.08.17 19:44:30	16,28	0,11	-62,8	-20,7	6,5
1652	02.08.17 19:44:31	16,71	0,07	-73,2	-2,3	14,5
