#0	Date-time:	15/07/2017 7:36:22 PM
#1	Recorder:	126H0636
#2	File type:	1
#3	Columns:	7
#4	Channels:	5
#5	Field separation:	0
#6	Decimal point:	0
#7	Date def.:	0	0
#8	Time def.:	0
#9	Channel 1:	Temperature(°C)	Temp(°C)	2	1
#10	Channel 2:	Pressure(Bar)	Press(Bar)	2	1
#11	Reconvertion:	0
#14	Channel 3:	Tilt-X(°)	Tilt-X(°)	1	1
#18	Channel 4:	Tilt-Y(°)	Tilt-Y(°)	1	1
#19	Line color:	1	2	3	4
#22	Channel 5:	Tilt-Z(°)	Tilt-Z(°)	1	1
#30	Trend Type Number:	3
#33	No Temp. Corr. OTCR:	1
1	15.07.17 19:10:00	25,77	0,00	60,7	-20,0	-9,3
2	15.07.17 19:10:01	25,77	0,00	61,1	-22,2	-6,7
3	15.07.17 19:10:02	25,77	0,00	53,1	-31,7	-5,3
4	15.07.17 19:10:03	25,74	0,00	56,9	-27,2	-5,9
5	15.07.17 19:10:04	25,74	0,00	57,2	-31,2	-1,6
6	15.07.17 19:10:05	25,74	0,00	60,7	-28,1	1,2
7	15.07.17 19:10:06	25,71	0,00	52,3	-29,1	-8,6
8	15.07.17 19:10:07	25,71	0,00	53,4	-21,0	-15,6
9	15.07.17 19:10:08	25,71	0,00	57,7	-16,3	-16,1
10	15.07.17 19:10:09	25,68	0,00	61,5	-11,0	-17,6
11	15.07.17 19:10:10	25,68	0,00	70,3	-3,0	-16,8
12	15.07.17 19:10:11	25,68	0,00	66,2	-16,2	-7,6
13	15.07.17 19:10:12	25,66	0,00	29,8	-60,2	0,1
14	15.07.17 19:10:13	25,66	0,00	24,0	-58,2	-7,8
15	15.07.17 19:10:14	25,66	0,00	28,3	-47,1	-14,6
16	15.07.17 19:10:15	25,66	0,00	26,7	-47,6	-15,7
17	15.07.17 19:10:16	25,63	0,00	51,6	-37,0	1,4
18	15.07.17 19:10:17	25,63	0,00	48,2	-40,4	1,4
19	15.07.17 19:10:18	25,63	0,00	41,0	-45,0	-4,0
20	15.07.17 19:10:19	25,60	0,00	-5,0	-34,0	51,0
21	15.07.17 19:10:20	25,60	0,00	41,2	-28,1	20,7
22	15.07.17 19:10:21	25,60	0,00	34,6	-36,5	18,9
23	15.07.17 19:10:22	25,60	0,00	32,5	-43,2	14,4
24	15.07.17 19:10:23	25,57	0,00	36,8	-29,0	24,2
25	15.07.17 19:10:24	25,57	0,00	54,3	-32,4	3,3
26	15.07.17 19:10:25	25,57	0,00	56,8	-27,6	-5,6
27	15.07.17 19:10:26	25,37	0,00	40,1	-43,6	6,3
28	15.07.17 19:10:27	25,14	0,00	49,9	-22,9	17,2
29	15.07.17 19:10:28	25,05	0,00	50,7	-6,3	33,0
30	15.07.17 19:10:29	25,02	0,00	27,0	-13,3	49,7
31	15.07.17 19:10:30	25,05	0,00	19,7	-23,3	47,0
32	15.07.17 19:10:31	25,05	0,00	30,9	-2,1	56,9
33	15.07.17 19:10:32	25,05	0,00	29,3	-7,6	53,2
34	15.07.17 19:10:33	25,05	0,00	18,5	-19,6	51,9
35	15.07.17 19:10:34	24,68	0,00	32,3	-13,1	44,7
36	15.07.17 19:10:35	24,45	0,00	33,2	-4,5	52,2
37	15.07.17 19:10:36	24,36	0,00	42,1	-1,8	46,1
38	15.07.17 19:10:37	24,27	0,00	9,5	-29,2	51,3
39	15.07.17 19:10:38	23,79	0,00	42,8	-10,7	36,5
40	15.07.17 19:10:39	23,32	0,00	11,4	-25,4	53,2
41	15.07.17 19:10:40	23,01	0,00	14,7	-18,1	57,2
42	15.07.17 19:10:41	22,72	0,00	16,0	-16,1	57,9
43	15.07.17 19:10:42	22,52	0,00	11,1	-23,0	55,9
44	15.07.17 19:10:43	22,37	0,00	29,6	6,4	54,0
45	15.07.17 19:10:44	22,26	0,00	22,8	-15,5	51,7
46	15.07.17 19:10:45	22,20	0,00	20,3	-4,8	64,9
47	15.07.17 19:10:46	22,08	0,00	18,5	-1,3	70,2
48	15.07.17 19:10:47	22,03	0,00	15,2	-19,0	55,7
49	15.07.17 19:10:48	21,94	0,00	14,7	-4,3	71,0
50	15.07.17 19:10:49	21,88	0,00	14,2	4,3	71,5
51	15.07.17 19:10:50	21,85	0,00	26,5	-5,8	57,7
52	15.07.17 19:10:51	21,79	0,00	21,8	8,2	60,0
53	15.07.17 19:10:52	21,74	0,00	27,9	-14,1	48,0
54	15.07.17 19:10:53	21,68	0,00	21,8	-7,4	60,8
55	15.07.17 19:10:54	21,59	0,00	18,6	9,9	61,4
56	15.07.17 19:10:55	21,56	0,00	14,0	9,3	66,7
57	15.07.17 19:10:56	21,53	0,00	16,7	6,9	66,3
58	15.07.17 19:10:57	21,45	0,00	18,4	-3,8	67,8
59	15.07.17 19:10:58	21,39	0,00	20,0	2,7	67,3
60	15.07.17 19:10:59	21,33	0,00	17,6	2,8	69,6
61	15.07.17 19:11:00	21,27	0,00	24,4	3,2	62,5
62	15.07.17 19:11:01	21,22	0,00	16,7	-6,1	67,2
63	15.07.17 19:11:02	21,16	0,00	20,2	-11,7	58,0
64	15.07.17 19:11:03	21,13	0,00	17,2	-14,7	58,1
65	15.07.17 19:11:04	21,10	0,00	22,0	-21,4	46,7
66	15.07.17 19:11:05	21,07	0,00	24,0	-22,8	43,2
67	15.07.17 19:11:06	21,04	0,00	26,9	-21,6	41,5
68	15.07.17 19:11:07	21,04	0,00	23,6	-27,7	38,7
69	15.07.17 19:11:08	20,98	0,00	29,2	-23,0	37,7
70	15.07.17 19:11:09	20,95	0,00	22,2	-34,1	33,7
71	15.07.17 19:11:10	20,90	0,00	30,7	-23,8	35,5
72	15.07.17 19:11:11	20,87	0,00	35,4	-21,0	33,6
73	15.07.17 19:11:12	20,87	0,00	33,5	-19,3	37,2
74	15.07.17 19:11:13	20,84	0,00	50,2	-9,5	30,3
75	15.07.17 19:11:14	20,87	0,00	55,1	-10,1	24,8
76	15.07.17 19:11:15	20,87	0,00	55,9	-10,2	23,8
77	15.07.17 19:11:16	20,84	0,05	52,6	-12,3	25,1
78	15.07.17 19:11:17	20,78	0,03	53,6	-1,2	35,1
79	15.07.17 19:11:18	20,75	0,00	32,2	-9,2	48,5
80	15.07.17 19:11:19	20,75	0,00	32,2	-9,3	48,5
81	15.07.17 19:11:20	20,72	0,00	33,2	-16,6	40,2
82	15.07.17 19:11:21	20,69	0,03	43,9	-8,1	38,0
83	15.07.17 19:11:22	20,64	0,05	43,6	-5,4	41,0
84	15.07.17 19:11:23	20,64	0,05	38,2	-10,9	40,9
85	15.07.17 19:11:24	20,61	0,05	45,5	-9,6	34,9
86	15.07.17 19:11:25	20,58	0,07	50,3	-5,1	34,7
87	15.07.17 19:11:26	20,52	0,07	47,1	-8,5	34,3
88	15.07.17 19:11:27	20,49	0,07	45,5	-10,4	34,2
89	15.07.17 19:11:28	20,49	0,07	43,4	-11,7	34,8
90	15.07.17 19:11:29	20,46	0,09	41,2	-14,9	33,8
91	15.07.17 19:11:30	20,43	0,12	38,6	-16,5	34,9
92	15.07.17 19:11:31	20,43	0,09	33,4	-18,7	37,9
93	15.07.17 19:11:32	20,43	0,09	35,4	-18,7	36,0
94	15.07.17 19:11:33	20,40	0,09	36,0	-18,2	35,7
95	15.07.17 19:11:34	20,40	0,09	35,3	-18,4	36,3
96	15.07.17 19:11:35	20,40	0,09	33,0	-21,7	35,3
97	15.07.17 19:11:36	20,37	0,12	35,5	-17,4	37,1
98	15.07.17 19:11:37	20,34	0,12	33,2	-18,3	38,5
99	15.07.17 19:11:38	20,29	0,14	40,1	-13,8	36,1
100	15.07.17 19:11:39	20,23	0,14	24,3	-20,6	45,1
101	15.07.17 19:11:40	20,17	0,12	28,6	-19,1	42,3
102	15.07.17 19:11:41	20,17	0,14	40,3	-13,8	35,9
103	15.07.17 19:11:42	20,11	0,16	34,0	-12,2	43,7
104	15.07.17 19:11:43	20,08	0,14	30,6	-10,9	48,4
105	15.07.17 19:11:44	20,08	0,16	33,5	-9,6	46,9
106	15.07.17 19:11:45	20,05	0,16	38,1	-6,9	45,1
107	15.07.17 19:11:46	20,05	0,16	38,5	-6,2	45,3
108	15.07.17 19:11:47	20,05	0,16	43,1	-4,7	42,2
109	15.07.17 19:11:48	20,02	0,16	44,9	-4,2	40,9
110	15.07.17 19:11:49	19,99	0,16	44,3	-0,4	45,3
111	15.07.17 19:11:50	19,94	0,19	44,1	1,7	44,2
112	15.07.17 19:11:51	19,91	0,19	48,5	2,4	39,0
113	15.07.17 19:11:52	19,91	0,19	43,6	6,5	39,9
114	15.07.17 19:11:53	19,88	0,19	42,7	5,0	42,3
115	15.07.17 19:11:54	19,88	0,19	39,0	5,9	45,1
116	15.07.17 19:11:55	19,85	0,19	42,0	4,3	43,6
117	15.07.17 19:11:56	19,85	0,21	42,9	6,7	40,4
118	15.07.17 19:11:57	19,82	0,23	45,7	8,6	35,7
119	15.07.17 19:11:58	19,79	0,21	45,2	6,9	37,9
120	15.07.17 19:11:59	19,79	0,23	42,5	8,1	39,4
121	15.07.17 19:12:00	19,76	0,21	43,3	11,9	34,8
122	15.07.17 19:12:01	19,76	0,23	47,1	14,1	28,8
123	15.07.17 19:12:02	19,73	0,23	42,3	15,4	32,3
124	15.07.17 19:12:03	19,73	0,23	40,1	18,6	31,3
125	15.07.17 19:12:04	19,70	0,23	44,1	13,1	32,8
126	15.07.17 19:12:05	19,70	0,23	38,7	15,7	35,6
127	15.07.17 19:12:06	19,67	0,23	46,5	11,8	31,8
128	15.07.17 19:12:07	19,64	0,25	46,9	14,1	29,0
129	15.07.17 19:12:08	19,62	0,28	48,3	10,4	31,3
130	15.07.17 19:12:09	19,62	0,28	42,3	10,2	37,5
131	15.07.17 19:12:10	19,59	0,28	49,7	8,2	32,1
132	15.07.17 19:12:11	19,56	0,30	50,0	9,6	30,4
133	15.07.17 19:12:12	19,53	0,30	46,7	13,2	30,1
134	15.07.17 19:12:13	19,50	0,32	41,9	19,4	28,7
135	15.07.17 19:12:14	19,47	0,32	46,7	16,0	27,3
136	15.07.17 19:12:15	19,47	0,32	37,2	21,2	31,6
137	15.07.17 19:12:16	19,47	0,30	38,5	17,9	33,6
138	15.07.17 19:12:17	19,47	0,32	42,2	17,8	30,1
139	15.07.17 19:12:18	19,47	0,32	47,3	12,6	30,2
140	15.07.17 19:12:19	19,44	0,34	52,2	9,7	28,1
141	15.07.17 19:12:20	19,41	0,37	54,7	7,2	28,1
142	15.07.17 19:12:21	19,41	0,39	55,4	6,9	27,7
143	15.07.17 19:12:22	19,38	0,37	53,8	5,3	30,9
144	15.07.17 19:12:23	19,35	0,41	61,5	5,1	23,4
145	15.07.17 19:12:24	19,35	0,41	57,9	8,9	23,2
146	15.07.17 19:12:25	19,32	0,41	62,5	6,3	21,1
147	15.07.17 19:12:26	19,29	0,44	67,3	4,9	17,9
148	15.07.17 19:12:27	19,29	0,46	67,6	3,6	18,8
149	15.07.17 19:12:28	19,29	0,50	67,9	4,2	17,8
150	15.07.17 19:12:29	19,29	0,52	67,8	5,7	16,4
151	15.07.17 19:12:30	19,29	0,52	66,4	6,4	17,2
152	15.07.17 19:12:31	19,29	0,57	70,4	8,0	11,6
153	15.07.17 19:12:32	19,29	0,57	69,0	7,0	14,0
154	15.07.17 19:12:33	19,26	0,56	67,5	4,2	18,3
155	15.07.17 19:12:34	19,26	0,59	74,0	2,1	13,9
156	15.07.17 19:12:35	19,24	0,63	78,4	2,9	8,7
157	15.07.17 19:12:36	19,24	0,68	72,4	3,5	14,1
158	15.07.17 19:12:37	19,21	0,68	71,0	2,0	17,0
159	15.07.17 19:12:38	19,18	0,70	76,5	4,4	9,1
160	15.07.17 19:12:39	19,15	0,74	78,0	6,2	5,8
161	15.07.17 19:12:40	19,12	0,76	72,0	7,0	11,0
162	15.07.17 19:12:41	19,12	0,78	71,8	4,7	13,6
163	15.07.17 19:12:42	19,06	0,80	83,0	2,3	4,7
164	15.07.17 19:12:43	18,97	0,82	81,1	2,3	6,6
165	15.07.17 19:12:44	18,91	0,89	77,4	3,3	9,2
166	15.07.17 19:12:45	18,88	0,91	78,7	2,2	9,1
167	15.07.17 19:12:46	18,83	0,95	82,6	3,2	4,2
168	15.07.17 19:12:47	18,77	0,99	77,9	4,3	7,8
169	15.07.17 19:12:48	18,74	1,01	76,6	6,2	7,2
170	15.07.17 19:12:49	18,71	1,06	78,2	6,9	4,9
171	15.07.17 19:12:50	18,68	1,08	77,0	7,2	5,9
172	15.07.17 19:12:51	18,65	1,12	74,7	6,2	9,1
173	15.07.17 19:12:52	18,62	1,14	74,7	5,8	9,4
174	15.07.17 19:12:53	18,59	1,19	77,3	7,0	5,7
175	15.07.17 19:12:54	18,53	1,20	76,0	6,9	7,1
176	15.07.17 19:12:55	18,50	1,25	72,3	7,8	9,9
177	15.07.17 19:12:56	18,47	1,27	76,8	5,2	8,0
178	15.07.17 19:12:57	18,44	1,31	78,9	6,0	5,1
179	15.07.17 19:12:58	18,41	1,36	76,0	6,3	7,7
180	15.07.17 19:12:59	18,38	1,38	74,1	5,5	10,3
181	15.07.17 19:13:00	18,38	1,40	78,0	3,6	8,4
182	15.07.17 19:13:01	18,36	1,44	81,3	3,0	5,6
183	15.07.17 19:13:02	18,33	1,47	77,5	2,9	9,6
184	15.07.17 19:13:03	18,30	1,51	78,8	0,4	10,8
185	15.07.17 19:13:04	18,27	1,55	75,7	-3,0	11,3
186	15.07.17 19:13:05	18,27	1,58	70,4	-5,3	14,4
187	15.07.17 19:13:06	18,24	1,57	70,6	-6,9	12,5
188	15.07.17 19:13:07	18,18	1,64	74,4	-7,6	8,0
189	15.07.17 19:13:08	18,12	1,70	67,0	-7,4	15,6
190	15.07.17 19:13:09	18,03	1,74	63,6	-8,4	18,0
191	15.07.17 19:13:10	17,91	1,83	73,4	-8,8	7,8
192	15.07.17 19:13:11	17,77	1,89	72,3	-8,5	9,2
193	15.07.17 19:13:12	17,65	1,90	64,1	-7,3	18,6
194	15.07.17 19:13:13	17,53	1,92	61,5	-9,2	19,3
195	15.07.17 19:13:14	17,41	2,03	71,6	-9,0	9,3
196	15.07.17 19:13:15	17,20	2,11	67,8	-7,0	15,2
197	15.07.17 19:13:16	17,02	2,10	58,2	-5,7	26,1
198	15.07.17 19:13:17	16,90	2,11	65,6	-1,6	22,8
199	15.07.17 19:13:18	16,79	2,17	50,5	8,9	30,6
200	15.07.17 19:13:19	16,67	2,19	43,5	10,4	36,0
201	15.07.17 19:13:20	16,52	2,20	30,7	14,6	44,7
202	15.07.17 19:13:21	16,34	2,17	43,1	10,7	36,1
203	15.07.17 19:13:22	16,16	2,23	36,7	-4,6	48,6
204	15.07.17 19:13:23	15,95	2,26	28,5	-11,9	49,6
205	15.07.17 19:13:24	15,50	2,19	25,0	-16,6	48,4
206	15.07.17 19:13:25	15,16	2,19	37,0	-13,5	39,5
207	15.07.17 19:13:26	14,95	2,14	32,6	-7,8	49,6
208	15.07.17 19:13:27	14,83	2,08	26,6	-10,4	53,1
209	15.07.17 19:13:28	14,71	1,98	26,7	-11,8	51,5
210	15.07.17 19:13:29	14,56	2,00	25,1	-13,4	51,4
211	15.07.17 19:13:30	14,43	1,95	27,4	-11,2	51,4
212	15.07.17 19:13:31	14,37	1,85	22,7	-7,0	60,3
213	15.07.17 19:13:32	14,37	1,83	30,6	-9,3	50,1
214	15.07.17 19:13:33	14,47	1,79	42,6	-2,4	45,0
215	15.07.17 19:13:34	14,53	1,77	50,1	2,1	37,8
216	15.07.17 19:13:35	14,56	1,75	51,9	4,7	33,4
217	15.07.17 19:13:36	14,59	1,70	50,1	4,7	35,3
218	15.07.17 19:13:37	14,62	1,71	47,2	3,0	39,8
219	15.07.17 19:13:38	14,65	1,66	39,9	-2,2	47,9
220	15.07.17 19:13:39	14,68	1,64	32,2	-8,0	49,8
221	15.07.17 19:13:40	14,68	1,62	25,5	-13,2	51,3
222	15.07.17 19:13:41	14,74	1,60	23,1	-17,5	49,4
223	15.07.17 19:13:42	14,80	1,58	33,6	-11,9	44,6
224	15.07.17 19:13:43	14,86	1,58	34,7	-12,9	42,4
225	15.07.17 19:13:44	14,89	1,56	32,2	-14,1	43,7
226	15.07.17 19:13:45	14,92	1,61	36,0	-14,2	39,8
227	15.07.17 19:13:46	14,95	1,59	36,3	-14,2	39,5
228	15.07.17 19:13:47	14,95	1,57	31,3	-15,6	43,1
229	15.07.17 19:13:48	14,95	1,57	31,3	-15,4	43,4
230	15.07.17 19:13:49	14,95	1,54	31,2	-12,9	45,8
231	15.07.17 19:13:50	14,98	1,52	27,9	-13,3	48,8
232	15.07.17 19:13:51	14,98	1,55	25,3	-14,2	50,5
233	15.07.17 19:13:52	14,98	1,55	24,7	-12,6	52,7
234	15.07.17 19:13:53	14,95	1,52	23,1	-14,5	52,4
235	15.07.17 19:13:54	14,92	1,54	22,0	-13,9	54,1
236	15.07.17 19:13:55	14,89	1,54	28,5	-7,5	54,0
237	15.07.17 19:13:56	14,86	1,56	26,0	-13,0	51,0
238	15.07.17 19:13:57	14,83	1,56	21,8	-15,3	52,9
239	15.07.17 19:13:58	14,83	1,56	28,9	-11,9	49,2
240	15.07.17 19:13:59	14,80	1,58	25,2	-15,5	49,3
241	15.07.17 19:14:00	14,80	1,58	21,4	-16,2	52,3
242	15.07.17 19:14:01	14,80	1,58	32,7	-11,2	46,0
243	15.07.17 19:14:02	14,77	1,60	31,4	-11,6	47,0
244	15.07.17 19:14:03	14,77	1,60	23,3	-15,0	51,6
245	15.07.17 19:14:04	14,77	1,62	25,8	-14,3	49,8
246	15.07.17 19:14:05	14,74	1,62	26,0	-15,4	48,6
247	15.07.17 19:14:06	14,74	1,62	21,2	-16,7	52,1
248	15.07.17 19:14:07	14,71	1,62	26,7	-14,0	49,3
249	15.07.17 19:14:08	14,68	1,66	29,9	-10,9	49,2
250	15.07.17 19:14:09	14,59	1,68	23,3	-14,6	52,1
251	15.07.17 19:14:10	14,50	1,72	27,8	-13,7	48,5
252	15.07.17 19:14:11	14,47	1,72	25,1	-16,0	48,9
253	15.07.17 19:14:12	14,43	1,81	30,7	-11,4	47,9
254	15.07.17 19:14:13	14,34	1,80	31,9	-13,7	44,4
255	15.07.17 19:14:14	14,25	1,84	28,9	-13,1	48,0
256	15.07.17 19:14:15	14,13	1,88	29,1	-14,1	46,8
257	15.07.17 19:14:16	13,98	1,90	30,9	-12,6	46,6
258	15.07.17 19:14:17	13,88	1,94	26,4	-14,5	49,1
259	15.07.17 19:14:18	13,73	1,97	29,6	-10,3	50,1
260	15.07.17 19:14:19	13,61	2,01	21,7	-17,3	51,0
261	15.07.17 19:14:20	13,48	2,03	31,4	-10,1	48,6
262	15.07.17 19:14:21	13,42	2,02	23,8	-14,6	51,7
263	15.07.17 19:14:22	13,39	2,02	31,0	-9,3	49,7
264	15.07.17 19:14:23	13,33	2,04	23,3	-13,7	52,9
265	15.07.17 19:14:24	13,30	2,06	27,9	-11,1	51,0
266	15.07.17 19:14:25	13,24	2,08	18,5	-15,8	55,7
267	15.07.17 19:14:26	13,21	2,10	33,9	-9,6	46,5
268	15.07.17 19:14:27	13,17	2,17	31,7	-11,4	46,9
269	15.07.17 19:14:28	13,05	2,21	24,3	-15,0	50,7
270	15.07.17 19:14:29	12,96	2,23	26,3	-14,9	48,8
271	15.07.17 19:14:30	12,86	2,24	28,5	-11,3	50,2
272	15.07.17 19:14:31	12,74	2,26	31,5	-11,0	47,5
273	15.07.17 19:14:32	12,65	2,28	29,1	-12,7	48,2
274	15.07.17 19:14:33	12,58	2,32	20,9	-16,0	53,1
275	15.07.17 19:14:34	12,55	2,32	30,6	-9,4	50,0
276	15.07.17 19:14:35	12,52	2,34	23,9	-13,3	52,8
277	15.07.17 19:14:36	12,49	2,36	19,5	-15,9	54,6
278	15.07.17 19:14:37	12,46	2,36	21,3	-13,1	55,6
279	15.07.17 19:14:38	12,46	2,38	17,0	-16,9	56,1
280	15.07.17 19:14:39	12,43	2,42	22,8	-12,3	55,0
281	15.07.17 19:14:40	12,30	2,44	24,2	-12,0	53,9
282	15.07.17 19:14:41	12,21	2,45	16,4	-15,5	58,1
283	15.07.17 19:14:42	12,18	2,50	21,4	-12,6	56,0
284	15.07.17 19:14:43	12,05	2,51	19,1	-14,6	56,3
285	15.07.17 19:14:44	11,99	2,53	24,3	-10,2	55,5
286	15.07.17 19:14:45	11,96	2,60	25,8	-13,8	50,4
287	15.07.17 19:14:46	11,89	2,60	23,5	-12,4	54,1
288	15.07.17 19:14:47	11,83	2,62	20,4	-17,7	51,9
289	15.07.17 19:14:48	11,80	2,68	29,1	-11,1	49,8
290	15.07.17 19:14:49	11,67	2,70	27,2	-13,7	49,1
291	15.07.17 19:14:50	11,61	2,69	25,0	-13,7	51,3
292	15.07.17 19:14:51	11,58	2,71	22,9	-13,2	53,9
293	15.07.17 19:14:52	11,55	2,78	24,8	-15,7	49,5
294	15.07.17 19:14:53	11,39	2,84	23,3	-13,2	53,5
295	15.07.17 19:14:54	11,26	2,88	28,4	-11,6	50,0
296	15.07.17 19:14:55	11,20	2,90	26,3	-10,9	52,8
297	15.07.17 19:14:56	11,16	2,92	22,7	-12,6	54,7
298	15.07.17 19:14:57	11,13	2,96	21,7	-12,8	55,4
299	15.07.17 19:14:58	11,04	2,96	24,4	-12,1	53,5
300	15.07.17 19:14:59	11,00	2,98	30,6	-8,9	50,5
301	15.07.17 19:15:00	10,97	3,02	23,5	-11,8	54,7
302	15.07.17 19:15:01	10,94	3,04	24,8	-12,5	52,7
303	15.07.17 19:15:02	10,84	3,13	22,6	-13,5	53,9
304	15.07.17 19:15:03	10,75	3,12	28,9	-9,4	51,8
305	15.07.17 19:15:04	10,68	3,14	23,5	-14,2	52,4
306	15.07.17 19:15:05	10,59	3,20	27,3	-11,1	51,6
307	15.07.17 19:15:06	10,46	3,22	22,5	-14,3	53,2
308	15.07.17 19:15:07	10,36	3,24	24,4	-13,6	52,1
309	15.07.17 19:15:08	10,33	3,26	24,0	-13,7	52,3
310	15.07.17 19:15:09	10,30	3,28	19,1	-16,8	54,1
311	15.07.17 19:15:10	10,27	3,30	28,3	-12,9	48,7
312	15.07.17 19:15:11	10,20	3,36	25,1	-12,8	52,1
313	15.07.17 19:15:12	10,07	3,40	25,8	-13,2	51,0
314	15.07.17 19:15:13	9,97	3,44	23,5	-14,1	52,4
315	15.07.17 19:15:14	9,88	3,48	24,3	-13,6	52,1
316	15.07.17 19:15:15	9,81	3,48	26,1	-11,3	52,6
317	15.07.17 19:15:16	9,78	3,50	19,8	-15,6	54,6
318	15.07.17 19:15:17	9,68	3,58	25,2	-12,3	52,4
319	15.07.17 19:15:18	9,61	3,56	23,7	-12,3	54,0
320	15.07.17 19:15:19	9,58	3,56	22,7	-13,7	53,6
321	15.07.17 19:15:20	9,55	3,62	31,1	-7,8	51,1
322	15.07.17 19:15:21	9,48	3,64	24,1	-14,4	51,5
323	15.07.17 19:15:22	9,45	3,66	22,2	-15,9	52,0
324	15.07.17 19:15:23	9,45	3,69	26,3	-12,0	51,7
325	15.07.17 19:15:24	9,42	3,71	26,3	-13,6	50,1
326	15.07.17 19:15:25	9,35	3,77	26,5	-13,4	50,1
327	15.07.17 19:15:26	9,25	3,81	17,2	-25,8	47,0
328	15.07.17 19:15:27	9,16	3,87	16,8	-24,4	48,9
329	15.07.17 19:15:28	9,09	3,94	17,3	-20,8	52,0
330	15.07.17 19:15:29	8,99	3,98	20,9	-20,7	48,4
331	15.07.17 19:15:30	8,79	3,97	16,2	-14,1	59,7
332	15.07.17 19:15:31	8,56	4,02	15,2	-9,9	64,8
333	15.07.17 19:15:32	8,43	4,04	19,1	-8,4	62,5
334	15.07.17 19:15:33	8,29	4,05	25,8	-4,1	60,1
335	15.07.17 19:15:34	8,23	4,05	29,0	-1,8	59,2
336	15.07.17 19:15:35	8,23	4,05	31,3	-1,4	57,3
337	15.07.17 19:15:36	8,19	4,07	33,2	-1,3	55,6
338	15.07.17 19:15:37	8,19	4,07	34,3	0,5	55,2
339	15.07.17 19:15:38	8,19	4,09	37,7	0,5	51,8
340	15.07.17 19:15:39	8,19	4,07	39,0	2,1	49,0
341	15.07.17 19:15:40	8,12	4,09	40,6	0,8	48,7
342	15.07.17 19:15:41	8,09	4,13	41,6	2,2	46,1
343	15.07.17 19:15:42	8,02	4,15	44,5	2,1	43,4
344	15.07.17 19:15:43	7,99	4,19	46,4	3,3	40,4
345	15.07.17 19:15:44	7,96	4,19	46,6	3,5	39,9
346	15.07.17 19:15:45	7,89	4,23	48,0	2,9	39,0
347	15.07.17 19:15:46	7,86	4,25	48,6	4,2	37,2
348	15.07.17 19:15:47	7,79	4,30	52,0	4,2	33,8
349	15.07.17 19:15:48	7,75	4,34	53,0	4,7	32,3
350	15.07.17 19:15:49	7,69	4,34	51,6	3,9	34,5
351	15.07.17 19:15:50	7,65	4,33	51,2	5,6	33,2
352	15.07.17 19:15:51	7,62	4,38	56,6	4,0	29,4
353	15.07.17 19:15:52	7,58	4,40	55,0	4,7	30,4
354	15.07.17 19:15:53	7,58	4,40	52,8	4,4	32,8
355	15.07.17 19:15:54	7,55	4,42	54,2	5,9	29,9
356	15.07.17 19:15:55	7,55	4,44	56,5	4,6	28,9
357	15.07.17 19:15:56	7,55	4,46	56,8	3,4	29,9
358	15.07.17 19:15:57	7,55	4,53	56,3	4,2	29,5
359	15.07.17 19:15:58	7,55	4,56	55,5	5,4	29,1
360	15.07.17 19:15:59	7,52	4,55	55,4	5,7	29,0
361	15.07.17 19:16:00	7,48	4,62	55,8	6,0	28,3
362	15.07.17 19:16:01	7,38	4,68	54,9	6,0	29,1
363	15.07.17 19:16:02	7,28	4,70	53,2	5,1	31,7
364	15.07.17 19:16:03	7,21	4,74	52,7	4,6	32,7
365	15.07.17 19:16:04	7,18	4,79	56,0	4,8	29,2
366	15.07.17 19:16:05	7,14	4,81	53,4	7,3	29,2
367	15.07.17 19:16:06	7,11	4,85	50,9	7,5	31,6
368	15.07.17 19:16:07	7,00	4,87	50,8	7,6	31,6
369	15.07.17 19:16:08	6,97	4,89	55,4	7,6	27,0
370	15.07.17 19:16:09	6,97	4,91	53,2	9,0	27,8
371	15.07.17 19:16:10	6,97	4,93	48,7	8,9	32,4
372	15.07.17 19:16:11	6,97	4,98	49,0	9,1	32,0
373	15.07.17 19:16:12	6,97	4,98	53,1	9,1	27,8
374	15.07.17 19:16:13	6,97	5,02	53,3	9,3	27,4
375	15.07.17 19:16:14	6,94	5,09	47,6	9,8	32,6
376	15.07.17 19:16:15	6,94	5,09	48,9	9,7	31,5
377	15.07.17 19:16:16	6,90	5,13	52,6	9,9	27,5
378	15.07.17 19:16:17	6,90	5,18	52,3	10,0	27,7
379	15.07.17 19:16:18	6,87	5,20	45,5	10,6	33,8
380	15.07.17 19:16:19	6,87	5,25	49,3	10,2	30,5
381	15.07.17 19:16:20	6,83	5,29	56,1	8,9	24,9
382	15.07.17 19:16:21	6,83	5,31	50,1	10,1	29,9
383	15.07.17 19:16:22	6,80	5,33	45,7	10,8	33,5
384	15.07.17 19:16:23	6,76	5,38	51,8	9,8	28,5
385	15.07.17 19:16:24	6,76	5,40	56,6	8,4	25,0
386	15.07.17 19:16:25	6,73	5,44	51,9	8,7	29,4
387	15.07.17 19:16:26	6,73	5,44	48,9	9,1	32,0
388	15.07.17 19:16:27	6,66	5,51	52,1	8,8	29,2
389	15.07.17 19:16:28	6,59	5,57	56,2	7,9	26,0
390	15.07.17 19:16:29	6,52	5,59	55,8	7,4	26,8
391	15.07.17 19:16:30	6,49	5,61	51,1	8,8	30,1
392	15.07.17 19:16:31	6,42	5,63	51,4	7,5	31,0
393	15.07.17 19:16:32	6,38	5,65	55,0	6,4	28,6
394	15.07.17 19:16:33	6,38	5,70	57,0	7,7	25,4
395	15.07.17 19:16:34	6,31	5,69	56,5	5,6	27,9
396	15.07.17 19:16:35	6,31	5,69	52,5	4,4	33,1
397	15.07.17 19:16:36	6,31	5,72	40,0	3,8	46,2
398	15.07.17 19:16:37	6,28	5,74	10,8	4,1	75,1
399	15.07.17 19:16:38	6,24	5,73	3,6	2,2	84,2
400	15.07.17 19:16:39	6,21	5,73	1,7	1,4	86,9
401	15.07.17 19:16:40	6,14	5,75	2,0	3,7	84,3
402	15.07.17 19:16:41	6,10	5,75	-3,9	-0,1	86,0
403	15.07.17 19:16:42	6,03	5,79	-0,8	1,2	88,0
404	15.07.17 19:16:43	5,93	5,81	-1,5	0,4	88,1
405	15.07.17 19:16:44	5,86	5,80	0,4	-4,7	84,9
406	15.07.17 19:16:45	5,82	5,78	-2,4	-4,8	82,8
407	15.07.17 19:16:46	5,79	5,76	4,0	-0,1	85,9
408	15.07.17 19:16:47	5,75	5,75	-0,4	-6,4	83,2
409	15.07.17 19:16:48	5,72	5,75	6,5	-6,3	77,2
410	15.07.17 19:16:49	5,68	5,79	1,2	-3,1	85,8
411	15.07.17 19:16:50	5,58	5,77	0,6	-1,4	88,0
412	15.07.17 19:16:51	5,51	5,78	-3,4	-2,9	83,7
413	15.07.17 19:16:52	5,47	5,78	-4,9	-2,2	82,9
414	15.07.17 19:16:53	5,40	5,78	1,7	0,2	88,1
415	15.07.17 19:16:54	5,40	5,76	-2,1	-0,6	87,3
416	15.07.17 19:16:55	5,37	5,75	-3,3	4,5	82,3
417	15.07.17 19:16:56	5,33	5,75	-1,5	0,1	88,4
418	15.07.17 19:16:57	5,33	5,75	-3,5	3,7	82,8
419	15.07.17 19:16:58	5,29	5,75	0,1	-1,7	88,2
420	15.07.17 19:16:59	5,26	5,75	6,2	-19,2	64,6
421	15.07.17 19:17:00	5,26	5,77	-5,6	-6,8	77,6
422	15.07.17 19:17:01	5,19	5,77	-0,1	-3,7	86,2
423	15.07.17 19:17:02	5,12	5,76	-7,7	-3,9	78,4
424	15.07.17 19:17:03	5,05	5,80	0,1	-0,6	89,3
425	15.07.17 19:17:04	4,94	5,78	0,5	1,6	87,9
426	15.07.17 19:17:05	4,90	5,77	5,2	-7,9	76,9
427	15.07.17 19:17:06	4,87	5,79	-2,1	-2,9	84,9
428	15.07.17 19:17:07	4,83	5,77	-2,1	-1,2	86,8
429	15.07.17 19:17:08	4,76	5,74	-0,8	-4,0	85,1
430	15.07.17 19:17:09	4,72	5,74	-3,3	-2,7	84,0
431	15.07.17 19:17:10	4,69	5,76	-2,2	-1,9	85,9
432	15.07.17 19:17:11	4,65	5,76	9,6	-9,7	70,7
433	15.07.17 19:17:12	4,61	5,76	-2,8	-0,7	86,5
434	15.07.17 19:17:13	4,58	5,78	-1,8	2,3	85,9
435	15.07.17 19:17:14	4,47	5,77	8,5	0,9	80,6
436	15.07.17 19:17:15	4,40	5,77	7,5	2,7	79,8
437	15.07.17 19:17:16	4,36	5,77	3,7	-1,3	84,9
438	15.07.17 19:17:17	4,32	5,76	1,1	-0,1	88,9
439	15.07.17 19:17:18	4,32	5,74	-5,1	-2,7	82,2
440	15.07.17 19:17:19	4,29	5,74	11,5	-12,8	65,7
441	15.07.17 19:17:20	4,25	5,74	-6,3	-5,8	77,9
442	15.07.17 19:17:21	4,25	5,74	-12,3	-4,8	72,9
443	15.07.17 19:17:22	4,22	5,71	-6,3	-1,5	82,2
444	15.07.17 19:17:23	4,18	5,73	-3,7	3,9	82,4
445	15.07.17 19:17:24	4,14	5,73	-9,1	-2,9	78,0
446	15.07.17 19:17:25	4,11	5,75	2,9	-1,6	85,5
447	15.07.17 19:17:26	4,07	5,73	-5,5	-6,5	78,0
448	15.07.17 19:17:27	4,03	5,75	-3,0	2,2	84,7
449	15.07.17 19:17:28	4,00	5,72	26,6	3,3	60,1
450	15.07.17 19:17:29	3,96	5,70	-7,2	4,2	78,6
451	15.07.17 19:17:30	3,92	5,74	18,9	-13,5	57,6
452	15.07.17 19:17:31	3,85	5,74	5,0	-1,1	83,9
453	15.07.17 19:17:32	3,81	5,76	-0,3	-3,4	86,3
454	15.07.17 19:17:33	3,74	5,85	2,0	-2,7	85,3
455	15.07.17 19:17:34	3,70	5,73	-2,5	2,5	85,0
456	15.07.17 19:17:35	3,67	5,73	10,1	-1,1	78,8
457	15.07.17 19:17:36	3,63	5,75	-4,2	0,0	85,8
458	15.07.17 19:17:37	3,59	5,72	2,6	0,3	87,1
459	15.07.17 19:17:38	3,56	5,72	2,0	-1,9	86,1
460	15.07.17 19:17:39	3,56	5,72	0,2	0,4	89,4
461	15.07.17 19:17:40	3,52	5,72	-6,8	-5,2	78,0
462	15.07.17 19:17:41	3,48	5,72	-8,5	-9,4	72,0
463	15.07.17 19:17:42	3,48	5,72	-10,4	-3,2	76,5
464	15.07.17 19:17:43	3,45	5,72	-5,7	-5,1	79,2
465	15.07.17 19:17:44	3,37	5,73	8,0	4,3	77,7
466	15.07.17 19:17:45	3,33	5,71	2,4	2,8	84,8
467	15.07.17 19:17:46	3,30	5,73	-5,6	0,7	83,7
468	15.07.17 19:17:47	3,30	5,71	20,9	5,1	64,0
469	15.07.17 19:17:48	3,26	5,66	-3,8	0,6	85,7
470	15.07.17 19:17:49	3,22	5,75	4,2	1,8	84,0
471	15.07.17 19:17:50	3,19	5,75	10,2	-9,7	70,1
472	15.07.17 19:17:51	3,07	5,70	-3,9	-2,1	84,0
473	15.07.17 19:17:52	3,04	5,72	0,3	-1,3	88,4
474	15.07.17 19:17:53	3,00	5,69	-10,7	-1,2	78,1
475	15.07.17 19:17:54	3,00	5,69	-0,9	-2,5	86,6
476	15.07.17 19:17:55	2,96	5,69	-10,5	0,9	78,6
477	15.07.17 19:17:56	2,92	5,69	14,6	-22,0	53,3
478	15.07.17 19:17:57	2,92	5,69	-8,3	-1,6	80,1
479	15.07.17 19:17:58	2,89	5,71	1,0	-0,8	88,2
480	15.07.17 19:17:59	2,85	5,68	2,4	-1,8	85,8
481	15.07.17 19:18:00	2,81	5,70	-6,8	-0,8	82,4
482	15.07.17 19:18:01	2,81	5,68	-1,1	0,1	88,8
483	15.07.17 19:18:02	2,77	5,68	12,2	-5,2	72,5
484	15.07.17 19:18:03	2,77	5,66	0,6	2,4	87,0
485	15.07.17 19:18:04	2,77	5,66	-1,1	1,5	87,5
486	15.07.17 19:18:05	2,74	5,65	-3,8	-2,1	84,0
487	15.07.17 19:18:06	2,70	5,68	-1,8	-4,1	84,1
488	15.07.17 19:18:07	2,70	5,65	-2,7	3,6	83,7
489	15.07.17 19:18:08	2,66	5,65	2,1	1,0	86,9
490	15.07.17 19:18:09	2,66	5,65	3,2	7,7	79,2
491	15.07.17 19:18:10	2,66	5,65	1,9	-2,0	86,2
492	15.07.17 19:18:11	2,66	5,65	-14,9	-2,2	73,0
493	15.07.17 19:18:12	2,62	5,63	-6,1	0,4	83,6
494	15.07.17 19:18:13	2,62	5,65	6,4	4,6	79,0
495	15.07.17 19:18:14	2,59	5,65	-3,0	2,5	84,5
496	15.07.17 19:18:15	2,59	5,62	2,2	-0,9	86,9
497	15.07.17 19:18:16	2,55	5,67	7,3	-2,6	80,1
498	15.07.17 19:18:17	2,51	5,67	6,8	2,5	80,6
499	15.07.17 19:18:18	2,47	5,64	-27,8	-2,5	59,7
500	15.07.17 19:18:19	2,47	5,64	-9,4	2,1	78,5
501	15.07.17 19:18:20	2,43	5,66	6,9	-11,9	71,2
502	15.07.17 19:18:21	2,43	5,66	2,0	-2,1	85,9
503	15.07.17 19:18:22	2,43	5,62	-0,2	-1,5	88,2
504	15.07.17 19:18:23	2,40	5,64	-4,7	1,5	83,8
505	15.07.17 19:18:24	2,40	5,64	8,4	-5,1	76,5
506	15.07.17 19:18:25	2,40	5,64	-2,0	-3,2	84,8
507	15.07.17 19:18:26	2,36	5,63	-1,1	-5,1	83,7
508	15.07.17 19:18:27	2,36	5,63	1,8	-4,2	84,0
509	15.07.17 19:18:28	2,36	5,66	0,4	0,2	89,4
510	15.07.17 19:18:29	2,32	5,65	2,4	-6,0	81,6
511	15.07.17 19:18:30	2,32	5,63	-6,4	-0,2	83,4
512	15.07.17 19:18:31	2,32	5,65	5,2	-4,1	80,7
513	15.07.17 19:18:32	2,28	5,63	-16,0	-7,1	66,9
514	15.07.17 19:18:33	2,28	5,63	6,6	-2,5	80,9
515	15.07.17 19:18:34	2,24	5,65	0,0	-0,9	89,0
516	15.07.17 19:18:35	2,24	5,63	2,0	-0,6	87,3
517	15.07.17 19:18:36	2,21	5,63	-0,3	-1,3	88,4
518	15.07.17 19:18:37	2,21	5,63	-2,3	-1,6	86,0
519	15.07.17 19:18:38	2,21	5,63	-4,4	-2,0	83,7
520	15.07.17 19:18:39	2,17	5,60	-6,4	-6,3	77,4
521	15.07.17 19:18:40	2,17	5,72	-8,2	9,2	72,6
522	15.07.17 19:18:41	2,13	5,69	2,2	-1,8	86,0
523	15.07.17 19:18:42	2,13	5,64	-0,5	0,9	88,6
524	15.07.17 19:18:43	2,09	5,62	-0,7	-1,6	87,7
525	15.07.17 19:18:44	2,05	5,62	1,4	-3,9	84,7
526	15.07.17 19:18:45	2,05	5,62	-10,7	-0,2	79,1
527	15.07.17 19:18:46	2,05	5,62	-2,4	4,0	83,6
528	15.07.17 19:18:47	2,05	5,60	-15,4	3,9	70,7
529	15.07.17 19:18:48	2,02	5,62	0,2	-4,0	85,8
530	15.07.17 19:18:49	2,02	5,64	-11,2	-5,6	73,2
531	15.07.17 19:18:50	2,02	5,62	4,3	0,3	85,4
532	15.07.17 19:18:51	2,02	5,62	-8,6	0,7	80,7
533	15.07.17 19:18:52	2,02	5,62	-10,7	-1,3	78,0
534	15.07.17 19:18:53	2,02	5,64	10,3	4,3	75,4
535	15.07.17 19:18:54	2,02	5,62	-8,4	-3,9	77,7
536	15.07.17 19:18:55	1,98	5,64	-7,7	1,1	81,1
537	15.07.17 19:18:56	1,98	5,61	7,5	1,1	81,4
538	15.07.17 19:18:57	1,98	5,61	0,0	-6,5	83,5
539	15.07.17 19:18:58	1,94	5,61	32,7	-5,5	51,8
540	15.07.17 19:18:59	1,94	5,61	10,4	-3,1	76,5
541	15.07.17 19:19:00	1,90	5,61	1,2	-1,0	87,9
542	15.07.17 19:19:01	1,90	5,61	4,0	-0,6	85,4
543	15.07.17 19:19:02	1,86	5,61	-1,4	-1,6	87,0
544	15.07.17 19:19:03	1,86	5,63	-9,2	-3,9	76,9
545	15.07.17 19:19:04	1,86	5,63	-9,1	-3,9	77,1
546	15.07.17 19:19:05	1,86	5,63	-4,1	0,9	84,9
547	15.07.17 19:19:06	1,82	5,61	-4,5	-1,0	84,5
548	15.07.17 19:19:07	1,82	5,61	-0,3	-3,2	86,5
549	15.07.17 19:19:08	1,82	5,61	-13,6	-3,4	73,0
550	15.07.17 19:19:09	1,82	5,61	-1,1	-4,1	84,8
551	15.07.17 19:19:10	1,82	5,63	-2,4	-3,1	84,5
552	15.07.17 19:19:11	1,82	5,63	-5,0	-4,5	80,5
553	15.07.17 19:19:12	1,82	5,58	-15,3	-4,4	70,2
554	15.07.17 19:19:13	1,82	5,61	-8,3	1,6	80,1
555	15.07.17 19:19:14	1,78	5,60	6,2	1,4	82,4
556	15.07.17 19:19:15	1,78	5,60	-4,5	2,0	83,5
557	15.07.17 19:19:16	1,78	5,60	-4,4	2,4	83,3
558	15.07.17 19:19:17	1,78	5,60	-2,7	3,6	83,7
559	15.07.17 19:19:18	1,78	5,60	13,1	-3,4	73,5
560	15.07.17 19:19:19	1,75	5,62	-12,6	-8,6	68,8
561	15.07.17 19:19:20	1,71	5,64	-8,6	-6,1	75,3
562	15.07.17 19:19:21	1,71	5,64	10,4	-0,1	79,5
563	15.07.17 19:19:22	1,67	5,69	26,0	-5,2	58,7
564	15.07.17 19:19:23	1,63	5,64	-9,4	-2,9	77,7
565	15.07.17 19:19:24	1,59	5,64	-4,6	3,8	81,6
566	15.07.17 19:19:25	1,59	5,66	0,1	-1,5	88,4
567	15.07.17 19:19:26	1,59	5,64	-1,0	-1,5	87,6
568	15.07.17 19:19:27	1,59	5,66	18,7	-5,3	66,1
569	15.07.17 19:19:28	1,55	5,64	-9,5	2,6	78,0
570	15.07.17 19:19:29	1,55	5,64	-3,1	-7,0	79,9
571	15.07.17 19:19:30	1,55	5,64	-7,5	-0,6	81,9
572	15.07.17 19:19:31	1,55	5,64	9,9	-4,8	75,3
573	15.07.17 19:19:32	1,55	5,64	0,4	-1,7	87,9
574	15.07.17 19:19:33	1,55	5,61	-2,9	-0,1	87,0
575	15.07.17 19:19:34	1,51	5,63	9,8	3,1	77,1
576	15.07.17 19:19:35	1,51	5,63	-4,7	3,4	81,9
577	15.07.17 19:19:36	1,51	5,63	3,0	3,6	83,4
578	15.07.17 19:19:37	1,51	5,63	2,0	1,6	86,4
579	15.07.17 19:19:38	1,51	5,63	-10,8	0,5	78,7
580	15.07.17 19:19:39	1,48	5,63	-1,3	0,9	87,7
581	15.07.17 19:19:40	1,48	5,61	2,0	1,3	86,7
582	15.07.17 19:19:41	1,48	5,61	2,4	2,4	85,2
583	15.07.17 19:19:42	1,48	5,61	-3,6	3,4	83,0
584	15.07.17 19:19:43	1,48	5,61	3,0	1,8	85,2
585	15.07.17 19:19:44	1,48	5,61	5,6	0,9	83,5
586	15.07.17 19:19:45	1,48	5,61	3,0	2,9	84,1
587	15.07.17 19:19:46	1,48	5,61	2,9	-1,5	85,5
588	15.07.17 19:19:47	1,48	5,61	0,4	-1,4	88,2
589	15.07.17 19:19:48	1,48	5,59	16,4	15,5	58,0
590	15.07.17 19:19:49	1,44	5,58	-3,2	1,3	85,5
591	15.07.17 19:19:50	1,44	5,56	11,6	-2,6	75,8
592	15.07.17 19:19:51	1,40	5,58	-6,2	-4,7	79,0
593	15.07.17 19:19:52	1,40	5,58	10,9	-5,4	73,6
594	15.07.17 19:19:53	1,36	5,58	-12,8	5,0	72,2
595	15.07.17 19:19:54	1,36	5,60	2,6	-13,7	73,6
596	15.07.17 19:19:55	1,32	5,60	1,9	-0,2	87,9
597	15.07.17 19:19:56	1,32	5,60	-1,8	0,5	87,7
598	15.07.17 19:19:57	1,32	5,60	-8,8	0,1	81,1
599	15.07.17 19:19:58	1,28	5,60	-3,2	-1,1	85,7
600	15.07.17 19:19:59	1,28	5,62	-2,1	1,5	86,4
601	15.07.17 19:20:00	1,28	5,60	1,3	-6,5	82,2
602	15.07.17 19:20:01	1,28	5,58	-5,4	-3,9	80,7
603	15.07.17 19:20:02	1,28	5,58	-25,3	-2,0	62,7
604	15.07.17 19:20:03	1,24	5,57	2,4	-0,1	87,5
605	15.07.17 19:20:04	1,24	5,57	-5,2	-0,5	84,3
606	15.07.17 19:20:05	1,24	5,60	-1,8	-2,0	86,2
607	15.07.17 19:20:06	1,24	5,60	-2,4	-1,4	86,2
608	15.07.17 19:20:07	1,24	5,60	4,2	0,4	85,3
609	15.07.17 19:20:08	1,24	5,60	1,3	2,3	86,3
610	15.07.17 19:20:09	1,24	5,60	-5,9	-9,1	75,1
611	15.07.17 19:20:10	1,24	5,60	-8,7	0,1	81,2
612	15.07.17 19:20:11	1,20	5,62	-12,7	-6,7	70,6
613	15.07.17 19:20:12	1,20	5,60	-1,5	-17,3	71,2
614	15.07.17 19:20:13	1,20	5,57	2,1	-18,0	69,9
615	15.07.17 19:20:14	1,20	5,57	39,6	-22,1	28,3
616	15.07.17 19:20:15	1,16	5,59	-8,7	0,9	80,4
617	15.07.17 19:20:16	1,13	5,61	-0,7	-1,6	87,7
618	15.07.17 19:20:17	1,13	5,59	-0,5	-1,7	87,8
619	15.07.17 19:20:18	1,13	5,61	-1,8	4,2	83,9
620	15.07.17 19:20:19	1,09	5,61	5,5	-3,4	81,1
621	15.07.17 19:20:20	1,09	5,59	14,3	0,6	75,0
622	15.07.17 19:20:21	1,09	5,59	-6,1	4,0	79,9
623	15.07.17 19:20:22	1,09	5,59	29,8	-9,0	51,2
624	15.07.17 19:20:23	1,09	5,57	-6,8	-5,7	77,5
625	15.07.17 19:20:24	1,09	5,59	11,7	0,4	77,9
626	15.07.17 19:20:25	1,09	5,59	-6,3	-1,2	82,6
627	15.07.17 19:20:26	1,09	5,61	-3,4	1,5	85,1
628	15.07.17 19:20:27	1,09	5,61	1,0	0,6	88,5
629	15.07.17 19:20:28	1,05	5,61	-6,5	0,3	83,2
630	15.07.17 19:20:29	1,05	5,54	-15,6	-5,8	68,6
631	15.07.17 19:20:30	1,05	5,59	-8,1	0,2	81,7
632	15.07.17 19:20:31	1,05	5,59	-4,5	-0,2	85,3
633	15.07.17 19:20:32	1,05	5,61	0,8	-0,7	88,5
634	15.07.17 19:20:33	1,05	5,59	21,4	-13,1	55,5
635	15.07.17 19:20:34	1,05	5,56	11,5	16,1	62,4
636	15.07.17 19:20:35	1,05	5,61	3,0	-8,8	78,2
637	15.07.17 19:20:36	1,01	5,58	-31,9	0,6	57,5
638	15.07.17 19:20:37	0,97	5,61	-11,1	-4,7	74,2
639	15.07.17 19:20:38	0,97	5,61	-1,6	-4,5	83,9
640	15.07.17 19:20:39	0,97	5,61	15,7	-10,0	64,3
641	15.07.17 19:20:40	0,93	5,60	2,0	3,3	84,7
642	15.07.17 19:20:41	0,93	5,60	-1,8	-5,6	82,6
643	15.07.17 19:20:42	0,93	5,60	25,2	-9,5	55,3
644	15.07.17 19:20:43	0,93	5,63	-5,5	-5,3	79,2
645	15.07.17 19:20:44	0,93	5,60	-7,9	-3,6	78,5
646	15.07.17 19:20:45	0,93	5,60	7,0	-6,2	76,8
647	15.07.17 19:20:46	0,93	5,58	19,0	-7,6	63,4
648	15.07.17 19:20:47	0,93	5,60	-12,9	-1,3	75,8
649	15.07.17 19:20:48	0,89	5,58	13,5	-12,9	63,6
650	15.07.17 19:20:49	0,89	5,60	-10,7	0,4	78,9
651	15.07.17 19:20:50	0,89	5,58	-8,9	6,2	74,8
652	15.07.17 19:20:51	0,89	5,60	11,7	-5,9	72,4
653	15.07.17 19:20:52	0,85	5,60	-10,6	2,3	77,0
654	15.07.17 19:20:53	0,89	5,58	11,9	-8,7	69,5
655	15.07.17 19:20:54	0,85	5,69	33,3	-12,7	44,0
656	15.07.17 19:20:55	0,85	5,55	0,3	-7,1	82,6
657	15.07.17 19:20:56	0,85	5,64	-13,7	1,6	74,7
658	15.07.17 19:20:57	0,85	5,62	16,9	2,5	70,7
659	15.07.17 19:20:58	0,81	5,62	-14,5	4,0	71,5
660	15.07.17 19:20:59	0,81	5,62	-5,4	-1,3	83,3
661	15.07.17 19:21:00	0,81	5,62	-3,5	-0,3	86,2
662	15.07.17 19:21:01	0,81	5,64	-0,5	-1,5	88,0
663	15.07.17 19:21:02	0,81	5,62	11,7	-11,8	66,5
664	15.07.17 19:21:03	0,77	5,62	26,3	-6,3	57,4
665	15.07.17 19:21:04	0,77	5,62	-9,9	10,4	69,7
666	15.07.17 19:21:05	0,77	5,62	0,7	-2,3	87,0
667	15.07.17 19:21:06	0,77	5,62	1,9	-4,3	83,8
668	15.07.17 19:21:07	0,73	5,62	6,6	-5,7	77,7
669	15.07.17 19:21:08	0,73	5,62	-3,7	-7,5	78,8
670	15.07.17 19:21:09	0,73	5,62	-0,9	-1,8	87,4
671	15.07.17 19:21:10	0,73	5,62	-0,1	1,2	88,8
672	15.07.17 19:21:11	0,73	5,62	-4,8	-3,8	81,4
673	15.07.17 19:21:12	0,69	5,64	3,9	-2,6	83,6
674	15.07.17 19:21:13	0,69	5,64	11,0	0,6	78,4
675	15.07.17 19:21:14	0,69	5,61	-17,7	3,1	69,2
676	15.07.17 19:21:15	0,69	5,61	-4,2	-3,6	82,2
677	15.07.17 19:21:16	0,69	5,61	-15,4	-3,0	71,7
678	15.07.17 19:21:17	0,69	5,61	-3,0	-1,8	85,2
679	15.07.17 19:21:18	0,69	5,61	5,2	-2,6	82,3
680	15.07.17 19:21:19	0,65	5,59	-14,6	-1,3	74,2
681	15.07.17 19:21:20	0,65	5,61	1,7	0,0	88,3
682	15.07.17 19:21:21	0,65	5,63	5,0	-5,2	79,8
683	15.07.17 19:21:22	0,61	5,63	10,4	-5,1	74,5
684	15.07.17 19:21:23	0,61	5,63	-2,6	0,6	86,9
685	15.07.17 19:21:24	0,61	5,61	-0,2	1,4	88,4
686	15.07.17 19:21:25	0,61	5,61	4,5	-3,0	82,5
687	15.07.17 19:21:26	0,61	5,61	16,3	3,8	70,0
688	15.07.17 19:21:27	0,61	5,61	-4,6	7,1	78,2
689	15.07.17 19:21:28	0,61	5,61	-3,3	-3,5	83,1
690	15.07.17 19:21:29	0,57	5,63	-0,5	-6,7	82,8
691	15.07.17 19:21:30	0,57	5,58	-9,9	-2,6	77,4
692	15.07.17 19:21:31	0,57	5,61	-4,5	-2,0	83,5
693	15.07.17 19:21:32	0,57	5,58	-4,4	1,2	84,4
694	15.07.17 19:21:33	0,57	5,58	-12,2	-3,5	74,3
695	15.07.17 19:21:34	0,57	5,63	16,5	-9,9	63,6
696	15.07.17 19:21:35	0,57	5,58	-12,9	-2,6	74,5
697	15.07.17 19:21:36	0,57	5,61	28,0	-3,0	59,0
698	15.07.17 19:21:37	0,53	5,63	26,5	4,5	59,0
699	15.07.17 19:21:38	0,53	5,61	23,1	-11,1	55,8
700	15.07.17 19:21:39	0,50	5,58	-4,0	-21,4	64,6
701	15.07.17 19:21:40	0,50	5,65	8,2	-2,7	79,0
702	15.07.17 19:21:41	0,50	5,63	3,7	-1,3	85,0
703	15.07.17 19:21:42	0,46	5,60	-3,0	-4,7	82,3
704	15.07.17 19:21:43	0,46	5,62	3,9	-12,5	73,6
705	15.07.17 19:21:44	0,46	5,62	7,8	1,6	80,6
706	15.07.17 19:21:45	0,46	5,60	-8,9	0,8	80,4
707	15.07.17 19:21:46	0,46	5,62	7,6	-1,9	80,5
708	15.07.17 19:21:47	0,46	5,65	-15,2	5,0	69,8
709	15.07.17 19:21:48	0,46	5,65	-8,4	5,2	76,4
710	15.07.17 19:21:49	0,46	5,60	-17,4	2,1	70,5
711	15.07.17 19:21:50	0,42	5,62	-5,2	-4,1	80,7
712	15.07.17 19:21:51	0,42	5,62	33,9	5,9	50,1
713	15.07.17 19:21:52	0,42	5,60	6,3	38,8	44,9
714	15.07.17 19:21:53	0,42	5,67	3,4	6,6	79,9
715	15.07.17 19:21:54	0,38	5,64	-16,1	-4,9	69,0
716	15.07.17 19:21:55	0,38	5,62	19,9	-0,4	69,7
717	15.07.17 19:21:56	0,38	5,62	-15,5	7,9	66,5
718	15.07.17 19:21:57	0,38	5,62	-4,2	-3,8	82,1
719	15.07.17 19:21:58	0,34	5,62	4,8	-3,9	81,3
720	15.07.17 19:21:59	0,34	5,62	11,8	-12,1	66,1
721	15.07.17 19:22:00	0,34	5,59	3,3	-9,8	77,0
722	15.07.17 19:22:01	0,34	5,62	2,2	6,6	81,1
723	15.07.17 19:22:02	0,34	5,62	-4,9	-3,2	81,9
724	15.07.17 19:22:03	0,34	5,62	-12,5	0,2	77,4
725	15.07.17 19:22:04	0,30	5,62	1,5	-3,8	84,7
726	15.07.17 19:22:05	0,30	5,64	-0,1	-2,8	87,1
727	15.07.17 19:22:06	0,30	5,62	-6,2	-1,2	82,6
728	15.07.17 19:22:07	0,30	5,64	5,4	-1,3	83,3
729	15.07.17 19:22:08	0,30	5,62	5,4	-1,9	82,8
730	15.07.17 19:22:09	0,30	5,62	0,8	-4,1	85,1
731	15.07.17 19:22:10	0,30	5,62	2,8	-6,1	81,0
732	15.07.17 19:22:11	0,26	5,61	-5,2	-14,0	70,7
733	15.07.17 19:22:12	0,26	5,61	-2,0	-15,7	72,3
734	15.07.17 19:22:13	0,26	5,61	-0,1	-21,1	68,9
735	15.07.17 19:22:14	0,26	5,61	9,3	-32,2	48,5
736	15.07.17 19:22:15	0,26	5,64	20,3	-16,0	53,7
737	15.07.17 19:22:16	0,26	5,61	16,0	-19,8	54,1
738	15.07.17 19:22:17	0,26	5,61	19,8	-17,8	52,5
739	15.07.17 19:22:18	0,26	5,59	24,8	-12,4	52,7
740	15.07.17 19:22:19	0,26	5,59	28,7	-11,1	50,2
741	15.07.17 19:22:20	0,26	5,61	22,1	-14,8	53,1
742	15.07.17 19:22:21	0,26	5,61	31,9	-10,0	48,0
743	15.07.17 19:22:22	0,26	5,61	33,7	-9,3	47,0
744	15.07.17 19:22:23	0,22	5,59	34,6	-12,0	43,4
745	15.07.17 19:22:24	0,22	5,59	32,5	-12,6	44,9
746	15.07.17 19:22:25	0,22	5,59	31,0	-13,1	45,9
747	15.07.17 19:22:26	0,22	5,57	29,2	-16,3	44,5
748	15.07.17 19:22:27	0,22	5,57	37,5	-11,5	41,0
749	15.07.17 19:22:28	0,22	5,54	28,1	-16,4	45,5
750	15.07.17 19:22:29	0,22	5,54	37,7	-12,1	40,2
751	15.07.17 19:22:30	0,22	5,52	30,6	-16,3	43,1
752	15.07.17 19:22:31	0,22	5,52	31,6	-14,5	43,9
753	15.07.17 19:22:32	0,22	5,50	34,8	-13,8	41,4
754	15.07.17 19:22:33	0,22	5,50	35,3	-17,0	37,7
755	15.07.17 19:22:34	0,18	5,50	32,0	-17,2	40,7
756	15.07.17 19:22:35	0,18	5,47	33,5	-13,4	43,1
757	15.07.17 19:22:36	0,18	5,45	33,0	-16,9	40,0
758	15.07.17 19:22:37	0,18	5,45	34,2	-15,4	40,4
759	15.07.17 19:22:38	0,18	5,45	33,2	-13,6	43,2
760	15.07.17 19:22:39	0,18	5,43	36,1	-12,4	41,5
761	15.07.17 19:22:40	0,18	5,40	36,1	-13,6	40,3
762	15.07.17 19:22:41	0,18	5,40	33,2	-17,3	39,5
763	15.07.17 19:22:42	0,18	5,38	35,7	-13,7	40,6
764	15.07.17 19:22:43	0,18	5,36	28,7	-16,5	44,7
765	15.07.17 19:22:44	0,18	5,36	37,4	-13,4	39,2
766	15.07.17 19:22:45	0,14	5,33	36,7	-15,5	37,8
767	15.07.17 19:22:46	0,14	5,31	32,2	-15,3	42,5
768	15.07.17 19:22:47	0,14	5,31	34,1	-15,6	40,3
769	15.07.17 19:22:48	0,14	5,29	46,2	-18,8	25,0
770	15.07.17 19:22:49	0,14	5,29	39,0	-19,0	32,0
771	15.07.17 19:22:50	0,14	5,24	33,8	-13,4	42,9
772	15.07.17 19:22:51	0,14	5,22	32,6	-18,8	38,5
773	15.07.17 19:22:52	0,14	5,20	34,7	-17,0	38,2
774	15.07.17 19:22:53	0,14	5,17	37,3	-11,1	41,5
775	15.07.17 19:22:54	0,14	5,17	30,4	-17,8	41,8
776	15.07.17 19:22:55	0,14	5,15	36,9	-14,1	39,0
777	15.07.17 19:22:56	0,14	5,13	38,0	-12,2	39,8
778	15.07.17 19:22:57	0,14	5,08	29,5	-19,2	41,3
779	15.07.17 19:22:58	0,14	5,06	35,6	-14,2	40,2
780	15.07.17 19:22:59	0,14	5,04	37,5	-11,5	41,0
781	15.07.17 19:23:00	0,10	5,01	33,4	-18,4	38,2
782	15.07.17 19:23:01	0,10	5,01	33,2	-18,3	38,5
783	15.07.17 19:23:02	0,10	4,97	33,5	-14,9	41,5
784	15.07.17 19:23:03	0,10	4,94	31,5	-16,6	41,9
785	15.07.17 19:23:04	0,10	4,90	38,9	-15,1	36,0
786	15.07.17 19:23:05	0,10	4,88	33,7	-17,9	38,4
787	15.07.17 19:23:06	0,10	4,83	27,9	-18,7	43,4
788	15.07.17 19:23:07	0,10	4,79	32,3	-16,2	41,5
789	15.07.17 19:23:08	0,10	4,81	34,5	-19,6	35,9
790	15.07.17 19:23:09	0,06	4,76	38,1	-14,6	37,3
791	15.07.17 19:23:10	0,06	4,74	34,7	-14,4	40,8
792	15.07.17 19:23:11	0,06	4,67	29,5	-19,6	40,9
793	15.07.17 19:23:12	0,06	4,65	37,9	-15,5	36,6
794	15.07.17 19:23:13	0,06	4,62	37,8	-14,5	37,8
795	15.07.17 19:23:14	0,06	4,60	31,3	-19,2	39,5
796	15.07.17 19:23:15	0,06	4,56	35,4	-15,0	39,6
797	15.07.17 19:23:16	0,06	4,51	31,5	-18,9	39,6
798	15.07.17 19:23:17	0,06	4,49	36,6	-17,1	36,3
799	15.07.17 19:23:18	0,06	4,46	30,6	-18,7	40,7
800	15.07.17 19:23:19	0,06	4,40	29,5	-18,6	41,8
801	15.07.17 19:23:20	0,06	4,37	33,6	-17,7	38,7
802	15.07.17 19:23:21	0,06	4,33	33,3	-17,8	38,9
803	15.07.17 19:23:22	0,06	4,28	29,5	-18,8	41,7
804	15.07.17 19:23:23	0,06	4,21	29,4	-19,3	41,3
805	15.07.17 19:23:24	0,06	4,21	31,7	-20,2	38,1
806	15.07.17 19:23:25	0,06	4,15	32,1	-16,6	41,3
807	15.07.17 19:23:26	0,06	4,10	29,6	-18,9	41,5
808	15.07.17 19:23:27	0,06	4,03	30,2	-19,6	40,2
809	15.07.17 19:23:28	0,06	3,99	29,9	-18,6	41,5
810	15.07.17 19:23:29	0,06	3,96	30,2	-19,0	40,8
811	15.07.17 19:23:30	0,10	3,92	34,9	-16,1	39,0
812	15.07.17 19:23:31	0,10	3,85	30,3	-18,7	41,1
813	15.07.17 19:23:32	0,14	3,79	29,9	-18,2	41,9
814	15.07.17 19:23:33	0,18	3,72	31,6	-18,7	39,7
815	15.07.17 19:23:34	0,22	3,68	32,4	-18,9	38,7
816	15.07.17 19:23:35	0,26	3,59	30,0	-19,3	40,8
817	15.07.17 19:23:36	0,30	3,52	33,3	-17,5	39,2
818	15.07.17 19:23:37	0,34	3,45	32,7	-19,7	37,6
819	15.07.17 19:23:38	0,38	3,41	34,3	-18,5	37,2
820	15.07.17 19:23:39	0,42	3,34	29,8	-19,1	41,1
821	15.07.17 19:23:40	0,46	3,30	40,5	-24,8	24,6
822	15.07.17 19:23:41	0,50	3,33	54,4	-22,8	12,8
823	15.07.17 19:23:42	0,50	3,35	50,2	-17,1	22,7
824	15.07.17 19:23:43	0,50	3,33	53,2	-18,1	18,7
825	15.07.17 19:23:44	0,53	3,33	50,3	-24,2	15,5
826	15.07.17 19:23:45	0,57	3,38	58,8	-10,2	21,0
827	15.07.17 19:23:46	0,57	3,38	48,7	6,7	34,7
828	15.07.17 19:23:47	0,61	3,40	65,1	7,1	17,8
829	15.07.17 19:23:48	0,61	3,40	71,8	2,8	15,4
830	15.07.17 19:23:49	0,65	3,43	75,2	-1,7	13,1
831	15.07.17 19:23:50	0,65	3,43	67,3	-7,4	15,3
832	15.07.17 19:23:51	0,65	3,45	63,9	-10,3	15,8
833	15.07.17 19:23:52	0,65	3,43	63,0	-10,7	16,3
834	15.07.17 19:23:53	0,65	3,43	64,0	-11,8	14,2
835	15.07.17 19:23:54	0,65	3,40	62,3	-13,5	14,2
836	15.07.17 19:23:55	0,65	3,40	59,9	-12,6	17,6
837	15.07.17 19:23:56	0,65	3,40	63,9	-8,8	17,4
838	15.07.17 19:23:57	0,65	3,40	65,5	-7,3	17,1
839	15.07.17 19:23:58	0,69	3,40	65,0	-7,3	17,7
840	15.07.17 19:23:59	0,69	3,38	66,0	-5,8	18,3
841	15.07.17 19:24:00	0,69	3,38	68,8	-2,1	19,0
842	15.07.17 19:24:01	0,69	3,36	70,6	0,3	19,1
843	15.07.17 19:24:02	0,69	3,38	68,1	1,9	20,1
844	15.07.17 19:24:03	0,69	3,36	68,7	2,5	18,8
845	15.07.17 19:24:04	0,69	3,34	69,0	-0,4	20,6
846	15.07.17 19:24:05	0,69	3,31	59,3	-4,5	26,2
847	15.07.17 19:24:06	0,69	3,25	52,4	-5,9	31,7
848	15.07.17 19:24:07	0,69	3,18	54,3	-4,3	31,4
849	15.07.17 19:24:08	0,69	3,13	51,4	-5,3	33,4
850	15.07.17 19:24:09	0,73	3,09	46,9	-7,3	35,8
851	15.07.17 19:24:10	0,77	3,00	41,5	-11,4	37,2
852	15.07.17 19:24:11	0,81	2,93	40,3	-13,0	36,8
853	15.07.17 19:24:12	0,85	2,91	39,1	-12,9	38,0
854	15.07.17 19:24:13	0,89	2,82	39,3	-12,2	38,5
855	15.07.17 19:24:14	0,97	2,78	40,2	-10,1	39,7
856	15.07.17 19:24:15	1,01	2,76	48,8	-11,9	29,2
857	15.07.17 19:24:16	1,05	2,74	52,7	-12,7	24,6
858	15.07.17 19:24:17	1,09	2,74	53,5	-11,7	24,9
859	15.07.17 19:24:18	1,09	2,77	55,6	-10,4	24,0
860	15.07.17 19:24:19	1,09	2,74	56,6	-9,9	23,5
861	15.07.17 19:24:20	1,09	2,74	55,3	-9,3	25,4
862	15.07.17 19:24:21	1,09	2,72	56,5	-6,2	27,4
863	15.07.17 19:24:22	1,13	2,72	62,1	-3,8	24,1
864	15.07.17 19:24:23	1,13	2,72	64,5	-1,7	23,8
865	15.07.17 19:24:24	1,13	2,72	60,3	1,9	27,8
866	15.07.17 19:24:25	1,13	2,70	57,1	6,2	26,6
867	15.07.17 19:24:26	1,13	2,70	58,9	8,3	22,8
868	15.07.17 19:24:27	1,13	2,68	56,7	11,2	22,0
869	15.07.17 19:24:28	1,13	2,68	52,2	13,9	23,9
870	15.07.17 19:24:29	1,13	2,68	50,2	15,7	24,0
871	15.07.17 19:24:30	1,13	2,65	45,8	18,0	26,2
872	15.07.17 19:24:31	1,13	2,61	42,1	21,2	26,7
873	15.07.17 19:24:32	1,16	2,54	42,7	22,4	24,9
874	15.07.17 19:24:33	1,24	2,46	44,5	20,9	24,6
875	15.07.17 19:24:34	1,36	2,42	44,5	19,7	25,7
876	15.07.17 19:24:35	1,44	2,35	44,0	21,6	24,4
877	15.07.17 19:24:36	1,51	2,31	44,8	22,0	23,3
878	15.07.17 19:24:37	1,59	2,31	43,5	24,3	22,2
879	15.07.17 19:24:38	1,63	2,25	43,1	24,6	22,2
880	15.07.17 19:24:39	1,67	2,18	39,9	28,6	21,5
881	15.07.17 19:24:40	1,71	2,16	35,6	27,5	26,9
882	15.07.17 19:24:41	1,78	2,12	44,2	22,4	23,4
883	15.07.17 19:24:42	1,82	2,08	43,5	23,6	22,9
884	15.07.17 19:24:43	1,90	2,04	42,8	22,6	24,6
885	15.07.17 19:24:44	2,02	2,00	42,9	20,1	26,9
886	15.07.17 19:24:45	2,09	2,00	46,1	17,1	26,8
887	15.07.17 19:24:46	2,13	1,96	49,6	14,5	25,9
888	15.07.17 19:24:47	2,17	1,91	48,9	14,9	26,2
889	15.07.17 19:24:48	2,21	1,92	47,6	15,4	26,9
890	15.07.17 19:24:49	2,24	1,90	50,7	16,3	23,1
891	15.07.17 19:24:50	2,28	1,87	49,2	17,6	23,2
892	15.07.17 19:24:51	2,28	1,85	47,4	17,6	25,0
893	15.07.17 19:24:52	2,32	1,83	43,0	20,1	26,9
894	15.07.17 19:24:53	2,32	1,79	44,2	21,6	24,2
895	15.07.17 19:24:54	2,40	1,72	45,7	21,4	22,9
896	15.07.17 19:24:55	2,47	1,70	42,6	22,4	25,1
897	15.07.17 19:24:56	2,59	1,62	38,7	24,5	26,8
898	15.07.17 19:24:57	2,70	1,62	41,6	26,2	22,2
899	15.07.17 19:24:58	2,81	1,58	34,3	31,7	24,0
900	15.07.17 19:24:59	2,89	1,59	34,7	32,1	23,2
901	15.07.17 19:25:00	2,92	1,57	34,0	29,6	26,4
902	15.07.17 19:25:01	2,96	1,52	40,4	22,9	26,8
903	15.07.17 19:25:02	3,04	1,48	42,3	21,5	26,2
904	15.07.17 19:25:03	3,11	1,46	35,1	24,0	31,0
905	15.07.17 19:25:04	3,15	1,47	42,1	21,0	27,0
906	15.07.17 19:25:05	3,19	1,42	44,0	20,0	26,1
907	15.07.17 19:25:06	3,22	1,40	46,1	19,2	24,7
908	15.07.17 19:25:07	3,22	1,38	45,6	16,1	28,3
909	15.07.17 19:25:08	3,26	1,34	43,2	13,0	33,9
910	15.07.17 19:25:09	3,33	1,29	42,9	10,1	37,0
911	15.07.17 19:25:10	3,45	1,26	45,9	8,1	36,0
912	15.07.17 19:25:11	3,63	1,13	43,8	3,6	42,6
913	15.07.17 19:25:12	3,89	0,92	43,4	0,7	46,0
914	15.07.17 19:25:13	4,29	0,85	48,2	3,0	38,8
915	15.07.17 19:25:14	4,65	0,84	43,6	7,5	39,0
916	15.07.17 19:25:15	4,90	0,77	40,8	12,6	36,6
917	15.07.17 19:25:16	5,22	0,74	40,0	16,9	33,1
918	15.07.17 19:25:17	5,47	0,73	39,3	17,9	32,8
919	15.07.17 19:25:18	5,68	0,67	40,1	19,3	30,5
920	15.07.17 19:25:19	5,93	0,60	43,0	18,6	28,5
921	15.07.17 19:25:20	6,17	0,57	38,6	20,6	30,7
922	15.07.17 19:25:21	6,42	0,53	41,2	20,8	27,9
923	15.07.17 19:25:22	6,59	0,54	40,4	24,0	25,6
924	15.07.17 19:25:23	6,73	0,48	34,4	27,3	28,3
925	15.07.17 19:25:24	6,87	0,46	39,2	22,9	27,9
926	15.07.17 19:25:25	6,94	0,44	41,6	23,8	24,5
927	15.07.17 19:25:26	7,00	0,44	42,1	25,1	22,8
928	15.07.17 19:25:27	7,11	0,44	39,4	26,1	24,5
929	15.07.17 19:25:28	7,14	0,41	40,0	25,0	25,0
930	15.07.17 19:25:29	7,21	0,34	38,7	27,7	23,5
931	15.07.17 19:25:30	7,28	0,32	38,5	27,8	23,7
932	15.07.17 19:25:31	7,38	0,28	39,2	26,2	24,7
933	15.07.17 19:25:32	7,48	0,23	37,5	23,6	28,9
934	15.07.17 19:25:33	7,55	0,23	36,3	22,7	31,1
935	15.07.17 19:25:34	7,65	0,21	38,5	18,4	33,1
936	15.07.17 19:25:35	7,79	0,14	39,0	16,2	34,8
937	15.07.17 19:25:36	7,92	0,14	35,1	16,3	38,7
938	15.07.17 19:25:37	8,06	0,03	38,5	14,3	37,2
939	15.07.17 19:25:38	8,26	0,00	37,4	15,6	37,0
940	15.07.17 19:25:39	8,43	0,00	39,6	14,4	36,0
941	15.07.17 19:25:40	8,53	0,00	39,2	15,2	35,7
942	15.07.17 19:25:41	8,59	0,00	42,1	16,7	31,2
943	15.07.17 19:25:42	8,69	0,00	39,0	13,8	37,2
944	15.07.17 19:25:43	8,76	0,00	42,8	9,3	37,9
945	15.07.17 19:25:44	8,79	0,00	43,1	1,4	45,6
946	15.07.17 19:25:45	8,82	0,00	32,1	-9,7	48,2
947	15.07.17 19:25:46	9,02	0,00	35,5	-8,2	46,4
948	15.07.17 19:25:47	9,19	0,00	35,8	-10,8	43,4
949	15.07.17 19:25:48	9,35	0,00	34,8	-8,9	46,3
950	15.07.17 19:25:49	9,48	0,00	31,1	-10,3	48,6
951	15.07.17 19:25:50	9,61	0,00	22,6	-10,6	56,7
952	15.07.17 19:25:51	9,75	0,00	25,2	-8,6	56,3
953	15.07.17 19:25:52	9,91	0,00	39,9	-6,0	44,1
954	15.07.17 19:25:53	10,04	0,00	25,0	2,5	62,5
955	15.07.17 19:25:54	10,14	0,00	31,7	7,4	50,9
956	15.07.17 19:25:55	10,20	0,00	31,3	11,4	47,4
957	15.07.17 19:25:56	10,30	0,00	25,4	-0,8	63,8
958	15.07.17 19:25:57	10,36	0,00	24,6	-0,9	64,5
959	15.07.17 19:25:58	10,52	0,00	28,7	-0,1	61,3
960	15.07.17 19:25:59	10,62	0,00	37,5	-1,7	50,8
961	15.07.17 19:26:00	10,68	0,00	35,0	-3,6	51,5
962	15.07.17 19:26:01	10,72	0,00	36,3	3,2	50,5
963	15.07.17 19:26:02	10,78	0,00	31,3	-3,4	55,4
964	15.07.17 19:26:03	10,91	0,00	24,4	3,2	62,4
965	15.07.17 19:26:04	10,97	0,00	26,4	-1,7	61,9
966	15.07.17 19:26:05	11,10	0,00	34,1	-8,7	47,2
967	15.07.17 19:26:06	11,16	0,00	33,9	-12,1	44,1
968	15.07.17 19:26:07	11,26	0,00	31,2	-10,9	48,0
969	15.07.17 19:26:08	11,29	0,00	27,2	-9,5	53,3
970	15.07.17 19:26:09	11,35	0,00	20,6	-10,9	58,5
971	15.07.17 19:26:10	11,42	0,00	22,9	-13,8	53,2
972	15.07.17 19:26:11	11,48	0,00	29,2	-12,3	48,5
973	15.07.17 19:26:12	11,51	0,00	27,8	-21,7	40,4
974	15.07.17 19:26:13	11,55	0,00	37,2	-14,9	37,8
975	15.07.17 19:26:14	11,58	0,00	27,8	-14,5	47,7
976	15.07.17 19:26:15	11,61	0,00	23,8	-20,0	46,2
977	15.07.17 19:26:16	11,64	0,00	21,1	-30,0	38,9
978	15.07.17 19:26:17	11,70	0,00	30,1	-21,2	38,7
979	15.07.17 19:26:18	11,77	0,00	37,8	-10,2	42,0
980	15.07.17 19:26:19	11,80	0,00	46,8	4,2	39,0
981	15.07.17 19:26:20	11,83	0,00	37,3	15,5	37,2
982	15.07.17 19:26:21	11,86	0,00	32,4	27,7	29,9
983	15.07.17 19:26:22	11,89	0,00	36,3	22,5	31,3
984	15.07.17 19:26:23	11,89	0,00	44,6	22,8	22,6
985	15.07.17 19:26:24	11,92	0,00	58,3	26,3	5,4
986	15.07.17 19:26:25	11,89	0,00	55,3	20,5	14,3
987	15.07.17 19:26:26	11,80	0,00	49,8	20,3	19,9
988	15.07.17 19:26:27	11,70	0,00	55,4	23,8	10,9
989	15.07.17 19:26:28	11,64	0,00	54,2	26,4	9,4
990	15.07.17 19:26:29	11,58	0,00	47,4	28,2	14,5
991	15.07.17 19:26:30	11,51	0,00	48,0	27,0	15,1
992	15.07.17 19:26:31	11,48	0,00	55,7	26,8	7,6
993	15.07.17 19:26:32	11,42	0,00	53,4	26,7	10,0
994	15.07.17 19:26:33	11,39	0,00	53,3	25,7	11,0
995	15.07.17 19:26:34	11,32	0,00	45,8	3,0	41,1
996	15.07.17 19:26:35	11,29	0,00	10,9	27,8	51,3
997	15.07.17 19:26:36	11,26	0,00	12,1	42,6	35,3
998	15.07.17 19:26:37	11,20	0,00	9,0	61,0	20,0
999	15.07.17 19:26:38	11,16	0,00	4,3	72,9	12,8
1000	15.07.17 19:26:39	11,13	0,00	1,2	70,3	18,5
1001	15.07.17 19:26:40	11,10	0,00	10,0	78,4	1,6
1002	15.07.17 19:26:41	11,07	0,00	69,4	9,9	10,7
1003	15.07.17 19:26:42	11,04	0,00	52,1	16,1	21,8
1004	15.07.17 19:26:43	11,00	0,00	38,4	19,3	32,3
1005	15.07.17 19:26:44	10,97	0,00	76,7	-5,9	7,4
1006	15.07.17 19:26:45	10,94	0,00	66,9	-18,1	5,0
1007	15.07.17 19:26:46	10,91	0,00	28,5	-61,2	0,3
1008	15.07.17 19:26:47	10,91	0,00	1,7	-49,2	-39,2
1009	15.07.17 19:26:48	10,88	0,00	-5,7	-11,1	-73,2
1010	15.07.17 19:26:49	10,84	0,00	-13,0	-5,8	-71,2
1011	15.07.17 19:26:50	10,81	0,00	-14,6	-4,7	-70,8
1012	15.07.17 19:26:51	10,78	0,00	-19,1	-6,4	-64,5
1013	15.07.17 19:26:52	10,75	0,00	-19,5	-9,3	-61,1
1014	15.07.17 19:26:53	10,75	0,00	-27,5	-2,7	-59,8
1015	15.07.17 19:26:54	10,72	0,00	-28,2	-4,3	-57,5
1016	15.07.17 19:26:55	10,68	0,00	-28,0	-2,9	-59,2
1017	15.07.17 19:26:56	10,68	0,00	-27,1	-3,0	-59,8
1018	15.07.17 19:26:57	10,65	0,00	-34,4	-8,8	-46,8
1019	15.07.17 19:26:58	10,65	0,00	-30,0	-5,5	-54,5
1020	15.07.17 19:26:59	10,62	0,00	-33,5	-9,5	-47,0
1021	15.07.17 19:27:00	10,62	0,00	-52,2	-3,4	-34,4
1022	15.07.17 19:27:01	10,62	0,00	-6,1	-8,5	-75,4
1023	15.07.17 19:27:02	10,59	0,00	16,0	62,7	-11,3
1024	15.07.17 19:27:03	10,59	0,00	-40,4	16,1	-33,6
1025	15.07.17 19:27:04	10,59	0,00	-69,6	-7,2	-13,2
1026	15.07.17 19:27:05	10,59	0,00	-83,1	-3,5	-3,4
1027	15.07.17 19:27:06	10,59	0,00	-85,7	-2,1	-2,1
1028	15.07.17 19:27:07	10,56	0,00	-86,3	-1,7	-1,9
1029	15.07.17 19:27:08	10,56	0,00	-84,3	-2,7	-3,0
1030	15.07.17 19:27:09	10,52	0,00	-84,3	-3,1	-2,6
1031	15.07.17 19:27:10	10,52	0,00	-86,6	-1,2	-2,1
1032	15.07.17 19:27:11	10,52	0,00	-84,6	-2,4	-3,0
1033	15.07.17 19:27:12	10,49	0,00	-84,0	-3,3	-2,7
1034	15.07.17 19:27:13	10,49	0,00	-86,8	-1,4	-1,8
1035	15.07.17 19:27:14	10,46	0,00	-85,6	-1,5	-2,9
1036	15.07.17 19:27:15	10,46	0,00	-83,4	-3,4	-3,3
1037	15.07.17 19:27:16	10,46	0,00	-85,5	-2,8	-1,7
1038	15.07.17 19:27:17	10,43	0,00	-87,3	-0,9	-1,8
1039	15.07.17 19:27:18	10,43	0,00	-85,7	-1,2	-3,1
1040	15.07.17 19:27:19	10,39	0,00	-82,9	-3,4	-3,7
1041	15.07.17 19:27:20	10,39	0,00	-84,5	-3,6	-1,8
1042	15.07.17 19:27:21	10,39	0,00	-86,9	-1,8	-1,3
1043	15.07.17 19:27:22	10,36	0,00	-86,7	0,0	-3,3
1044	15.07.17 19:27:23	10,36	0,00	-83,9	-2,6	-3,5
1045	15.07.17 19:27:24	10,36	0,00	-83,5	-4,5	-2,0
1046	15.07.17 19:27:25	10,36	0,00	-85,8	-2,3	-1,9
1047	15.07.17 19:27:26	10,33	0,00	-87,2	-0,3	-2,6
1048	15.07.17 19:27:27	10,33	0,00	-84,9	-2,1	-3,0
1049	15.07.17 19:27:28	10,33	0,00	-84,3	-3,1	-2,6
1050	15.07.17 19:27:29	10,33	0,00	-84,1	-3,3	-2,7
1051	15.07.17 19:27:30	10,30	0,00	-85,2	-2,3	-2,5
1052	15.07.17 19:27:31	10,30	0,00	-86,9	-1,3	-1,8
1053	15.07.17 19:27:32	10,30	0,00	-84,9	-2,0	-3,1
1054	15.07.17 19:27:33	10,30	0,00	-82,9	-3,2	-3,9
1055	15.07.17 19:27:34	10,30	0,00	-85,1	-3,1	-1,8
1056	15.07.17 19:27:35	10,30	0,00	-85,5	-2,9	-1,6
1057	15.07.17 19:27:36	10,30	0,00	-85,2	-1,3	-3,5
1058	15.07.17 19:27:37	10,27	0,00	-85,1	-1,3	-3,6
1059	15.07.17 19:27:38	10,27	0,00	-84,2	-3,9	-1,9
1060	15.07.17 19:27:39	10,27	0,00	-84,9	-3,3	-1,8
1061	15.07.17 19:27:40	10,27	0,00	-85,2	-1,3	-3,5
1062	15.07.17 19:27:41	10,27	0,00	-85,0	-1,9	-3,1
1063	15.07.17 19:27:42	10,27	0,00	-85,2	-3,0	-1,8
1064	15.07.17 19:27:43	10,27	0,00	-84,1	-3,6	-2,2
1065	15.07.17 19:27:44	10,27	0,00	-84,2	-2,2	-3,6
1066	15.07.17 19:27:45	10,27	0,00	-86,1	-1,3	-2,6
1067	15.07.17 19:27:46	10,27	0,00	-85,5	-2,8	-1,7
1068	15.07.17 19:27:47	10,27	0,00	-82,3	-4,2	-3,5
1069	15.07.17 19:27:48	10,27	0,00	-84,9	-2,1	-3,0
1070	15.07.17 19:27:49	10,27	0,00	-87,9	-0,5	-1,6
1071	15.07.17 19:27:50	10,27	0,00	-84,0	-3,3	-2,8
1072	15.07.17 19:27:51	10,27	0,00	-82,6	-4,0	-3,4
1073	15.07.17 19:27:52	10,27	0,00	-86,4	-1,1	-2,5
1074	15.07.17 19:27:53	10,27	0,00	-86,0	-1,8	-2,2
1075	15.07.17 19:27:54	10,27	0,00	-83,7	-3,9	-2,5
1076	15.07.17 19:27:55	10,27	0,00	-84,0	-2,8	-3,3
1077	15.07.17 19:27:56	10,27	0,00	-86,1	-1,1	-2,8
1078	15.07.17 19:27:57	10,27	0,00	-85,6	-2,5	-2,0
1079	15.07.17 19:27:58	10,27	0,00	-84,6	-3,2	-2,2
1080	15.07.17 19:27:59	10,27	0,00	-85,0	-2,1	-2,9
1081	15.07.17 19:28:00	10,27	0,00	-84,9	-1,9	-3,2
1082	15.07.17 19:28:01	10,27	0,00	-86,2	-1,5	-2,3
1083	15.07.17 19:28:02	10,27	0,00	-76,2	-2,1	-11,7
1084	15.07.17 19:28:03	10,30	0,00	-58,9	-4,8	-26,3
1085	15.07.17 19:28:04	10,30	0,00	-58,4	-3,1	-28,4
1086	15.07.17 19:28:05	10,30	0,00	-60,6	-3,3	-26,1
1087	15.07.17 19:28:06	10,30	0,00	-59,8	-3,0	-27,1
1088	15.07.17 19:28:07	10,33	0,00	-59,1	-4,4	-26,5
1089	15.07.17 19:28:08	10,33	0,00	-57,3	-2,5	-30,2
1090	15.07.17 19:28:09	10,36	0,00	-58,2	-2,7	-29,1
1091	15.07.17 19:28:10	10,36	0,00	-61,0	-4,1	-24,9
1092	15.07.17 19:28:11	10,39	0,00	-61,4	-6,8	-21,8
1093	15.07.17 19:28:12	10,39	0,00	-60,3	-8,8	-21,0
1094	15.07.17 19:28:13	10,43	0,00	-65,0	-3,8	-21,2
1095	15.07.17 19:28:14	10,43	0,00	-61,3	-12,8	-15,9
1096	15.07.17 19:28:15	10,46	0,00	-63,9	-7,0	-19,1
1097	15.07.17 19:28:16	10,49	0,00	-62,1	-20,3	-7,7
1098	15.07.17 19:28:17	10,49	0,00	-87,0	-2,1	-0,9
1099	15.07.17 19:28:18	10,49	0,00	-88,0	-1,7	-0,3
1100	15.07.17 19:28:19	10,49	0,00	-88,2	0,1	-1,7
1101	15.07.17 19:28:20	10,49	0,00	-86,8	-0,6	-2,7
1102	15.07.17 19:28:21	10,52	0,00	-87,2	-2,1	-0,6
1103	15.07.17 19:28:22	10,52	0,00	-88,2	-1,3	-0,4
1104	15.07.17 19:28:23	10,52	0,00	-87,7	-0,4	-1,9
1105	15.07.17 19:28:24	10,52	0,00	-86,9	-1,0	-2,1
1106	15.07.17 19:28:25	10,52	0,00	-88,1	-1,4	-0,5
1107	15.07.17 19:28:26	10,52	0,00	-88,3	-1,0	-0,7
1108	15.07.17 19:28:27	10,52	0,00	-86,8	-0,6	-2,6
1109	15.07.17 19:28:28	10,52	0,00	-87,1	-1,6	-1,3
1110	15.07.17 19:28:29	10,56	0,00	-88,0	-1,3	-0,6
1111	15.07.17 19:28:30	10,56	0,00	-88,0	-0,3	-1,7
1112	15.07.17 19:28:31	10,56	0,00	-87,2	-1,4	-1,4
1113	15.07.17 19:28:32	10,56	0,00	-87,7	-1,1	-1,2
1114	15.07.17 19:28:33	10,56	0,00	-87,7	-0,8	-1,5
1115	15.07.17 19:28:34	10,59	0,00	-87,7	-1,3	-1,1
1116	15.07.17 19:28:35	10,59	0,00	-87,9	-0,9	-1,2
1117	15.07.17 19:28:36	10,59	0,00	-87,3	-0,9	-1,8
1118	15.07.17 19:28:37	10,59	0,00	-87,9	-1,0	-1,1
1119	15.07.17 19:28:38	10,59	0,00	-87,8	-1,3	-0,9
1120	15.07.17 19:28:39	10,59	0,00	-87,0	-1,4	-1,6
1121	15.07.17 19:28:40	10,62	0,00	-87,5	-0,5	-2,1
1122	15.07.17 19:28:41	10,62	0,00	-88,1	-0,6	-1,3
1123	15.07.17 19:28:42	10,62	0,00	-88,1	-1,9	-0,1
1124	15.07.17 19:28:43	10,62	0,00	-88,1	-1,1	-0,8
1125	15.07.17 19:28:44	10,65	0,00	-69,0	-2,4	-18,7
1126	15.07.17 19:28:45	10,65	0,00	-62,1	-0,7	-27,2
1127	15.07.17 19:28:46	10,65	0,00	-60,7	1,3	-28,0
1128	15.07.17 19:28:47	10,65	0,00	-58,9	2,8	-28,3
1129	15.07.17 19:28:48	10,68	0,00	-56,5	7,1	-26,5
1130	15.07.17 19:28:49	10,72	0,00	-60,1	3,6	-26,3
1131	15.07.17 19:28:50	10,72	0,00	-54,8	7,7	-27,5
1132	15.07.17 19:28:51	10,75	0,00	-57,9	6,1	-26,0
1133	15.07.17 19:28:52	10,75	0,00	-58,8	6,3	-24,9
1134	15.07.17 19:28:53	10,75	0,00	-58,1	6,3	-25,6
1135	15.07.17 19:28:54	10,78	0,00	-51,6	10,0	-28,4
1136	15.07.17 19:28:55	10,78	0,00	-55,7	9,4	-24,8
1137	15.07.17 19:28:56	10,78	0,00	-54,3	14,0	-21,7
1138	15.07.17 19:28:57	10,78	0,00	-54,4	9,7	-25,9
1139	15.07.17 19:28:58	10,81	0,00	-59,6	7,4	-23,0
1140	15.07.17 19:28:59	10,81	0,00	-59,4	9,8	-20,8
1141	15.07.17 19:29:00	10,81	0,00	-55,2	9,6	-25,2
1142	15.07.17 19:29:01	10,84	0,00	-51,1	11,9	-27,1
1143	15.07.17 19:29:02	10,84	0,00	-55,2	8,5	-26,3
1144	15.07.17 19:29:03	10,84	0,00	-55,7	9,7	-24,6
1145	15.07.17 19:29:04	10,84	0,00	-55,4	4,8	-29,8
1146	15.07.17 19:29:05	10,88	0,00	-62,0	1,4	-26,7
1147	15.07.17 19:29:06	10,88	0,00	-61,1	2,4	-26,5
1148	15.07.17 19:29:07	10,88	0,00	-62,3	0,5	-27,2
1149	15.07.17 19:29:08	10,91	0,00	-54,4	2,9	-32,7
1150	15.07.17 19:29:09	10,91	0,00	0,9	-60,7	-28,5
1151	15.07.17 19:29:10	10,91	0,00	-3,8	-58,2	-28,0
1152	15.07.17 19:29:11	10,94	0,00	1,6	-79,6	-8,8
1153	15.07.17 19:29:12	10,94	0,00	2,3	-80,1	-7,6
1154	15.07.17 19:29:13	10,94	0,00	-0,5	-81,7	-7,8
1155	15.07.17 19:29:14	10,94	0,00	-1,2	-80,2	-8,7
1156	15.07.17 19:29:15	10,97	0,00	1,3	-80,9	-7,8
1157	15.07.17 19:29:16	10,97	0,00	2,0	-81,4	-6,7
1158	15.07.17 19:29:17	10,97	0,00	-0,3	-81,4	-8,3
1159	15.07.17 19:29:18	10,97	0,00	-0,2	-81,0	-8,8
1160	15.07.17 19:29:19	10,97	0,00	1,0	-81,8	-7,2
1161	15.07.17 19:29:20	11,00	0,00	0,9	-82,2	-6,8
1162	15.07.17 19:29:21	11,00	0,00	0,3	-81,5	-8,2
1163	15.07.17 19:29:22	11,00	0,00	-0,3	-81,6	-8,0
1164	15.07.17 19:29:23	11,00	0,00	1,2	-82,8	-5,9
1165	15.07.17 19:29:24	11,00	0,00	0,8	-81,8	-7,4
1166	15.07.17 19:29:25	11,04	0,00	-0,6	-80,3	-9,1
1167	15.07.17 19:29:26	11,04	0,00	0,9	-82,4	-6,7
1168	15.07.17 19:29:27	11,04	0,00	1,5	-83,3	-5,2
1169	15.07.17 19:29:28	11,04	0,00	-0,4	-81,4	-8,2
1170	15.07.17 19:29:29	11,04	0,00	-0,6	-80,7	-8,6
1171	15.07.17 19:29:30	11,07	0,00	1,6	-82,6	-5,9
1172	15.07.17 19:29:31	11,07	0,00	1,6	-82,3	-6,1
1173	15.07.17 19:29:32	11,07	0,00	-1,2	-80,0	-8,8
1174	15.07.17 19:29:33	11,10	0,00	0,0	-82,1	-7,9
1175	15.07.17 19:29:34	11,10	0,00	1,7	-82,3	-6,0
1176	15.07.17 19:29:35	11,10	0,00	0,7	-82,8	-6,5
1177	15.07.17 19:29:36	11,10	0,00	-0,8	-80,7	-8,4
1178	15.07.17 19:29:37	11,10	0,00	0,8	-82,6	-6,6
1179	15.07.17 19:29:38	11,13	0,00	0,7	-82,9	-6,3
1180	15.07.17 19:29:39	11,13	0,00	-0,1	-82,5	-7,5
1181	15.07.17 19:29:40	11,13	0,00	0,6	-82,0	-7,5
1182	15.07.17 19:29:41	11,13	0,00	1,1	-82,4	-6,5
1183	15.07.17 19:29:42	11,16	0,00	-0,5	-82,7	-6,7
1184	15.07.17 19:29:43	11,16	0,00	-1,1	-82,1	-6,8
1185	15.07.17 19:29:44	11,16	0,00	2,3	-81,6	-6,0
1186	15.07.17 19:29:45	11,16	0,00	1,2	-81,8	-6,9
1187	15.07.17 19:29:46	11,16	0,00	-2,5	-80,3	-7,1
1188	15.07.17 19:29:47	11,16	0,00	0,3	-83,3	-6,4
1189	15.07.17 19:29:48	11,20	0,00	3,1	-81,0	-6,0
1190	15.07.17 19:29:49	11,20	0,00	0,0	-82,6	-7,4
1191	15.07.17 19:29:50	11,20	0,00	-2,5	-80,8	-6,8
1192	15.07.17 19:29:51	11,20	0,00	1,1	-82,4	-6,6
1193	15.07.17 19:29:52	11,23	0,00	2,8	-81,1	-6,1
1194	15.07.17 19:29:53	11,23	0,00	-1,3	-82,2	-6,5
1195	15.07.17 19:29:54	11,23	0,00	-1,5	-81,1	-7,5
1196	15.07.17 19:29:55	11,23	0,00	2,4	-81,0	-6,6
1197	15.07.17 19:29:56	11,26	0,00	0,5	-83,3	-6,2
1198	15.07.17 19:29:57	11,26	0,00	-1,5	-81,5	-7,0
1199	15.07.17 19:29:58	11,26	0,00	1,2	-82,0	-6,8
1200	15.07.17 19:29:59	11,26	0,00	0,9	-83,3	-5,8
1201	15.07.17 19:30:00	11,29	0,00	-1,2	-82,5	-6,3
1202	15.07.17 19:30:01	11,29	0,00	0,5	-82,4	-7,1
1203	15.07.17 19:30:02	11,29	0,00	1,0	-82,1	-7,0
1204	15.07.17 19:30:03	11,29	0,00	-0,2	-83,4	-6,3
1205	15.07.17 19:30:04	11,32	0,00	0,0	-84,5	-5,5
1206	15.07.17 19:30:05	11,32	0,00	0,2	-82,3	-7,4
1207	15.07.17 19:30:06	11,32	0,00	0,5	-82,3	-7,1
1208	15.07.17 19:30:07	11,32	0,00	-0,4	-84,1	-5,5
1209	15.07.17 19:30:08	11,35	0,00	0,6	-83,7	-5,7
1210	15.07.17 19:30:09	11,35	0,00	0,6	-81,9	-7,5
1211	15.07.17 19:30:10	11,35	0,00	-1,1	-81,8	-7,1
1212	15.07.17 19:30:11	11,39	0,00	0,5	-83,7	-5,8
1213	15.07.17 19:30:12	11,39	0,00	1,6	-82,2	-6,2
1214	15.07.17 19:30:13	11,39	0,00	-0,4	-82,8	-6,8
1215	15.07.17 19:30:14	11,39	0,00	-1,3	-82,1	-6,5
1216	15.07.17 19:30:15	11,42	0,00	1,1	-83,6	-5,3
1217	15.07.17 19:30:16	11,42	0,00	1,0	-81,6	-7,3
1218	15.07.17 19:30:17	11,42	0,00	-0,8	-82,7	-6,5
1219	15.07.17 19:30:18	11,42	0,00	0,2	-84,0	-5,8
1220	15.07.17 19:30:19	11,45	0,00	0,0	-83,1	-6,8
1221	15.07.17 19:30:20	11,45	0,00	0,3	-82,5	-7,2
1222	15.07.17 19:30:21	11,45	0,00	1,0	-83,0	-5,9
1223	15.07.17 19:30:22	11,48	0,00	-0,3	-84,1	-5,6
1224	15.07.17 19:30:23	11,48	0,00	-1,1	-82,3	-6,6
1225	15.07.17 19:30:24	11,48	0,00	0,3	-82,7	-7,1
1226	15.07.17 19:30:25	11,48	0,00	2,1	-82,4	-5,5
1227	15.07.17 19:30:26	11,48	0,00	1,9	-85,2	2,8
1228	15.07.17 19:30:27	11,51	0,00	-3,6	-79,9	-6,5
1229	15.07.17 19:30:28	11,51	0,00	-0,8	-85,9	3,4
1230	15.07.17 19:30:29	11,55	0,00	5,4	-83,5	1,1
1231	15.07.17 19:30:30	11,55	0,00	-1,5	-86,6	-1,9
1232	15.07.17 19:30:31	11,55	0,00	-3,7	-82,7	-3,6
1233	15.07.17 19:30:32	11,55	0,00	2,3	-86,1	-1,7
1234	15.07.17 19:30:33	11,58	0,00	3,6	-85,7	-0,7
1235	15.07.17 19:30:34	11,58	0,00	-2,5	-84,2	-3,3
1236	15.07.17 19:30:35	11,58	0,00	-3,1	-83,9	-3,0
1237	15.07.17 19:30:36	11,61	0,00	3,1	-86,2	-0,7
1238	15.07.17 19:30:37	11,61	0,00	1,5	-86,4	-2,1
1239	15.07.17 19:30:38	11,61	0,00	-1,8	-85,4	-2,8
1240	15.07.17 19:30:39	11,61	0,00	-0,9	-86,8	-2,3
1241	15.07.17 19:30:40	11,64	0,00	0,5	-87,5	-2,1
1242	15.07.17 19:30:41	11,64	0,00	0,8	-87,0	-2,3
1243	15.07.17 19:30:42	11,64	0,00	1,1	-87,1	-1,7
1244	15.07.17 19:30:43	11,67	0,00	-1,5	-85,9	-2,7
1245	15.07.17 19:30:44	11,67	0,00	-2,2	-84,7	-3,1
1246	15.07.17 19:30:45	11,67	0,00	2,7	-86,5	-0,8
1247	15.07.17 19:30:46	11,67	0,00	2,1	-86,0	-1,9
1248	15.07.17 19:30:47	11,67	0,00	-3,9	-81,8	-4,3
1249	15.07.17 19:30:48	11,70	0,00	-1,3	-86,7	-1,9
1250	15.07.17 19:30:49	11,70	0,00	4,0	-85,8	-0,2
1251	15.07.17 19:30:50	11,70	0,00	-0,4	-86,6	-3,0
1252	15.07.17 19:30:51	11,70	0,00	-3,7	-83,3	-3,0
1253	15.07.17 19:30:52	11,74	0,00	0,9	-87,7	-1,4
1254	15.07.17 19:30:53	11,74	0,00	2,3	-85,8	-1,9
1255	15.07.17 19:30:54	11,74	0,00	-1,9	-85,1	-3,0
1256	15.07.17 19:30:55	11,74	0,00	-1,0	-86,3	-2,7
1257	15.07.17 19:30:56	11,77	0,00	0,9	-87,4	-1,7
1258	15.07.17 19:30:57	11,77	0,00	0,4	-87,2	-2,5
1259	15.07.17 19:30:58	11,77	0,00	-1,2	-86,0	-2,7
1260	15.07.17 19:30:59	11,77	0,00	-0,6	-87,7	-1,7
1261	15.07.17 19:31:00	11,80	0,00	1,5	-86,5	-2,0
1262	15.07.17 19:31:01	11,80	0,00	-0,5	-86,3	-3,3
1263	15.07.17 19:31:02	11,80	0,00	-1,9	-85,3	-2,8
1264	15.07.17 19:31:03	11,80	0,00	1,0	-87,1	-1,9
1265	15.07.17 19:31:04	11,83	0,00	1,3	-86,4	-2,3
1266	15.07.17 19:31:05	11,83	0,00	-1,4	-86,5	-2,1
1267	15.07.17 19:31:06	11,83	0,00	-1,9	-85,5	-2,5
1268	15.07.17 19:31:07	11,83	0,00	1,8	-85,1	-3,1
1269	15.07.17 19:31:08	11,86	0,00	1,1	-87,1	-1,8
1270	15.07.17 19:31:09	11,86	0,00	-2,1	-86,0	-1,9
1271	15.07.17 19:31:10	11,86	0,00	-0,9	-86,2	-2,9
1272	15.07.17 19:31:11	11,89	0,00	0,8	-86,4	-2,9
1273	15.07.17 19:31:12	11,89	0,00	0,2	-88,1	-1,7
1274	15.07.17 19:31:13	11,89	0,00	-0,4	-88,3	-1,3
1275	15.07.17 19:31:14	11,89	0,00	1,1	-86,5	-2,4
1276	15.07.17 19:31:15	11,92	0,00	7,4	-75,9	-6,8
1277	15.07.17 19:31:16	11,92	0,00	0,5	-87,5	-1,9
1278	15.07.17 19:31:17	11,92	0,00	2,4	-86,5	-1,1
1279	15.07.17 19:31:18	11,92	0,00	0,2	-87,2	-2,5
1280	15.07.17 19:31:19	11,96	0,00	0,4	-86,8	-2,8
1281	15.07.17 19:31:20	11,96	0,00	3,2	-84,7	-2,1
1282	15.07.17 19:31:21	11,96	0,00	1,1	-86,5	-2,4
1283	15.07.17 19:31:22	11,96	0,00	-1,6	-85,1	-3,3
1284	15.07.17 19:31:23	11,99	0,00	0,1	-87,6	-2,3
1285	15.07.17 19:31:24	11,99	0,00	1,6	-85,1	-3,3
1286	15.07.17 19:31:25	11,99	0,00	0,3	-84,5	-5,2
1287	15.07.17 19:31:26	12,02	0,00	0,1	-82,1	-7,8
1288	15.07.17 19:31:27	12,02	0,00	1,7	-78,6	-9,7
1289	15.07.17 19:31:28	12,02	0,00	2,2	-77,4	-10,4
1290	15.07.17 19:31:29	12,02	0,00	1,3	-77,3	-11,4
1291	15.07.17 19:31:30	12,05	0,00	0,7	-79,4	-9,9
1292	15.07.17 19:31:31	12,05	0,00	0,6	-82,1	-7,3
1293	15.07.17 19:31:32	12,05	0,00	-0,1	-83,8	-6,1
1294	15.07.17 19:31:33	12,05	0,00	-0,4	-84,9	-4,7
1295	15.07.17 19:31:34	12,08	0,00	-1,3	-83,9	-4,8
1296	15.07.17 19:31:35	12,08	0,00	-1,0	-82,0	-7,0
1297	15.07.17 19:31:36	12,08	0,00	1,0	-79,8	-9,2
1298	15.07.17 19:31:37	12,08	0,00	0,2	-78,1	-11,6
1299	15.07.17 19:31:38	12,11	0,00	0,4	-76,9	-12,6
1300	15.07.17 19:31:39	12,11	0,00	1,3	-75,5	-13,1
1301	15.07.17 19:31:40	12,11	0,00	1,4	-73,7	-14,9
1302	15.07.17 19:31:41	12,11	0,00	1,3	-75,9	-12,8
1303	15.07.17 19:31:42	12,14	0,00	1,7	-76,3	-12,0
1304	15.07.17 19:31:43	12,14	0,00	0,9	-77,7	-11,4
1305	15.07.17 19:31:44	12,14	0,00	1,1	-78,0	-11,0
1306	15.07.17 19:31:45	12,14	0,00	1,8	-76,2	-12,0
1307	15.07.17 19:31:46	12,18	0,00	0,9	-78,8	-10,3
1308	15.07.17 19:31:47	12,18	0,00	3,8	-79,6	-6,5
1309	15.07.17 19:31:48	12,18	0,00	-1,2	-83,3	-5,5
1310	15.07.17 19:31:49	12,18	0,00	-5,0	-79,7	-5,3
1311	15.07.17 19:31:50	12,18	0,00	-20,2	-34,0	-35,8
1312	15.07.17 19:31:51	12,21	0,00	-6,3	-4,1	79,6
1313	15.07.17 19:31:52	12,21	0,00	-33,7	-12,0	44,3
1314	15.07.17 19:31:53	12,24	0,00	-49,9	-20,7	19,4
1315	15.07.17 19:31:54	12,33	0,00	-57,1	-20,0	12,9
1316	15.07.17 19:31:55	12,46	0,00	-65,0	-12,5	12,5
1317	15.07.17 19:31:56	12,55	0,00	-33,7	21,6	34,7
1318	15.07.17 19:31:57	12,61	0,00	-11,8	59,8	18,5
1319	15.07.17 19:31:58	12,71	0,19	-51,9	-11,8	26,3
1320	15.07.17 19:31:59	12,83	0,19	-43,3	6,5	40,2
1321	15.07.17 19:32:00	12,96	0,19	-30,9	-10,8	48,3
1322	15.07.17 19:32:01	13,05	0,16	-15,8	25,7	48,5
1323	15.07.17 19:32:02	13,14	0,32	-53,3	-5,7	31,0
1324	15.07.17 19:32:03	13,21	0,28	-22,7	-23,4	43,9
1325	15.07.17 19:32:04	13,30	0,25	-40,3	-3,4	46,3
1326	15.07.17 19:32:05	13,36	0,25	-26,6	-14,0	49,4
1327	15.07.17 19:32:06	13,45	0,23	-44,4	5,0	40,6
1328	15.07.17 19:32:07	13,48	0,25	-37,8	-8,4	43,8
1329	15.07.17 19:32:08	13,55	0,23	-4,1	13,9	72,0
1330	15.07.17 19:32:09	13,55	0,30	-65,8	-7,2	16,9
1331	15.07.17 19:32:10	13,55	0,30	-76,8	-4,6	8,5
1332	15.07.17 19:32:11	13,51	0,30	-72,9	1,0	-16,1
1333	15.07.17 19:32:12	13,51	0,32	-66,1	2,8	-21,1
1334	15.07.17 19:32:13	13,48	0,32	-36,2	0,2	-53,6
1335	15.07.17 19:32:14	13,48	0,34	-28,5	-8,8	-52,7
1336	15.07.17 19:32:15	13,45	0,32	52,1	-16,9	-21,0
1337	15.07.17 19:32:16	13,45	0,30	63,7	4,7	-21,7
1338	15.07.17 19:32:17	13,48	0,34	58,4	-18,3	13,3
1339	15.07.17 19:32:18	13,51	0,34	75,2	-0,4	14,4
1340	15.07.17 19:32:19	13,55	0,32	61,5	-6,5	22,0
1341	15.07.17 19:32:20	13,61	0,23	52,3	-12,0	25,8
1342	15.07.17 19:32:21	13,70	0,21	48,9	-10,2	30,9
1343	15.07.17 19:32:22	13,76	0,21	1,4	-5,7	82,9
1344	15.07.17 19:32:23	13,82	0,19	-22,2	37,8	30,1
1345	15.07.17 19:32:24	13,98	0,23	14,7	29,8	45,5
1346	15.07.17 19:32:25	14,10	0,21	11,3	4,2	74,5
1347	15.07.17 19:32:26	14,22	0,16	-30,6	26,4	32,9
1348	15.07.17 19:32:27	14,37	0,14	-22,6	63,1	4,2
1349	15.07.17 19:32:28	14,56	0,16	13,8	61,6	14,6
1350	15.07.17 19:32:29	14,83	0,09	-17,0	42,6	30,4
1351	15.07.17 19:32:30	15,04	0,09	-28,6	37,2	24,2
1352	15.07.17 19:32:31	15,26	0,07	-59,3	17,9	12,8
1353	15.07.17 19:32:32	15,44	0,07	-60,9	26,5	-2,6
1354	15.07.17 19:32:33	15,62	0,07	-52,0	33,6	-4,4
1355	15.07.17 19:32:34	15,77	0,09	-29,1	-18,4	42,5
1356	15.07.17 19:32:35	15,92	0,07	-62,6	-14,3	13,1
