#0	Date-time:	08/09/2017 6:40:12 PM
#1	Recorder:	13H0893
#2	File type:	1
#3	Columns:	7
#4	Channels:	5
#5	Field separation:	0
#6	Decimal point:	0
#7	Date def.:	0	0
#8	Time def.:	0
#9	Channel 1:	Temperature(°C)	Temp(°C)	2	1
#10	Channel 2:	Pressure(Bar)	Press(Bar)	2	1
#11	Reconvertion:	0
#14	Channel 3:	Tilt-X(°)	Tilt-X(°)	1	1
#18	Channel 4:	Tilt-Y(°)	Tilt-Y(°)	1	1
#19	Line color:	1	2	3	4
#22	Channel 5:	Tilt-Z(°)	Tilt-Z(°)	1	1
#30	Trend Type Number:	3
#33	Limit Temp. Corr. OTCR:	1
1	08.09.17 18:05:00	28,48	0,00	4,2	-8,1	-77,7
2	08.09.17 18:05:01	28,45	0,00	-15,2	-14,5	-60,3
3	08.09.17 18:05:02	28,45	0,00	-38,9	-12,1	-39,0
4	08.09.17 18:05:03	28,45	0,00	-31,2	-24,2	-34,6
5	08.09.17 18:05:04	28,42	0,00	-31,8	-24,0	-34,1
6	08.09.17 18:05:05	28,42	0,00	-30,9	-23,4	-35,7
7	08.09.17 18:05:06	28,42	0,00	-29,4	-21,5	-39,1
8	08.09.17 18:05:07	28,42	0,00	-5,2	19,8	-65,0
9	08.09.17 18:05:08	28,16	0,00	75,5	-13,8	0,7
10	08.09.17 18:05:09	27,78	0,00	64,5	-9,1	-16,5
11	08.09.17 18:05:10	27,73	0,00	59,1	-7,5	-23,4
12	08.09.17 18:05:11	27,75	0,00	44,2	-13,1	32,7
13	08.09.17 18:05:12	27,78	0,00	15,8	-47,7	26,5
14	08.09.17 18:05:13	27,08	0,00	31,7	-13,6	44,7
15	08.09.17 18:05:14	26,24	0,00	16,0	-64,0	10,0
16	08.09.17 18:05:15	25,60	0,00	15,1	-42,9	32,0
17	08.09.17 18:05:16	24,90	0,02	20,1	-35,0	34,9
18	08.09.17 18:05:17	24,61	0,02	28,0	-17,5	44,5
19	08.09.17 18:05:18	24,41	0,04	21,4	-27,9	40,8
20	08.09.17 18:05:19	24,20	0,04	28,2	-17,4	44,4
21	08.09.17 18:05:20	24,09	0,00	17,4	-0,1	72,5
22	08.09.17 18:05:21	23,91	0,00	12,5	-11,7	65,8
23	08.09.17 18:05:22	23,76	0,00	29,2	5,6	55,3
24	08.09.17 18:05:23	23,68	0,00	20,2	-10,2	59,7
25	08.09.17 18:05:24	23,56	0,00	21,4	-9,7	58,9
26	08.09.17 18:05:25	23,41	0,00	21,6	-6,1	62,3
27	08.09.17 18:05:26	23,30	0,00	15,7	-17,1	57,1
28	08.09.17 18:05:27	23,09	0,00	-4,5	-50,5	35,0
29	08.09.17 18:05:28	22,95	0,00	23,1	-5,6	61,2
30	08.09.17 18:05:29	22,83	0,00	14,9	-10,7	64,4
31	08.09.17 18:05:30	22,74	0,00	-1,5	-38,6	49,9
32	08.09.17 18:05:31	22,62	0,00	21,1	-21,9	47,0
33	08.09.17 18:05:32	22,54	0,00	13,8	-23,9	52,3
34	08.09.17 18:05:33	22,45	0,00	10,7	-20,3	59,0
35	08.09.17 18:05:34	22,39	0,00	18,4	-20,0	51,6
36	08.09.17 18:05:35	22,33	0,00	9,9	-25,1	55,0
37	08.09.17 18:05:36	22,27	0,00	18,4	-30,8	40,8
38	08.09.17 18:05:37	22,24	0,00	23,2	-15,8	51,0
39	08.09.17 18:05:38	22,18	0,00	17,6	-24,0	48,4
40	08.09.17 18:05:39	22,13	0,00	14,9	-28,2	47,0
41	08.09.17 18:05:40	22,07	0,00	9,0	-37,8	43,2
42	08.09.17 18:05:41	22,04	0,00	31,8	-15,2	42,9
43	08.09.17 18:05:42	22,01	0,00	19,8	-11,2	59,0
44	08.09.17 18:05:43	21,95	0,00	19,4	-19,9	50,7
45	08.09.17 18:05:44	21,92	0,00	35,2	2,3	52,6
46	08.09.17 18:05:45	21,86	0,00	13,1	-29,8	47,1
47	08.09.17 18:05:46	21,80	0,00	25,2	-7,8	57,0
48	08.09.17 18:05:47	21,74	0,00	22,6	-16,9	50,5
49	08.09.17 18:05:48	21,69	0,00	39,7	1,0	49,3
50	08.09.17 18:05:49	21,63	0,00	24,8	-0,7	64,5
51	08.09.17 18:05:50	21,60	0,00	31,5	-7,9	50,5
52	08.09.17 18:05:51	21,54	0,00	44,4	2,2	43,3
53	08.09.17 18:05:52	21,48	0,00	17,8	-18,1	54,1
54	08.09.17 18:05:53	21,42	0,00	34,3	10,5	45,2
55	08.09.17 18:05:54	21,36	0,00	23,3	-26,0	40,6
56	08.09.17 18:05:55	21,33	0,00	33,0	-2,3	54,7
57	08.09.17 18:05:56	21,33	0,00	32,5	3,7	53,8
58	08.09.17 18:05:57	21,27	0,00	16,7	-26,8	46,6
59	08.09.17 18:05:58	21,24	0,00	24,3	-17,9	47,8
60	08.09.17 18:05:59	21,19	0,00	21,2	-10,7	58,0
61	08.09.17 18:06:00	21,19	0,00	22,8	-12,4	54,8
62	08.09.17 18:06:01	21,13	0,00	15,5	-36,1	38,4
63	08.09.17 18:06:02	21,13	0,00	16,5	-33,6	39,9
64	08.09.17 18:06:03	21,10	0,00	48,8	-2,0	39,1
65	08.09.17 18:06:04	21,04	0,00	22,6	-7,4	60,0
66	08.09.17 18:06:05	20,98	0,00	16,9	-14,5	58,6
67	08.09.17 18:06:06	20,92	0,00	1,7	-17,4	70,9
68	08.09.17 18:06:07	20,86	0,00	14,4	-14,7	60,9
69	08.09.17 18:06:08	20,80	0,00	22,4	-5,2	62,4
70	08.09.17 18:06:09	20,74	0,00	14,2	-9,4	66,4
71	08.09.17 18:06:10	20,71	0,00	24,8	-13,5	51,7
72	08.09.17 18:06:11	20,68	0,00	8,8	-54,8	26,4
73	08.09.17 18:06:12	20,65	0,00	17,8	-19,9	52,3
74	08.09.17 18:06:13	20,62	0,00	5,0	-33,2	51,8
75	08.09.17 18:06:14	20,60	0,00	8,8	-38,6	42,5
76	08.09.17 18:06:15	20,54	0,00	15,3	-53,4	21,4
77	08.09.17 18:06:16	20,51	0,00	30,6	-8,7	50,6
78	08.09.17 18:06:17	20,51	0,00	14,8	-29,4	45,8
79	08.09.17 18:06:18	20,48	0,00	25,1	-17,9	47,1
80	08.09.17 18:06:19	20,45	0,00	23,7	-22,3	44,1
81	08.09.17 18:06:20	20,45	0,00	12,8	-32,1	45,1
82	08.09.17 18:06:21	20,42	0,00	22,3	-46,2	21,5
83	08.09.17 18:06:22	20,36	0,00	7,1	-21,5	61,4
84	08.09.17 18:06:23	20,33	0,00	21,6	-14,7	53,7
85	08.09.17 18:06:24	20,27	0,00	23,8	-1,6	64,7
86	08.09.17 18:06:25	20,27	0,00	15,2	9,8	65,0
87	08.09.17 18:06:26	20,24	0,00	32,1	8,0	49,9
88	08.09.17 18:06:27	20,21	0,00	14,0	9,5	66,5
89	08.09.17 18:06:28	20,18	0,00	18,0	5,4	66,7
90	08.09.17 18:06:29	20,15	0,00	17,3	6,2	66,5
91	08.09.17 18:06:30	20,15	0,00	21,5	6,4	62,1
92	08.09.17 18:06:31	20,18	0,00	21,6	3,8	64,6
93	08.09.17 18:06:32	20,18	0,00	22,9	7,6	59,5
94	08.09.17 18:06:33	20,18	0,00	16,8	-10,5	62,6
95	08.09.17 18:06:34	20,12	0,00	22,9	-0,7	66,3
96	08.09.17 18:06:35	20,06	0,00	20,2	-6,2	63,6
97	08.09.17 18:06:36	20,03	0,00	24,2	-8,8	57,0
98	08.09.17 18:06:37	20,00	0,00	13,7	-13,0	63,3
99	08.09.17 18:06:38	19,97	0,00	28,5	8,8	52,7
100	08.09.17 18:06:39	19,94	0,00	27,1	3,9	58,9
101	08.09.17 18:06:40	19,97	0,00	20,8	-5,2	64,0
102	08.09.17 18:06:41	19,97	0,00	13,9	-7,2	68,9
103	08.09.17 18:06:42	19,94	0,00	20,4	-18,9	50,7
104	08.09.17 18:06:43	19,91	0,00	24,8	-6,1	59,1
105	08.09.17 18:06:44	19,91	0,00	23,0	-0,5	66,5
106	08.09.17 18:06:45	19,94	0,00	15,1	-11,0	63,9
107	08.09.17 18:06:46	19,97	0,00	19,9	-12,9	57,3
108	08.09.17 18:06:47	19,94	0,00	18,5	-8,5	63,0
109	08.09.17 18:06:48	19,88	0,00	23,2	-2,3	64,6
110	08.09.17 18:06:49	19,88	0,00	21,2	-4,5	64,3
111	08.09.17 18:06:50	19,91	0,00	26,0	-4,4	59,6
112	08.09.17 18:06:51	19,94	0,00	24,3	-8,7	57,0
113	08.09.17 18:06:52	19,97	0,00	36,2	-7,7	46,1
114	08.09.17 18:06:53	19,97	0,00	21,0	-24,5	44,4
115	08.09.17 18:06:54	19,97	0,00	15,6	-35,1	39,3
116	08.09.17 18:06:55	19,94	0,00	7,3	-69,1	13,6
117	08.09.17 18:06:56	19,88	0,00	16,5	-38,4	-35,2
118	08.09.17 18:06:57	19,83	0,00	21,9	-12,9	-55,2
119	08.09.17 18:06:58	19,86	0,00	18,7	-13,6	-57,6
120	08.09.17 18:06:59	19,86	0,00	19,3	-8,8	-61,9
121	08.09.17 18:07:00	19,88	0,00	12,5	-15,9	-61,6
122	08.09.17 18:07:01	19,88	0,00	16,4	-11,7	-61,9
123	08.09.17 18:07:02	19,88	0,00	17,6	-16,4	-56,0
124	08.09.17 18:07:03	19,88	0,00	15,3	-26,3	-48,4
125	08.09.17 18:07:04	19,91	0,00	12,0	-49,6	-28,5
126	08.09.17 18:07:05	19,88	0,00	15,9	-62,4	-11,8
127	08.09.17 18:07:06	19,88	0,00	23,9	-38,9	27,3
128	08.09.17 18:07:07	19,83	0,00	35,0	-12,8	42,2
129	08.09.17 18:07:08	19,80	0,00	39,8	-8,9	41,3
130	08.09.17 18:07:09	19,77	0,00	46,0	-2,8	41,2
131	08.09.17 18:07:10	19,77	0,00	45,2	-1,6	43,2
132	08.09.17 18:07:11	19,74	0,00	41,7	4,1	44,3
133	08.09.17 18:07:12	19,68	0,00	37,6	7,0	45,4
134	08.09.17 18:07:13	19,65	0,00	37,9	10,6	41,5
135	08.09.17 18:07:14	19,65	0,00	37,5	13,0	39,5
136	08.09.17 18:07:15	19,62	0,00	39,1	13,2	37,7
137	08.09.17 18:07:16	19,59	0,00	39,6	12,2	38,2
138	08.09.17 18:07:17	19,59	0,00	34,3	12,3	43,4
139	08.09.17 18:07:18	19,59	0,00	34,9	16,5	38,6
140	08.09.17 18:07:19	19,59	0,00	38,8	16,4	34,8
141	08.09.17 18:07:20	19,59	0,00	39,4	17,2	33,4
142	08.09.17 18:07:21	19,59	0,00	36,9	18,1	35,1
143	08.09.17 18:07:22	19,59	0,00	42,3	17,4	30,3
144	08.09.17 18:07:23	19,59	0,00	42,3	16,7	31,0
145	08.09.17 18:07:24	19,56	0,00	39,2	15,9	35,0
146	08.09.17 18:07:25	19,53	0,00	40,0	16,2	33,8
147	08.09.17 18:07:26	19,50	0,00	42,7	15,2	32,1
148	08.09.17 18:07:27	19,50	0,00	41,3	14,1	34,6
149	08.09.17 18:07:28	19,50	0,00	36,9	13,4	39,7
150	08.09.17 18:07:29	19,50	0,00	40,2	12,9	36,9
151	08.09.17 18:07:30	19,50	0,00	41,4	12,8	35,8
152	08.09.17 18:07:31	19,50	0,00	40,3	11,5	38,2
153	08.09.17 18:07:32	19,50	0,00	42,5	11,4	36,1
154	08.09.17 18:07:33	19,50	0,00	44,5	10,1	35,4
155	08.09.17 18:07:34	19,50	0,00	44,3	9,0	36,8
156	08.09.17 18:07:35	19,50	0,00	44,9	7,5	37,6
157	08.09.17 18:07:36	19,50	0,00	45,3	7,0	37,8
158	08.09.17 18:07:37	19,50	0,00	43,4	8,1	38,5
159	08.09.17 18:07:38	19,50	0,00	43,6	7,2	39,1
160	08.09.17 18:07:39	19,47	0,00	40,8	6,4	42,8
161	08.09.17 18:07:40	19,47	0,00	40,5	6,0	43,5
162	08.09.17 18:07:41	19,47	0,00	41,1	8,8	40,1
163	08.09.17 18:07:42	19,47	0,00	43,8	9,7	36,5
164	08.09.17 18:07:43	19,47	0,00	43,0	11,3	35,7
165	08.09.17 18:07:44	19,47	0,00	43,7	12,5	33,8
166	08.09.17 18:07:45	19,47	0,02	45,4	12,7	31,8
167	08.09.17 18:07:46	19,44	0,04	45,2	14,6	30,2
168	08.09.17 18:07:47	19,41	0,04	43,1	15,9	31,0
169	08.09.17 18:07:48	19,38	0,02	41,4	17,5	31,1
170	08.09.17 18:07:49	19,38	0,04	42,8	17,7	29,5
171	08.09.17 18:07:50	19,35	0,07	43,5	17,9	28,6
172	08.09.17 18:07:51	19,35	0,11	41,1	20,4	28,5
173	08.09.17 18:07:52	19,35	0,11	39,8	21,2	29,0
174	08.09.17 18:07:53	19,35	0,14	37,8	23,9	28,3
175	08.09.17 18:07:54	19,35	0,14	38,7	24,8	26,6
176	08.09.17 18:07:55	19,35	0,18	38,2	26,7	25,1
177	08.09.17 18:07:56	19,32	0,21	40,4	26,3	23,3
178	08.09.17 18:07:57	19,29	0,26	43,2	25,7	21,0
179	08.09.17 18:07:58	19,26	0,28	44,9	24,3	20,8
180	08.09.17 18:07:59	19,26	0,30	45,8	23,2	21,0
181	08.09.17 18:08:00	19,23	0,33	45,4	22,9	21,7
182	08.09.17 18:08:01	19,20	0,37	45,3	23,3	21,4
183	08.09.17 18:08:02	19,20	0,40	43,6	24,6	21,8
184	08.09.17 18:08:03	19,14	0,44	43,5	25,0	21,5
185	08.09.17 18:08:04	19,11	0,44	44,3	23,6	22,1
186	08.09.17 18:08:05	19,11	0,47	43,2	24,0	22,8
187	08.09.17 18:08:06	19,05	0,50	42,6	24,3	23,2
188	08.09.17 18:08:07	19,02	0,54	42,8	23,5	23,7
189	08.09.17 18:08:08	18,99	0,56	43,7	22,8	23,5
190	08.09.17 18:08:09	18,96	0,58	43,8	22,4	23,7
191	08.09.17 18:08:10	18,96	0,63	43,6	22,2	24,2
192	08.09.17 18:08:11	18,93	0,65	45,2	21,3	23,6
193	08.09.17 18:08:12	18,93	0,72	46,6	20,2	23,2
194	08.09.17 18:08:13	18,90	0,72	46,6	20,0	23,4
195	08.09.17 18:08:14	18,90	0,74	46,8	19,7	23,5
196	08.09.17 18:08:15	18,87	0,81	47,2	19,3	23,5
197	08.09.17 18:08:16	18,87	0,83	48,6	18,7	22,7
198	08.09.17 18:08:17	18,84	0,88	49,3	18,0	22,7
199	08.09.17 18:08:18	18,84	0,90	51,2	17,2	21,6
200	08.09.17 18:08:19	18,81	0,94	52,6	16,8	20,6
201	08.09.17 18:08:20	18,81	0,97	53,0	16,3	20,7
202	08.09.17 18:08:21	18,75	1,03	53,0	16,2	20,8
203	08.09.17 18:08:22	18,69	1,07	53,3	16,2	20,5
204	08.09.17 18:08:23	18,63	1,13	52,4	16,6	21,0
205	08.09.17 18:08:24	18,45	1,18	52,1	16,6	21,3
206	08.09.17 18:08:25	18,33	1,24	52,9	16,0	21,1
207	08.09.17 18:08:26	18,27	1,31	53,4	15,7	20,9
208	08.09.17 18:08:27	18,18	1,34	53,3	15,5	21,3
209	08.09.17 18:08:28	18,03	1,37	53,9	15,0	21,1
210	08.09.17 18:08:29	17,94	1,41	54,4	14,8	20,7
211	08.09.17 18:08:30	17,91	1,48	53,8	14,8	21,3
212	08.09.17 18:08:31	17,85	1,49	54,3	14,2	21,4
213	08.09.17 18:08:32	17,76	1,53	55,9	13,5	20,6
214	08.09.17 18:08:33	17,70	1,59	55,7	13,5	20,8
215	08.09.17 18:08:34	17,67	1,64	54,8	13,3	21,8
216	08.09.17 18:08:35	17,55	1,67	56,5	12,7	20,8
217	08.09.17 18:08:36	17,46	1,73	57,5	12,4	20,1
218	08.09.17 18:08:37	17,37	1,77	56,6	12,4	20,9
219	08.09.17 18:08:38	17,34	1,79	56,6	12,1	21,3
220	08.09.17 18:08:39	17,25	1,85	57,6	12,0	20,4
221	08.09.17 18:08:40	17,13	1,88	57,8	12,1	20,2
222	08.09.17 18:08:41	17,07	1,92	57,2	12,1	20,7
223	08.09.17 18:08:42	17,01	1,99	57,0	12,0	21,0
224	08.09.17 18:08:43	16,79	2,03	57,3	11,8	21,0
225	08.09.17 18:08:44	16,70	2,05	56,5	12,3	21,1
226	08.09.17 18:08:45	16,64	2,06	56,4	12,4	21,2
227	08.09.17 18:08:46	16,58	2,17	56,7	12,4	20,9
228	08.09.17 18:08:47	16,34	2,19	56,8	11,9	21,3
229	08.09.17 18:08:48	16,25	2,23	57,4	11,5	21,1
230	08.09.17 18:08:49	16,19	2,29	57,7	11,2	21,1
231	08.09.17 18:08:50	16,00	2,37	57,7	12,7	19,6
232	08.09.17 18:08:51	15,79	2,41	59,1	16,0	14,8
233	08.09.17 18:08:52	15,54	2,45	59,4	16,1	14,6
234	08.09.17 18:08:53	15,36	2,53	60,1	15,4	14,5
235	08.09.17 18:08:54	15,23	2,54	60,0	15,4	14,6
236	08.09.17 18:08:55	15,17	2,55	59,3	15,2	15,6
237	08.09.17 18:08:56	14,89	2,73	59,1	15,0	16,0
238	08.09.17 18:08:57	14,61	2,75	58,4	14,7	16,9
239	08.09.17 18:08:58	14,40	2,86	57,6	14,5	17,9
240	08.09.17 18:08:59	13,99	2,93	56,7	14,1	19,3
241	08.09.17 18:09:00	13,49	3,09	56,1	14,1	19,9
242	08.09.17 18:09:01	12,95	3,14	56,1	13,8	20,1
243	08.09.17 18:09:02	12,47	3,18	55,5	14,0	20,5
244	08.09.17 18:09:03	12,15	3,26	55,6	14,5	19,9
245	08.09.17 18:09:04	11,89	3,30	55,1	15,2	19,7
246	08.09.17 18:09:05	11,63	3,32	54,6	15,0	20,4
247	08.09.17 18:09:06	11,47	3,32	53,8	15,7	20,4
248	08.09.17 18:09:07	11,37	3,36	53,5	16,6	20,0
249	08.09.17 18:09:08	11,24	3,39	53,5	15,8	20,6
250	08.09.17 18:09:09	11,08	3,35	56,0	12,3	21,7
251	08.09.17 18:09:10	11,05	3,35	52,2	10,8	27,0
252	08.09.17 18:09:11	11,05	3,30	48,5	10,7	30,9
253	08.09.17 18:09:12	11,11	3,28	42,0	11,2	36,8
254	08.09.17 18:09:13	11,15	3,22	27,1	17,3	45,6
255	08.09.17 18:09:14	11,21	3,18	21,5	15,2	53,3
256	08.09.17 18:09:15	11,11	3,17	23,6	10,6	55,8
257	08.09.17 18:09:16	10,92	3,17	29,3	13,0	47,7
258	08.09.17 18:09:17	10,75	3,17	29,6	17,9	42,5
259	08.09.17 18:09:18	10,66	3,16	41,3	13,0	35,7
260	08.09.17 18:09:19	10,56	3,03	27,1	21,3	41,5
261	08.09.17 18:09:20	10,59	2,94	24,8	22,7	42,5
262	08.09.17 18:09:21	10,52	2,86	15,3	23,1	51,6
263	08.09.17 18:09:22	10,36	2,79	27,2	22,3	40,5
264	08.09.17 18:09:23	10,26	2,76	32,0	22,8	35,2
265	08.09.17 18:09:24	10,23	2,61	28,2	25,0	36,8
266	08.09.17 18:09:25	10,26	2,55	26,4	25,3	38,3
267	08.09.17 18:09:26	10,26	2,50	24,6	28,1	37,3
268	08.09.17 18:09:27	10,26	2,45	38,6	17,0	34,3
269	08.09.17 18:09:28	10,19	2,44	39,8	16,0	34,2
270	08.09.17 18:09:29	10,23	2,43	35,9	16,8	37,3
271	08.09.17 18:09:30	10,29	2,36	39,9	16,3	33,8
272	08.09.17 18:09:31	10,36	2,30	37,8	18,6	33,6
273	08.09.17 18:09:32	10,39	2,26	39,4	18,9	31,6
274	08.09.17 18:09:33	10,46	2,22	37,3	20,1	32,6
275	08.09.17 18:09:34	10,52	2,15	35,7	18,5	35,8
276	08.09.17 18:09:35	10,56	2,11	36,0	18,0	36,0
277	08.09.17 18:09:36	10,62	2,05	35,2	16,7	38,0
278	08.09.17 18:09:37	10,66	2,03	35,9	16,7	37,4
279	08.09.17 18:09:38	10,69	1,98	35,3	15,9	38,8
280	08.09.17 18:09:39	10,75	1,95	34,7	15,7	39,6
281	08.09.17 18:09:40	10,85	1,91	33,8	15,0	41,2
282	08.09.17 18:09:41	10,92	1,89	33,7	14,9	41,4
283	08.09.17 18:09:42	11,02	1,83	34,7	15,6	39,6
284	08.09.17 18:09:43	11,08	1,80	33,7	13,7	42,6
285	08.09.17 18:09:44	11,18	1,76	35,7	10,8	43,5
286	08.09.17 18:09:45	11,28	1,72	33,9	12,4	43,7
287	08.09.17 18:09:46	11,47	1,65	34,7	10,9	44,5
288	08.09.17 18:09:47	11,70	1,63	30,9	9,9	49,2
289	08.09.17 18:09:48	11,92	1,59	27,7	10,1	52,2
290	08.09.17 18:09:49	12,02	1,58	24,2	10,5	55,3
291	08.09.17 18:09:50	12,15	1,52	25,4	10,5	54,1
292	08.09.17 18:09:51	12,41	1,48	25,5	10,2	54,3
293	08.09.17 18:09:52	12,63	1,46	25,1	9,2	55,6
294	08.09.17 18:09:53	12,85	1,41	27,0	8,2	54,8
295	08.09.17 18:09:54	13,04	1,41	24,5	7,4	58,1
296	08.09.17 18:09:55	13,20	1,41	24,0	7,5	58,5
297	08.09.17 18:09:56	13,36	1,38	23,9	5,4	60,8
298	08.09.17 18:09:57	13,45	1,37	23,9	5,8	60,3
299	08.09.17 18:09:58	13,55	1,38	24,6	4,1	61,2
300	08.09.17 18:09:59	13,64	1,39	26,1	3,9	60,0
301	08.09.17 18:10:00	13,67	1,37	23,7	2,9	63,4
302	08.09.17 18:10:01	13,77	1,36	26,1	1,3	62,6
303	08.09.17 18:10:02	13,80	1,36	24,6	1,3	64,1
304	08.09.17 18:10:03	13,86	1,37	22,0	1,1	66,9
305	08.09.17 18:10:04	13,89	1,39	24,4	1,5	64,1
306	08.09.17 18:10:05	13,93	1,37	23,6	0,2	66,3
307	08.09.17 18:10:06	13,96	1,40	24,6	1,0	64,5
308	08.09.17 18:10:07	13,99	1,40	24,3	-2,4	63,4
309	08.09.17 18:10:08	14,02	1,41	24,2	-1,4	64,4
310	08.09.17 18:10:09	14,05	1,43	23,1	-1,9	64,9
311	08.09.17 18:10:10	14,08	1,41	21,8	-1,2	67,0
312	08.09.17 18:10:11	14,11	1,44	23,3	-3,6	63,1
313	08.09.17 18:10:12	14,11	1,44	22,1	-3,4	64,5
314	08.09.17 18:10:13	14,11	1,47	22,5	-2,7	64,8
315	08.09.17 18:10:14	14,11	1,47	21,7	-3,2	65,1
316	08.09.17 18:10:15	14,08	1,49	22,4	-2,4	65,2
317	08.09.17 18:10:16	14,05	1,53	22,2	-3,4	64,3
318	08.09.17 18:10:17	13,99	1,55	22,7	-3,1	64,2
319	08.09.17 18:10:18	13,93	1,56	22,6	-4,1	63,3
320	08.09.17 18:10:19	13,86	1,58	21,8	-4,4	63,8
321	08.09.17 18:10:20	13,80	1,62	22,6	-3,7	63,7
322	08.09.17 18:10:21	13,71	1,65	21,9	-3,9	64,1
323	08.09.17 18:10:22	13,58	1,69	24,5	-4,1	61,4
324	08.09.17 18:10:23	13,42	1,72	21,5	-4,7	63,7
325	08.09.17 18:10:24	13,33	1,75	24,1	-4,6	61,3
326	08.09.17 18:10:25	13,20	1,76	23,6	-5,3	61,2
327	08.09.17 18:10:26	13,11	1,80	23,7	-4,0	62,3
328	08.09.17 18:10:27	12,92	1,82	24,3	-5,3	60,4
329	08.09.17 18:10:28	12,79	1,85	24,8	-7,0	58,2
330	08.09.17 18:10:29	12,66	1,89	22,1	-7,9	60,1
331	08.09.17 18:10:30	12,57	1,90	22,1	-8,0	59,9
332	08.09.17 18:10:31	12,41	1,93	24,0	-9,3	56,7
333	08.09.17 18:10:32	12,28	1,96	22,9	-8,7	58,3
334	08.09.17 18:10:33	12,15	1,99	24,9	-10,7	54,4
335	08.09.17 18:10:34	11,99	2,00	23,3	-11,5	55,2
336	08.09.17 18:10:35	11,89	2,03	25,7	-11,8	52,5
337	08.09.17 18:10:36	11,76	2,06	25,9	-12,2	51,9
338	08.09.17 18:10:37	11,63	2,10	24,7	-12,5	52,8
339	08.09.17 18:10:38	11,47	2,12	25,1	-13,5	51,4
340	08.09.17 18:10:39	11,31	2,18	25,7	-12,8	51,5
341	08.09.17 18:10:40	11,18	2,18	24,0	-12,7	53,3
342	08.09.17 18:10:41	11,05	2,24	25,7	-13,2	51,1
343	08.09.17 18:10:42	10,89	2,27	24,1	-13,4	52,5
344	08.09.17 18:10:43	10,72	2,27	24,1	-14,9	51,0
345	08.09.17 18:10:44	10,59	2,30	23,5	-15,0	51,4
346	08.09.17 18:10:45	10,43	2,31	23,8	-13,4	52,7
347	08.09.17 18:10:46	10,33	2,32	25,2	-13,9	50,9
348	08.09.17 18:10:47	10,29	2,36	23,7	-14,6	51,8
349	08.09.17 18:10:48	10,16	2,39	23,3	-13,8	52,8
350	08.09.17 18:10:49	10,09	2,41	22,8	-13,8	53,4
351	08.09.17 18:10:50	10,03	2,43	23,1	-14,2	52,7
352	08.09.17 18:10:51	9,93	2,46	22,8	-13,8	53,4
353	08.09.17 18:10:52	9,80	2,47	22,2	-13,2	54,6
354	08.09.17 18:10:53	9,59	2,52	22,5	-12,5	55,0
355	08.09.17 18:10:54	9,46	2,55	22,5	-12,3	55,2
356	08.09.17 18:10:55	9,36	2,58	22,3	-11,6	56,1
357	08.09.17 18:10:56	9,26	2,59	23,3	-11,6	55,2
358	08.09.17 18:10:57	9,16	2,61	22,8	-10,3	56,9
359	08.09.17 18:10:58	9,09	2,62	23,2	-11,1	55,8
360	08.09.17 18:10:59	8,99	2,66	22,2	-11,8	56,0
361	08.09.17 18:11:00	8,92	2,67	22,5	-11,9	55,6
362	08.09.17 18:11:01	8,89	2,69	22,3	-10,2	57,5
363	08.09.17 18:11:02	8,85	2,71	21,5	-10,5	57,9
364	08.09.17 18:11:03	8,79	2,73	21,5	-10,1	58,4
365	08.09.17 18:11:04	8,75	2,72	26,1	-7,6	56,4
366	08.09.17 18:11:05	8,68	2,74	17,7	-12,6	59,7
367	08.09.17 18:11:06	8,62	2,75	19,2	-11,8	59,0
368	08.09.17 18:11:07	8,55	2,74	17,3	-13,0	59,7
369	08.09.17 18:11:08	8,45	2,76	16,5	-11,4	62,1
370	08.09.17 18:11:09	8,38	2,77	17,5	-10,0	62,4
371	08.09.17 18:11:10	8,31	2,79	17,3	-9,3	63,4
372	08.09.17 18:11:11	8,28	2,76	18,2	-7,2	64,6
373	08.09.17 18:11:12	8,24	2,78	18,5	-6,2	65,3
374	08.09.17 18:11:13	8,21	2,80	19,1	-5,4	65,4
375	08.09.17 18:11:14	8,17	2,79	19,2	-4,5	66,2
376	08.09.17 18:11:15	8,10	2,81	20,4	-3,4	66,2
377	08.09.17 18:11:16	8,10	2,81	20,7	-1,9	67,4
378	08.09.17 18:11:17	8,10	2,86	21,0	-1,5	67,5
379	08.09.17 18:11:18	8,10	2,83	21,6	0,7	67,7
380	08.09.17 18:11:19	8,07	2,83	22,3	1,1	66,5
381	08.09.17 18:11:20	8,07	2,85	23,9	1,7	64,4
382	08.09.17 18:11:21	8,07	2,90	25,5	1,7	62,8
383	08.09.17 18:11:22	8,00	2,89	23,7	2,2	64,1
384	08.09.17 18:11:23	8,00	2,92	26,0	4,0	60,0
385	08.09.17 18:11:24	7,97	2,93	27,1	4,0	58,9
386	08.09.17 18:11:25	7,90	2,95	27,4	4,5	58,1
387	08.09.17 18:11:26	7,83	2,99	28,9	5,0	56,1
388	08.09.17 18:11:27	7,79	2,99	30,3	6,0	53,7
389	08.09.17 18:11:28	7,79	3,01	30,5	5,9	53,6
390	08.09.17 18:11:29	7,76	3,05	31,0	5,3	53,7
391	08.09.17 18:11:30	7,72	3,05	31,1	4,9	54,0
392	08.09.17 18:11:31	7,69	3,09	32,6	6,0	51,4
393	08.09.17 18:11:32	7,62	3,11	33,6	6,1	50,3
394	08.09.17 18:11:33	7,62	3,15	34,3	6,5	49,2
395	08.09.17 18:11:34	7,62	3,15	35,1	5,8	49,1
396	08.09.17 18:11:35	7,62	3,18	34,9	5,9	49,1
397	08.09.17 18:11:36	7,59	3,22	36,9	6,5	46,6
398	08.09.17 18:11:37	7,55	3,24	37,6	6,5	45,9
399	08.09.17 18:11:38	7,59	3,27	37,1	6,1	46,8
400	08.09.17 18:11:39	7,62	3,27	37,3	5,9	46,8
401	08.09.17 18:11:40	7,62	3,29	39,5	6,6	43,9
402	08.09.17 18:11:41	7,66	3,30	40,1	6,8	43,2
403	08.09.17 18:11:42	7,69	3,33	39,9	6,1	43,9
404	08.09.17 18:11:43	7,72	3,35	41,7	5,9	42,4
405	08.09.17 18:11:44	7,76	3,38	42,8	6,1	41,0
406	08.09.17 18:11:45	7,79	3,41	43,2	5,7	41,1
407	08.09.17 18:11:46	7,83	3,46	44,4	6,0	39,6
408	08.09.17 18:11:47	7,86	3,46	45,2	5,4	39,4
409	08.09.17 18:11:48	7,86	3,51	44,4	4,8	40,8
410	08.09.17 18:11:49	7,83	3,53	45,1	5,1	39,8
411	08.09.17 18:11:50	7,83	3,58	45,2	5,2	39,6
412	08.09.17 18:11:51	7,83	3,60	44,3	4,5	41,2
413	08.09.17 18:11:52	7,83	3,63	42,0	2,8	45,2
414	08.09.17 18:11:53	7,83	3,67	42,4	3,2	44,4
415	08.09.17 18:11:54	7,86	3,70	43,2	3,8	42,9
416	08.09.17 18:11:55	7,86	3,75	41,9	3,0	45,1
417	08.09.17 18:11:56	7,90	3,75	40,2	1,1	48,7
418	08.09.17 18:11:57	7,90	3,80	41,5	2,4	46,1
419	08.09.17 18:11:58	7,90	3,82	42,2	2,2	45,5
420	08.09.17 18:11:59	7,83	3,88	41,8	1,1	47,0
421	08.09.17 18:12:00	7,79	3,93	41,2	1,7	47,1
422	08.09.17 18:12:01	7,79	4,00	41,0	2,5	46,5
423	08.09.17 18:12:02	7,76	4,04	40,6	3,0	46,4
424	08.09.17 18:12:03	7,72	4,04	41,7	4,2	44,1
425	08.09.17 18:12:04	7,69	4,08	41,2	3,9	44,9
426	08.09.17 18:12:05	7,66	4,12	40,0	4,0	46,0
427	08.09.17 18:12:06	7,62	4,17	41,2	4,9	43,9
428	08.09.17 18:12:07	7,62	4,21	41,8	5,1	43,1
429	08.09.17 18:12:08	7,62	4,21	40,4	4,7	44,9
430	08.09.17 18:12:09	7,62	4,26	40,6	4,4	45,0
431	08.09.17 18:12:10	7,52	4,30	42,0	5,3	42,6
432	08.09.17 18:12:11	7,41	4,33	41,4	4,5	44,1
433	08.09.17 18:12:12	7,38	4,35	40,3	3,9	45,8
434	08.09.17 18:12:13	7,34	4,39	42,4	4,6	43,0
435	08.09.17 18:12:14	7,34	4,44	41,5	3,6	44,9
436	08.09.17 18:12:15	7,31	4,46	40,3	3,3	46,4
437	08.09.17 18:12:16	7,20	4,52	42,5	4,4	43,1
438	08.09.17 18:12:17	6,99	4,56	44,0	3,8	42,2
439	08.09.17 18:12:18	6,89	4,62	42,3	3,6	44,2
440	08.09.17 18:12:19	6,82	4,66	41,3	3,8	44,9
441	08.09.17 18:12:20	6,71	4,67	43,5	4,9	41,6
442	08.09.17 18:12:21	6,68	4,71	45,7	5,0	39,3
443	08.09.17 18:12:22	6,60	4,73	45,1	6,2	38,7
444	08.09.17 18:12:23	6,53	4,77	43,8	7,3	39,0
445	08.09.17 18:12:24	6,46	4,78	43,8	9,3	36,9
446	08.09.17 18:12:25	6,43	4,80	37,3	10,6	42,1
447	08.09.17 18:12:26	6,43	4,80	20,2	12,6	57,2
448	08.09.17 18:12:27	6,36	4,82	11,1	14,4	64,6
449	08.09.17 18:12:28	6,32	4,81	-2,0	9,2	78,8
450	08.09.17 18:12:29	6,29	4,81	-0,4	7,4	82,1
451	08.09.17 18:12:30	6,21	4,85	0,9	8,1	80,9
452	08.09.17 18:12:31	6,18	4,89	-3,2	7,9	78,9
453	08.09.17 18:12:32	6,07	4,90	0,0	2,5	87,4
454	08.09.17 18:12:33	5,93	4,86	0,6	6,1	83,3
455	08.09.17 18:12:34	5,82	4,87	-0,8	2,6	86,6
456	08.09.17 18:12:35	5,75	4,86	-2,4	2,1	85,4
457	08.09.17 18:12:36	5,68	4,85	0,5	2,9	86,6
458	08.09.17 18:12:37	5,64	4,85	1,1	3,1	85,7
459	08.09.17 18:12:38	5,64	4,85	-1,3	4,3	84,4
460	08.09.17 18:12:39	5,57	4,84	-1,1	3,4	85,5
461	08.09.17 18:12:40	5,53	4,84	-2,1	2,5	85,4
462	08.09.17 18:12:41	5,50	4,83	-0,6	3,6	85,8
463	08.09.17 18:12:42	5,50	4,83	-2,2	4,2	83,6
464	08.09.17 18:12:43	5,50	4,81	-1,0	3,8	85,2
465	08.09.17 18:12:44	5,50	4,81	0,0	3,8	86,2
466	08.09.17 18:12:45	5,50	4,78	0,1	5,6	84,3
467	08.09.17 18:12:46	5,50	4,78	-1,2	3,3	85,5
468	08.09.17 18:12:47	5,50	4,78	0,5	0,8	88,7
469	08.09.17 18:12:48	5,50	4,78	-0,6	1,3	88,1
470	08.09.17 18:12:49	5,50	4,78	-2,4	3,9	83,7
471	08.09.17 18:12:50	5,50	4,76	0,2	3,3	86,5
472	08.09.17 18:12:51	5,50	4,76	-0,7	4,5	84,9
473	08.09.17 18:12:52	5,50	4,78	-1,5	2,4	86,1
474	08.09.17 18:12:53	5,50	4,76	-1,2	5,0	83,7
475	08.09.17 18:12:54	5,50	4,76	-0,3	2,0	87,7
476	08.09.17 18:12:55	5,50	4,76	-0,8	5,0	84,2
477	08.09.17 18:12:56	5,50	4,76	-1,4	1,0	87,6
478	08.09.17 18:12:57	5,50	4,74	-0,6	3,0	86,4
479	08.09.17 18:12:58	5,50	4,74	-1,9	4,2	83,9
480	08.09.17 18:12:59	5,50	4,74	-1,8	2,3	85,9
481	08.09.17 18:13:00	5,50	4,74	-1,6	0,3	88,1
482	08.09.17 18:13:01	5,50	4,74	-2,5	5,9	81,7
483	08.09.17 18:13:02	5,50	4,74	-0,7	1,7	87,6
484	08.09.17 18:13:03	5,50	4,74	-1,2	4,0	84,8
485	08.09.17 18:13:04	5,50	4,74	-0,9	2,5	86,6
486	08.09.17 18:13:05	5,50	4,71	-0,8	2,9	86,4
487	08.09.17 18:13:06	5,50	4,71	-1,6	3,7	84,7
488	08.09.17 18:13:07	5,50	4,71	-1,0	2,1	86,9
489	08.09.17 18:13:08	5,50	4,71	-1,9	2,8	85,4
490	08.09.17 18:13:09	5,50	4,71	-1,8	1,6	86,6
491	08.09.17 18:13:10	5,50	4,71	0,1	3,7	86,3
492	08.09.17 18:13:11	5,50	4,69	-1,2	4,8	84,1
493	08.09.17 18:13:12	5,50	4,71	-0,9	2,8	86,3
494	08.09.17 18:13:13	5,50	4,71	-1,4	2,6	86,0
495	08.09.17 18:13:14	5,50	4,71	-0,9	1,5	87,6
496	08.09.17 18:13:15	5,50	4,71	-1,3	3,8	84,8
497	08.09.17 18:13:16	5,46	4,71	-1,3	5,8	82,9
498	08.09.17 18:13:17	5,46	4,69	-0,7	0,5	88,9
499	08.09.17 18:13:18	5,46	4,71	0,6	1,2	88,2
500	08.09.17 18:13:19	5,46	4,69	-1,5	1,4	87,2
501	08.09.17 18:13:20	5,46	4,71	-2,0	0,5	87,5
502	08.09.17 18:13:21	5,46	4,71	-0,9	0,7	88,3
503	08.09.17 18:13:22	5,46	4,69	-0,9	0,6	88,6
504	08.09.17 18:13:23	5,46	4,69	-1,9	3,7	84,4
505	08.09.17 18:13:24	5,46	4,69	-1,6	0,7	87,8
506	08.09.17 18:13:25	5,46	4,71	0,0	-0,2	89,8
507	08.09.17 18:13:26	5,42	4,68	0,2	1,6	88,2
508	08.09.17 18:13:27	5,42	4,70	0,4	0,4	89,1
509	08.09.17 18:13:28	5,42	4,68	-0,8	0,7	88,5
510	08.09.17 18:13:29	5,42	4,68	1,5	2,3	86,1
511	08.09.17 18:13:30	5,42	4,70	1,0	1,0	88,0
512	08.09.17 18:13:31	5,42	4,68	-0,5	2,7	86,8
513	08.09.17 18:13:32	5,42	4,68	-1,4	2,7	85,9
514	08.09.17 18:13:33	5,42	4,68	-0,8	2,6	86,6
515	08.09.17 18:13:34	5,39	4,68	0,1	1,4	88,5
516	08.09.17 18:13:35	5,39	4,68	-0,3	2,2	87,5
517	08.09.17 18:13:36	5,39	4,65	0,8	2,9	86,3
518	08.09.17 18:13:37	5,39	4,68	-1,5	2,6	85,9
519	08.09.17 18:13:38	5,39	4,65	-0,3	1,9	87,8
520	08.09.17 18:13:39	5,35	4,67	0,5	-1,0	88,5
521	08.09.17 18:13:40	5,35	4,67	-1,2	0,9	87,8
522	08.09.17 18:13:41	5,35	4,67	-0,8	1,9	87,3
523	08.09.17 18:13:42	5,35	4,65	0,4	0,6	89,0
524	08.09.17 18:13:43	5,35	4,67	-1,6	2,5	86,0
525	08.09.17 18:13:44	5,35	4,65	-1,5	2,3	86,1
526	08.09.17 18:13:45	5,35	4,65	-1,1	4,2	84,7
527	08.09.17 18:13:46	5,35	4,65	0,1	4,5	85,4
528	08.09.17 18:13:47	5,35	4,65	-0,9	3,7	85,4
529	08.09.17 18:13:48	5,35	4,67	-1,0	4,4	84,6
530	08.09.17 18:13:49	5,31	4,64	-0,7	5,7	83,5
531	08.09.17 18:13:50	5,31	4,67	-1,5	7,6	80,9
532	08.09.17 18:13:51	5,31	4,64	-0,6	6,5	82,9
533	08.09.17 18:13:52	5,31	4,64	-0,8	6,9	82,3
534	08.09.17 18:13:53	5,31	4,64	-2,0	5,3	82,8
535	08.09.17 18:13:54	5,28	4,66	-1,2	5,0	83,8
536	08.09.17 18:13:55	5,28	4,64	-0,6	3,9	85,5
537	08.09.17 18:13:56	5,28	4,64	-1,6	3,1	85,4
538	08.09.17 18:13:57	5,28	4,64	-1,7	3,3	85,0
539	08.09.17 18:13:58	5,28	4,64	-1,3	3,4	85,3
540	08.09.17 18:13:59	5,28	4,64	-1,0	3,1	85,9
541	08.09.17 18:14:00	5,24	4,64	-1,1	4,1	84,8
542	08.09.17 18:14:01	5,24	4,64	-1,3	3,8	84,9
543	08.09.17 18:14:02	5,21	4,63	-1,5	4,2	84,3
544	08.09.17 18:14:03	5,17	4,65	-0,5	3,3	86,1
545	08.09.17 18:14:04	5,17	4,65	-1,5	3,0	85,5
546	08.09.17 18:14:05	5,13	4,65	-2,0	2,9	85,0
547	08.09.17 18:14:06	5,10	4,64	-2,0	3,6	84,3
548	08.09.17 18:14:07	5,06	4,64	-0,7	3,0	86,3
549	08.09.17 18:14:08	5,06	4,64	-1,1	2,5	86,4
550	08.09.17 18:14:09	5,02	4,66	-1,1	5,1	83,7
551	08.09.17 18:14:10	4,99	4,63	-2,2	4,6	83,2
552	08.09.17 18:14:11	4,99	4,65	-0,1	5,7	84,2
553	08.09.17 18:14:12	4,95	4,65	-0,6	5,6	83,7
554	08.09.17 18:14:13	4,95	4,65	-0,2	7,0	82,7
555	08.09.17 18:14:14	4,91	4,67	-1,4	7,0	81,6
556	08.09.17 18:14:15	4,91	4,64	-0,8	8,2	81,0
557	08.09.17 18:14:16	4,88	4,64	-0,6	7,8	81,6
558	08.09.17 18:14:17	4,88	4,64	-1,5	7,6	80,9
559	08.09.17 18:14:18	4,84	4,66	-1,2	7,8	81,0
560	08.09.17 18:14:19	4,84	4,63	-0,3	7,7	82,0
561	08.09.17 18:14:20	4,84	4,61	-0,5	8,2	81,3
562	08.09.17 18:14:21	4,84	4,63	-2,2	8,0	79,7
563	08.09.17 18:14:22	4,80	4,65	-0,7	9,2	80,1
564	08.09.17 18:14:23	4,80	4,63	-1,0	9,4	79,6
565	08.09.17 18:14:24	4,80	4,63	0,4	9,1	80,5
566	08.09.17 18:14:25	4,80	4,65	-1,1	9,6	79,3
567	08.09.17 18:14:26	4,80	4,65	-0,7	10,3	79,1
568	08.09.17 18:14:27	4,77	4,63	-1,2	9,8	79,0
569	08.09.17 18:14:28	4,77	4,65	0,4	9,8	79,8
570	08.09.17 18:14:29	4,77	4,65	-0,2	8,8	81,0
571	08.09.17 18:14:30	4,77	4,65	-0,1	9,0	80,9
572	08.09.17 18:14:31	4,77	4,63	-0,7	6,6	82,7
573	08.09.17 18:14:32	4,77	4,63	-1,4	8,2	80,3
574	08.09.17 18:14:33	4,73	4,64	-0,7	7,9	81,4
575	08.09.17 18:14:34	4,73	4,64	-0,4	7,8	81,7
576	08.09.17 18:14:35	4,73	4,62	-0,7	8,1	81,2
577	08.09.17 18:14:36	4,73	4,62	-0,7	7,3	82,0
578	08.09.17 18:14:37	4,73	4,62	0,3	7,9	81,9
579	08.09.17 18:14:38	4,69	4,62	-0,2	8,0	81,9
580	08.09.17 18:14:39	4,69	4,62	0,6	7,0	82,4
581	08.09.17 18:14:40	4,69	4,62	-1,9	7,3	80,8
582	08.09.17 18:14:41	4,69	4,59	-1,4	7,8	80,8
583	08.09.17 18:14:42	4,69	4,62	-2,0	6,4	81,6
584	08.09.17 18:14:43	4,69	4,62	-1,4	7,2	81,4
585	08.09.17 18:14:44	4,66	4,64	-2,6	7,5	79,9
586	08.09.17 18:14:45	4,66	4,61	-0,7	9,8	79,5
587	08.09.17 18:14:46	4,66	4,61	-0,7	8,9	80,5
588	08.09.17 18:14:47	4,66	4,61	-0,7	9,0	80,3
589	08.09.17 18:14:48	4,66	4,64	-2,0	9,2	78,9
590	08.09.17 18:14:49	4,62	4,63	-0,1	10,1	79,8
591	08.09.17 18:14:50	4,62	4,61	-1,6	10,1	78,3
592	08.09.17 18:14:51	4,62	4,61	-1,3	8,2	80,5
593	08.09.17 18:14:52	4,62	4,63	0,0	8,6	81,3
594	08.09.17 18:14:53	4,62	4,63	-0,5	8,0	81,5
595	08.09.17 18:14:54	4,58	4,63	-1,1	8,7	80,2
596	08.09.17 18:14:55	4,58	4,60	-0,7	7,9	81,3
597	08.09.17 18:14:56	4,58	4,60	-1,3	9,7	78,9
598	08.09.17 18:14:57	4,58	4,63	-0,1	9,9	80,1
599	08.09.17 18:14:58	4,58	4,63	0,7	11,2	78,1
600	08.09.17 18:14:59	4,55	4,62	-0,6	11,2	78,2
601	08.09.17 18:15:00	4,55	4,62	-0,8	11,0	78,2
602	08.09.17 18:15:01	4,55	4,62	-0,7	8,1	81,2
603	08.09.17 18:15:02	4,55	4,60	-0,4	8,1	81,5
604	08.09.17 18:15:03	4,55	4,60	0,0	7,3	82,7
605	08.09.17 18:15:04	4,51	4,59	-0,6	7,3	82,1
606	08.09.17 18:15:05	4,51	4,62	-1,6	6,6	81,8
607	08.09.17 18:15:06	4,51	4,57	-0,8	7,3	82,0
608	08.09.17 18:15:07	4,51	4,59	0,8	7,5	81,7
609	08.09.17 18:15:08	4,51	4,59	1,2	7,3	81,5
610	08.09.17 18:15:09	4,47	4,59	-0,7	7,6	81,7
611	08.09.17 18:15:10	4,47	4,59	-0,5	9,1	80,4
612	08.09.17 18:15:11	4,47	4,59	-0,5	8,8	80,7
613	08.09.17 18:15:12	4,47	4,59	-0,9	9,3	79,8
614	08.09.17 18:15:13	4,47	4,61	-1,6	8,7	79,6
615	08.09.17 18:15:14	4,47	4,59	-1,0	9,2	79,8
616	08.09.17 18:15:15	4,43	4,61	-2,0	8,9	79,1
617	08.09.17 18:15:16	4,43	4,59	-1,4	8,1	80,6
618	08.09.17 18:15:17	4,43	4,59	-0,7	6,9	82,4
619	08.09.17 18:15:18	4,43	4,61	-1,7	6,7	81,6
620	08.09.17 18:15:19	4,40	4,58	-1,1	7,2	81,6
621	08.09.17 18:15:20	4,40	4,58	-1,9	7,3	80,7
622	08.09.17 18:15:21	4,40	4,60	-2,9	6,8	80,3
623	08.09.17 18:15:22	4,40	4,60	-1,5	5,6	82,8
624	08.09.17 18:15:23	4,40	4,60	-0,7	6,6	82,7
625	08.09.17 18:15:24	4,40	4,58	-0,2	6,4	83,4
626	08.09.17 18:15:25	4,36	4,60	-1,0	6,0	83,0
627	08.09.17 18:15:26	4,36	4,60	-1,3	6,8	81,9
628	08.09.17 18:15:27	4,36	4,60	-0,1	7,3	82,6
629	08.09.17 18:15:28	4,36	4,60	-1,2	7,9	80,9
630	08.09.17 18:15:29	4,36	4,58	-1,6	7,9	80,5
631	08.09.17 18:15:30	4,32	4,62	-0,1	7,6	82,3
632	08.09.17 18:15:31	4,32	4,62	-0,9	7,1	82,0
633	08.09.17 18:15:32	4,32	4,60	-1,6	6,0	82,3
634	08.09.17 18:15:33	4,32	4,60	-1,2	5,7	83,1
635	08.09.17 18:15:34	4,32	4,60	-1,5	7,0	81,5
636	08.09.17 18:15:35	4,29	4,59	-1,9	5,9	82,2
637	08.09.17 18:15:36	4,29	4,57	-0,9	6,4	82,6
638	08.09.17 18:15:37	4,29	4,59	-1,7	5,2	83,1
639	08.09.17 18:15:38	4,29	4,59	-0,7	4,7	84,5
640	08.09.17 18:15:39	4,29	4,59	-1,7	5,3	82,9
641	08.09.17 18:15:40	4,25	4,59	-1,8	6,4	81,8
642	08.09.17 18:15:41	4,25	4,59	-0,5	8,9	80,6
643	08.09.17 18:15:42	4,25	4,56	-0,8	7,5	81,7
644	08.09.17 18:15:43	4,25	4,56	-0,6	7,9	81,5
645	08.09.17 18:15:44	4,25	4,59	-0,2	8,5	81,3
646	08.09.17 18:15:45	4,25	4,56	-0,5	9,3	80,2
647	08.09.17 18:15:46	4,25	4,56	-1,1	7,3	81,6
648	08.09.17 18:15:47	4,21	4,61	-1,7	6,5	81,8
649	08.09.17 18:15:48	4,21	4,61	-0,6	6,5	82,9
650	08.09.17 18:15:49	4,21	4,58	0,5	6,7	82,8
651	08.09.17 18:15:50	4,21	4,58	-0,6	6,9	82,5
652	08.09.17 18:15:51	4,21	4,61	0,2	6,5	83,3
653	08.09.17 18:15:52	4,17	4,60	-0,3	6,7	83,0
654	08.09.17 18:15:53	4,17	4,58	-0,8	6,2	83,0
655	08.09.17 18:15:54	4,17	4,60	0,6	6,8	82,6
656	08.09.17 18:15:55	4,17	4,58	-1,1	6,8	82,1
657	08.09.17 18:15:56	4,17	4,60	-0,7	8,6	80,7
658	08.09.17 18:15:57	4,17	4,60	-0,7	8,3	81,0
659	08.09.17 18:15:58	4,17	4,58	-0,9	10,1	79,0
660	08.09.17 18:15:59	4,17	4,58	0,0	9,9	80,0
661	08.09.17 18:16:00	4,17	4,60	-1,2	9,9	78,8
662	08.09.17 18:16:01	4,17	4,60	-1,1	11,1	77,8
663	08.09.17 18:16:02	4,17	4,60	-2,7	8,2	79,1
664	08.09.17 18:16:03	4,14	4,60	-2,1	10,3	77,6
665	08.09.17 18:16:04	4,14	4,57	-0,6	8,6	80,8
666	08.09.17 18:16:05	4,14	4,57	-1,5	8,0	80,5
667	08.09.17 18:16:06	4,14	4,60	-2,9	7,6	79,4
668	08.09.17 18:16:07	4,14	4,60	-2,1	7,6	80,3
669	08.09.17 18:16:08	4,10	4,59	-0,9	6,8	82,3
670	08.09.17 18:16:09	4,10	4,59	-1,6	5,4	83,0
671	08.09.17 18:16:10	4,10	4,62	-1,2	6,2	82,6
672	08.09.17 18:16:11	4,10	4,59	-1,9	6,0	82,0
673	08.09.17 18:16:12	4,10	4,59	-1,2	6,4	82,4
674	08.09.17 18:16:13	4,10	4,62	-0,9	6,1	83,0
675	08.09.17 18:16:14	4,10	4,59	-1,2	6,4	82,4
676	08.09.17 18:16:15	4,06	4,61	-1,1	5,2	83,6
677	08.09.17 18:16:16	4,06	4,59	-0,5	4,4	85,1
678	08.09.17 18:16:17	4,06	4,61	-1,8	6,4	81,9
679	08.09.17 18:16:18	4,06	4,61	-1,4	5,9	82,8
680	08.09.17 18:16:19	4,06	4,61	-0,9	6,1	83,0
681	08.09.17 18:16:20	4,06	4,59	-0,6	6,5	82,8
682	08.09.17 18:16:21	4,03	4,56	-1,2	6,4	82,4
683	08.09.17 18:16:22	4,03	4,61	-2,4	6,3	81,3
684	08.09.17 18:16:23	4,03	4,61	-1,1	7,5	81,4
685	08.09.17 18:16:24	4,03	4,61	-1,1	7,0	82,0
686	08.09.17 18:16:25	4,03	4,58	-2,3	7,5	80,2
687	08.09.17 18:16:26	4,03	4,61	-0,7	7,4	81,8
688	08.09.17 18:16:27	3,99	4,58	-0,9	8,5	80,6
689	08.09.17 18:16:28	3,99	4,58	-1,1	7,1	81,8
690	08.09.17 18:16:29	3,99	4,60	-2,1	6,5	81,4
691	08.09.17 18:16:30	3,99	4,60	-1,8	7,5	80,7
692	08.09.17 18:16:31	3,99	4,58	-1,3	7,5	81,1
693	08.09.17 18:16:32	3,99	4,60	-1,3	8,0	80,7
694	08.09.17 18:16:33	3,99	4,60	-1,0	7,5	81,5
695	08.09.17 18:16:34	3,95	4,60	-1,6	7,6	80,8
696	08.09.17 18:16:35	3,95	4,60	-0,9	7,9	81,2
697	08.09.17 18:16:36	3,95	4,60	-0,2	7,5	82,3
698	08.09.17 18:16:37	3,95	4,60	-1,8	6,7	81,5
699	08.09.17 18:16:38	3,95	4,62	-1,8	7,0	81,2
700	08.09.17 18:16:39	3,95	4,60	-0,4	8,3	81,3
701	08.09.17 18:16:40	3,95	4,60	-0,7	7,8	81,6
702	08.09.17 18:16:41	3,91	4,57	-0,8	7,9	81,3
703	08.09.17 18:16:42	3,91	4,59	-0,5	7,9	81,6
704	08.09.17 18:16:43	3,91	4,59	-0,8	6,9	82,3
705	08.09.17 18:16:44	3,91	4,59	-1,6	7,7	80,8
706	08.09.17 18:16:45	3,91	4,62	-0,9	7,0	82,1
707	08.09.17 18:16:46	3,91	4,59	-1,3	7,2	81,5
708	08.09.17 18:16:47	3,88	4,59	0,2	9,3	80,5
709	08.09.17 18:16:48	3,88	4,59	-0,4	9,2	80,3
710	08.09.17 18:16:49	3,88	4,59	-1,1	9,3	79,5
711	08.09.17 18:16:50	3,88	4,59	-1,3	9,3	79,4
712	08.09.17 18:16:51	3,88	4,59	-0,6	10,0	79,4
713	08.09.17 18:16:52	3,88	4,59	-1,8	8,8	79,4
714	08.09.17 18:16:53	3,88	4,59	-0,7	8,9	80,4
715	08.09.17 18:16:54	3,84	4,58	-1,7	8,4	80,0
716	08.09.17 18:16:55	3,84	4,58	-1,3	8,5	80,2
717	08.09.17 18:16:56	3,84	4,58	-1,7	9,0	79,2
718	08.09.17 18:16:57	3,84	4,58	-1,1	9,0	79,8
719	08.09.17 18:16:58	3,84	4,61	-1,0	8,9	80,1
720	08.09.17 18:16:59	3,84	4,61	-1,2	8,9	79,9
721	08.09.17 18:17:00	3,84	4,56	-1,5	7,6	80,9
722	08.09.17 18:17:01	3,80	4,60	-0,5	7,2	82,3
723	08.09.17 18:17:02	3,80	4,60	-0,8	8,3	80,9
724	08.09.17 18:17:03	3,80	4,58	-0,9	8,3	80,8
725	08.09.17 18:17:04	3,80	4,60	-1,0	8,7	80,4
726	08.09.17 18:17:05	3,80	4,58	-0,5	9,1	80,5
727	08.09.17 18:17:06	3,80	4,56	-1,1	7,4	81,6
728	08.09.17 18:17:07	3,80	4,56	-2,0	7,9	80,1
729	08.09.17 18:17:08	3,76	4,60	0,0	8,3	81,7
730	08.09.17 18:17:09	3,76	4,57	-0,5	8,7	80,8
731	08.09.17 18:17:10	3,76	4,60	-1,1	8,1	80,7
732	08.09.17 18:17:11	3,76	4,57	-1,6	7,3	81,1
733	08.09.17 18:17:12	3,76	4,60	-1,0	7,9	81,1
734	08.09.17 18:17:13	3,76	4,57	-0,7	6,6	82,7
735	08.09.17 18:17:14	3,76	4,57	-0,3	5,9	83,8
736	08.09.17 18:17:15	3,73	4,57	-2,2	6,9	80,9
737	08.09.17 18:17:16	3,73	4,59	-0,9	6,1	83,0
738	08.09.17 18:17:17	3,73	4,57	-0,1	5,6	84,3
739	08.09.17 18:17:18	3,73	4,59	-2,0	4,5	83,4
740	08.09.17 18:17:19	3,73	4,57	-0,5	7,4	82,1
741	08.09.17 18:17:20	3,73	4,57	-0,1	7,5	82,5
742	08.09.17 18:17:21	3,73	4,59	-0,7	7,9	81,4
743	08.09.17 18:17:22	3,73	4,62	-0,9	6,2	82,9
744	08.09.17 18:17:23	3,69	4,59	-1,6	5,8	82,6
745	08.09.17 18:17:24	3,69	4,59	-1,0	6,5	82,5
746	08.09.17 18:17:25	3,69	4,59	-1,1	5,7	83,3
747	08.09.17 18:17:26	3,69	4,59	-0,9	5,1	84,0
748	08.09.17 18:17:27	3,69	4,59	-1,2	5,8	83,0
749	08.09.17 18:17:28	3,69	4,57	-0,9	5,7	83,4
750	08.09.17 18:17:29	3,69	4,57	-0,9	5,8	83,3
751	08.09.17 18:17:30	3,69	4,59	-1,7	7,7	80,6
752	08.09.17 18:17:31	3,65	4,58	-1,1	8,1	80,7
753	08.09.17 18:17:32	3,65	4,58	-1,8	6,6	81,6
754	08.09.17 18:17:33	3,65	4,58	-0,1	7,5	82,4
755	08.09.17 18:17:34	3,65	4,58	-1,3	7,0	81,7
756	08.09.17 18:17:35	3,65	4,56	-3,0	6,8	80,1
757	08.09.17 18:17:36	3,65	4,58	-1,5	7,6	80,9
758	08.09.17 18:17:37	3,65	4,56	-1,5	7,3	81,1
759	08.09.17 18:17:38	3,65	4,58	-0,9	7,8	81,2
760	08.09.17 18:17:39	3,61	4,56	-0,9	8,0	81,1
761	08.09.17 18:17:40	3,61	4,58	-1,1	7,2	81,8
762	08.09.17 18:17:41	3,61	4,58	0,1	7,8	82,1
763	08.09.17 18:17:42	3,61	4,58	-0,4	7,1	82,5
764	08.09.17 18:17:43	3,61	4,56	-2,1	6,5	81,3
765	08.09.17 18:17:44	3,61	4,58	-1,2	6,5	82,3
766	08.09.17 18:17:45	3,61	4,58	-1,1	5,9	83,0
767	08.09.17 18:17:46	3,61	4,58	0,4	5,9	83,7
768	08.09.17 18:17:47	3,61	4,56	-0,4	7,0	82,6
769	08.09.17 18:17:48	3,57	4,60	-0,8	6,1	83,1
770	08.09.17 18:17:49	3,57	4,60	-1,0	6,7	82,3
771	08.09.17 18:17:50	3,57	4,58	-0,9	6,0	83,1
772	08.09.17 18:17:51	3,57	4,58	-0,1	7,0	82,9
773	08.09.17 18:17:52	3,57	4,55	2,0	6,3	81,7
774	08.09.17 18:17:53	3,57	4,58	-1,2	6,4	82,3
775	08.09.17 18:17:54	3,57	4,58	2,9	7,0	80,1
776	08.09.17 18:17:55	3,57	4,58	0,0	6,3	83,7
777	08.09.17 18:17:56	3,57	4,58	-0,7	7,4	81,9
778	08.09.17 18:17:57	3,57	4,58	-0,1	7,2	82,7
779	08.09.17 18:17:58	3,57	4,58	0,1	6,0	83,9
780	08.09.17 18:17:59	3,54	4,59	-1,1	4,9	84,0
781	08.09.17 18:18:00	3,54	4,59	-1,5	5,0	83,5
782	08.09.17 18:18:01	3,54	4,59	-0,2	4,7	85,1
783	08.09.17 18:18:02	3,54	4,57	0,1	5,1	84,7
784	08.09.17 18:18:03	3,54	4,59	0,8	5,5	83,7
785	08.09.17 18:18:04	3,54	4,59	1,0	5,9	83,1
786	08.09.17 18:18:05	3,54	4,59	0,3	6,8	82,9
787	08.09.17 18:18:06	3,50	4,61	-0,6	7,6	81,8
788	08.09.17 18:18:07	3,50	4,61	-0,8	7,5	81,7
789	08.09.17 18:18:08	3,50	4,61	-0,9	6,2	82,9
790	08.09.17 18:18:09	3,50	4,61	-1,8	5,5	82,7
791	08.09.17 18:18:10	3,50	4,61	-1,5	5,8	82,7
792	08.09.17 18:18:11	3,50	4,59	-1,8	5,7	82,5
793	08.09.17 18:18:12	3,50	4,61	-2,0	4,5	83,6
794	08.09.17 18:18:13	3,50	4,59	-2,3	4,7	83,0
795	08.09.17 18:18:14	3,50	4,59	-2,5	4,1	83,4
796	08.09.17 18:18:15	3,50	4,61	-3,1	3,7	83,2
797	08.09.17 18:18:16	3,46	4,58	-2,0	5,2	82,9
798	08.09.17 18:18:17	3,46	4,61	-1,4	5,4	83,1
799	08.09.17 18:18:18	3,46	4,58	-3,2	4,5	82,3
800	08.09.17 18:18:19	3,46	4,61	-2,0	4,3	83,7
801	08.09.17 18:18:20	3,46	4,61	-2,3	4,2	83,5
802	08.09.17 18:18:21	3,46	4,61	-1,2	3,2	85,6
803	08.09.17 18:18:22	3,46	4,61	-2,2	3,4	84,4
804	08.09.17 18:18:23	3,46	4,61	-1,8	3,6	84,6
805	08.09.17 18:18:24	3,42	4,58	-2,6	3,5	83,8
806	08.09.17 18:18:25	3,42	4,60	-1,2	3,1	85,7
807	08.09.17 18:18:26	3,42	4,60	-1,8	4,5	83,7
808	08.09.17 18:18:27	3,42	4,60	-3,5	4,8	81,7
809	08.09.17 18:18:28	3,42	4,58	-2,4	2,8	84,8
810	08.09.17 18:18:29	3,42	4,60	-1,9	5,0	83,1
811	08.09.17 18:18:30	3,42	4,58	-2,4	4,9	82,7
812	08.09.17 18:18:31	3,42	4,58	-2,3	3,3	84,4
813	08.09.17 18:18:32	3,42	4,60	-2,2	3,7	84,1
814	08.09.17 18:18:33	3,42	4,60	-1,6	4,3	84,1
815	08.09.17 18:18:34	3,39	4,58	-3,5	4,2	82,4
816	08.09.17 18:18:35	3,39	4,60	-2,0	3,3	84,6
817	08.09.17 18:18:36	3,39	4,60	-1,7	3,4	85,0
818	08.09.17 18:18:37	3,39	4,60	-2,5	2,1	85,4
819	08.09.17 18:18:38	3,39	4,60	-2,6	2,4	85,0
820	08.09.17 18:18:39	3,39	4,60	-2,0	3,6	84,4
821	08.09.17 18:18:40	3,39	4,58	-2,0	3,0	85,0
822	08.09.17 18:18:41	3,39	4,60	-1,3	3,1	85,6
823	08.09.17 18:18:42	3,35	4,59	-2,6	3,3	84,1
824	08.09.17 18:18:43	3,35	4,59	-2,0	4,0	83,9
825	08.09.17 18:18:44	3,35	4,59	-2,2	4,0	83,9
826	08.09.17 18:18:45	3,35	4,57	-1,6	4,3	84,0
827	08.09.17 18:18:46	3,35	4,62	-2,4	4,6	82,9
828	08.09.17 18:18:47	3,35	4,59	-2,8	4,4	82,8
829	08.09.17 18:18:48	3,35	4,59	-2,3	4,7	83,0
830	08.09.17 18:18:49	3,35	4,59	-2,6	4,0	83,3
831	08.09.17 18:18:50	3,35	4,59	-0,7	4,9	84,4
832	08.09.17 18:18:51	3,35	4,59	-2,6	3,9	83,5
833	08.09.17 18:18:52	3,31	4,61	-2,4	4,2	83,3
834	08.09.17 18:18:53	3,31	4,59	-1,9	3,9	84,2
835	08.09.17 18:18:54	3,31	4,59	-1,5	4,1	84,4
836	08.09.17 18:18:55	3,31	4,59	-1,6	3,9	84,5
837	08.09.17 18:18:56	3,31	4,59	-2,0	4,8	83,1
838	08.09.17 18:18:57	3,31	4,59	-1,1	4,3	84,6
839	08.09.17 18:18:58	3,31	4,57	-1,3	4,1	84,5
840	08.09.17 18:18:59	3,31	4,59	-1,9	3,6	84,5
841	08.09.17 18:19:00	3,31	4,61	-0,9	4,1	85,0
842	08.09.17 18:19:01	3,27	4,59	-0,7	3,4	85,9
843	08.09.17 18:19:02	3,27	4,59	-0,4	4,3	85,3
844	08.09.17 18:19:03	3,27	4,56	-0,4	3,6	86,0
845	08.09.17 18:19:04	3,27	4,59	0,1	2,4	87,5
846	08.09.17 18:19:05	3,27	4,59	1,4	-0,4	88,2
847	08.09.17 18:19:06	3,27	4,59	1,3	0,3	88,5
848	08.09.17 18:19:07	3,27	4,61	1,1	0,1	88,8
849	08.09.17 18:19:08	3,27	4,59	2,4	-0,2	87,4
850	08.09.17 18:19:09	3,27	4,59	1,4	-1,6	87,1
851	08.09.17 18:19:10	3,27	4,56	1,6	-2,4	86,1
852	08.09.17 18:19:11	3,23	4,58	3,9	-5,3	80,8
853	08.09.17 18:19:12	3,23	4,56	4,1	-7,4	78,5
854	08.09.17 18:19:13	3,23	4,58	4,9	-9,0	76,1
855	08.09.17 18:19:14	3,23	4,58	8,1	-13,4	68,4
856	08.09.17 18:19:15	3,23	4,58	9,8	-16,2	64,0
857	08.09.17 18:19:16	3,23	4,58	10,3	-16,3	63,4
858	08.09.17 18:19:17	3,23	4,58	13,0	-19,3	57,8
859	08.09.17 18:19:18	3,23	4,56	15,0	-22,5	52,5
860	08.09.17 18:19:19	3,23	4,56	16,8	-24,1	49,1
861	08.09.17 18:19:20	3,23	4,56	18,3	-24,7	47,0
862	08.09.17 18:19:21	3,20	4,55	20,0	-27,7	42,3
863	08.09.17 18:19:22	3,20	4,55	23,3	-28,5	38,2
864	08.09.17 18:19:23	3,20	4,55	24,3	-27,3	38,4
865	08.09.17 18:19:24	3,20	4,55	25,7	-26,3	38,0
866	08.09.17 18:19:25	3,20	4,53	28,5	-24,6	37,0
867	08.09.17 18:19:26	3,20	4,51	33,6	-29,0	27,4
868	08.09.17 18:19:27	3,20	4,48	45,3	-23,0	21,6
869	08.09.17 18:19:28	3,20	4,51	47,0	-24,7	18,2
870	08.09.17 18:19:29	3,20	4,48	45,8	-21,2	23,1
871	08.09.17 18:19:30	3,20	4,48	45,0	-19,6	25,4
872	08.09.17 18:19:31	3,20	4,46	45,9	-20,1	23,9
873	08.09.17 18:19:32	3,16	4,45	40,9	-15,9	33,2
874	08.09.17 18:19:33	3,16	4,43	40,2	-14,8	34,9
875	08.09.17 18:19:34	3,16	4,43	46,5	-13,6	29,9
876	08.09.17 18:19:35	3,16	4,41	39,3	-14,4	36,3
877	08.09.17 18:19:36	3,16	4,41	37,7	-15,1	37,2
878	08.09.17 18:19:37	3,16	4,38	45,5	-11,4	33,1
879	08.09.17 18:19:38	3,16	4,38	44,8	-13,1	32,2
880	08.09.17 18:19:39	3,16	4,38	37,0	-16,5	36,5
881	08.09.17 18:19:40	3,16	4,41	35,8	-33,7	20,5
882	08.09.17 18:19:41	3,16	4,45	37,9	-32,8	-19,3
883	08.09.17 18:19:42	3,12	4,47	34,9	-24,8	-30,2
884	08.09.17 18:19:43	3,04	4,53	29,5	-16,5	-44,0
885	08.09.17 18:19:44	2,97	4,57	18,5	-12,9	-58,6
886	08.09.17 18:19:45	2,93	4,59	14,7	-30,1	-45,3
887	08.09.17 18:19:46	2,89	4,59	13,3	-32,4	-44,3
888	08.09.17 18:19:47	2,89	4,61	13,9	-33,4	-42,6
889	08.09.17 18:19:48	2,85	4,58	12,9	-34,2	-42,9
890	08.09.17 18:19:49	2,85	4,58	13,5	-33,3	-43,2
891	08.09.17 18:19:50	2,85	4,58	14,0	-34,0	-42,0
892	08.09.17 18:19:51	2,85	4,58	14,4	-34,9	-40,6
893	08.09.17 18:19:52	2,85	4,58	14,2	-36,5	-39,3
894	08.09.17 18:19:53	2,85	4,58	14,6	-36,2	-39,3
895	08.09.17 18:19:54	2,85	4,58	14,0	-31,1	-44,9
896	08.09.17 18:19:55	2,85	4,58	21,0	-28,9	-40,1
897	08.09.17 18:19:56	2,85	4,58	22,0	-23,5	-44,5
898	08.09.17 18:19:57	2,85	4,58	29,4	-29,7	-30,8
899	08.09.17 18:19:58	2,81	4,53	39,6	-34,2	-16,2
900	08.09.17 18:19:59	2,81	4,53	40,8	-33,4	-15,8
901	08.09.17 18:20:00	2,81	4,51	44,1	-36,9	-9,0
902	08.09.17 18:20:01	2,77	4,52	55,1	-21,6	13,3
903	08.09.17 18:20:02	2,74	4,47	48,5	-17,9	23,6
904	08.09.17 18:20:03	2,66	4,44	48,0	-16,5	25,5
905	08.09.17 18:20:04	2,58	4,41	47,9	-15,1	26,9
906	08.09.17 18:20:05	2,54	4,38	43,4	-16,3	30,3
907	08.09.17 18:20:06	2,50	4,35	41,7	-18,2	30,1
908	08.09.17 18:20:07	2,47	4,32	43,8	-20,6	25,5
909	08.09.17 18:20:08	2,47	4,30	43,7	-23,4	22,9
910	08.09.17 18:20:09	2,43	4,25	39,8	-26,7	23,6
911	08.09.17 18:20:10	2,43	4,25	37,9	-27,8	24,2
912	08.09.17 18:20:11	2,43	4,22	40,6	-28,0	21,4
913	08.09.17 18:20:12	2,43	4,22	36,5	-30,3	23,2
914	08.09.17 18:20:13	2,43	4,22	38,9	-29,0	22,1
915	08.09.17 18:20:14	2,39	4,24	38,2	-29,6	22,2
916	08.09.17 18:20:15	2,39	4,27	41,1	-27,4	21,5
917	08.09.17 18:20:16	2,39	4,27	43,3	-25,3	21,4
918	08.09.17 18:20:17	2,39	4,29	43,5	-23,6	22,9
919	08.09.17 18:20:18	2,39	4,27	47,7	-20,9	21,4
920	08.09.17 18:20:19	2,39	4,24	47,7	-16,5	25,7
921	08.09.17 18:20:20	2,39	4,22	48,6	-15,9	25,5
922	08.09.17 18:20:21	2,39	4,19	45,7	-18,0	26,3
923	08.09.17 18:20:22	2,39	4,12	42,6	-19,4	28,0
924	08.09.17 18:20:23	2,35	4,10	45,5	-16,5	28,0
925	08.09.17 18:20:24	2,35	4,07	47,2	-15,9	26,9
926	08.09.17 18:20:25	2,35	4,00	43,0	-18,2	28,8
927	08.09.17 18:20:26	2,35	4,00	42,8	-21,4	25,8
928	08.09.17 18:20:27	2,31	4,00	45,6	-22,2	22,2
929	08.09.17 18:20:28	2,27	3,97	43,5	-24,3	22,2
930	08.09.17 18:20:29	2,23	3,92	43,3	-22,9	23,8
931	08.09.17 18:20:30	2,23	3,89	42,4	-22,9	24,7
932	08.09.17 18:20:31	2,23	3,87	50,6	-17,8	21,6
933	08.09.17 18:20:32	2,19	3,84	52,6	-14,1	23,2
934	08.09.17 18:20:33	2,16	3,81	64,3	-5,3	20,3
935	08.09.17 18:20:34	2,16	3,79	77,8	-1,1	11,1
936	08.09.17 18:20:35	2,16	3,74	79,5	1,0	9,5
937	08.09.17 18:20:36	2,16	3,67	72,1	1,1	16,8
938	08.09.17 18:20:37	2,16	3,65	80,7	-1,5	7,8
939	08.09.17 18:20:38	2,16	3,62	78,0	3,2	8,8
940	08.09.17 18:20:39	2,16	3,60	75,3	2,6	12,1
941	08.09.17 18:20:40	2,16	3,55	81,7	-0,5	7,7
942	08.09.17 18:20:41	2,16	3,46	61,8	5,6	22,6
943	08.09.17 18:20:42	2,16	3,44	77,9	3,5	8,6
944	08.09.17 18:20:43	2,16	3,39	78,9	3,4	7,7
945	08.09.17 18:20:44	2,16	3,36	80,8	0,4	8,8
946	08.09.17 18:20:45	2,16	3,32	81,6	-1,2	7,2
947	08.09.17 18:20:46	2,16	3,27	79,8	0,0	10,2
948	08.09.17 18:20:47	2,16	3,22	79,9	-0,3	9,7
949	08.09.17 18:20:48	2,16	3,18	78,3	0,1	11,6
950	08.09.17 18:20:49	2,16	3,13	72,0	2,0	16,1
951	08.09.17 18:20:50	2,16	3,08	81,6	0,8	7,7
952	08.09.17 18:20:51	2,16	3,01	69,4	2,2	18,4
953	08.09.17 18:20:52	2,16	2,99	75,5	1,2	13,3
954	08.09.17 18:20:53	2,12	2,94	80,0	1,7	8,2
955	08.09.17 18:20:54	2,12	2,89	75,1	3,7	11,2
956	08.09.17 18:20:55	2,16	2,80	78,4	-1,5	10,0
957	08.09.17 18:20:56	2,16	2,73	67,7	0,8	21,5
958	08.09.17 18:20:57	2,16	2,70	87,9	-0,1	2,0
959	08.09.17 18:20:58	2,19	2,66	56,4	7,3	26,3
960	08.09.17 18:20:59	2,23	2,57	69,2	-1,9	18,9
961	08.09.17 18:21:00	2,27	2,48	77,7	-0,6	11,8
962	08.09.17 18:21:01	2,39	2,47	79,6	7,6	2,8
963	08.09.17 18:21:02	2,43	2,43	61,0	5,5	23,4
964	08.09.17 18:21:03	2,47	2,34	70,7	-2,6	16,7
965	08.09.17 18:21:04	2,54	2,28	75,3	-0,9	13,8
966	08.09.17 18:21:05	2,58	2,22	52,3	9,3	28,5
967	08.09.17 18:21:06	2,70	2,21	76,7	-0,3	13,0
968	08.09.17 18:21:07	2,77	2,14	77,8	-0,3	11,9
969	08.09.17 18:21:08	2,77	2,10	78,6	0,4	10,9
970	08.09.17 18:21:09	2,81	2,06	67,2	5,8	17,1
971	08.09.17 18:21:10	2,85	1,99	81,7	4,0	4,3
972	08.09.17 18:21:11	2,89	1,95	67,4	2,0	20,6
973	08.09.17 18:21:12	2,93	1,90	66,6	6,9	16,5
974	08.09.17 18:21:13	3,00	1,84	79,8	6,0	4,2
975	08.09.17 18:21:14	3,20	1,80	54,6	10,7	24,7
976	08.09.17 18:21:15	3,27	1,73	66,1	6,1	17,8
977	08.09.17 18:21:16	3,42	1,68	83,3	4,1	2,6
978	08.09.17 18:21:17	3,54	1,65	63,8	10,1	16,1
979	08.09.17 18:21:18	3,61	1,59	64,4	5,8	19,8
980	08.09.17 18:21:19	3,65	1,52	73,8	0,8	15,4
981	08.09.17 18:21:20	3,73	1,48	83,1	2,5	4,4
982	08.09.17 18:21:21	3,76	1,46	60,8	10,4	18,8
983	08.09.17 18:21:22	3,84	1,40	79,2	1,5	9,3
984	08.09.17 18:21:23	3,88	1,34	69,1	2,8	18,1
985	08.09.17 18:21:24	3,95	1,28	82,4	2,6	5,0
986	08.09.17 18:21:25	4,06	1,20	81,4	2,4	6,2
987	08.09.17 18:21:26	4,29	1,10	80,6	1,1	8,4
988	08.09.17 18:21:27	4,47	1,08	79,4	-0,3	10,3
989	08.09.17 18:21:28	4,58	1,02	80,6	3,3	6,1
990	08.09.17 18:21:29	4,69	1,01	76,4	5,5	8,1
991	08.09.17 18:21:30	4,77	0,97	83,4	2,1	4,5
992	08.09.17 18:21:31	4,91	0,92	89,1	-0,1	-0,7
993	08.09.17 18:21:32	5,24	0,84	87,8	-0,2	-2,0
994	08.09.17 18:21:33	5,50	0,76	86,3	-2,6	-1,1
995	08.09.17 18:21:34	5,86	0,61	87,1	1,9	-1,1
996	08.09.17 18:21:35	6,21	0,58	83,3	2,5	-4,3
997	08.09.17 18:21:36	6,53	0,50	85,1	1,3	-3,6
998	08.09.17 18:21:37	6,75	0,42	86,6	0,0	-3,4
999	08.09.17 18:21:38	6,85	0,42	83,1	0,4	-6,5
1000	08.09.17 18:21:39	6,92	0,33	80,7	0,5	-8,9
1001	08.09.17 18:21:40	7,06	0,28	84,3	-0,4	-5,2
1002	08.09.17 18:21:41	7,27	0,18	87,7	0,4	-1,8
1003	08.09.17 18:21:42	7,59	0,11	64,3	16,9	-8,7
1004	08.09.17 18:21:43	7,90	0,02	89,3	0,5	-0,2
1005	08.09.17 18:21:44	8,38	0,02	89,7	-0,1	0,2
1006	08.09.17 18:21:45	8,62	0,00	83,7	1,2	5,1
1007	08.09.17 18:21:46	8,72	0,00	81,6	0,9	7,4
1008	08.09.17 18:21:47	8,79	0,00	78,4	1,6	10,0
1009	08.09.17 18:21:48	8,85	0,00	82,9	0,5	6,7
1010	08.09.17 18:21:49	8,96	0,00	77,3	-5,7	7,0
1011	08.09.17 18:21:50	9,16	0,00	74,9	-5,1	10,0
1012	08.09.17 18:21:51	9,36	0,00	72,5	-4,3	13,2
1013	08.09.17 18:21:52	9,66	0,00	68,5	-9,0	12,5
1014	08.09.17 18:21:53	9,83	0,00	70,4	-11,0	8,6
1015	08.09.17 18:21:54	10,03	0,00	72,9	-7,0	10,1
1016	08.09.17 18:21:55	10,13	0,00	76,5	-3,7	9,8
1017	08.09.17 18:21:56	10,13	0,00	73,8	-6,0	10,2
1018	08.09.17 18:21:57	10,13	0,00	65,9	-8,4	15,7
1019	08.09.17 18:21:58	10,09	0,00	73,1	-6,3	10,6
1020	08.09.17 18:21:59	10,13	0,00	73,8	-6,9	9,3
1021	08.09.17 18:22:00	10,13	0,00	67,4	-4,4	18,1
1022	08.09.17 18:22:01	10,09	0,00	79,0	-3,6	7,4
1023	08.09.17 18:22:02	10,13	0,00	66,9	-5,1	18,0
1024	08.09.17 18:22:03	10,19	0,00	62,0	-5,9	22,2
1025	08.09.17 18:22:04	10,29	0,00	75,1	-8,2	6,7
1026	08.09.17 18:22:05	10,36	0,00	59,3	3,7	27,0
1027	08.09.17 18:22:06	10,39	0,00	71,1	-0,6	18,2
1028	08.09.17 18:22:07	10,49	0,00	72,5	5,5	12,0
1029	08.09.17 18:22:08	10,62	0,00	81,4	-5,4	3,2
1030	08.09.17 18:22:09	10,69	0,00	49,7	-6,0	34,3
1031	08.09.17 18:22:10	10,85	0,00	47,4	-6,8	35,7
1032	08.09.17 18:22:11	10,92	0,00	54,1	-10,3	25,6
1033	08.09.17 18:22:12	10,95	0,00	51,3	-8,3	30,4
1034	08.09.17 18:22:13	11,24	0,00	38,9	-11,4	39,7
1035	08.09.17 18:22:14	11,44	0,00	42,6	0,5	46,9
1036	08.09.17 18:22:15	11,67	0,00	13,6	8,6	67,8
1037	08.09.17 18:22:16	11,86	0,00	30,0	8,5	51,5
1038	08.09.17 18:22:17	12,02	0,00	46,4	6,9	36,7
1039	08.09.17 18:22:18	12,15	0,00	38,2	13,1	38,6
1040	08.09.17 18:22:19	12,21	0,00	33,8	19,2	37,1
1041	08.09.17 18:22:20	12,25	0,00	37,1	22,2	30,8
1042	08.09.17 18:22:21	12,28	0,00	39,2	18,2	32,6
1043	08.09.17 18:22:22	12,28	0,00	33,8	-0,1	56,1
1044	08.09.17 18:22:23	12,28	0,00	56,3	-2,9	30,8
1045	08.09.17 18:22:24	12,31	0,00	74,1	6,1	9,8
1046	08.09.17 18:22:25	12,34	0,00	55,6	17,3	17,1
1047	08.09.17 18:22:26	12,44	0,00	56,7	17,9	15,5
1048	08.09.17 18:22:27	12,47	0,00	51,3	22,7	16,0
1049	08.09.17 18:22:28	12,47	0,00	52,8	17,8	19,4
1050	08.09.17 18:22:29	12,50	0,00	49,6	20,8	19,6
1051	08.09.17 18:22:30	12,63	0,00	54,0	18,6	17,4
1052	08.09.17 18:22:31	12,73	0,00	48,2	17,5	24,4
1053	08.09.17 18:22:32	12,79	0,00	44,5	8,9	36,6
1054	08.09.17 18:22:33	12,82	0,00	66,5	-4,6	19,0
1055	08.09.17 18:22:34	12,82	0,00	56,0	-16,8	17,3
1056	08.09.17 18:22:35	12,82	0,00	50,8	-24,2	14,9
1057	08.09.17 18:22:36	12,88	0,00	68,4	-14,8	6,7
1058	08.09.17 18:22:37	12,92	0,00	64,4	-24,0	1,6
1059	08.09.17 18:22:38	13,04	0,00	64,3	-20,4	5,3
1060	08.09.17 18:22:39	13,07	0,00	59,1	-23,8	7,1
1061	08.09.17 18:22:40	13,17	0,00	59,9	-21,6	8,5
1062	08.09.17 18:22:41	13,14	0,00	68,7	-5,6	15,8
1063	08.09.17 18:22:42	13,14	0,00	72,3	2,5	15,1
1064	08.09.17 18:22:43	13,23	0,00	40,5	4,6	44,9
1065	08.09.17 18:22:44	13,11	0,00	25,8	12,4	51,8
1066	08.09.17 18:22:45	12,92	0,00	11,1	43,2	35,8
1067	08.09.17 18:22:46	12,69	0,00	66,3	22,6	1,0
1068	08.09.17 18:22:47	12,50	0,00	80,0	-4,1	5,8
1069	08.09.17 18:22:48	12,34	0,00	51,0	-29,9	-9,1
1070	08.09.17 18:22:49	12,09	0,00	56,7	9,5	-23,8
1071	08.09.17 18:22:50	11,86	0,00	62,8	23,6	3,6
1072	08.09.17 18:22:51	11,63	0,00	59,7	27,4	2,9
1073	08.09.17 18:22:52	11,44	0,00	58,0	28,8	3,2
1074	08.09.17 18:22:53	11,31	0,00	72,1	9,8	8,1
1075	08.09.17 18:22:54	11,15	0,00	75,1	5,7	9,1
1076	08.09.17 18:22:55	11,05	0,00	61,1	22,1	6,8
1077	08.09.17 18:22:56	10,92	0,00	20,5	41,6	-27,9
1078	08.09.17 18:22:57	10,82	0,00	-31,1	-8,7	-50,1
1079	08.09.17 18:22:58	10,75	0,00	-15,9	-10,3	-63,7
1080	08.09.17 18:22:59	10,66	0,00	-10,2	-10,2	-69,5
1081	08.09.17 18:23:00	10,59	0,00	-10,8	-11,7	-67,5
1082	08.09.17 18:23:01	10,49	0,00	-18,6	-6,4	-65,0
1083	08.09.17 18:23:02	10,43	0,00	-24,5	-9,2	-56,2
1084	08.09.17 18:23:03	10,36	0,00	-26,4	-5,2	-58,4
1085	08.09.17 18:23:04	10,33	0,00	-23,4	-5,0	-61,5
1086	08.09.17 18:23:05	10,26	0,00	-33,9	-8,4	-47,7
1087	08.09.17 18:23:06	10,19	0,00	-63,5	12,6	-13,9
1088	08.09.17 18:23:07	10,16	0,00	-11,1	73,3	-5,6
1089	08.09.17 18:23:08	10,13	0,00	3,2	80,8	-6,0
1090	08.09.17 18:23:09	10,09	0,00	4,7	79,9	-5,3
1091	08.09.17 18:23:10	10,06	0,00	5,2	79,3	-5,5
1092	08.09.17 18:23:11	9,99	0,00	5,8	78,4	-5,8
1093	08.09.17 18:23:12	9,96	0,00	6,5	78,3	-5,2
1094	08.09.17 18:23:13	9,90	0,00	7,8	77,5	-4,7
1095	08.09.17 18:23:14	9,86	0,00	10,1	75,2	-4,7
1096	08.09.17 18:23:15	9,83	0,00	10,9	74,6	-4,5
1097	08.09.17 18:23:16	9,76	0,00	9,1	76,9	-4,1
1098	08.09.17 18:23:17	9,73	0,00	7,4	78,5	-4,1
1099	08.09.17 18:23:18	9,70	0,00	7,6	78,0	-4,3
1100	08.09.17 18:23:19	9,66	0,00	8,0	77,3	-4,6
1101	08.09.17 18:23:20	9,63	0,00	9,5	75,3	-5,2
1102	08.09.17 18:23:21	9,56	0,00	10,7	75,0	-4,3
1103	08.09.17 18:23:22	9,53	0,00	10,2	75,7	-4,1
1104	08.09.17 18:23:23	9,49	0,00	9,9	75,2	-4,9
1105	08.09.17 18:23:24	9,46	0,00	8,8	76,5	-4,7
1106	08.09.17 18:23:25	9,43	0,00	9,5	76,0	-4,4
1107	08.09.17 18:23:26	9,39	0,00	10,6	74,8	-4,6
1108	08.09.17 18:23:27	9,36	0,00	10,5	74,5	-5,0
1109	08.09.17 18:23:28	9,33	0,00	9,9	75,8	-4,4
1110	08.09.17 18:23:29	9,29	0,00	10,7	74,7	-4,6
1111	08.09.17 18:23:30	9,29	0,00	9,5	76,1	-4,4
1112	08.09.17 18:23:31	9,26	0,00	9,5	75,2	-5,3
1113	08.09.17 18:23:32	9,23	0,00	10,8	74,5	-4,7
1114	08.09.17 18:23:33	9,19	0,00	11,1	74,5	-4,3
1115	08.09.17 18:23:34	9,19	0,00	8,6	76,1	-5,2
1116	08.09.17 18:23:35	9,16	0,00	10,4	74,9	-4,6
1117	08.09.17 18:23:36	9,12	0,00	9,2	76,2	-4,6
1118	08.09.17 18:23:37	9,12	0,00	7,5	76,6	-5,8
1119	08.09.17 18:23:38	9,09	0,00	6,8	78,7	-4,5
1120	08.09.17 18:23:39	9,06	0,00	7,4	78,4	-4,2
1121	08.09.17 18:23:40	9,06	0,00	6,8	78,3	-4,9
1122	08.09.17 18:23:41	9,02	0,00	7,1	78,4	-4,5
1123	08.09.17 18:23:42	9,02	0,00	7,2	78,2	-4,6
1124	08.09.17 18:23:43	8,99	0,00	7,4	78,4	-4,2
1125	08.09.17 18:23:44	8,99	0,00	5,9	79,5	-4,6
1126	08.09.17 18:23:45	8,99	0,00	3,0	81,2	-5,7
1127	08.09.17 18:23:46	8,96	0,00	2,4	82,7	-4,9
1128	08.09.17 18:23:47	8,96	0,00	2,7	82,6	-4,8
1129	08.09.17 18:23:48	8,92	0,00	2,7	82,8	-4,6
1130	08.09.17 18:23:49	8,92	0,00	4,1	81,9	-4,0
1131	08.09.17 18:23:50	8,92	0,00	7,5	78,2	-4,4
1132	08.09.17 18:23:51	8,89	0,00	9,5	76,6	-3,9
1133	08.09.17 18:23:52	8,89	0,00	12,6	73,4	-4,0
1134	08.09.17 18:23:53	8,89	0,00	12,7	73,5	-3,8
1135	08.09.17 18:23:54	8,85	0,00	12,7	74,3	-3,0
1136	08.09.17 18:23:55	8,85	0,00	10,4	75,9	-3,7
1137	08.09.17 18:23:56	8,85	0,00	6,8	79,2	-4,0
1138	08.09.17 18:23:57	8,85	0,00	3,6	82,0	-4,4
1139	08.09.17 18:23:58	8,85	0,00	0,6	83,4	-5,9
1140	08.09.17 18:23:59	8,82	0,00	-3,1	81,0	-5,8
1141	08.09.17 18:24:00	8,82	0,00	-4,5	79,4	-6,1
1142	08.09.17 18:24:01	8,82	0,00	-4,9	77,8	-7,3
1143	08.09.17 18:24:02	8,82	0,00	-3,9	81,1	-5,0
1144	08.09.17 18:24:03	8,82	0,00	-2,3	82,5	-5,3
1145	08.09.17 18:24:04	8,82	0,00	0,9	83,1	-6,0
1146	08.09.17 18:24:05	8,82	0,00	7,3	78,9	-3,8
1147	08.09.17 18:24:06	8,82	0,00	7,0	78,7	-4,4
1148	08.09.17 18:24:07	8,82	0,00	11,4	74,8	-3,8
1149	08.09.17 18:24:08	8,79	0,00	13,6	72,1	-4,3
1150	08.09.17 18:24:09	8,79	0,00	12,4	73,6	-4,0
1151	08.09.17 18:24:10	8,79	0,00	11,5	75,1	-3,4
1152	08.09.17 18:24:11	8,79	0,00	8,9	77,2	-3,9
1153	08.09.17 18:24:12	8,79	0,00	4,6	81,0	-4,4
1154	08.09.17 18:24:13	8,79	0,00	0,9	83,9	-5,2
1155	08.09.17 18:24:14	8,79	0,00	-1,0	83,5	-5,5
1156	08.09.17 18:24:15	8,79	0,00	-2,1	82,1	-5,8
1157	08.09.17 18:24:16	8,79	0,00	-3,9	81,2	-4,9
1158	08.09.17 18:24:17	8,79	0,00	-5,2	78,1	-6,7
1159	08.09.17 18:24:18	8,79	0,00	-6,1	76,8	-7,1
1160	08.09.17 18:24:19	8,79	0,00	-6,8	76,5	-6,7
1161	08.09.17 18:24:20	8,79	0,00	-6,1	77,6	-6,3
1162	08.09.17 18:24:21	8,79	0,00	-5,6	77,3	-7,0
1163	08.09.17 18:24:22	8,79	0,00	-6,1	77,2	-6,8
1164	08.09.17 18:24:23	8,79	0,00	-4,2	78,8	-7,0
1165	08.09.17 18:24:24	8,82	0,00	-3,9	80,1	-6,0
1166	08.09.17 18:24:25	8,82	0,00	-2,9	81,0	-6,1
1167	08.09.17 18:24:26	8,82	0,00	-0,9	83,5	-5,6
1168	08.09.17 18:24:27	8,82	0,00	1,8	82,8	-5,5
1169	08.09.17 18:24:28	8,82	0,00	3,7	82,0	-4,3
1170	08.09.17 18:24:29	8,82	0,00	3,7	80,8	-5,5
1171	08.09.17 18:24:30	8,82	0,00	2,9	82,2	-4,9
1172	08.09.17 18:24:31	8,82	0,00	0,6	84,2	-5,2
1173	08.09.17 18:24:32	8,82	0,00	-2,4	81,3	-6,2
1174	08.09.17 18:24:33	8,82	0,00	-4,3	80,0	-5,7
1175	08.09.17 18:24:34	8,85	0,00	-4,7	78,6	-6,6
1176	08.09.17 18:24:35	8,85	0,00	-3,4	81,6	-5,0
1177	08.09.17 18:24:36	8,85	0,00	-1,5	82,2	-6,2
1178	08.09.17 18:24:37	8,85	0,00	1,3	84,1	-4,6
1179	08.09.17 18:24:38	8,85	0,00	2,5	82,3	-5,3
1180	08.09.17 18:24:39	8,85	0,00	3,7	82,1	-4,2
1181	08.09.17 18:24:40	8,85	0,00	4,7	80,7	-4,5
1182	08.09.17 18:24:41	8,85	0,00	4,2	81,6	-4,1
1183	08.09.17 18:24:42	8,85	0,00	4,3	81,2	-4,5
1184	08.09.17 18:24:43	8,89	0,00	3,6	82,6	-3,7
1185	08.09.17 18:24:44	8,89	0,00	3,0	82,5	-4,5
1186	08.09.17 18:24:45	8,89	0,00	3,4	82,2	-4,4
1187	08.09.17 18:24:46	8,89	0,00	1,5	84,1	-4,5
1188	08.09.17 18:24:47	8,89	0,00	-1,4	82,8	-5,8
1189	08.09.17 18:24:48	8,89	0,00	-3,2	82,0	-4,8
1190	08.09.17 18:24:49	8,92	0,00	-4,9	78,5	-6,6
1191	08.09.17 18:24:50	8,92	0,00	-6,4	77,8	-5,7
1192	08.09.17 18:24:51	8,92	0,00	-8,6	76,0	-5,3
1193	08.09.17 18:24:52	8,92	0,00	-7,9	76,8	-5,3
1194	08.09.17 18:24:53	8,92	0,00	-6,6	78,8	-4,7
1195	08.09.17 18:24:54	8,92	0,00	-5,3	80,1	-4,6
1196	08.09.17 18:24:55	8,96	0,00	-1,4	84,4	-4,2
1197	08.09.17 18:24:56	8,96	0,00	-1,1	83,1	-5,8
1198	08.09.17 18:24:57	8,96	0,00	0,3	85,2	-4,6
1199	08.09.17 18:24:58	8,96	0,00	1,0	85,0	-4,0
1200	08.09.17 18:24:59	8,96	0,00	0,0	86,0	-4,0
1201	08.09.17 18:25:00	8,99	0,00	0,9	84,9	-4,2
1202	08.09.17 18:25:01	8,99	0,00	-0,5	84,7	-4,8
1203	08.09.17 18:25:02	8,99	0,00	0,1	83,9	-6,0
1204	08.09.17 18:25:03	8,99	0,00	0,0	84,9	-5,1
1205	08.09.17 18:25:04	8,99	0,00	0,8	83,2	-6,0
1206	08.09.17 18:25:05	9,02	0,00	4,0	81,6	-4,4
1207	08.09.17 18:25:06	9,02	0,00	1,3	83,1	-5,5
1208	08.09.17 18:25:07	9,02	0,00	2,6	82,7	-4,7
1209	08.09.17 18:25:08	9,02	0,00	3,0	81,7	-5,4
1210	08.09.17 18:25:09	9,02	0,00	0,9	82,8	-6,3
1211	08.09.17 18:25:10	9,02	0,00	0,5	83,2	-6,3
1212	08.09.17 18:25:11	9,06	0,00	2,3	82,4	-5,3
1213	08.09.17 18:25:12	9,06	0,00	1,2	81,5	-7,3
1214	08.09.17 18:25:13	9,06	0,00	0,9	82,9	-6,2
1215	08.09.17 18:25:14	9,06	0,00	2,6	82,3	-5,1
1216	08.09.17 18:25:15	9,06	0,00	1,7	82,2	-6,1
1217	08.09.17 18:25:16	9,09	0,00	0,4	82,8	-6,8
1218	08.09.17 18:25:17	9,09	0,00	1,1	83,0	-5,9
1219	08.09.17 18:25:18	9,09	0,00	3,3	82,0	-4,7
1220	08.09.17 18:25:19	9,09	0,00	2,8	81,6	-5,6
1221	08.09.17 18:25:20	9,09	0,00	2,3	82,7	-5,0
1222	08.09.17 18:25:21	9,12	0,00	3,8	82,5	-3,6
1223	08.09.17 18:25:22	9,12	0,00	3,4	81,2	-5,4
1224	08.09.17 18:25:23	9,12	0,00	3,4	80,9	-5,7
1225	08.09.17 18:25:24	9,12	0,00	3,1	83,4	-3,5
1226	08.09.17 18:25:25	9,12	0,00	3,3	81,8	-4,9
1227	08.09.17 18:25:26	9,16	0,00	2,2	81,8	-6,0
1228	08.09.17 18:25:27	9,16	0,00	2,1	83,0	-4,9
1229	08.09.17 18:25:28	9,16	0,00	2,8	82,9	-4,2
1230	08.09.17 18:25:29	9,16	0,00	4,2	80,4	-5,4
1231	08.09.17 18:25:30	9,19	0,00	2,9	82,2	-4,9
1232	08.09.17 18:25:31	9,19	0,00	1,9	83,6	-4,5
1233	08.09.17 18:25:32	9,19	0,00	3,3	81,5	-5,2
1234	08.09.17 18:25:33	9,19	0,00	3,3	81,8	-4,8
1235	08.09.17 18:25:34	9,23	0,00	1,3	83,8	-4,9
1236	08.09.17 18:25:35	9,23	0,00	3,6	81,0	-5,4
1237	08.09.17 18:25:36	9,23	0,00	3,8	81,9	-4,3
1238	08.09.17 18:25:37	9,26	0,00	2,7	82,8	-4,5
1239	08.09.17 18:25:38	9,26	0,00	2,0	81,8	-6,2
1240	08.09.17 18:25:39	9,26	0,00	3,0	82,1	-4,8
1241	08.09.17 18:25:40	9,26	0,00	2,6	83,5	-3,9
1242	08.09.17 18:25:41	9,26	0,00	2,3	81,7	-6,0
1243	08.09.17 18:25:42	9,29	0,00	2,7	81,7	-5,6
1244	08.09.17 18:25:43	9,29	0,00	3,5	82,7	-3,7
1245	08.09.17 18:25:44	9,29	0,00	2,6	82,5	-4,8
1246	08.09.17 18:25:45	9,29	0,00	1,9	81,8	-6,3
1247	08.09.17 18:25:46	9,29	0,00	2,3	83,1	-4,6
1248	08.09.17 18:25:47	9,29	0,00	2,9	82,4	-4,7
1249	08.09.17 18:25:48	9,33	0,00	2,8	81,7	-5,5
1250	08.09.17 18:25:49	9,33	0,00	3,2	82,3	-4,5
1251	08.09.17 18:25:50	9,33	0,00	2,1	82,9	-5,0
1252	08.09.17 18:25:51	9,33	0,00	2,1	81,9	-6,0
1253	08.09.17 18:25:52	9,36	0,00	2,4	83,0	-4,6
1254	08.09.17 18:25:53	9,36	0,00	2,7	82,9	-4,4
1255	08.09.17 18:25:54	9,36	0,00	2,4	81,6	-6,0
1256	08.09.17 18:25:55	9,39	0,00	2,9	82,0	-5,1
1257	08.09.17 18:25:56	9,39	0,00	2,6	82,9	-4,5
1258	08.09.17 18:25:57	9,39	0,00	2,2	82,1	-5,7
1259	08.09.17 18:25:58	9,39	0,00	2,6	82,7	-4,7
1260	08.09.17 18:25:59	9,43	0,00	2,2	82,8	-5,0
1261	08.09.17 18:26:00	9,43	0,00	2,4	82,1	-5,5
1262	08.09.17 18:26:01	9,43	0,00	2,3	82,5	-5,2
1263	08.09.17 18:26:02	9,43	0,00	2,6	82,2	-5,2
1264	08.09.17 18:26:03	9,46	0,00	2,6	82,2	-5,2
1265	08.09.17 18:26:04	9,46	0,00	2,6	82,5	-5,0
1266	08.09.17 18:26:05	9,46	0,00	2,5	82,4	-5,0
1267	08.09.17 18:26:06	9,46	0,00	1,9	82,2	-5,9
1268	08.09.17 18:26:07	9,49	0,00	2,3	82,8	-5,0
1269	08.09.17 18:26:08	9,49	0,00	2,4	82,7	-4,9
1270	08.09.17 18:26:09	9,49	0,00	2,5	82,2	-5,2
1271	08.09.17 18:26:10	9,53	0,00	2,8	81,5	-5,7
1272	08.09.17 18:26:11	9,53	0,00	2,8	82,3	-4,9
1273	08.09.17 18:26:12	9,53	0,00	1,9	83,3	-4,8
1274	08.09.17 18:26:13	9,53	0,00	1,9	81,9	-6,2
1275	08.09.17 18:26:14	9,56	0,00	2,3	82,4	-5,4
1276	08.09.17 18:26:15	9,56	0,00	2,8	83,2	-4,0
1277	08.09.17 18:26:16	9,56	0,00	2,7	81,5	-5,8
1278	08.09.17 18:26:17	9,56	0,00	2,2	82,1	-5,7
1279	08.09.17 18:26:18	9,59	0,00	2,6	82,9	-4,6
1280	08.09.17 18:26:19	9,59	0,00	1,7	82,7	-5,6
1281	08.09.17 18:26:20	9,59	0,00	2,9	81,8	-5,3
1282	08.09.17 18:26:21	9,59	0,00	1,9	83,1	-5,0
1283	08.09.17 18:26:22	9,63	0,00	2,6	81,6	-5,8
1284	08.09.17 18:26:23	9,63	0,00	2,9	82,4	-4,7
1285	08.09.17 18:26:24	9,63	0,00	2,1	82,8	-5,0
1286	08.09.17 18:26:25	9,66	0,00	2,3	81,9	-5,8
1287	08.09.17 18:26:26	9,66	0,00	2,3	82,5	-5,2
1288	08.09.17 18:26:27	9,66	0,00	2,2	82,8	-5,0
1289	08.09.17 18:26:28	9,70	0,00	1,8	82,5	-5,7
1290	08.09.17 18:26:29	9,70	0,00	3,1	81,3	-5,6
1291	08.09.17 18:26:30	9,70	0,00	2,0	83,7	-4,3
1292	08.09.17 18:26:31	9,70	0,00	2,7	81,5	-5,8
1293	08.09.17 18:26:32	9,73	0,00	2,2	82,0	-5,8
1294	08.09.17 18:26:33	9,73	0,00	2,0	84,0	-4,0
1295	08.09.17 18:26:34	9,73	0,00	2,5	81,8	-5,7
1296	08.09.17 18:26:35	9,73	0,00	2,1	81,0	-6,9
1297	08.09.17 18:26:36	9,76	0,00	2,5	84,0	-3,5
1298	08.09.17 18:26:37	9,76	0,00	2,5	83,0	-4,6
1299	08.09.17 18:26:38	9,76	0,00	1,7	81,0	-7,3
1300	08.09.17 18:26:39	9,80	0,00	2,4	82,7	-4,9
1301	08.09.17 18:26:40	9,80	0,00	2,6	83,4	-3,9
1302	08.09.17 18:26:41	9,80	0,00	1,5	82,0	-6,5
1303	08.09.17 18:26:42	9,80	0,00	2,5	81,5	-6,0
1304	08.09.17 18:26:43	9,80	0,00	2,3	84,0	-3,7
1305	08.09.17 18:26:44	9,83	0,00	2,2	82,0	-5,8
1306	08.09.17 18:26:45	9,83	0,00	2,4	81,2	-6,3
1307	08.09.17 18:26:46	9,83	0,00	2,3	83,0	-4,7
1308	08.09.17 18:26:47	9,83	0,00	1,5	83,6	-4,9
1309	08.09.17 18:26:48	9,86	0,00	1,4	82,3	-6,3
1310	08.09.17 18:26:49	9,86	0,00	2,4	82,8	-4,7
1311	08.09.17 18:26:50	9,86	0,00	2,4	82,1	-5,5
1312	08.09.17 18:26:51	9,86	0,00	2,5	81,8	-5,7
1313	08.09.17 18:26:52	9,90	0,00	2,4	83,0	-4,6
1314	08.09.17 18:26:53	9,90	0,00	1,5	83,3	-5,2
1315	08.09.17 18:26:54	9,90	0,00	1,8	81,9	-6,3
1316	08.09.17 18:26:55	9,93	0,00	2,7	81,8	-5,5
1317	08.09.17 18:26:56	9,93	0,00	2,0	83,8	-4,2
1318	08.09.17 18:26:57	9,93	0,00	2,2	82,0	-5,8
1319	08.09.17 18:26:58	9,93	0,00	2,7	81,3	-5,9
1320	08.09.17 18:26:59	9,96	0,00	2,2	82,9	-4,9
1321	08.09.17 18:27:00	9,96	0,00	1,6	82,9	-5,5
1322	08.09.17 18:27:01	9,96	0,00	2,0	82,6	-5,4
1323	08.09.17 18:27:02	9,99	0,00	2,8	81,9	-5,3
1324	08.09.17 18:27:03	9,99	0,00	2,2	81,9	-5,9
1325	08.09.17 18:27:04	9,99	0,00	1,7	84,0	-4,3
1326	08.09.17 18:27:05	9,99	0,00	2,3	82,1	-5,6
1327	08.09.17 18:27:06	9,99	0,00	2,3	81,7	-6,0
1328	08.09.17 18:27:07	10,03	0,00	1,8	83,3	-4,9
1329	08.09.17 18:27:08	10,03	0,00	2,3	82,3	-5,5
1330	08.09.17 18:27:09	10,03	0,00	2,1	82,1	-5,8
1331	08.09.17 18:27:10	10,06	0,00	2,1	83,0	-4,9
1332	08.09.17 18:27:11	10,06	0,00	2,4	82,1	-5,5
1333	08.09.17 18:27:12	10,06	0,00	2,1	81,8	-6,1
1334	08.09.17 18:27:13	10,06	0,00	1,9	83,0	-5,1
1335	08.09.17 18:27:14	10,09	0,00	2,0	83,5	-4,6
1336	08.09.17 18:27:15	10,09	0,00	2,1	82,1	-5,8
1337	08.09.17 18:27:16	10,09	0,00	2,0	81,6	-6,4
1338	08.09.17 18:27:17	10,13	0,00	2,5	82,9	-4,6
1339	08.09.17 18:27:18	10,13	0,00	2,3	83,1	-4,6
1340	08.09.17 18:27:19	10,13	0,00	1,4	81,8	-6,8
1341	08.09.17 18:27:20	10,13	0,00	2,3	82,4	-5,4
1342	08.09.17 18:27:21	10,16	0,00	2,2	83,1	-4,6
1343	08.09.17 18:27:22	10,16	0,00	2,2	81,5	-6,3
1344	08.09.17 18:27:23	10,16	0,00	2,7	82,4	-4,9
1345	08.09.17 18:27:24	10,19	0,00	2,1	83,2	-4,7
1346	08.09.17 18:27:25	10,19	0,00	1,6	81,2	-7,2
1347	08.09.17 18:27:26	10,19	0,00	2,0	83,0	-5,0
1348	08.09.17 18:27:27	10,19	0,00	2,2	83,8	-4,0
1349	08.09.17 18:27:28	10,23	0,00	2,6	80,6	-6,8
1350	08.09.17 18:27:29	10,23	0,00	2,2	81,5	-6,3
1351	08.09.17 18:27:30	10,23	0,00	1,7	84,7	-3,6
1352	08.09.17 18:27:31	10,23	0,00	2,2	82,5	-5,3
1353	08.09.17 18:27:32	10,26	0,00	2,0	80,7	-7,4
1354	08.09.17 18:27:33	10,26	0,00	2,4	82,9	-4,7
1355	08.09.17 18:27:34	10,26	0,00	2,4	83,6	-4,1
1356	08.09.17 18:27:35	10,26	0,00	2,1	81,5	-6,4
1357	08.09.17 18:27:36	10,29	0,00	2,0	81,6	-6,4
1358	08.09.17 18:27:37	10,29	0,00	2,2	83,5	-4,3
1359	08.09.17 18:27:38	10,29	0,00	2,3	82,3	-5,3
1360	08.09.17 18:27:39	10,33	0,00	2,1	81,6	-6,3
1361	08.09.17 18:27:40	10,33	0,00	2,2	82,4	-5,5
1362	08.09.17 18:27:41	10,33	0,00	2,4	82,8	-4,8
1363	08.09.17 18:27:42	10,33	0,00	1,7	83,1	-5,2
1364	08.09.17 18:27:43	10,33	0,00	1,9	81,9	-6,3
1365	08.09.17 18:27:44	10,36	0,00	2,7	81,7	-5,6
1366	08.09.17 18:27:45	10,36	0,00	2,1	83,3	-4,6
1367	08.09.17 18:27:46	10,36	0,00	2,4	81,8	-5,8
1368	08.09.17 18:27:47	10,36	0,00	2,7	81,4	-5,8
1369	08.09.17 18:27:48	10,39	0,00	1,9	83,0	-5,1
1370	08.09.17 18:27:49	10,39	0,00	1,3	83,7	-5,0
1371	08.09.17 18:27:50	10,39	0,00	2,3	81,5	-6,2
1372	08.09.17 18:27:51	10,39	0,00	2,8	81,1	-6,2
1373	08.09.17 18:27:52	10,43	0,00	1,9	83,6	-4,5
1374	08.09.17 18:27:53	10,43	0,00	2,1	83,3	-4,6
1375	08.09.17 18:27:54	10,43	0,00	2,2	81,0	-6,8
1376	08.09.17 18:27:55	10,43	0,00	2,2	81,4	-6,3
1377	08.09.17 18:27:56	10,46	0,00	1,8	84,7	-3,5
1378	08.09.17 18:27:57	10,46	0,00	2,2	82,5	-5,3
1379	08.09.17 18:27:58	10,46	0,00	2,5	79,9	-7,7
1380	08.09.17 18:27:59	10,46	0,00	2,0	82,6	-5,4
1381	08.09.17 18:28:00	10,49	0,00	1,8	85,2	-3,0
1382	08.09.17 18:28:01	10,49	0,00	2,4	81,4	-6,2
1383	08.09.17 18:28:02	10,49	0,00	2,4	80,2	-7,5
1384	08.09.17 18:28:03	10,52	0,00	2,0	83,3	-4,7
1385	08.09.17 18:28:04	10,52	0,00	2,0	83,9	-4,2
1386	08.09.17 18:28:05	10,52	0,00	2,0	81,8	-6,3
1387	08.09.17 18:28:06	10,52	0,00	2,9	80,9	-6,2
1388	08.09.17 18:28:07	10,52	0,00	2,1	83,0	-4,9
1389	08.09.17 18:28:08	10,56	0,00	1,5	83,3	-5,3
1390	08.09.17 18:28:09	10,56	0,00	2,3	82,4	-5,3
1391	08.09.17 18:28:10	10,56	0,00	2,2	81,9	-5,9
1392	08.09.17 18:28:11	10,59	0,00	2,9	80,9	-6,3
1393	08.09.17 18:28:12	10,59	0,00	2,0	83,4	-4,6
1394	08.09.17 18:28:13	10,59	0,00	2,0	83,7	-4,3
1395	08.09.17 18:28:14	10,59	0,00	2,7	80,4	-6,9
1396	08.09.17 18:28:15	10,62	0,00	2,6	81,3	-6,1
1397	08.09.17 18:28:16	10,62	0,00	2,5	83,7	-3,8
1398	08.09.17 18:28:17	10,62	0,00	2,1	82,2	-5,8
1399	08.09.17 18:28:18	10,62	0,00	1,8	81,7	-6,5
1400	08.09.17 18:28:19	10,66	0,00	2,2	82,7	-5,0
1401	08.09.17 18:28:20	10,66	0,00	2,8	81,8	-5,3
1402	08.09.17 18:28:21	10,66	0,00	3,0	81,7	-5,3
1403	08.09.17 18:28:22	10,66	0,00	2,2	82,6	-5,2
1404	08.09.17 18:28:23	10,69	0,00	1,4	82,1	-6,5
1405	08.09.17 18:28:24	10,69	0,00	2,1	82,5	-5,4
1406	08.09.17 18:28:25	10,69	0,00	2,4	82,9	-4,7
1407	08.09.17 18:28:26	10,69	0,00	2,2	82,3	-5,6
1408	08.09.17 18:28:27	10,72	0,00	2,8	80,7	-6,5
1409	08.09.17 18:28:28	10,72	0,00	2,1	82,5	-5,4
1410	08.09.17 18:28:29	10,72	0,00	1,9	83,4	-4,7
1411	08.09.17 18:28:30	10,72	0,00	2,3	82,3	-5,4
1412	08.09.17 18:28:31	10,75	0,00	1,9	81,4	-6,6
1413	08.09.17 18:28:32	10,75	0,00	2,6	81,8	-5,6
1414	08.09.17 18:28:33	10,75	0,00	1,5	84,2	-4,3
1415	08.09.17 18:28:34	10,79	0,00	2,5	81,6	-5,9
1416	08.09.17 18:28:35	10,79	0,00	3,1	80,8	-6,1
1417	08.09.17 18:28:36	10,79	0,00	1,7	83,1	-5,2
1418	08.09.17 18:28:37	10,79	0,00	1,9	83,5	-4,6
1419	08.09.17 18:28:38	10,79	0,00	2,1	81,2	-6,6
1420	08.09.17 18:28:39	10,82	0,00	2,1	81,5	-6,3
1421	08.09.17 18:28:40	10,82	0,00	2,3	83,7	-4,0
1422	08.09.17 18:28:41	10,82	0,00	2,3	82,7	-5,0
1423	08.09.17 18:28:42	10,85	0,00	2,4	80,7	-6,9
1424	08.09.17 18:28:43	10,85	0,00	2,1	82,1	-5,7
1425	08.09.17 18:28:44	10,85	0,00	1,9	83,4	-4,7
1426	08.09.17 18:28:45	10,85	0,00	1,9	82,9	-5,1
1427	08.09.17 18:28:46	10,85	0,00	2,8	80,8	-6,4
1428	08.09.17 18:28:47	10,85	0,00	2,0	81,5	-6,5
1429	08.09.17 18:28:48	10,89	0,00	1,6	84,1	-4,3
1430	08.09.17 18:28:49	10,89	0,00	2,5	82,3	-5,2
1431	08.09.17 18:28:50	10,89	0,00	3,0	80,3	-6,7
1432	08.09.17 18:28:51	10,89	0,00	1,6	82,6	-5,8
1433	08.09.17 18:28:52	10,92	0,00	1,7	84,1	-4,2
1434	08.09.17 18:28:53	10,92	0,00	2,3	81,3	-6,5
1435	08.09.17 18:28:54	10,92	0,00	2,4	81,3	-6,2
1436	08.09.17 18:28:55	10,92	0,00	2,0	83,2	-4,8
1437	08.09.17 18:28:56	10,95	0,00	2,4	82,5	-5,2
1438	08.09.17 18:28:57	10,95	0,00	2,5	81,2	-6,2
1439	08.09.17 18:28:58	10,95	0,00	1,7	82,6	-5,7
1440	08.09.17 18:28:59	10,95	0,00	1,8	83,4	-4,9
1441	08.09.17 18:29:00	10,98	0,00	2,3	81,6	-6,1
1442	08.09.17 18:29:01	10,98	0,00	2,1	81,8	-6,0
1443	08.09.17 18:29:02	10,98	0,00	1,7	83,4	-4,9
1444	08.09.17 18:29:03	10,98	0,00	2,8	81,5	-5,8
1445	08.09.17 18:29:04	11,02	0,00	2,9	81,2	-5,9
1446	08.09.17 18:29:05	11,02	0,00	2,2	82,9	-4,9
1447	08.09.17 18:29:06	11,02	0,00	1,8	82,6	-5,6
1448	08.09.17 18:29:07	11,02	0,00	1,8	81,9	-6,3
1449	08.09.17 18:29:08	11,05	0,00	2,3	81,9	-5,8
1450	08.09.17 18:29:09	11,05	0,00	2,5	82,7	-4,8
1451	08.09.17 18:29:10	11,05	0,00	3,1	81,8	-5,0
1452	08.09.17 18:29:11	11,05	0,00	2,6	81,1	-6,3
1453	08.09.17 18:29:12	11,08	0,00	2,0	82,6	-5,5
1454	08.09.17 18:29:13	11,08	0,00	1,7	83,3	-5,0
1455	08.09.17 18:29:14	11,08	0,00	2,0	81,5	-6,5
1456	08.09.17 18:29:15	11,08	0,00	2,7	81,5	-5,9
1457	08.09.17 18:29:16	11,11	0,00	2,3	83,2	-4,5
1458	08.09.17 18:29:17	11,11	0,00	2,8	81,6	-5,6
1459	08.09.17 18:29:18	11,11	0,00	2,1	81,4	-6,5
1460	08.09.17 18:29:19	11,11	0,00	1,7	82,6	-5,7
1461	08.09.17 18:29:20	11,11	0,00	1,8	83,3	-4,9
1462	08.09.17 18:29:21	11,15	0,00	2,2	82,0	-5,8
1463	08.09.17 18:29:22	11,15	0,00	2,1	82,0	-5,9
1464	08.09.17 18:29:23	11,15	0,00	2,7	81,6	-5,8
1465	08.09.17 18:29:24	11,18	0,00	2,0	82,6	-5,4
1466	08.09.17 18:29:25	11,18	0,00	1,9	82,5	-5,6
1467	08.09.17 18:29:26	11,18	0,00	1,8	81,6	-6,6
1468	08.09.17 18:29:27	11,18	0,00	1,6	82,8	-5,5
1469	08.09.17 18:29:28	11,21	0,00	2,0	83,4	-4,6
1470	08.09.17 18:29:29	11,21	0,00	2,3	81,1	-6,6
1471	08.09.17 18:29:30	11,21	0,00	2,6	80,9	-6,4
1472	08.09.17 18:29:31	11,21	0,00	2,0	83,5	-4,4
1473	08.09.17 18:29:32	11,24	0,00	1,2	83,6	-5,2
1474	08.09.17 18:29:33	11,24	0,00	2,1	80,8	-7,1
1475	08.09.17 18:29:34	11,24	0,00	2,5	81,7	-5,8
1476	08.09.17 18:29:35	11,24	0,00	1,9	83,6	-4,5
1477	08.09.17 18:29:36	11,24	0,00	1,5	82,5	-6,0
1478	08.09.17 18:29:37	11,28	0,00	2,3	81,2	-6,5
1479	08.09.17 18:29:38	11,28	0,00	2,5	82,7	-4,8
1480	08.09.17 18:29:39	11,28	0,00	1,5	82,7	-5,8
1481	08.09.17 18:29:40	11,28	0,00	2,0	81,7	-6,3
1482	08.09.17 18:29:41	11,31	0,00	1,3	83,4	-5,3
1483	08.09.17 18:29:42	11,31	0,00	1,9	82,2	-5,9
1484	08.09.17 18:29:43	11,31	0,00	2,3	81,6	-6,1
1485	08.09.17 18:29:44	11,31	0,00	2,1	82,7	-5,2
1486	08.09.17 18:29:45	11,31	0,00	2,1	82,5	-5,4
1487	08.09.17 18:29:46	11,34	0,00	2,1	81,4	-6,5
1488	08.09.17 18:29:47	11,34	0,00	1,7	82,2	-6,1
1489	08.09.17 18:29:48	11,34	0,00	1,9	83,4	-4,7
1490	08.09.17 18:29:49	11,34	0,00	2,1	82,4	-5,6
1491	08.09.17 18:29:50	11,37	0,00	2,4	80,5	-7,1
1492	08.09.17 18:29:51	11,37	0,00	2,1	81,7	-6,3
1493	08.09.17 18:29:52	11,37	0,00	1,8	81,8	-6,3
1494	08.09.17 18:29:53	11,37	0,00	1,5	79,7	-8,9
1495	08.09.17 18:29:54	11,37	0,00	2,0	78,7	-9,3
1496	08.09.17 18:29:55	11,37	0,00	0,7	82,6	-6,6
1497	08.09.17 18:29:56	11,41	0,00	1,9	80,8	-7,3
1498	08.09.17 18:29:57	11,41	0,00	3,7	77,8	-8,5
1499	08.09.17 18:29:58	11,41	0,00	3,6	79,3	-7,1
1500	08.09.17 18:29:59	11,41	0,00	5,1	79,7	-5,3
1501	08.09.17 18:30:00	11,41	0,00	6,7	76,1	-7,2
1502	08.09.17 18:30:01	11,44	0,00	5,9	77,5	-6,5
1503	08.09.17 18:30:02	11,44	0,00	7,0	77,9	-5,1
1504	08.09.17 18:30:03	11,44	0,00	7,7	76,0	-6,3
1505	08.09.17 18:30:04	11,44	0,00	7,8	76,1	-6,0
1506	08.09.17 18:30:05	11,44	0,00	9,1	76,0	-4,9
1507	08.09.17 18:30:06	11,47	0,00	7,5	76,9	-5,6
1508	08.09.17 18:30:07	11,47	0,00	8,4	76,2	-5,5
1509	08.09.17 18:30:08	11,47	0,00	8,3	76,3	-5,4
1510	08.09.17 18:30:09	11,47	0,00	8,1	76,6	-5,3
1511	08.09.17 18:30:10	11,50	0,00	9,6	75,3	-5,1
1512	08.09.17 18:30:11	11,50	0,00	8,6	75,7	-5,6
1513	08.09.17 18:30:12	11,50	0,00	9,7	75,1	-5,2
1514	08.09.17 18:30:13	11,54	0,00	10,2	74,8	-5,0
1515	08.09.17 18:30:14	11,54	0,00	8,8	76,1	-5,1
1516	08.09.17 18:30:15	11,54	0,00	8,8	76,0	-5,2
1517	08.09.17 18:30:16	11,57	0,00	8,8	75,6	-5,6
1518	08.09.17 18:30:17	11,57	0,00	8,2	76,7	-5,1
1519	08.09.17 18:30:18	11,60	0,00	6,8	78,7	-4,5
1520	08.09.17 18:30:19	11,60	0,00	5,9	78,8	-5,3
1521	08.09.17 18:30:20	11,60	0,00	5,7	78,5	-5,8
1522	08.09.17 18:30:21	11,60	0,00	6,0	78,8	-5,2
1523	08.09.17 18:30:22	11,63	0,00	5,5	80,0	-4,4
1524	08.09.17 18:30:23	11,63	0,00	3,9	80,4	-5,7
1525	08.09.17 18:30:24	11,63	0,00	1,4	82,5	-6,1
1526	08.09.17 18:30:25	11,63	0,00	0,1	83,6	-6,4
1527	08.09.17 18:30:26	11,63	0,00	-0,1	83,6	-6,2
1528	08.09.17 18:30:27	11,67	0,00	-0,4	83,1	-6,4
1529	08.09.17 18:30:28	11,67	0,00	-0,6	83,1	-6,3
1530	08.09.17 18:30:29	11,70	0,00	-1,9	81,6	-6,5
1531	08.09.17 18:30:30	11,73	0,00	-0,7	82,9	-6,4
1532	08.09.17 18:30:31	11,73	0,00	-1,1	82,9	-6,0
1533	08.09.17 18:30:32	11,76	0,00	-0,3	83,6	-6,1
1534	08.09.17 18:30:33	11,76	0,00	0,0	83,9	-6,1
1535	08.09.17 18:30:34	11,80	0,00	1,3	82,8	-5,9
1536	08.09.17 18:30:35	11,83	0,00	3,0	81,6	-5,4
1537	08.09.17 18:30:36	11,83	0,00	3,1	82,3	-4,7
1538	08.09.17 18:30:37	11,83	0,00	3,4	81,5	-5,0
1539	08.09.17 18:30:38	11,86	0,00	4,1	80,8	-5,1
1540	08.09.17 18:30:39	11,86	0,00	4,1	81,2	-4,7
1541	08.09.17 18:30:40	11,86	0,00	4,1	81,2	-4,8
1542	08.09.17 18:30:41	11,86	0,00	3,9	81,0	-5,1
1543	08.09.17 18:30:42	11,89	0,00	3,6	81,0	-5,4
1544	08.09.17 18:30:43	11,89	0,00	2,6	82,7	-4,7
1545	08.09.17 18:30:44	11,89	0,00	2,8	81,9	-5,2
1546	08.09.17 18:30:45	11,89	0,00	2,4	82,0	-5,6
1547	08.09.17 18:30:46	11,89	0,00	1,1	83,8	-5,1
1548	08.09.17 18:30:47	11,89	0,00	1,1	83,6	-5,4
1549	08.09.17 18:30:48	11,89	0,00	1,5	83,0	-5,5
1550	08.09.17 18:30:49	11,89	0,00	2,0	82,7	-5,3
1551	08.09.17 18:30:50	11,89	0,00	2,2	82,6	-5,3
1552	08.09.17 18:30:51	11,92	0,00	2,2	82,6	-5,1
1553	08.09.17 18:30:52	11,92	0,00	1,9	82,9	-5,2
1554	08.09.17 18:30:53	11,92	0,00	2,1	82,2	-5,7
1555	08.09.17 18:30:54	11,92	0,00	1,5	83,4	-5,1
1556	08.09.17 18:30:55	11,92	0,00	0,5	84,3	-5,2
1557	08.09.17 18:30:56	11,96	0,00	0,5	83,5	-6,0
1558	08.09.17 18:30:57	11,96	0,00	1,5	83,2	-5,3
1559	08.09.17 18:30:58	11,96	0,00	2,2	82,9	-4,9
1560	08.09.17 18:30:59	11,99	0,00	2,7	82,4	-5,0
1561	08.09.17 18:31:00	11,99	0,00	3,4	81,7	-4,9
1562	08.09.17 18:31:01	12,02	0,00	3,3	81,8	-4,9
1563	08.09.17 18:31:02	12,02	0,00	2,9	81,8	-5,3
1564	08.09.17 18:31:03	12,02	0,00	1,7	83,4	-4,9
1565	08.09.17 18:31:04	12,02	0,00	1,9	83,0	-5,2
1566	08.09.17 18:31:05	12,02	0,00	2,0	82,0	-6,0
1567	08.09.17 18:31:06	12,05	0,00	1,7	83,3	-5,0
1568	08.09.17 18:31:07	12,05	0,00	2,6	82,7	-4,7
1569	08.09.17 18:31:08	12,09	0,00	2,6	81,7	-5,7
1570	08.09.17 18:31:09	12,09	0,00	2,6	82,3	-5,1
1571	08.09.17 18:31:10	12,09	0,00	2,0	83,0	-5,1
1572	08.09.17 18:31:11	12,09	0,00	2,5	82,0	-5,5
1573	08.09.17 18:31:12	12,12	0,00	1,9	82,9	-5,2
1574	08.09.17 18:31:13	12,12	0,00	3,0	81,8	-5,2
1575	08.09.17 18:31:14	12,15	0,00	2,5	82,5	-5,0
1576	08.09.17 18:31:15	12,15	0,00	2,2	82,9	-4,9
1577	08.09.17 18:31:16	12,15	0,00	2,0	82,9	-5,1
1578	08.09.17 18:31:17	12,15	0,00	3,1	81,3	-5,6
1579	08.09.17 18:31:18	12,15	0,00	2,8	82,5	-4,7
1580	08.09.17 18:31:19	12,15	0,00	3,0	82,3	-4,7
1581	08.09.17 18:31:20	12,15	0,00	3,2	81,2	-5,6
1582	08.09.17 18:31:21	12,18	0,00	3,6	81,2	-5,2
1583	08.09.17 18:31:22	12,18	0,00	3,2	82,4	-4,4
1584	08.09.17 18:31:23	12,18	0,00	2,7	82,2	-5,1
1585	08.09.17 18:31:24	12,21	0,00	2,7	81,8	-5,5
1586	08.09.17 18:31:25	12,21	0,00	2,2	82,9	-4,8
1587	08.09.17 18:31:26	12,21	0,00	0,5	84,2	-5,3
1588	08.09.17 18:31:27	12,21	0,00	0,8	83,1	-6,1
1589	08.09.17 18:31:28	12,25	0,00	2,4	82,2	-5,4
1590	08.09.17 18:31:29	12,25	0,00	2,6	82,5	-4,9
1591	08.09.17 18:31:30	12,25	0,00	2,8	82,3	-4,9
1592	08.09.17 18:31:31	12,25	0,00	4,5	80,5	-5,0
1593	08.09.17 18:31:32	12,25	0,00	4,9	80,8	-4,3
1594	08.09.17 18:31:33	12,28	0,00	3,8	81,2	-5,0
1595	08.09.17 18:31:34	12,28	0,00	5,0	80,5	-4,6
1596	08.09.17 18:31:35	12,28	0,00	5,2	80,5	-4,3
1597	08.09.17 18:31:36	12,28	0,00	5,1	80,1	-4,8
1598	08.09.17 18:31:37	12,28	0,00	3,4	82,0	-4,6
1599	08.09.17 18:31:38	12,28	0,00	1,7	82,9	-5,4
1600	08.09.17 18:31:39	12,28	0,00	2,0	82,5	-5,6
1601	08.09.17 18:31:40	12,31	0,00	1,5	83,2	-5,2
1602	08.09.17 18:31:41	12,31	0,00	1,1	83,3	-5,5
1603	08.09.17 18:31:42	12,31	0,00	1,1	83,5	-5,3
1604	08.09.17 18:31:43	12,34	0,00	1,2	83,6	-5,2
1605	08.09.17 18:31:44	12,34	0,00	-0,1	84,1	-5,8
1606	08.09.17 18:31:45	12,37	0,00	0,3	83,9	-5,8
1607	08.09.17 18:31:46	12,41	0,00	2,2	82,4	-5,4
1608	08.09.17 18:31:47	12,41	0,00	3,5	81,9	-4,6
1609	08.09.17 18:31:48	12,41	0,00	3,0	82,2	-4,8
1610	08.09.17 18:31:49	12,44	0,00	3,2	81,5	-5,3
1611	08.09.17 18:31:50	12,44	0,00	2,6	82,1	-5,3
1612	08.09.17 18:31:51	12,47	0,00	1,7	83,4	-4,9
1613	08.09.17 18:31:52	12,47	0,00	2,1	82,9	-5,0
1614	08.09.17 18:31:53	12,50	0,00	3,2	81,4	-5,4
1615	08.09.17 18:31:54	12,50	0,00	3,8	81,7	-4,5
1616	08.09.17 18:31:55	12,50	0,00	4,0	81,0	-5,0
1617	08.09.17 18:31:56	12,50	0,00	3,9	81,7	-4,4
1618	08.09.17 18:31:57	12,50	0,00	3,5	81,6	-4,8
1619	08.09.17 18:31:58	12,50	0,00	3,7	81,3	-5,0
1620	08.09.17 18:31:59	12,50	0,00	3,4	81,5	-5,0
1621	08.09.17 18:32:00	12,53	0,00	3,3	82,1	-4,6
1622	08.09.17 18:32:01	12,53	0,00	3,1	81,8	-5,1
1623	08.09.17 18:32:02	12,53	0,00	2,9	81,3	-5,8
1624	08.09.17 18:32:03	12,53	0,00	2,2	82,9	-4,8
1625	08.09.17 18:32:04	12,53	0,00	1,5	83,2	-5,3
1626	08.09.17 18:32:05	12,53	0,00	1,1	83,0	-5,9
1627	08.09.17 18:32:06	12,53	0,00	0,7	83,9	-5,4
1628	08.09.17 18:32:07	12,57	0,00	0,6	84,0	-5,4
1629	08.09.17 18:32:08	12,57	0,00	0,3	83,7	-6,0
1630	08.09.17 18:32:09	12,60	0,00	1,6	82,6	-5,8
1631	08.09.17 18:32:10	12,60	0,00	2,6	82,9	-4,6
1632	08.09.17 18:32:11	12,63	0,00	2,6	81,9	-5,5
1633	08.09.17 18:32:12	12,63	0,00	2,2	82,3	-5,5
1634	08.09.17 18:32:13	12,66	0,00	2,6	83,0	-4,4
1635	08.09.17 18:32:14	12,66	0,00	2,5	82,2	-5,3
1636	08.09.17 18:32:15	12,69	0,00	2,2	82,3	-5,4
1637	08.09.17 18:32:16	12,69	0,00	2,4	82,9	-4,7
1638	08.09.17 18:32:17	12,73	0,00	3,1	81,7	-5,2
1639	08.09.17 18:32:18	12,73	0,00	2,2	82,1	-5,7
1640	08.09.17 18:32:19	12,73	0,00	1,7	83,0	-5,3
1641	08.09.17 18:32:20	12,73	0,00	0,8	84,3	-4,9
1642	08.09.17 18:32:21	12,73	0,00	2,3	82,0	-5,8
1643	08.09.17 18:32:22	12,73	0,00	4,3	80,5	-5,2
1644	08.09.17 18:32:23	12,73	0,00	5,1	80,9	-3,9
1645	08.09.17 18:32:24	12,76	0,00	5,2	80,4	-4,5
1646	08.09.17 18:32:25	12,76	0,00	5,5	80,0	-4,6
1647	08.09.17 18:32:26	12,76	0,00	4,1	80,9	-5,0
1648	08.09.17 18:32:27	12,76	0,00	3,3	82,1	-4,5
1649	08.09.17 18:32:28	12,76	0,00	1,7	82,7	-5,6
1650	08.09.17 18:32:29	12,76	0,00	1,0	83,5	-5,6
1651	08.09.17 18:32:30	12,76	0,00	0,0	84,1	-5,9
1652	08.09.17 18:32:31	12,76	0,00	1,5	82,9	-5,6
1653	08.09.17 18:32:32	12,79	0,00	1,3	83,4	-5,3
1654	08.09.17 18:32:33	12,79	0,00	2,1	83,0	-5,0
1655	08.09.17 18:32:34	12,79	0,00	3,1	81,7	-5,2
1656	08.09.17 18:32:35	12,79	0,00	3,4	80,9	-5,7
1657	08.09.17 18:32:36	12,79	0,00	2,1	83,4	-4,5
1658	08.09.17 18:32:37	12,79	0,00	1,2	83,5	-5,3
1659	08.09.17 18:32:38	12,79	0,00	1,4	82,4	-6,2
1660	08.09.17 18:32:39	12,79	0,00	1,8	82,7	-5,6
1661	08.09.17 18:32:40	12,79	0,00	0,7	84,6	-4,7
1662	08.09.17 18:32:41	12,79	0,00	1,3	82,2	-6,4
1663	08.09.17 18:32:42	12,82	0,00	2,6	81,7	-5,7
1664	08.09.17 18:32:43	12,82	0,00	1,9	84,0	-4,1
1665	08.09.17 18:32:44	12,82	0,00	2,5	82,1	-5,4
1666	08.09.17 18:32:45	12,85	0,00	3,8	80,8	-5,5
1667	08.09.17 18:32:46	12,85	0,00	3,4	81,7	-4,9
1668	08.09.17 18:32:47	12,85	0,00	3,6	82,0	-4,5
1669	08.09.17 18:32:48	12,88	0,00	4,1	81,0	-4,8
1670	08.09.17 18:32:49	12,88	0,00	4,1	80,9	-5,1
1671	08.09.17 18:32:50	12,88	0,00	4,0	81,1	-4,9
1672	08.09.17 18:32:51	12,88	0,00	4,3	81,0	-4,7
1673	08.09.17 18:32:52	12,88	0,00	4,2	81,0	-4,8
1674	08.09.17 18:32:53	12,88	0,00	2,2	82,9	-4,9
1675	08.09.17 18:32:54	12,92	0,00	2,2	82,2	-5,7
1676	08.09.17 18:32:55	12,92	0,00	1,9	82,7	-5,5
1677	08.09.17 18:32:56	12,92	0,00	1,5	83,3	-5,2
1678	08.09.17 18:32:57	12,92	0,00	1,2	83,1	-5,7
1679	08.09.17 18:32:58	12,92	0,00	2,0	82,3	-5,8
1680	08.09.17 18:32:59	12,92	0,00	0,8	83,9	-5,3
1681	08.09.17 18:33:00	12,92	0,00	0,9	83,6	-5,5
1682	08.09.17 18:33:01	12,92	0,00	1,6	82,4	-6,0
1683	08.09.17 18:33:02	12,92	0,00	2,0	82,6	-5,4
1684	08.09.17 18:33:03	12,92	0,00	1,9	83,4	-4,7
1685	08.09.17 18:33:04	12,92	0,00	3,2	81,5	-5,2
1686	08.09.17 18:33:05	12,92	0,00	3,0	81,3	-5,7
1687	08.09.17 18:33:06	12,95	0,00	2,5	82,5	-5,0
1688	08.09.17 18:33:07	12,95	0,00	1,6	83,7	-4,7
1689	08.09.17 18:33:08	12,95	0,00	1,3	82,7	-6,0
1690	08.09.17 18:33:09	12,95	0,00	0,8	83,3	-5,9
1691	08.09.17 18:33:10	12,98	0,00	1,6	83,2	-5,1
1692	08.09.17 18:33:11	12,98	0,00	2,9	81,1	-6,0
1693	08.09.17 18:33:12	12,98	0,00	3,1	82,8	-4,1
1694	08.09.17 18:33:13	13,01	0,00	2,6	82,1	-5,3
1695	08.09.17 18:33:14	13,04	0,00	2,3	81,9	-5,8
1696	08.09.17 18:33:15	13,04	0,00	2,4	82,6	-5,0
1697	08.09.17 18:33:16	13,04	0,00	2,3	82,6	-5,1
1698	08.09.17 18:33:17	13,07	0,00	3,0	81,5	-5,4
1699	08.09.17 18:33:18	13,07	0,00	3,4	82,1	-4,5
1700	08.09.17 18:33:19	13,11	0,00	2,9	81,7	-5,4
1701	08.09.17 18:33:20	13,11	0,00	3,9	80,9	-5,2
1702	08.09.17 18:33:21	13,11	0,00	4,1	81,5	-4,4
1703	08.09.17 18:33:22	13,14	0,00	4,5	80,8	-4,7
1704	08.09.17 18:33:23	13,14	0,00	4,9	80,2	-4,9
1705	08.09.17 18:33:24	13,14	0,00	4,7	81,0	-4,3
1706	08.09.17 18:33:25	13,14	0,00	4,6	80,8	-4,6
1707	08.09.17 18:33:26	13,14	0,00	4,1	81,2	-4,7
1708	08.09.17 18:33:27	13,14	0,00	3,1	81,6	-5,4
1709	08.09.17 18:33:28	13,14	0,00	2,6	82,1	-5,3
1710	08.09.17 18:33:29	13,14	0,00	1,6	82,9	-5,5
1711	08.09.17 18:33:30	13,14	0,00	1,1	83,3	-5,7
1712	08.09.17 18:33:31	13,17	0,00	0,1	84,4	-5,5
1713	08.09.17 18:33:32	13,17	0,00	0,3	84,0	-5,7
1714	08.09.17 18:33:33	13,20	0,00	1,2	82,9	-5,9
1715	08.09.17 18:33:34	13,23	0,00	2,3	82,5	-5,2
1716	08.09.17 18:33:35	13,23	0,00	2,1	82,3	-5,6
1717	08.09.17 18:33:36	13,26	0,00	2,0	83,1	-4,9
1718	08.09.17 18:33:37	13,26	0,00	2,8	81,6	-5,6
1719	08.09.17 18:33:38	13,26	0,00	3,1	81,9	-5,1
1720	08.09.17 18:33:39	13,30	0,00	2,4	82,5	-5,1
1721	08.09.17 18:33:40	13,30	0,00	2,6	81,8	-5,6
1722	08.09.17 18:33:41	13,30	0,00	2,7	82,0	-5,3
1723	08.09.17 18:33:42	13,33	0,00	3,2	82,2	-4,6
1724	08.09.17 18:33:43	13,33	0,00	3,2	81,4	-5,5
1725	08.09.17 18:33:44	13,33	0,00	4,5	80,5	-5,0
1726	08.09.17 18:33:45	13,33	0,00	4,8	80,3	-4,9
1727	08.09.17 18:33:46	13,33	0,00	4,7	80,5	-4,9
1728	08.09.17 18:33:47	13,33	0,00	4,2	81,3	-4,5
1729	08.09.17 18:33:48	13,33	0,00	3,6	81,0	-5,4
1730	08.09.17 18:33:49	13,33	0,00	2,8	82,3	-4,9
1731	08.09.17 18:33:50	13,33	0,00	1,7	82,9	-5,4
1732	08.09.17 18:33:51	13,33	0,00	2,1	82,1	-5,8
1733	08.09.17 18:33:52	13,36	0,00	2,0	82,8	-5,2
1734	08.09.17 18:33:53	13,36	0,00	0,7	84,0	-5,3
1735	08.09.17 18:33:54	13,36	0,00	1,5	82,1	-6,4
1736	08.09.17 18:33:55	13,36	0,00	2,1	82,6	-5,4
1737	08.09.17 18:33:56	13,36	0,00	1,1	83,9	-5,0
1738	08.09.17 18:33:57	13,36	0,00	2,2	81,9	-5,8
1739	08.09.17 18:33:58	13,36	0,00	2,6	82,2	-5,2
1740	08.09.17 18:33:59	13,39	0,00	1,7	83,0	-5,2
1741	08.09.17 18:34:00	13,39	0,00	2,1	81,7	-6,2
1742	08.09.17 18:34:01	13,39	0,00	2,3	82,7	-4,9
1743	08.09.17 18:34:02	13,39	0,00	1,8	82,8	-5,4
1744	08.09.17 18:34:03	13,39	0,00	3,2	80,8	-5,9
1745	08.09.17 18:34:04	13,42	0,00	-35,2	5,4	-49,4
1746	08.09.17 18:34:05	13,42	0,00	-62,5	-8,7	-18,8
1747	08.09.17 18:34:06	13,42	0,00	-59,0	-8,4	-22,6
1748	08.09.17 18:34:07	13,42	0,00	-46,9	-9,9	-33,2
1749	08.09.17 18:34:08	13,45	0,00	-52,2	-8,8	-29,0
1750	08.09.17 18:34:09	13,49	0,00	-55,8	-11,3	-22,9
1751	08.09.17 18:34:10	13,52	0,00	-49,2	-9,1	-31,7
1752	08.09.17 18:34:11	13,52	0,00	-54,9	-3,1	-32,0
1753	08.09.17 18:34:12	13,55	0,00	-45,0	-0,2	-44,8
1754	08.09.17 18:34:13	13,55	0,00	-38,8	1,2	-50,0
1755	08.09.17 18:34:14	13,55	0,00	-41,8	-11,7	-36,4
1756	08.09.17 18:34:15	13,58	0,00	-24,5	32,0	-33,5
1757	08.09.17 18:34:16	13,61	0,00	0,0	43,2	-46,8
1758	08.09.17 18:34:17	13,61	0,00	0,6	42,6	-46,8
1759	08.09.17 18:34:18	13,61	0,00	-0,1	42,9	-47,0
1760	08.09.17 18:34:19	13,61	0,00	0,4	41,9	-47,7
1761	08.09.17 18:34:20	13,61	0,00	0,8	41,7	-47,5
1762	08.09.17 18:34:21	13,61	0,00	0,1	42,6	-47,3
1763	08.09.17 18:34:22	13,61	0,00	-0,5	41,2	-48,3
1764	08.09.17 18:34:23	13,64	0,00	0,1	41,2	-48,7
1765	08.09.17 18:34:24	13,64	0,00	0,2	41,8	-48,0
1766	08.09.17 18:34:25	13,64	0,00	1,0	41,4	-47,6
1767	08.09.17 18:34:26	13,64	0,00	1,0	40,2	-48,8
1768	08.09.17 18:34:27	13,64	0,00	2,0	40,0	-48,1
1769	08.09.17 18:34:28	13,64	0,00	1,8	40,8	-47,4
1770	08.09.17 18:34:29	13,64	0,00	1,2	40,1	-48,7
1771	08.09.17 18:34:30	13,64	0,00	1,9	39,2	-48,9
1772	08.09.17 18:34:31	13,64	0,00	1,7	39,9	-48,4
1773	08.09.17 18:34:32	13,67	0,00	2,5	40,2	-47,3
1774	08.09.17 18:34:33	13,67	0,00	2,6	39,1	-48,3
1775	08.09.17 18:34:34	13,67	0,00	2,2	39,1	-48,7
1776	08.09.17 18:34:35	13,67	0,00	1,6	40,4	-48,0
1777	08.09.17 18:34:36	13,67	0,00	1,4	39,4	-49,2
1778	08.09.17 18:34:37	13,67	0,00	0,5	39,2	-50,3
1779	08.09.17 18:34:38	13,67	0,00	0,8	39,7	-49,4
1780	08.09.17 18:34:39	13,67	0,00	1,7	39,3	-48,9
1781	08.09.17 18:34:40	13,71	0,00	1,5	38,8	-49,7
1782	08.09.17 18:34:41	13,71	0,00	2,8	38,9	-48,3
1783	08.09.17 18:34:42	13,71	0,00	2,2	39,1	-48,7
1784	08.09.17 18:34:43	13,71	0,00	2,4	39,0	-48,6
1785	08.09.17 18:34:44	13,71	0,00	2,4	38,9	-48,7
1786	08.09.17 18:34:45	13,71	0,00	2,1	39,3	-48,6
1787	08.09.17 18:34:46	13,71	0,00	1,8	39,1	-49,1
1788	08.09.17 18:34:47	13,74	0,00	2,0	39,1	-48,9
1789	08.09.17 18:34:48	13,74	0,00	-38,3	-7,1	-44,6
1790	08.09.17 18:34:49	13,74	0,00	-31,5	-16,0	-42,4
1791	08.09.17 18:34:50	13,77	0,00	-33,1	-39,0	-17,9
1792	08.09.17 18:34:51	13,80	0,00	-64,3	-24,5	-1,2
1793	08.09.17 18:34:52	13,80	0,00	-65,6	-19,2	-5,2
1794	08.09.17 18:34:53	13,80	0,00	-49,1	-25,6	-15,3
1795	08.09.17 18:34:54	13,80	0,00	-55,3	-23,6	-11,1
1796	08.09.17 18:34:55	13,83	0,00	-54,1	-26,2	-9,7
1797	08.09.17 18:34:56	13,83	0,00	-63,3	-19,5	-7,3
1798	08.09.17 18:34:57	13,83	0,00	-61,4	-23,1	-5,5
1799	08.09.17 18:34:58	13,83	0,00	-51,5	-36,4	-2,0
1800	08.09.17 18:34:59	13,83	0,00	-62,3	-26,3	-1,4
1801	08.09.17 18:35:00	13,83	0,00	-70,0	-13,5	-6,5
1802	08.09.17 18:35:01	13,83	0,00	-73,3	-12,9	-3,7
1803	08.09.17 18:35:02	13,83	0,00	-73,7	-9,3	-7,0
1804	08.09.17 18:35:03	13,86	0,00	-76,1	-8,3	-5,6
1805	08.09.17 18:35:04	13,86	0,00	-68,9	-12,1	-9,0
1806	08.09.17 18:35:05	13,86	0,00	-70,7	-12,0	-7,3
1807	08.09.17 18:35:06	13,89	0,00	-73,2	-14,2	-2,6
1808	08.09.17 18:35:07	13,89	0,00	-73,5	-13,4	-3,2
1809	08.09.17 18:35:08	13,89	0,00	-72,3	-13,4	-4,3
1810	08.09.17 18:35:09	13,89	0,00	-67,8	-12,7	-9,5
1811	08.09.17 18:35:10	13,93	0,00	-66,0	-17,3	-6,8
1812	08.09.17 18:35:11	13,93	0,00	-16,0	62,5	-11,5
1813	08.09.17 18:35:12	13,93	0,00	-11,0	76,8	2,2
1814	08.09.17 18:35:13	13,93	0,00	-10,5	75,4	4,1
1815	08.09.17 18:35:14	13,93	0,00	-9,7	78,3	2,0
1816	08.09.17 18:35:15	13,93	0,00	-8,9	77,5	3,6
1817	08.09.17 18:35:16	13,93	0,00	-9,1	77,3	3,6
1818	08.09.17 18:35:17	13,93	0,00	-9,3	77,4	3,3
1819	08.09.17 18:35:18	13,93	0,00	-7,8	78,9	3,2
1820	08.09.17 18:35:19	13,93	0,00	-8,2	78,5	3,4
1821	08.09.17 18:35:20	13,93	0,00	-7,7	79,1	3,2
1822	08.09.17 18:35:21	13,96	0,00	-8,7	78,5	2,8
1823	08.09.17 18:35:22	13,96	0,00	-9,8	75,8	4,4
1824	08.09.17 18:35:23	13,96	0,00	-10,3	75,9	3,8
1825	08.09.17 18:35:24	13,96	0,00	-11,3	76,1	2,6
1826	08.09.17 18:35:25	13,96	0,00	-9,3	77,3	3,4
1827	08.09.17 18:35:26	13,96	0,00	-9,8	75,6	4,6
1828	08.09.17 18:35:27	13,96	0,00	-9,8	77,0	3,2
1829	08.09.17 18:35:28	13,96	0,00	-10,3	77,2	2,5
1830	08.09.17 18:35:29	13,99	0,00	-10,2	75,6	4,2
1831	08.09.17 18:35:30	13,99	0,00	-10,6	76,0	3,4
1832	08.09.17 18:35:31	13,99	0,00	-10,0	77,0	3,0
1833	08.09.17 18:35:32	13,99	0,00	-10,8	75,2	3,9
1834	08.09.17 18:35:33	13,99	0,00	-10,8	75,8	3,4
1835	08.09.17 18:35:34	13,99	0,00	-10,3	76,3	3,4
1836	08.09.17 18:35:35	13,99	0,00	-10,1	76,3	3,6
1837	08.09.17 18:35:36	14,02	0,00	-7,4	78,9	3,7
1838	08.09.17 18:35:37	14,02	0,00	-7,1	79,9	3,0
1839	08.09.17 18:35:38	14,02	0,00	-7,7	78,9	3,4
1840	08.09.17 18:35:39	14,02	0,00	-7,7	79,5	2,8
1841	08.09.17 18:35:40	14,02	0,00	-8,1	79,1	2,8
1842	08.09.17 18:35:41	14,02	0,00	-8,7	76,9	4,4
1843	08.09.17 18:35:42	14,05	0,00	-9,3	78,1	2,6
1844	08.09.17 18:35:43	14,05	0,00	-8,2	78,8	2,9
1845	08.09.17 18:35:44	14,05	0,00	-8,5	77,4	4,0
1846	08.09.17 18:35:45	14,05	0,00	-9,2	77,4	3,4
1847	08.09.17 18:35:46	14,05	0,00	-8,9	78,6	2,5
1848	08.09.17 18:35:47	14,08	0,00	-8,4	78,1	3,5
1849	08.09.17 18:35:48	14,08	0,00	-8,8	77,1	4,1
1850	08.09.17 18:35:49	14,08	0,00	-9,0	78,0	3,0
1851	08.09.17 18:35:50	14,08	0,00	-9,3	77,8	2,8
1852	08.09.17 18:35:51	14,08	0,00	-13,0	75,5	1,5
1853	08.09.17 18:35:52	14,08	0,00	-5,8	78,2	6,1
1854	08.09.17 18:35:53	14,11	0,00	-5,6	79,7	4,6
1855	08.09.17 18:35:54	14,11	0,00	-7,8	77,4	4,8
1856	08.09.17 18:35:55	14,11	0,00	-8,2	77,4	4,3
1857	08.09.17 18:35:56	14,11	0,00	-10,4	78,6	0,9
1858	08.09.17 18:35:57	14,11	0,00	-7,0	79,2	3,8
1859	08.09.17 18:35:58	14,15	0,00	-6,2	80,1	3,7
1860	08.09.17 18:35:59	14,15	0,00	-5,1	81,6	3,4
1861	08.09.17 18:36:00	14,15	0,00	-4,1	81,8	4,2
1862	08.09.17 18:36:01	14,15	0,00	-4,7	80,8	4,5
1863	08.09.17 18:36:02	14,18	0,00	-5,1	80,7	4,2
1864	08.09.17 18:36:03	14,18	0,00	-4,3	81,6	4,1
1865	08.09.17 18:36:04	14,18	0,00	-5,5	80,5	3,9
1866	08.09.17 18:36:05	14,18	0,00	-5,7	80,4	3,9
1867	08.09.17 18:36:06	14,18	0,00	-1,9	52,0	-36,2
1868	08.09.17 18:36:07	14,18	0,00	23,2	31,1	35,7
1869	08.09.17 18:36:08	14,21	0,00	31,1	42,1	16,8
1870	08.09.17 18:36:09	14,21	0,00	52,8	32,9	4,3
1871	08.09.17 18:36:10	14,21	0,00	56,6	25,8	7,6
1872	08.09.17 18:36:11	14,24	0,00	46,8	22,1	21,2
1873	08.09.17 18:36:12	14,24	0,00	45,6	40,9	3,5
1874	08.09.17 18:36:13	14,24	0,11	5,5	58,8	25,7
1875	08.09.17 18:36:14	14,27	0,14	13,6	52,2	24,2
1876	08.09.17 18:36:15	14,27	0,14	-21,5	47,5	21,0
1877	08.09.17 18:36:16	14,27	0,14	51,5	32,4	6,1
1878	08.09.17 18:36:17	14,30	0,14	42,7	29,5	17,8
1879	08.09.17 18:36:18	14,30	0,14	7,6	54,2	28,2
1880	08.09.17 18:36:19	14,30	0,14	-1,9	42,1	46,0
1881	08.09.17 18:36:20	14,30	0,14	-5,3	50,1	34,6
1882	08.09.17 18:36:21	14,33	0,14	-11,3	49,1	29,6
1883	08.09.17 18:36:22	14,33	0,14	0,1	68,4	21,4
1884	08.09.17 18:36:23	14,33	0,14	-0,1	64,6	25,2
1885	08.09.17 18:36:24	14,36	0,14	12,8	53,9	23,3
1886	08.09.17 18:36:25	14,36	0,14	44,1	40,5	5,5
1887	08.09.17 18:36:26	14,36	0,14	-21,5	37,8	30,7
1888	08.09.17 18:36:27	14,40	0,14	-67,0	6,5	16,6
1889	08.09.17 18:36:28	14,43	0,11	-75,5	-1,8	-12,7
1890	08.09.17 18:36:29	20,45	0,00	-54,9	2,8	-32,3
1891	08.09.17 18:36:30	25,19	0,00	-55,6	-18,3	16,1
1892	08.09.17 18:36:31	26,53	0,00	-50,8	0,4	38,8
1893	08.09.17 18:36:32	27,14	0,00	-44,1	-10,4	35,5
1894	08.09.17 18:36:33	27,73	0,00	27,7	22,2	40,1
1895	08.09.17 18:36:34	27,96	0,00	25,4	18,4	46,2
1896	08.09.17 18:36:35	27,96	0,00	-9,0	25,6	55,4
1897	08.09.17 18:36:36	27,81	0,00	-13,3	32,9	43,8
1898	08.09.17 18:36:37	27,70	0,00	11,0	-0,7	78,3
1899	08.09.17 18:36:38	27,52	0,00	0,9	59,6	-29,5
1900	08.09.17 18:36:39	27,84	0,00	0,1	83,2	6,6
1901	08.09.17 18:36:40	28,05	0,00	-2,9	80,1	7,0
1902	08.09.17 18:36:41	28,07	0,00	-3,2	76,8	10,0
1903	08.09.17 18:36:42	28,10	0,00	-6,7	62,5	20,7
1904	08.09.17 18:36:43	28,16	0,00	-35,7	40,9	13,4
1905	08.09.17 18:36:44	28,19	0,00	23,4	-15,9	50,6
1906	08.09.17 18:36:45	28,22	0,00	37,1	-22,1	-30,8
1907	08.09.17 18:36:46	28,28	0,00	21,7	-53,3	-15,0
1908	08.09.17 18:36:47	28,34	0,00	11,9	-68,4	-9,7
1909	08.09.17 18:36:48	28,40	0,00	16,0	-51,4	-22,6
1910	08.09.17 18:36:49	28,45	0,00	5,9	-83,0	-1,0
1911	08.09.17 18:36:50	28,54	0,00	24,2	-25,2	-40,7
1912	08.09.17 18:36:51	28,60	0,00	9,0	-26,0	-55,0
1913	08.09.17 18:36:52	28,66	0,00	0,5	-41,1	-48,5
1914	08.09.17 18:36:53	28,72	0,00	-3,6	-67,1	-19,2
1915	08.09.17 18:36:54	28,77	0,00	-7,8	-26,5	-55,7
1916	08.09.17 18:36:55	28,80	0,00	7,4	-26,4	-56,2
1917	08.09.17 18:36:56	28,86	0,00	8,1	-20,1	-61,8
1918	08.09.17 18:36:57	28,89	0,00	-1,5	-23,1	-65,4
1919	08.09.17 18:36:58	28,95	0,00	-0,6	7,1	-82,3
1920	08.09.17 18:36:59	28,95	0,00	6,5	-6,5	-77,0
1921	08.09.17 18:37:00	28,95	0,00	3,4	-29,6	-57,0
1922	08.09.17 18:37:01	29,01	0,00	-0,2	-6,0	-83,8
1923	08.09.17 18:37:02	29,04	0,00	-2,4	0,3	-87,3
1924	08.09.17 18:37:03	29,10	0,00	-2,7	17,7	-69,6
1925	08.09.17 18:37:04	29,13	0,00	22,2	-23,2	-44,6
1926	08.09.17 18:37:05	29,18	0,00	50,7	-11,0	-28,3
1927	08.09.17 18:37:06	29,24	0,00	51,2	3,1	-35,6
1928	08.09.17 18:37:07	29,27	0,00	53,8	-15,7	-20,5
1929	08.09.17 18:37:08	29,33	0,00	35,0	-22,9	-32,2
1930	08.09.17 18:37:09	29,39	0,00	46,3	26,9	-16,8
1931	08.09.17 18:37:10	29,42	0,00	15,0	-29,1	-45,9
1932	08.09.17 18:37:11	29,39	0,00	-62,9	-4,8	-22,3
1933	08.09.17 18:37:12	29,36	0,00	26,5	36,5	-27,0
1934	08.09.17 18:37:13	29,33	0,00	-53,4	12,6	-24,0
1935	08.09.17 18:37:14	29,30	0,00	-13,6	-6,8	-69,7
1936	08.09.17 18:37:15	29,27	0,02	-49,4	-32,4	-8,3
1937	08.09.17 18:37:16	29,24	0,04	-79,3	-1,0	9,7
