FileName: C:\DOCUME~1\NETMIND\DESKTOP\ZONE12~1\GP034F.TXT
Local Time: Tue Aug 21 12:12:08 2007

Ship: Trawl survey southern Gulf Trip: GP034F Tow: tow 6
Comments: Zone 12 - Ouest de la Baie Malbaie
 Date    Time     Latitude       Longitude    Speed    Primary  Secondary DoorSpread      Depth 
070821  151209  48  34.0574 N  64   6.1649 W   4.0       10.3*      12.1*      31.2*     305.3*
070821  151210  48  34.0582 N  64   6.1654 W   3.8       10.3       12.1       31.2      305.3 
070821  151211  48  34.0589 N  64   6.1660 W   3.6       10.3       12.1       31.2      305.3 
070821  151212  48  34.0595 N  64   6.1664 W   3.4       10.3       12.1       31.2      305.3 
070821  151213  48  34.0601 N  64   6.1668 W   3.3       10.3       12.1       31.2      305.3 
070821  151214  48  34.0607 N  64   6.1673 W   3.1       10.3       12.1       31.2      305.3 
070821  151215  48  34.0613 N  64   6.1678 W   3.0       10.3       12.1       31.2      305.3 
070821  151216  48  34.0618 N  64   6.1681 W   2.9       10.3       12.1       31.2      305.3 
070821  151217  48  34.0623 N  64   6.1684 W   2.8       10.3       12.1       31.2      305.3 
070821  151218  48  34.0626 N  64   6.1687 W   2.7       10.3       12.1       31.2      305.3 
070821  151219  48  34.0630 N  64   6.1690 W   2.6       10.3       12.1       31.2      305.3 
070821  151220  48  34.0635 N  64   6.1693 W   2.5       10.3       12.1        3.1*     305.3 
070821  151221  48  34.0638 N  64   6.1696 W   2.4       10.3       12.1        3.1      305.3 
070821  151222  48  34.0641 N  64   6.1699 W   2.2       10.3       12.1        3.1      305.3 
070821  151223  48  34.0646 N  64   6.1704 W   2.2       10.3       12.1        3.1      305.3 
070821  151224  48  34.0651 N  64   6.1708 W   2.1       10.3       12.1        3.1      305.3 
070821  151225  48  34.0654 N  64   6.1710 W   2.0       10.3       12.1        2.6*     305.3 
070821  151226  48  34.0656 N  64   6.1713 W   1.9       10.3       12.1        2.6      305.3 
070821  151227  48  34.0659 N  64   6.1716 W   1.9       10.3       12.1        2.6      305.3 
070821  151228  48  34.0662 N  64   6.1720 W   1.8        2.1*      12.1        2.6      305.3 
070821  151229  48  34.0666 N  64   6.1723 W   1.8        2.1       12.1        2.6      305.3 
070821  151230  48  34.0668 N  64   6.1726 W   1.7        2.1       12.1        2.6      305.3 
070821  151231  48  34.0672 N  64   6.1729 W   1.7        2.1       12.1        2.6      305.3 
070821  151232  48  34.0678 N  64   6.1736 W   1.8        2.1       12.1        2.6      305.3 
070821  151233  48  34.0683 N  64   6.1739 W   1.9        2.1       12.1        2.6      305.3 
070821  151234  48  34.0688 N  64   6.1743 W   2.0        2.1       12.1        2.6      305.3 
070821  151235  48  34.0695 N  64   6.1747 W   2.2        2.1       12.1        2.6      305.3 
070821  151236  48  34.0703 N  64   6.1752 W   2.4        2.1       12.1        2.6      305.3 
070821  151237  48  34.0712 N  64   6.1757 W   2.6        2.1       12.1        2.6      305.3 
070821  151238  48  34.0721 N  64   6.1763 W   2.8        2.1       12.1        2.6      305.3 
070821  151239  48  34.0733 N  64   6.1768 W   3.1        2.1       12.1        2.6      305.3 
070821  151240  48  34.0746 N  64   6.1777 W   3.3        2.1       12.1        2.6      305.3 
070821  151241  48  34.0759 N  64   6.1785 W   3.6        2.1       12.1        2.6      305.3 
070821  151242  48  34.0774 N  64   6.1793 W   3.8        2.1       12.1        2.6      305.3 
070821  151243  48  34.0788 N  64   6.1801 W   4.0        2.1       12.1        2.6      305.3 
070821  151244  48  34.0802 N  64   6.1807 W   4.2        2.1       12.1        2.6      305.3 
070821  151245  48  34.0818 N  64   6.1814 W   4.4        2.1       12.1        2.6      305.3 
070821  151246  48  34.0833 N  64   6.1821 W   4.6        2.1       12.1        2.6      305.3 
070821  151247  48  34.0850 N  64   6.1829 W   4.8        2.1       12.1        2.6      305.3 
070821  151248  48  34.0866 N  64   6.1837 W   5.0        2.1       12.1        2.6      305.3 
070821  151249  48  34.0881 N  64   6.1841 W   5.1        2.1       12.1        2.6      305.3 
070821  151250  48  34.0898 N  64   6.1850 W   5.3        2.1       12.1        2.6      305.3 
070821  151251  48  34.0915 N  64   6.1857 W   5.4        2.1       12.1        2.6      305.3 
070821  151252  48  34.0931 N  64   6.1865 W   5.5        2.1       12.1        2.6      305.3 
070821  151253  48  34.0949 N  64   6.1873 W   5.6        2.1       12.1        2.6      305.3 
070821  151254  48  34.0966 N  64   6.1879 W   5.7        2.1       12.1        2.6      305.3 
070821  151255  48  34.0983 N  64   6.1886 W   5.8        2.1       12.1        2.6      305.3 
070821  151256  48  34.0999 N  64   6.1891 W   5.8        2.1       12.1        2.6      305.3 
070821  151257  48  34.1016 N  64   6.1896 W   5.9        2.1       12.1        2.6      305.3 
070821  151258  48  34.1033 N  64   6.1901 W   6.0        2.1       12.1        2.6      305.3 
070821  151259  48  34.1049 N  64   6.1906 W   6.0        2.1       12.1        2.6      305.3 
070821  151300  48  34.1067 N  64   6.1911 W   6.1        2.1       12.1        2.6      305.3 
070821  151301  48  34.1084 N  64   6.1915 W   6.2        2.1       12.1        2.6      305.3 
070821  151302  48  34.1100 N  64   6.1920 W   6.1        2.1       12.1        2.6      305.3 
070821  151303  48  34.1117 N  64   6.1925 W   6.2        2.1       12.1        2.6      305.3 
070821  151304  48  34.1135 N  64   6.1930 W   6.2        2.1       12.1        2.6      305.3 
070821  151305  48  34.1152 N  64   6.1935 W   6.3        2.1       12.1        2.6      305.3 
070821  151306  48  34.1170 N  64   6.1941 W   6.3        2.1       12.1        2.6      305.3 
070821  151307  48  34.1187 N  64   6.1946 W   6.3        2.1       12.1        2.6      305.3 
070821  151308  48  34.1205 N  64   6.1952 W   6.3        2.1       12.1        2.6      305.3 
070821  151309  48  34.1223 N  64   6.1956 W   6.3        2.1       12.1        2.6      305.3 
070821  151310  48  34.1240 N  64   6.1961 W   6.4        2.1       12.1        2.6      305.3 
070821  151311  48  34.1258 N  64   6.1966 W   6.4        2.1       12.1        2.6      305.3 
070821  151312  48  34.1276 N  64   6.1970 W   6.4        2.1       12.1        2.6      305.3 
070821  151313  48  34.1294 N  64   6.1976 W   6.4        2.1       12.1        2.6      305.3 
070821  151314  48  34.1311 N  64   6.1981 W   6.4        2.1       12.1        2.6      305.3 
070821  151315  48  34.1329 N  64   6.1987 W   6.4        2.1       12.1        2.6      305.3 
070821  151316  48  34.1347 N  64   6.1992 W   6.4        2.1       12.1        2.6      305.3 
070821  151317  48  34.1365 N  64   6.1998 W   6.4        2.1       12.1        2.6      305.3 
070821  151318  48  34.1382 N  64   6.2003 W   6.4        2.1       12.1        2.6      305.3 
070821  151319  48  34.1401 N  64   6.2007 W   6.4        2.1       12.1        2.6      305.3 
070821  151320  48  34.1418 N  64   6.2011 W   6.4        2.1       12.1        2.6      305.3 
070821  151321  48  34.1436 N  64   6.2015 W   6.4        2.1       12.1        2.6      305.3 
070821  151322  48  34.1455 N  64   6.2018 W   6.5        2.1       12.1        2.6      305.3 
070821  151323  48  34.1473 N  64   6.2023 W   6.5        2.1       12.1        2.6      305.3 
070821  151324  48  34.1488 N  64   6.2022 W   6.4        2.1       12.1        2.6      305.3 
070821  151325  48  34.1508 N  64   6.2027 W   6.5        2.1       12.1        2.6      305.3 
070821  151326  48  34.1526 N  64   6.2031 W   6.5        2.1       12.1        2.6      305.3 
070821  151327  48  34.1544 N  64   6.2034 W   6.5        2.1       12.1        2.6      305.3 
070821  151328  48  34.1562 N  64   6.2039 W   6.5        2.1       12.1        2.6      305.3 
070821  151329  48  34.1581 N  64   6.2042 W   6.5        2.1       12.1        2.6      305.3 
070821  151330  48  34.1599 N  64   6.2045 W   6.5        2.1       12.1        2.6      305.3 
070821  151331  48  34.1617 N  64   6.2048 W   6.5        2.1       12.1        2.6      305.3 
070821  151332  48  34.1635 N  64   6.2050 W   6.5        2.1       12.1        2.6      305.3 
070821  151333  48  34.1654 N  64   6.2053 W   6.5        2.1       12.1        2.6      305.3 
070821  151334  48  34.1672 N  64   6.2056 W   6.5        2.1       12.1        2.6      305.3 
070821  151335  48  34.1691 N  64   6.2058 W   6.5        2.1       12.1        2.6      305.3 
070821  151336  48  34.1709 N  64   6.2061 W   6.5        2.1       12.1        2.6      305.3 
070821  151337  48  34.1726 N  64   6.2063 W   6.5        2.1       12.1        2.6      305.3 
070821  151338  48  34.1745 N  64   6.2064 W   6.5        2.1       12.1        2.6      305.3 
070821  151339  48  34.1764 N  64   6.2066 W   6.6        2.1       12.1        2.6      305.3 
070821  151340  48  34.1780 N  64   6.2068 W   6.5        2.1       12.1        2.6      305.3 
070821  151341  48  34.1798 N  64   6.2070 W   6.5        2.1       12.1        2.6      305.3 
070821  151342  48  34.1817 N  64   6.2072 W   6.5        2.1       12.1        2.6      305.3 
070821  151343  48  34.1835 N  64   6.2073 W   6.5        2.1       12.1        2.6      305.3 
070821  151344  48  34.1852 N  64   6.2075 W   6.5        2.1       12.1        2.6      305.3 
070821  151345  48  34.1870 N  64   6.2078 W   6.5        2.1       12.1        2.6      305.3 
070821  151346  48  34.1888 N  64   6.2080 W   6.5        2.1       12.1        2.6      305.3 
070821  151347  48  34.1905 N  64   6.2082 W   6.5        2.1       12.1        2.6      305.3 
070821  151348  48  34.1923 N  64   6.2083 W   6.5        2.1       12.1        2.6      305.3 
070821  151349  48  34.1942 N  64   6.2085 W   6.5        2.1       12.1        2.6      305.3 
070821  151350  48  34.1960 N  64   6.2086 W   6.5        2.1       12.1        2.6      305.3 
070821  151351  48  34.1977 N  64   6.2088 W   6.5        2.1       12.1        2.6      305.3 
070821  151352  48  34.1996 N  64   6.2089 W   6.5        2.1       12.1        2.6      305.3 
070821  151353  48  34.2014 N  64   6.2090 W   6.5        2.1       12.1        2.6      305.3 
070821  151354  48  34.2032 N  64   6.2092 W   6.5        2.1       12.1        2.6      305.3 
070821  151355  48  34.2050 N  64   6.2095 W   6.5        2.1       12.1        2.6      305.3 
070821  151356  48  34.2068 N  64   6.2097 W   6.5        2.1       12.1        2.6      305.3 
070821  151357  48  34.2085 N  64   6.2099 W   6.5        2.1       12.1        2.6      305.3 
070821  151358  48  34.2104 N  64   6.2101 W   6.6        2.1       12.1        2.6      305.3 
070821  151359  48  34.2122 N  64   6.2102 W   6.6        2.1       12.1        2.6      305.3 
070821  151400  48  34.2140 N  64   6.2103 W   6.6        2.1       12.1        2.6      305.3 
070821  151401  48  34.2158 N  64   6.2105 W   6.6        2.1       12.1        2.6      305.3 
070821  151402  48  34.2176 N  64   6.2106 W   6.6        2.1       12.1        2.6      305.3 
070821  151403  48  34.2194 N  64   6.2108 W   6.6        2.1       12.1        2.6      305.3 
070821  151404  48  34.2212 N  64   6.2109 W   6.6        2.1       12.1        2.6      305.3 
070821  151405  48  34.2231 N  64   6.2110 W   6.6        2.1       12.1        2.6      305.3 
070821  151406  48  34.2248 N  64   6.2111 W   6.6        2.1       12.1        2.6      305.3 
070821  151407  48  34.2266 N  64   6.2112 W   6.6        2.1       12.1        2.6      305.3 
070821  151408  48  34.2285 N  64   6.2114 W   6.6        2.1       12.1        2.6      305.3 
070821  151409  48  34.2303 N  64   6.2115 W   6.6        2.1       12.1        2.6      305.3 
070821  151410  48  34.2320 N  64   6.2117 W   6.5        2.1       12.1        2.6      305.3 
070821  151411  48  34.2339 N  64   6.2120 W   6.5        2.1       12.1        2.6      305.3 
070821  151412  48  34.2355 N  64   6.2119 W   6.5        2.1       12.1        2.6      305.3 
070821  151413  48  34.2373 N  64   6.2121 W   6.5        2.1       12.1        2.6      305.3 
070821  151414  48  34.2390 N  64   6.2122 W   6.5        2.1       12.1        2.6      305.3 
070821  151415  48  34.2409 N  64   6.2125 W   6.5        2.1       12.1        2.6      305.3 
070821  151416  48  34.2428 N  64   6.2127 W   6.5        2.1       12.1        2.6      305.3 
070821  151417  48  34.2446 N  64   6.2128 W   6.5        2.1       12.1        2.6      305.3 
070821  151418  48  34.2464 N  64   6.2129 W   6.5        2.1       12.1        2.6      305.3 
070821  151419  48  34.2482 N  64   6.2130 W   6.5        2.1       12.1        2.6      305.3 
070821  151420  48  34.2500 N  64   6.2131 W   6.5        2.1       12.1        2.6      305.3 
070821  151421  48  34.2518 N  64   6.2133 W   6.5        2.1       12.1        2.6      305.3 
070821  151422  48  34.2537 N  64   6.2134 W   6.6        2.1       12.1        2.6      305.3 
070821  151423  48  34.2555 N  64   6.2135 W   6.6        2.1       12.1        2.6      305.3 
070821  151424  48  34.2573 N  64   6.2136 W   6.6        2.1       12.1        2.6      305.3 
070821  151425  48  34.2591 N  64   6.2136 W   6.6        2.1       12.1        2.6      305.3 
070821  151426  48  34.2609 N  64   6.2136 W   6.5        2.1       12.1        2.6      305.3 
070821  151427  48  34.2626 N  64   6.2137 W   6.5        2.1       12.1        2.6      305.3 
070821  151428  48  34.2643 N  64   6.2138 W   6.4        2.1       12.1        2.6      305.3 
070821  151429  48  34.2660 N  64   6.2139 W   6.3        2.1       12.1        2.6      305.3 
070821  151430  48  34.2676 N  64   6.2140 W   6.3        2.1       12.1        2.6      305.3 
070821  151431  48  34.2692 N  64   6.2142 W   6.2        2.1       12.1        2.6      305.3 
070821  151432  48  34.2708 N  64   6.2144 W   6.1        2.1       12.1        2.6      305.3 
070821  151433  48  34.2724 N  64   6.2146 W   6.1        2.1       12.1        2.6      305.3 
070821  151434  48  34.2740 N  64   6.2147 W   6.0        2.1       12.1        2.6       42.2*
070821  151435  48  34.2754 N  64   6.2149 W   5.9        2.1       12.1        2.6       42.2 
070821  151436  48  34.2770 N  64   6.2150 W   5.9        2.1       12.1        2.6       42.2 
070821  151437  48  34.2785 N  64   6.2151 W   5.8        2.1       12.1        2.6       42.2 
070821  151438  48  34.2799 N  64   6.2153 W   5.7        2.1       12.1        2.6       42.2 
070821  151439  48  34.2814 N  64   6.2154 W   5.6        2.1       12.1        2.6       42.2 
070821  151440  48  34.2830 N  64   6.2157 W   5.6        2.1       12.1        2.6       42.2 
070821  151441  48  34.2845 N  64   6.2158 W   5.6        2.1       12.1        2.6       42.2 
070821  151442  48  34.2859 N  64   6.2160 W   5.5        2.3*      12.1        2.6       42.2 
070821  151443  48  34.2874 N  64   6.2162 W   5.5        2.3       12.1        2.6       42.2 
070821  151444  48  34.2889 N  64   6.2164 W   5.5        2.3       12.1        2.6       42.2 
070821  151445  48  34.2904 N  64   6.2165 W   5.5        2.3       12.1        2.6       42.2 
070821  151446  48  34.2919 N  64   6.2167 W   5.5        2.3       12.1        2.6       42.2 
070821  151447  48  34.2934 N  64   6.2168 W   5.5        2.3       12.1        2.6       42.2 
070821  151448  48  34.2949 N  64   6.2170 W   5.5        2.3       12.1        2.6       42.2 
070821  151449  48  34.2964 N  64   6.2172 W   5.4        2.3       12.1        2.6       42.2 
070821  151450  48  34.2979 N  64   6.2174 W   5.5        2.3       12.1       74.7*      42.2 
070821  151451  48  34.2994 N  64   6.2175 W   5.5        2.3       12.1       74.7       42.2 
070821  151452  48  34.3008 N  64   6.2176 W   5.4        2.3       12.1       74.7       42.2 
070821  151453  48  34.3023 N  64   6.2176 W   5.4        2.3       12.1       74.7       42.2 
070821  151454  48  34.3039 N  64   6.2178 W   5.5        2.3       12.1       74.7       42.2 
070821  151455  48  34.3055 N  64   6.2178 W   5.4        2.3       12.1       74.7       42.2 
070821  151456  48  34.3070 N  64   6.2180 W   5.4        2.3       12.1        6.2*      42.2 
070821  151457  48  34.3085 N  64   6.2179 W   5.4        2.3       12.1        6.2       42.2 
070821  151458  48  34.3100 N  64   6.2177 W   5.5        2.3       12.1        6.2       42.2 
070821  151459  48  34.3114 N  64   6.2177 W   5.4        2.3       12.1        6.2       42.2 
070821  151500  48  34.3128 N  64   6.2175 W   5.4        2.3       12.1        6.2       42.2 
070821  151501  48  34.3144 N  64   6.2176 W   5.4        2.3       12.1        6.2       42.2 
070821  151502  48  34.3157 N  64   6.2176 W   5.4        2.3       12.1        6.2       42.2 
070821  151503  48  34.3171 N  64   6.2176 W   5.4        2.3       12.1        6.2       42.2 
070821  151504  48  34.3186 N  64   6.2176 W   5.4        2.3       12.1        6.2       42.2 
070821  151505  48  34.3202 N  64   6.2177 W   5.4        2.3       12.1        6.2       42.2 
070821  151506  48  34.3218 N  64   6.2177 W   5.4        2.3       12.1        6.2       42.2 
070821  151507  48  34.3232 N  64   6.2176 W   5.4        2.3       12.1        6.2       42.2 
070821  151508  48  34.3247 N  64   6.2175 W   5.4        2.3       12.1        6.2       42.2 
070821  151509  48  34.3263 N  64   6.2175 W   5.4        2.3       12.1        6.2       42.2 
070821  151510  48  34.3276 N  64   6.2173 W   5.4        2.3       12.1        6.2       42.2 
070821  151511  48  34.3291 N  64   6.2173 W   5.4        2.3       12.1        6.2       59.8*
070821  151512  48  34.3307 N  64   6.2174 W   5.4        2.3       12.1        7.9*      59.8 
070821  151513  48  34.3322 N  64   6.2175 W   5.4        2.3       12.1        7.9       59.8 
070821  151514  48  34.3336 N  64   6.2176 W   5.3        2.3       12.1        7.9       59.8 
070821  151515  48  34.3352 N  64   6.2177 W   5.4        2.3       12.1        7.9       59.8 
070821  151516  48  34.3367 N  64   6.2176 W   5.3        2.3       12.1        7.9       59.8 
070821  151517  48  34.3381 N  64   6.2177 W   5.3        2.3       12.1       11.6*      59.8 
070821  151518  48  34.3397 N  64   6.2176 W   5.3        2.3       12.1       11.6       59.8 
070821  151519  48  34.3412 N  64   6.2176 W   5.3        2.3       12.1       11.6       59.8 
070821  151520  48  34.3427 N  64   6.2176 W   5.3        2.3       12.1       11.6       59.8 
070821  151521  48  34.3441 N  64   6.2173 W   5.3        2.3       12.1       11.6       59.8 
070821  151522  48  34.3455 N  64   6.2171 W   5.3        2.3       12.1        1.1*      59.8 
070821  151523  48  34.3470 N  64   6.2169 W   5.3        2.3       12.1        1.1       59.8 
070821  151524  48  34.3484 N  64   6.2168 W   5.3        2.3       12.1        1.1       59.8 
070821  151525  48  34.3498 N  64   6.2166 W   5.3        2.3       12.1        1.1       59.8 
070821  151526  48  34.3513 N  64   6.2165 W   5.3        2.3       12.1        1.1       59.8 
070821  151527  48  34.3528 N  64   6.2163 W   5.4        2.3       12.1        1.1       59.8 
070821  151528  48  34.3543 N  64   6.2162 W   5.3        2.3       12.1        1.1       59.8 
070821  151529  48  34.3557 N  64   6.2160 W   5.3        2.3       12.1        1.1       59.8 
070821  151530  48  34.3573 N  64   6.2157 W   5.4        2.3       12.1        1.1       59.8 
070821  151531  48  34.3588 N  64   6.2154 W   5.4        2.3       12.1        1.1       59.8 
070821  151532  48  34.3603 N  64   6.2151 W   5.3        2.3       12.1        1.1       59.8 
070821  151533  48  34.3618 N  64   6.2150 W   5.4        2.3       12.1        1.1       59.8 
070821  151534  48  34.3634 N  64   6.2147 W   5.4        2.3       12.1        1.1       59.8 
070821  151535  48  34.3649 N  64   6.2146 W   5.4        2.3       12.1        1.1       59.8 
070821  151536  48  34.3664 N  64   6.2144 W   5.4        2.3       12.1        1.1       59.8 
070821  151537  48  34.3680 N  64   6.2142 W   5.4        2.3       12.1        1.1       59.8 
070821  151538  48  34.3695 N  64   6.2140 W   5.4        2.3       12.1        1.1       59.8 
070821  151539  48  34.3710 N  64   6.2140 W   5.4        2.3       12.1        1.1       59.8 
070821  151540  48  34.3725 N  64   6.2138 W   5.4        2.3       12.1        1.1       59.8 
070821  151541  48  34.3740 N  64   6.2136 W   5.4        2.3       12.1        1.1       59.8 
070821  151542  48  34.3755 N  64   6.2135 W   5.4        2.3       12.1        1.1       59.8 
070821  151543  48  34.3769 N  64   6.2133 W   5.4        2.3       12.1        1.1       59.8 
070821  151544  48  34.3784 N  64   6.2131 W   5.4        2.3       12.1       11.5*      59.8 
070821  151545  48  34.3799 N  64   6.2129 W   5.4        2.3       12.1       11.5       59.8 
070821  151546  48  34.3814 N  64   6.2126 W   5.4        2.3       12.1       11.5       59.8 
070821  151547  48  34.3828 N  64   6.2124 W   5.4        2.3       12.1       11.5       59.8 
070821  151548  48  34.3843 N  64   6.2122 W   5.4        2.3       12.1       11.5       59.8 
070821  151549  48  34.3859 N  64   6.2120 W   5.4        2.3       12.1        2.0*      59.8 
070821  151550  48  34.3873 N  64   6.2119 W   5.4        2.3       12.1        2.0       59.8 
070821  151551  48  34.3888 N  64   6.2117 W   5.4        2.3       12.1        2.0       59.8 
070821  151552  48  34.3903 N  64   6.2115 W   5.4        2.3       12.1        2.0       59.8 
070821  151553  48  34.3918 N  64   6.2113 W   5.4        2.3       12.1        2.0       59.8 
070821  151554  48  34.3932 N  64   6.2111 W   5.4        2.3       12.1        6.9*      59.8 
070821  151555  48  34.3948 N  64   6.2109 W   5.4        2.3       12.1        6.9       59.8 
070821  151556  48  34.3962 N  64   6.2107 W   5.4        2.3       12.1        6.9       59.8 
070821  151557  48  34.3977 N  64   6.2104 W   5.4        2.3       12.1        6.9       59.8 
070821  151558  48  34.3992 N  64   6.2102 W   5.4        2.3       12.1        6.9       59.8 
070821  151559  48  34.4006 N  64   6.2100 W   5.4        2.3       12.1        6.9*      59.8 
070821  151600  48  34.4021 N  64   6.2098 W   5.4        2.3       12.1        6.9       59.8 
070821  151601  48  34.4036 N  64   6.2096 W   5.4        2.3       12.1        6.9       59.8 
070821  151602  48  34.4051 N  64   6.2094 W   5.4        2.3       12.1        6.9       59.8 
070821  151603  48  34.4066 N  64   6.2092 W   5.4        2.3       12.1        6.9       59.8 
070821  151604  48  34.4081 N  64   6.2090 W   5.4        2.3       12.1        6.9       59.8 
070821  151605  48  34.4096 N  64   6.2088 W   5.4        2.3       12.1        6.8*      59.8 
070821  151606  48  34.4111 N  64   6.2086 W   5.4        2.3       12.1        6.8       59.8 
070821  151607  48  34.4126 N  64   6.2084 W   5.4        2.3       12.1        6.8       59.8 
070821  151608  48  34.4141 N  64   6.2082 W   5.4        2.3       12.1        6.8       59.8 
070821  151609  48  34.4156 N  64   6.2080 W   5.4        2.3       12.1        6.8       59.8 
070821  151610  48  34.4171 N  64   6.2078 W   5.4        2.3       12.1        7.2*      59.8 
070821  151611  48  34.4186 N  64   6.2077 W   5.4        2.3       12.1        7.2       68.6*
070821  151612  48  34.4202 N  64   6.2075 W   5.4        2.3       12.1        7.2       68.6 
070821  151613  48  34.4216 N  64   6.2073 W   5.4        2.3       12.1        7.2       68.6 
070821  151614  48  34.4231 N  64   6.2072 W   5.3        2.3       12.1        7.2       68.6 
070821  151615  48  34.4246 N  64   6.2070 W   5.4        2.3       12.1        6.6*      68.6 
070821  151616  48  34.4261 N  64   6.2068 W   5.4        2.3       12.1        6.6       68.6 
070821  151617  48  34.4275 N  64   6.2067 W   5.3        2.3       12.1        6.6       68.6 
070821  151618  48  34.4290 N  64   6.2064 W   5.3        2.3       12.1        6.6       68.6 
070821  151619  48  34.4306 N  64   6.2062 W   5.4        2.3       12.1        6.6       68.6 
070821  151620  48  34.4320 N  64   6.2060 W   5.3        2.3       12.1        6.6       68.6 
070821  151621  48  34.4334 N  64   6.2058 W   5.3        2.3       12.1        6.6       68.6 
070821  151622  48  34.4350 N  64   6.2056 W   5.3        2.3       12.1        6.6      158.8*
070821  151623  48  34.4364 N  64   6.2054 W   5.3        2.3       12.1        6.6      158.8 
070821  151624  48  34.4378 N  64   6.2053 W   5.3        2.3       12.1        6.6      158.8 
070821  151625  48  34.4393 N  64   6.2051 W   5.3        2.3       12.1        6.6      158.8 
070821  151626  48  34.4409 N  64   6.2049 W   5.3        2.3       12.1        6.6      158.8 
070821  151627  48  34.4423 N  64   6.2046 W   5.3        2.3       12.1        6.6       65.1*
070821  151628  48  34.4438 N  64   6.2044 W   5.3        2.3       12.1        6.6       65.1 
070821  151629  48  34.4453 N  64   6.2042 W   5.3        2.3       12.1        6.6       65.1 
070821  151630  48  34.4468 N  64   6.2039 W   5.3        2.3       12.1        6.6       65.1 
070821  151631  48  34.4483 N  64   6.2037 W   5.4        2.3       12.1        6.4*      65.1 
070821  151632  48  34.4499 N  64   6.2034 W   5.4        2.3       12.1        6.4       65.1 
070821  151633  48  34.4513 N  64   6.2033 W   5.3        2.3       12.1        6.4       54.1*
070821  151634  48  34.4528 N  64   6.2031 W   5.4        2.3       12.1        6.4       54.1 
070821  151635  48  34.4543 N  64   6.2029 W   5.4        2.3       12.1        6.4       54.1 
070821  151636  48  34.4557 N  64   6.2028 W   5.3        2.3       12.1        7.1*      54.1 
070821  151637  48  34.4571 N  64   6.2026 W   5.3        2.3       12.1        7.1       54.1 
070821  151638  48  34.4587 N  64   6.2023 W   5.3        2.3       12.1        7.1       54.1 
070821  151639  48  34.4601 N  64   6.2021 W   5.3        2.3       12.1        7.1       54.1 
070821  151640  48  34.4615 N  64   6.2020 W   5.3        2.3       12.1        7.1       54.1 
070821  151641  48  34.4631 N  64   6.2017 W   5.3        2.3       12.1        7.0*      54.1 
070821  151642  48  34.4645 N  64   6.2015 W   5.3        2.1*      12.1        7.0       54.1 
070821  151643  48  34.4660 N  64   6.2014 W   5.3        2.1       12.1        7.0      178.6*
070821  151644  48  34.4675 N  64   6.2011 W   5.3        2.1       12.1        7.0      178.6 
070821  151645  48  34.4690 N  64   6.2009 W   5.3        2.1       12.1        7.0      178.6 
070821  151646  48  34.4704 N  64   6.2007 W   5.3        2.1       12.1        7.0      178.6 
070821  151647  48  34.4717 N  64   6.2006 W   5.2        2.1       12.1        7.7*     178.6 
070821  151648  48  34.4729 N  64   6.2004 W   5.1        2.1       12.1        7.7      178.6 
070821  151649  48  34.4741 N  64   6.2003 W   4.9        2.1       12.1        7.7       54.5*
070821  151650  48  34.4752 N  64   6.2000 W   4.8        2.1       12.1        7.7       54.5 
070821  151651  48  34.4763 N  64   6.1999 W   4.6        2.1       12.1        7.7       54.5 
070821  151652  48  34.4771 N  64   6.1998 W   4.4        2.1       12.1        5.8*      54.5 
070821  151653  48  34.4780 N  64   6.1995 W   4.1        2.1       12.1        5.8       54.5 
070821  151654  48  34.4788 N  64   6.1993 W   3.9        2.1       12.1        5.8       53.2*
070821  151655  48  34.4795 N  64   6.1992 W   3.8        2.1       12.1        5.8       53.2 
070821  151656  48  34.4801 N  64   6.1991 W   3.6        2.1       12.1        5.8       53.2 
070821  151657  48  34.4807 N  64   6.1990 W   3.4        2.1       12.1        5.8       53.2 
070821  151658  48  34.4813 N  64   6.1988 W   3.2        2.1       12.1        5.8       53.2 
070821  151659  48  34.4818 N  64   6.1987 W   3.1        2.1       12.1        5.8       53.2 
070821  151700  48  34.4824 N  64   6.1987 W   2.9        2.1       12.1        5.8       54.5*
070821  151701  48  34.4829 N  64   6.1988 W   2.7        2.1       12.1        5.8       54.5 
070821  151702  48  34.4833 N  64   6.1985 W   2.6        2.1       12.1        6.8*      54.5 
070821  151703  48  34.4837 N  64   6.1985 W   2.4        2.1       12.1        6.8       54.5 
070821  151704  48  34.4842 N  64   6.1986 W   2.3        2.1       12.1        6.8       54.5 
070821  151705  48  34.4846 N  64   6.1988 W   2.2        2.1       12.1        6.8       58.5*
070821  151706  48  34.4851 N  64   6.1988 W   2.1        2.1       11.6*       6.8       58.5 
070821  151707  48  34.4855 N  64   6.1988 W   2.0        2.1       11.6        6.8       58.5 
070821  151708  48  34.4859 N  64   6.1988 W   1.9        2.1       11.6        6.5*      58.5 
070821  151709  48  34.4864 N  64   6.1989 W   1.8        2.1       11.6        6.5       58.5 
070821  151710  48  34.4869 N  64   6.1989 W   1.8        2.1       11.6        6.5       58.5*
070821  151711  48  34.4874 N  64   6.1990 W   1.8        2.1       11.6        6.5       58.5 
070821  151712  48  34.4878 N  64   6.1991 W   1.8        2.1       11.6        6.5       58.5 
070821  151713  48  34.4884 N  64   6.1990 W   1.8        2.1       11.6        6.5*      58.5 
070821  151714  48  34.4889 N  64   6.1990 W   1.8        2.1       11.6        6.5       58.5 
070821  151715  48  34.4894 N  64   6.1990 W   1.8        2.1       11.6        6.5       58.5 
070821  151716  48  34.4898 N  64   6.1988 W   1.8        2.1       11.6        6.5       58.9*
070821  151717  48  34.4904 N  64   6.1987 W   1.9        2.1       11.6        6.5       58.9 
070821  151718  48  34.4909 N  64   6.1986 W   1.9        2.1       11.6        5.9*      58.9 
070821  151719  48  34.4915 N  64   6.1985 W   1.9        2.1       11.6        5.9       58.9 
070821  151720  48  34.4919 N  64   6.1986 W   1.9        2.1       11.6        5.9       58.9 
070821  151721  48  34.4925 N  64   6.1986 W   1.9        2.1       11.6        5.9       60.3*
070821  151722  48  34.4931 N  64   6.1985 W   2.0        2.1       11.6        5.9       60.3 
070821  151723  48  34.4936 N  64   6.1985 W   1.9        2.1       11.6        5.9*      60.3 
070821  151724  48  34.4941 N  64   6.1985 W   1.9        2.1       11.6        5.9       60.3 
070821  151725  48  34.4946 N  64   6.1985 W   1.9        2.1       11.6        5.9       60.3 
070821  151726  48  34.4952 N  64   6.1985 W   1.9        2.1       11.6        5.9       60.3 
070821  151727  48  34.4955 N  64   6.1984 W   1.9        2.1       11.6        5.9       65.1*
070821  151728  48  34.4960 N  64   6.1985 W   1.9        2.1       11.6        5.9       65.1 
070821  151729  48  34.4966 N  64   6.1985 W   1.9        2.1       11.6        5.3*      65.1 
070821  151730  48  34.4971 N  64   6.1985 W   1.9        2.1       13.3*       5.3       65.1 
070821  151731  48  34.4976 N  64   6.1984 W   1.9        2.1       13.3        5.3       65.1 
070821  151732  48  34.4981 N  64   6.1984 W   1.9        2.1       13.3        5.3       66.9*
070821  151733  48  34.4987 N  64   6.1984 W   1.9        2.1       13.3        5.3       66.9 
070821  151734  48  34.4993 N  64   6.1985 W   1.9        2.1       13.3        5.6*      66.9 
070821  151735  48  34.4998 N  64   6.1985 W   1.9        2.1       13.3        5.6       66.9 
070821  151736  48  34.5003 N  64   6.1985 W   1.9        2.1       13.3        5.6       66.9 
070821  151737  48  34.5009 N  64   6.1985 W   1.9        2.1       13.3        5.6       66.9 
070821  151738  48  34.5015 N  64   6.1985 W   1.9        2.1       13.3        5.6       68.2*
070821  151739  48  34.5020 N  64   6.1985 W   1.9        2.1       13.3        5.9*      68.2 
070821  151740  48  34.5026 N  64   6.1985 W   1.9        2.1       13.3        5.9       68.2 
070821  151741  48  34.5032 N  64   6.1984 W   1.9        2.1       13.3        5.9       68.2 
070821  151742  48  34.5037 N  64   6.1985 W   2.0        2.1       13.3        5.9       68.2 
070821  151743  48  34.5043 N  64   6.1985 W   2.0        2.1       13.3        5.9       68.6*
070821  151744  48  34.5049 N  64   6.1985 W   2.0        2.1       13.3        5.7*      68.6 
070821  151745  48  34.5054 N  64   6.1983 W   2.0        2.1       13.3        5.7       68.6 
070821  151746  48  34.5059 N  64   6.1983 W   2.0        2.1       13.3        5.7       68.6 
070821  151747  48  34.5065 N  64   6.1984 W   2.0        2.1       13.3        5.7       68.6 
070821  151748  48  34.5071 N  64   6.1984 W   2.0        2.1       13.3        5.7       73.9*
070821  151749  48  34.5078 N  64   6.1984 W   2.0        2.1       13.3        5.7       73.9 
070821  151750  48  34.5084 N  64   6.1984 W   2.1        2.1       13.3        5.2*      73.9 
070821  151751  48  34.5090 N  64   6.1984 W   2.1        2.1       13.3        5.2       73.9 
070821  151752  48  34.5096 N  64   6.1985 W   2.1        2.1       13.3        5.2       73.9 
070821  151753  48  34.5103 N  64   6.1984 W   2.2        2.1       13.3        5.2       73.9 
070821  151754  48  34.5109 N  64   6.1984 W   2.1        2.1       13.3        5.2       80.1*
070821  151755  48  34.5113 N  64   6.1983 W   2.1        2.1       13.3        6.2*      80.1 
070821  151756  48  34.5120 N  64   6.1983 W   2.1        2.1       13.3        6.2       80.1 
070821  151757  48  34.5126 N  64   6.1982 W   2.2        2.1       13.3        6.2       80.1 
070821  151758  48  34.5131 N  64   6.1982 W   2.1        2.1       13.3        6.2       80.1 
070821  151759  48  34.5136 N  64   6.1981 W   2.0        2.1       13.3        6.2       76.5*
070821  151800  48  34.5141 N  64   6.1978 W   2.1        2.1        2.6*       5.4*      76.5 
070821  151801  48  34.5146 N  64   6.1976 W   2.1        2.1        2.6        5.4       76.5 
070821  151802  48  34.5151 N  64   6.1976 W   2.0        2.1        2.6        5.4       76.5 
070821  151803  48  34.5155 N  64   6.1974 W   2.0        2.1        2.6        5.4       76.5 
070821  151804  48  34.5160 N  64   6.1971 W   2.0        2.1        2.6        5.4       76.5 
070821  151805  48  34.5166 N  64   6.1971 W   2.0        2.1        2.6        5.2*      83.1*
070821  151806  48  34.5171 N  64   6.1971 W   2.0        2.1        2.6        5.2       83.1 
070821  151807  48  34.5177 N  64   6.1972 W   2.0        2.8*       2.6        5.2       83.1 
070821  151808  48  34.5182 N  64   6.1972 W   2.0        2.8        2.6        5.2       83.1 
070821  151809  48  34.5188 N  64   6.1971 W   2.0        2.8        2.6        5.2       83.1 
070821  151810  48  34.5192 N  64   6.1970 W   2.0        2.8        2.6        5.2       83.6*
070821  151811  48  34.5197 N  64   6.1971 W   1.9        2.8        2.6        5.9*      83.6 
070821  151812  48  34.5202 N  64   6.1970 W   2.0        2.8        2.6        5.9       83.6 
070821  151813  48  34.5207 N  64   6.1970 W   2.0        2.8        2.9*       5.9       83.6 
070821  151814  48  34.5213 N  64   6.1971 W   1.9        2.8        2.9        5.9       83.6 
070821  151815  48  34.5219 N  64   6.1972 W   1.9        2.8        2.9        5.9       83.6 
070821  151816  48  34.5224 N  64   6.1972 W   1.9        2.8        2.9        5.6*      85.8*
070821  151817  48  34.5231 N  64   6.1973 W   1.9        2.8        2.9        5.6       85.8 
070821  151818  48  34.5236 N  64   6.1973 W   1.9        2.8        2.9        5.6       85.8 
070821  151819  48  34.5242 N  64   6.1974 W   1.9        2.8        2.9        5.6       85.8 
070821  151820  48  34.5247 N  64   6.1975 W   1.9        3.7*       2.9        5.6       85.8 
070821  151821  48  34.5254 N  64   6.1975 W   2.0        3.7        2.9        5.3*      89.7*
070821  151822  48  34.5260 N  64   6.1975 W   2.0        3.7        2.9        5.3       89.7 
070821  151823  48  34.5265 N  64   6.1977 W   1.9        3.7        2.9        5.3       89.7 
070821  151824  48  34.5270 N  64   6.1976 W   2.0        3.7        2.9        5.3       89.7 
070821  151825  48  34.5277 N  64   6.1975 W   2.0        3.7        2.9        5.3       89.7 
070821  151826  48  34.5282 N  64   6.1976 W   2.0        3.7        2.9        6.3*      89.7 
070821  151827  48  34.5286 N  64   6.1977 W   1.9        3.7        2.9        6.3       90.6*
070821  151828  48  34.5291 N  64   6.1976 W   1.9        3.7        2.9        6.3       90.6 
070821  151829  48  34.5296 N  64   6.1976 W   2.0        3.7        2.9        6.3       90.6 
070821  151830  48  34.5301 N  64   6.1978 W   1.9        3.7        2.9        6.3       90.6 
070821  151831  48  34.5306 N  64   6.1980 W   1.9        3.7        2.9        5.9*      90.6 
070821  151832  48  34.5312 N  64   6.1980 W   1.9        3.7        2.9        5.9       94.1*
070821  151833  48  34.5318 N  64   6.1981 W   1.9        3.7        2.9        5.9       94.1 
070821  151834  48  34.5323 N  64   6.1981 W   1.9        3.7        2.9        5.9       94.1 
070821  151835  48  34.5328 N  64   6.1982 W   1.9        3.7        2.9        5.9       94.1 
070821  151836  48  34.5334 N  64   6.1980 W   1.9        3.7        2.9        5.9       94.1 
070821  151837  48  34.5338 N  64   6.1978 W   2.0        3.7        2.9        6.4*      94.1 
070821  151838  48  34.5344 N  64   6.1979 W   1.9        3.7        2.9        6.4       95.5*
070821  151839  48  34.5348 N  64   6.1977 W   2.0        3.7        3.1*       6.4       95.5 
070821  151840  48  34.5354 N  64   6.1977 W   2.0        3.7        3.1        6.4       95.5 
070821  151841  48  34.5360 N  64   6.1974 W   2.0        3.7        3.1        6.4       95.5 
070821  151842  48  34.5366 N  64   6.1975 W   2.0        3.7        3.1        6.8*      95.5 
070821  151843  48  34.5372 N  64   6.1977 W   2.0        3.7        3.1        6.8       97.7*
070821  151844  48  34.5378 N  64   6.1977 W   2.1        3.7        3.1        6.8       97.7 
070821  151845  48  34.5384 N  64   6.1978 W   2.1        3.7        3.1        6.8       97.7 
070821  151846  48  34.5390 N  64   6.1978 W   2.0        4.3*       3.1        6.8       97.7 
070821  151847  48  34.5396 N  64   6.1978 W   2.1        4.3        3.1        8.2*      97.7 
070821  151848  48  34.5403 N  64   6.1977 W   2.1        4.3        3.1        8.2       97.7 
070821  151849  48  34.5409 N  64   6.1977 W   2.1        4.3        3.1        8.2       98.1*
070821  151850  48  34.5415 N  64   6.1979 W   2.1        4.3        3.1        8.2       98.1 
070821  151851  48  34.5421 N  64   6.1979 W   2.1        4.3        3.1        8.2       98.1 
070821  151852  48  34.5428 N  64   6.1977 W   2.1        4.3        3.1        8.2       98.1 
070821  151853  48  34.5434 N  64   6.1977 W   2.1        4.3        3.1        8.0*      98.1 
070821  151854  48  34.5440 N  64   6.1976 W   2.1        4.3        3.1        8.0       97.2*
070821  151855  48  34.5447 N  64   6.1977 W   2.1        4.3        3.1        8.0       97.2 
070821  151856  48  34.5453 N  64   6.1977 W   2.1        4.3        3.1        8.0       97.2 
070821  151857  48  34.5458 N  64   6.1978 W   2.1        4.3        3.1        8.0       97.2 
070821  151858  48  34.5464 N  64   6.1977 W   2.1        4.3        3.1        9.0*      97.2 
070821  151859  48  34.5471 N  64   6.1978 W   2.2        4.3        3.1        9.0       97.2 
070821  151900  48  34.5476 N  64   6.1980 W   2.1        4.3        3.1        9.0       98.5*
070821  151901  48  34.5482 N  64   6.1980 W   2.1        4.3        3.1        9.0       98.5 
070821  151902  48  34.5488 N  64   6.1980 W   2.1        4.3        3.1        9.0       98.5 
070821  151903  48  34.5493 N  64   6.1980 W   2.1        4.3        3.1        9.0*      98.5 
070821  151904  48  34.5496 N  64   6.1980 W   2.0        4.3        3.1        9.0       98.5 
070821  151905  48  34.5502 N  64   6.1978 W   2.1        4.3        3.1        9.0       99.0*
070821  151906  48  34.5508 N  64   6.1979 W   2.1        4.3        3.1        9.0       99.0 
070821  151907  48  34.5513 N  64   6.1981 W   2.0        4.3        3.1        9.0       99.0 
070821  151908  48  34.5519 N  64   6.1982 W   2.0        4.3        3.1       10.0*      99.0 
070821  151909  48  34.5525 N  64   6.1983 W   2.0        4.3        3.1       10.0       99.0 
070821  151910  48  34.5530 N  64   6.1982 W   2.0        4.3        3.1       10.0       99.0 
070821  151911  48  34.5536 N  64   6.1982 W   2.0        4.3        3.1       10.0       97.7*
070821  151912  48  34.5542 N  64   6.1982 W   2.0        4.3        3.1       10.0       97.7 
070821  151913  48  34.5547 N  64   6.1983 W   2.0        4.3        3.1       10.0       97.7 
070821  151914  48  34.5553 N  64   6.1982 W   2.0        4.3        3.1       10.3*      97.7 
070821  151915  48  34.5559 N  64   6.1982 W   2.0        4.3        3.1       10.3       97.7 
070821  151916  48  34.5564 N  64   6.1983 W   2.0        4.3        3.1       10.3      101.2*
070821  151917  48  34.5569 N  64   6.1982 W   2.0        4.3        3.1       10.3      101.2 
070821  151918  48  34.5575 N  64   6.1982 W   2.0        4.3        3.1       10.3      101.2 
070821  151919  48  34.5579 N  64   6.1982 W   2.0        4.3        3.1       10.7*     101.2 
070821  151920  48  34.5585 N  64   6.1983 W   2.0        4.3        3.1       10.7      101.2 
070821  151921  48  34.5591 N  64   6.1984 W   2.0        4.3        3.1       10.7      101.2 
070821  151922  48  34.5597 N  64   6.1985 W   2.0        4.3        3.1       10.7       98.1*
070821  151923  48  34.5603 N  64   6.1985 W   2.1        4.3        3.1       10.7       98.1 
070821  151924  48  34.5609 N  64   6.1986 W   2.0        4.3        3.1       10.7       98.1 
070821  151925  48  34.5615 N  64   6.1987 W   2.1        4.3        3.1       10.7       98.1 
070821  151926  48  34.5621 N  64   6.1986 W   2.1        4.3        3.1       10.7       98.1 
070821  151927  48  34.5627 N  64   6.1986 W   2.1        4.3        3.1       10.7      100.3*
070821  151928  48  34.5633 N  64   6.1986 W   2.1        4.3        3.1       10.7      100.3 
070821  151929  48  34.5640 N  64   6.1986 W   2.1        4.3        3.1       10.7      100.3 
070821  151930  48  34.5646 N  64   6.1985 W   2.2        4.3        3.1       10.7      100.3 
070821  151931  48  34.5652 N  64   6.1986 W   2.1        4.3        3.1       10.7      100.3 
070821  151932  48  34.5659 N  64   6.1986 W   2.2        4.3        3.1       10.7      100.3 
070821  151933  48  34.5665 N  64   6.1984 W   2.2        4.3        3.1       10.7       98.1*
070821  151934  48  34.5670 N  64   6.1984 W   2.2        4.3        3.1       10.7       98.1 
070821  151935  48  34.5677 N  64   6.1984 W   2.2        4.3        3.1       11.0*      98.1 
070821  151936  48  34.5684 N  64   6.1984 W   2.2        4.3        3.1       11.0       98.1 
070821  151937  48  34.5689 N  64   6.1983 W   2.2        4.3        3.1       11.0       98.1 
070821  151938  48  34.5696 N  64   6.1984 W   2.2        4.3        3.1       11.0       98.1 
070821  151939  48  34.5703 N  64   6.1983 W   2.2        4.3        3.1       11.0       98.1 
070821  151940  48  34.5709 N  64   6.1984 W   2.2        4.3        3.1       11.0       98.1 
070821  151941  48  34.5715 N  64   6.1984 W   2.2        4.3        3.1       11.0       98.1 
070821  151942  48  34.5720 N  64   6.1981 W   2.2        4.3        3.1       11.0       98.1 
070821  151943  48  34.5725 N  64   6.1980 W   2.2        4.3        3.1       11.0       98.1 
070821  151944  48  34.5731 N  64   6.1978 W   2.2        4.3        3.1       11.0       98.1 
070821  151945  48  34.5736 N  64   6.1977 W   2.2        4.3        3.1       24.1*      98.1 
070821  151946  48  34.5742 N  64   6.1975 W   2.2        4.3        3.1       24.1       98.1 
070821  151947  48  34.5746 N  64   6.1974 W   2.2        4.3        3.1       24.1       98.1 
070821  151948  48  34.5753 N  64   6.1973 W   2.2        4.3        3.1       24.1       98.1 
070821  151949  48  34.5758 N  64   6.1972 W   2.2        4.3        3.1       24.1      102.9*
070821  151950  48  34.5764 N  64   6.1972 W   2.2        4.3        3.1       24.1      102.9 
070821  151951  48  34.5770 N  64   6.1973 W   2.1        4.3        3.1       24.1      102.9 
070821  151952  48  34.5776 N  64   6.1973 W   2.1        4.3        3.1       24.1      102.9 
070821  151953  48  34.5782 N  64   6.1971 W   2.2        4.3        3.1       24.1      102.9 
070821  151954  48  34.5788 N  64   6.1971 W   2.1        4.3        3.1       24.1      102.9 
070821  151955  48  34.5792 N  64   6.1971 W   2.1        4.3        3.1       12.1*      98.1*
070821  151956  48  34.5798 N  64   6.1972 W   2.1        4.3        3.1       12.1       98.1 
070821  151957  48  34.5803 N  64   6.1970 W   2.1        4.3        3.1       12.1       98.1 
070821  151958  48  34.5809 N  64   6.1970 W   2.1        4.3        3.1       12.1       98.1 
070821  151959  48  34.5814 N  64   6.1971 W   2.0        4.3        3.1       12.1       98.1 
070821  152000  48  34.5818 N  64   6.1971 W   1.9        4.3        3.1       12.1       98.1*
070821  152001  48  34.5825 N  64   6.1970 W   2.0        4.3        3.1       12.1       98.1 
070821  152002  48  34.5830 N  64   6.1970 W   2.0        8.8*       3.1       12.1       98.1 
070821  152003  48  34.5834 N  64   6.1970 W   1.9        8.8        3.1       12.1       98.1 
070821  152004  48  34.5839 N  64   6.1971 W   1.9        8.8        3.1       12.1       98.1 
070821  152005  48  34.5845 N  64   6.1971 W   1.9        8.8        3.1       12.1       98.1 
070821  152006  48  34.5850 N  64   6.1969 W   1.9        8.8        3.1       12.1      103.4*
070821  152007  48  34.5855 N  64   6.1968 W   1.9        8.8        3.1       12.1      103.4 
070821  152008  48  34.5859 N  64   6.1967 W   1.8        8.8        3.1       12.1      103.4 
070821  152009  48  34.5865 N  64   6.1969 W   1.8        2.2*       3.1       12.1      103.4 
070821  152010  48  34.5870 N  64   6.1967 W   1.9        2.2        3.1       12.1      103.4 
070821  152011  48  34.5874 N  64   6.1966 W   1.9        2.2        3.1       12.1      103.4 
070821  152012  48  34.5879 N  64   6.1966 W   1.8        2.2        3.1       12.1       94.6*
070821  152013  48  34.5883 N  64   6.1964 W   1.8        2.2        3.1       12.1       94.6 
070821  152014  48  34.5889 N  64   6.1963 W   1.8        2.2        3.1       12.1       94.6 
070821  152015  48  34.5894 N  64   6.1963 W   1.8        2.2        3.1       12.1       94.6 
070821  152016  48  34.5898 N  64   6.1964 W   1.7        2.2        3.1       12.1       94.6 
070821  152017  48  34.5904 N  64   6.1963 W   1.8        2.2        3.1       11.5*      98.1*
070821  152018  48  34.5909 N  64   6.1964 W   1.8        2.2        3.1       11.5       98.1 
070821  152019  48  34.5914 N  64   6.1964 W   1.7        2.2        3.1       11.5       98.1 
070821  152020  48  34.5918 N  64   6.1965 W   1.7        2.2        3.1       11.5       98.1 
070821  152021  48  34.5924 N  64   6.1965 W   1.8        2.2        3.1       11.5       98.1 
070821  152022  48  34.5930 N  64   6.1965 W   1.8        2.2        3.1       12.1*      98.1 
070821  152023  48  34.5934 N  64   6.1965 W   1.7        2.2        3.1       12.1       98.1*
070821  152024  48  34.5939 N  64   6.1966 W   1.8        2.2        3.1       12.1       98.1 
070821  152025  48  34.5945 N  64   6.1966 W   1.8        2.2        3.1       12.1       98.1 
070821  152026  48  34.5951 N  64   6.1967 W   1.9        2.2        3.1       12.1       98.1 
070821  152027  48  34.5954 N  64   6.1966 W   1.8        2.2        3.1       12.1       98.1 
070821  152028  48  34.5959 N  64   6.1967 W   1.8        2.2        3.1       12.1       99.0*
070821  152029  48  34.5965 N  64   6.1966 W   1.9        2.2        3.1       12.1       99.0 
070821  152030  48  34.5971 N  64   6.1966 W   1.9        2.2        3.1       12.1       99.0 
070821  152031  48  34.5976 N  64   6.1968 W   1.9        2.2        3.1       12.1       99.0 
070821  152032  48  34.5980 N  64   6.1967 W   1.9        2.2        3.1       11.3*      99.0 
070821  152033  48  34.5987 N  64   6.1968 W   1.9        2.2        3.1       11.3       99.0 
070821  152034  48  34.5993 N  64   6.1967 W   2.0        2.2        3.1       11.3       99.4*
070821  152035  48  34.5999 N  64   6.1969 W   2.0        2.2        3.1       11.3       99.4 
070821  152036  48  34.6003 N  64   6.1968 W   1.9        2.2        3.1       11.3       99.4 
070821  152037  48  34.6010 N  64   6.1970 W   2.0        2.2        3.1       11.3       99.4 
070821  152038  48  34.6016 N  64   6.1970 W   2.1        2.2        3.1       10.6*      99.4 
070821  152039  48  34.6022 N  64   6.1970 W   2.0        2.2        3.1       10.6      107.3*
070821  152040  48  34.6027 N  64   6.1970 W   2.0        2.2        3.1       10.6      107.3 
070821  152041  48  34.6032 N  64   6.1969 W   2.1        2.2        3.1       10.6      107.3 
070821  152042  48  34.6039 N  64   6.1970 W   2.1        2.2        3.1       10.6      107.3 
070821  152043  48  34.6046 N  64   6.1971 W   2.1        2.2        3.1       10.5*     107.3 
070821  152044  48  34.6053 N  64   6.1973 W   2.1        2.2        3.1       10.5      107.3 
070821  152045  48  34.6059 N  64   6.1975 W   2.1        2.2        3.1       10.5       90.2*
070821  152046  48  34.6064 N  64   6.1974 W   2.1        2.2        3.1       10.5       90.2 
070821  152047  48  34.6071 N  64   6.1974 W   2.2        2.2        3.1       10.5       90.2 
070821  152048  48  34.6077 N  64   6.1976 W   2.1        2.2        3.1       10.5       90.2 
070821  152049  48  34.6082 N  64   6.1978 W   2.1        2.2        3.1       10.5       90.2 
070821  152050  48  34.6090 N  64   6.1979 W   2.1        2.2        3.1       10.5       98.5*
070821  152051  48  34.6096 N  64   6.1980 W   2.1        2.2        3.1       10.5       98.5 
070821  152052  48  34.6101 N  64   6.1981 W   2.1        2.2        3.1       10.5       98.5 
070821  152053  48  34.6107 N  64   6.1982 W   2.1        2.2        3.1       10.5*      98.5 
070821  152054  48  34.6114 N  64   6.1983 W   2.1        2.2        3.1       10.5       98.5 
070821  152055  48  34.6121 N  64   6.1984 W   2.1        2.2        3.1       10.5       98.5 
070821  152056  48  34.6127 N  64   6.1985 W   2.1        2.2        3.1       10.5       99.0*
070821  152057  48  34.6133 N  64   6.1986 W   2.1        2.2        3.1       10.5       99.0 
070821  152058  48  34.6140 N  64   6.1985 W   2.1        2.2        3.1       10.5       99.0 
070821  152059  48  34.6146 N  64   6.1985 W   2.1        2.2        3.1        9.5*      99.0 
070821  152100  48  34.6151 N  64   6.1984 W   2.1        2.2        3.1        9.5       99.0 
070821  152101  48  34.6157 N  64   6.1983 W   2.1        2.2        3.1        9.5       99.4*
070821  152102  48  34.6162 N  64   6.1982 W   2.1        2.2        3.1        9.5       99.4 
070821  152103  48  34.6168 N  64   6.1982 W   2.1        2.2        3.1        9.5       99.4 
070821  152104  48  34.6175 N  64   6.1981 W   2.2        2.2        3.1        9.3*      99.4 
070821  152105  48  34.6181 N  64   6.1982 W   2.1        2.2        3.1        9.3       99.4 
070821  152106  48  34.6187 N  64   6.1982 W   2.1        2.2        3.1        9.3       99.4 
070821  152107  48  34.6194 N  64   6.1983 W   2.1        2.2        3.1        9.3       97.7*
070821  152108  48  34.6201 N  64   6.1982 W   2.2        2.2        3.1        9.3       97.7 
070821  152109  48  34.6206 N  64   6.1983 W   2.1        2.2        3.1       14.1*      97.7 
070821  152110  48  34.6212 N  64   6.1985 W   2.1        2.2        3.1       14.1       97.7 
070821  152111  48  34.6219 N  64   6.1986 W   2.1        2.2        3.1       14.1       97.7 
070821  152112  48  34.6224 N  64   6.1986 W   2.1        2.2        3.1       14.1       97.7*
070821  152113  48  34.6228 N  64   6.1985 W   2.0        2.2        3.1       14.1       97.7 
070821  152114  48  34.6231 N  64   6.1981 W   2.0        2.2        3.1       14.1       97.7 
070821  152115  48  34.6237 N  64   6.1980 W   2.1        2.2        3.1        2.4*      97.7 
070821  152116  48  34.6242 N  64   6.1978 W   2.1        2.2        3.1        2.4       97.7 
070821  152117  48  34.6248 N  64   6.1979 W   2.0        2.2        3.1        2.4       97.7 
070821  152118  48  34.6251 N  64   6.1978 W   2.0        2.2        3.1        2.4       99.0*
070821  152119  48  34.6257 N  64   6.1976 W   2.0        2.2        3.1        2.4       99.0 
070821  152120  48  34.6262 N  64   6.1975 W   2.1        2.2        3.1        8.0*      99.0 
070821  152121  48  34.6267 N  64   6.1977 W   2.0        2.2        3.1        8.0       99.0 
070821  152122  48  34.6273 N  64   6.1978 W   2.0        2.2        3.1        8.0       99.0 
070821  152123  48  34.6279 N  64   6.1978 W   2.0        2.2        3.1        8.0       98.1*
070821  152124  48  34.6285 N  64   6.1978 W   2.0        2.2        3.1        8.0       98.1 
070821  152125  48  34.6289 N  64   6.1978 W   2.0        2.2        3.1        8.4*      98.1 
070821  152126  48  34.6295 N  64   6.1980 W   2.0        2.2        3.1        8.4       98.1 
070821  152127  48  34.6302 N  64   6.1980 W   2.0        2.2        3.1        8.4       98.1 
070821  152128  48  34.6307 N  64   6.1978 W   2.0        2.2        3.1        8.4       98.1 
070821  152129  48  34.6312 N  64   6.1978 W   2.0        2.2        3.1        8.4       96.8*
070821  152130  48  34.6317 N  64   6.1977 W   2.0        2.2        3.1        5.0*      96.8 
070821  152131  48  34.6323 N  64   6.1977 W   2.0        2.2        3.1        5.0       96.8 
070821  152132  48  34.6329 N  64   6.1978 W   2.0        2.2        3.1        5.0       96.8 
070821  152133  48  34.6335 N  64   6.1978 W   2.1        2.2       11.4*       5.0       96.8 
070821  152134  48  34.6342 N  64   6.1978 W   2.1        2.2       11.4        5.0       98.1*
070821  152135  48  34.6347 N  64   6.1978 W   2.1        2.2       11.4        5.0       98.1 
070821  152136  48  34.6352 N  64   6.1978 W   2.1        2.2       11.4        6.2*      98.1 
070821  152137  48  34.6359 N  64   6.1977 W   2.1        2.2       11.4        6.2       98.1 
070821  152138  48  34.6365 N  64   6.1976 W   2.2        2.2       11.4        6.2       98.1 
070821  152139  48  34.6371 N  64   6.1974 W   2.1        2.2       11.4        6.2       98.1 
070821  152140  48  34.6377 N  64   6.1974 W   2.1        2.2       11.4        6.2       99.0*
070821  152141  48  34.6384 N  64   6.1973 W   2.2        2.2       11.4        6.8*      99.0 
070821  152142  48  34.6390 N  64   6.1974 W   2.2        2.2       11.4        6.8       99.0 
070821  152143  48  34.6396 N  64   6.1975 W   2.1        2.2       11.4        6.8       99.0 
070821  152144  48  34.6402 N  64   6.1974 W   2.2        2.2       11.4        6.8       99.0 
070821  152145  48  34.6408 N  64   6.1973 W   2.2        2.2       11.4        6.8       97.2*
070821  152146  48  34.6413 N  64   6.1973 W   2.1        2.2       11.4        6.4*      97.2 
070821  152147  48  34.6419 N  64   6.1974 W   2.1        2.2       11.4        6.4       97.2 
070821  152148  48  34.6424 N  64   6.1973 W   2.1        2.2       11.4        6.4       97.2 
070821  152149  48  34.6430 N  64   6.1974 W   2.1        2.2       11.4        6.4       97.2 
070821  152150  48  34.6436 N  64   6.1975 W   2.1        2.2       11.4        6.4       97.2 
070821  152151  48  34.6443 N  64   6.1975 W   2.1        2.2       11.4        6.4       97.2*
070821  152152  48  34.6448 N  64   6.1975 W   2.1        2.2       11.4        6.4       97.2 
070821  152153  48  34.6454 N  64   6.1976 W   2.0        2.2       11.4        6.4       97.2 
070821  152154  48  34.6460 N  64   6.1976 W   2.1        2.2       11.4        6.4       97.2 
070821  152155  48  34.6465 N  64   6.1976 W   2.0        2.2       11.4        6.4       97.2 
070821  152156  48  34.6470 N  64   6.1976 W   2.0        2.2       11.4        6.4       98.5*
070821  152157  48  34.6476 N  64   6.1976 W   2.0        2.2       11.4       39.2*      98.5 
070821  152158  48  34.6482 N  64   6.1976 W   2.0        2.2       11.4       39.2       98.5 
070821  152159  48  34.6488 N  64   6.1976 W   2.0        2.2       11.4       39.2       98.5 
070821  152200  48  34.6494 N  64   6.1977 W   2.0        2.2       11.4       39.2       98.5 
070821  152201  48  34.6499 N  64   6.1975 W   2.1        2.2       11.4       39.2       98.5 
070821  152202  48  34.6504 N  64   6.1974 W   2.1        2.2       11.4        6.5*      98.1*
070821  152203  48  34.6509 N  64   6.1972 W   2.1        2.2       11.4        6.5       98.1 
070821  152204  48  34.6515 N  64   6.1970 W   2.1        2.2       11.4        6.5       98.1 
070821  152205  48  34.6521 N  64   6.1969 W   2.1        2.2       11.4        6.5       98.1 
070821  152206  48  34.6526 N  64   6.1970 W   2.1        2.2       11.4        6.5       98.1 
070821  152207  48  34.6531 N  64   6.1967 W   2.1        2.2       11.4        6.8*      99.0*
070821  152208  48  34.6537 N  64   6.1967 W   2.1        2.2       11.4        6.8       99.0 
070821  152209  48  34.6542 N  64   6.1967 W   2.1        2.2       11.4        6.8       99.0 
070821  152210  48  34.6547 N  64   6.1969 W   2.0        2.2       11.4        6.8       99.0 
070821  152211  48  34.6552 N  64   6.1967 W   2.1        2.2       11.4        6.8       99.0 
070821  152212  48  34.6559 N  64   6.1967 W   2.1        2.2       11.4        6.6*      99.0 
070821  152213  48  34.6563 N  64   6.1968 W   1.9        2.2       11.4        6.6      102.9*
070821  152214  48  34.6568 N  64   6.1969 W   1.9        2.2       11.4        6.6      102.9 
070821  152215  48  34.6574 N  64   6.1969 W   1.9        2.2       11.4        6.6      102.9 
070821  152216  48  34.6579 N  64   6.1969 W   1.9        2.2       11.4        6.6      102.9 
070821  152217  48  34.6583 N  64   6.1970 W   1.8        2.2       11.4        6.6      102.9 
070821  152218  48  34.6587 N  64   6.1970 W   1.8        2.2       11.4        6.6      102.9 
070821  152219  48  34.6594 N  64   6.1970 W   1.8        2.2       11.4        6.6      102.9 
070821  152220  48  34.6598 N  64   6.1969 W   1.8        2.2       11.4        6.6      102.9 
070821  152221  48  34.6602 N  64   6.1970 W   1.7        2.2       11.4        6.6      102.9 
070821  152222  48  34.6608 N  64   6.1970 W   1.8        2.2       11.4        6.6      102.9 
070821  152223  48  34.6613 N  64   6.1968 W   1.8        2.2       11.4        6.6      102.9 
070821  152224  48  34.6618 N  64   6.1969 W   1.8        2.2       11.4        6.6      102.9 
070821  152225  48  34.6623 N  64   6.1971 W   1.8        2.2       11.4        6.6      102.9 
070821  152226  48  34.6630 N  64   6.1972 W   1.9        2.2       11.4        6.6      102.9 
070821  152227  48  34.6636 N  64   6.1972 W   1.9        2.2       11.4        6.6      102.9 
070821  152228  48  34.6641 N  64   6.1973 W   1.9        2.2       11.4        5.6*     102.9 
070821  152229  48  34.6647 N  64   6.1974 W   1.9        2.2       11.4        5.6      101.2*
070821  152230  48  34.6654 N  64   6.1973 W   2.0        2.2       11.4        5.6      101.2 
070821  152231  48  34.6660 N  64   6.1971 W   2.1        2.2       11.4        5.6      101.2 
070821  152232  48  34.6666 N  64   6.1972 W   2.1        2.2       11.4        5.6      101.2 
070821  152233  48  34.6672 N  64   6.1972 W   2.1        2.1*      11.4        5.6*     101.2 
070821  152234  48  34.6679 N  64   6.1972 W   2.2        2.1       11.4        5.6      101.2 
070821  152235  48  34.6686 N  64   6.1971 W   2.3        2.1       11.4        5.6       96.3*
070821  152236  48  34.6693 N  64   6.1970 W   2.3        2.1       11.4        5.6       96.3 
070821  152237  48  34.6699 N  64   6.1969 W   2.3        2.1       11.4        5.6       96.3 
070821  152238  48  34.6707 N  64   6.1968 W   2.4        2.1       11.4        5.6       96.3 
070821  152239  48  34.6715 N  64   6.1968 W   2.4        2.1       11.4        5.8*      96.3 
070821  152240  48  34.6722 N  64   6.1967 W   2.5        2.1       11.4        5.8       99.4*
070821  152241  48  34.6730 N  64   6.1967 W   2.5        2.1       11.4        5.8       99.4 
070821  152242  48  34.6738 N  64   6.1967 W   2.5        2.1       11.4        5.8       99.4 
070821  152243  48  34.6746 N  64   6.1966 W   2.6        2.1       11.4        5.8       99.4 
070821  152244  48  34.6753 N  64   6.1965 W   2.6        2.1       11.4        5.6*      99.4 
070821  152245  48  34.6760 N  64   6.1963 W   2.6        2.1       11.4        5.6       99.4 
070821  152246  48  34.6768 N  64   6.1963 W   2.7        2.1       11.4        5.6       95.5*
070821  152247  48  34.6775 N  64   6.1962 W   2.7        2.1       11.4        5.6       95.5 
070821  152248  48  34.6782 N  64   6.1961 W   2.7        2.1       11.4        5.6       95.5 
070821  152249  48  34.6790 N  64   6.1959 W   2.7        2.1       11.4        5.5*      95.5 
070821  152250  48  34.6797 N  64   6.1959 W   2.7        2.1       11.4        5.5       95.5 
070821  152251  48  34.6803 N  64   6.1958 W   2.6        2.1       11.4        5.5       99.0*
070821  152252  48  34.6810 N  64   6.1957 W   2.6        2.1       11.4        5.5       99.0 
070821  152253  48  34.6817 N  64   6.1956 W   2.6        2.1       11.4        5.5       99.0 
070821  152254  48  34.6823 N  64   6.1956 W   2.5        2.1       11.4        5.4*      99.0 
070821  152255  48  34.6829 N  64   6.1957 W   2.5        2.1       11.4        5.4       99.0 
070821  152256  48  34.6836 N  64   6.1956 W   2.5        2.1       11.4        5.4       99.0 
070821  152257  48  34.6842 N  64   6.1954 W   2.5        2.1       11.4        5.4       97.2*
070821  152258  48  34.6847 N  64   6.1953 W   2.4        2.1       11.4        5.4       97.2 
070821  152259  48  34.6853 N  64   6.1955 W   2.3        2.1       11.4        5.4       97.2 
070821  152300  48  34.6859 N  64   6.1953 W   2.3        2.1       11.4        6.1*      97.2 
070821  152301  48  34.6865 N  64   6.1952 W   2.3        2.1       11.4        6.1       97.2 
070821  152302  48  34.6869 N  64   6.1951 W   2.2        2.1       11.4        6.1       96.3*
070821  152303  48  34.6874 N  64   6.1953 W   2.1        2.1       11.4        6.1       96.3 
070821  152304  48  34.6878 N  64   6.1951 W   2.1        2.1       11.4        6.1       96.3 
070821  152305  48  34.6884 N  64   6.1950 W   2.1        2.1       11.4        5.6*      96.3 
070821  152306  48  34.6889 N  64   6.1949 W   2.1        2.1       11.4        5.6       96.3 
070821  152307  48  34.6893 N  64   6.1949 W   2.0        2.1       11.4        5.6       96.3 
070821  152308  48  34.6898 N  64   6.1949 W   2.0        2.1       11.4        5.6       99.0*
070821  152309  48  34.6904 N  64   6.1949 W   2.0        2.1       11.4        5.6       99.0 
070821  152310  48  34.6910 N  64   6.1949 W   2.0        2.1       11.4        5.9*      99.0 
070821  152311  48  34.6915 N  64   6.1948 W   2.0        2.1       11.4        5.9       99.0 
070821  152312  48  34.6919 N  64   6.1948 W   1.9        2.1       11.4        5.9       99.0 
070821  152313  48  34.6925 N  64   6.1948 W   2.0        2.1       11.4        5.9       98.1*
070821  152314  48  34.6932 N  64   6.1948 W   2.0        2.1       11.4        5.9       98.1 
070821  152315  48  34.6937 N  64   6.1948 W   2.0        2.1       11.4        5.1*      98.1 
070821  152316  48  34.6942 N  64   6.1948 W   2.0        2.1       11.4        5.1       98.1 
070821  152317  48  34.6947 N  64   6.1946 W   2.0        2.1       11.4        5.1       98.1 
070821  152318  48  34.6952 N  64   6.1945 W   2.0        2.1       11.4        5.1       98.1 
070821  152319  48  34.6956 N  64   6.1943 W   2.0        2.1       11.4        5.1       96.3*
070821  152320  48  34.6962 N  64   6.1942 W   2.0        2.1       11.4        5.1       96.3 
070821  152321  48  34.6968 N  64   6.1942 W   2.0        2.1       11.4        5.5*      96.3 
070821  152322  48  34.6974 N  64   6.1944 W   2.0        2.1       11.4        5.5       96.3 
070821  152323  48  34.6981 N  64   6.1944 W   2.1        2.1       11.4        5.5       96.3 
070821  152324  48  34.6988 N  64   6.1944 W   2.1        2.1       11.4        5.5       97.2*
070821  152325  48  34.6993 N  64   6.1944 W   2.1        2.1       11.4        5.5       97.2 
070821  152326  48  34.6999 N  64   6.1944 W   2.1        2.1       11.4        5.6*      97.2 
070821  152327  48  34.7005 N  64   6.1944 W   2.1        2.1       11.4        5.6       97.2 
070821  152328  48  34.7012 N  64   6.1943 W   2.2        2.1       11.4        5.6       97.2 
070821  152329  48  34.7019 N  64   6.1942 W   2.2        2.1       11.4        5.6       97.2 
070821  152330  48  34.7024 N  64   6.1941 W   2.2        2.1       11.4        5.6       99.4*
070821  152331  48  34.7030 N  64   6.1941 W   2.2        2.1       11.4        5.9*      99.4 
070821  152332  48  34.7037 N  64   6.1940 W   2.2        2.1       11.4        5.9       99.4 
070821  152333  48  34.7044 N  64   6.1939 W   2.3        2.1       11.4        5.9       99.4 
070821  152334  48  34.7049 N  64   6.1938 W   2.3        2.1       11.4        5.9       99.4 
070821  152335  48  34.7055 N  64   6.1938 W   2.3        2.1       11.4        5.9       98.1*
070821  152336  48  34.7063 N  64   6.1938 W   2.3        2.1       11.4        4.9*      98.1 
070821  152337  48  34.7069 N  64   6.1935 W   2.3        2.1       11.4        4.9       98.1 
070821  152338  48  34.7075 N  64   6.1934 W   2.3        2.1       11.4        4.9       98.1 
070821  152339  48  34.7080 N  64   6.1932 W   2.3        2.1       11.4        4.9       98.1 
070821  152340  48  34.7086 N  64   6.1931 W   2.3        2.1       11.4        4.9       98.1 
070821  152341  48  34.7093 N  64   6.1932 W   2.3        2.1       11.4        4.9       96.8*
070821  152342  48  34.7098 N  64   6.1931 W   2.2        2.1       11.4        5.4*      96.8 
070821  152343  48  34.7103 N  64   6.1932 W   2.1        2.1       11.4        5.4       96.8 
070821  152344  48  34.7107 N  64   6.1932 W   2.0        2.1       11.4        5.4       96.8 
070821  152345  48  34.7111 N  64   6.1932 W   1.9        2.1       11.4        5.4       96.8 
070821  152346  48  34.7114 N  64   6.1932 W   1.7        2.1       11.4        5.4      124.5*
070821  152347  48  34.7117 N  64   6.1933 W   1.6        2.1       11.4       22.1*     124.5 
070821  152348  48  34.7119 N  64   6.1933 W   1.5        2.1       11.4       22.1      124.5 
070821  152349  48  34.7122 N  64   6.1933 W   1.3        2.1       11.4       22.1      124.5 
070821  152350  48  34.7123 N  64   6.1934 W   1.2        2.1       11.4       22.1      124.5 
070821  152351  48  34.7124 N  64   6.1934 W   1.0        2.1       11.4       22.1      124.5 
070821  152352  48  34.7125 N  64   6.1935 W   0.9        2.1       11.4       22.1      124.5 
070821  152353  48  34.7126 N  64   6.1935 W   0.8        2.1       11.4       22.1      124.5 
070821  152354  48  34.7125 N  64   6.1936 W   0.7        2.1       11.4       22.1      124.5 
070821  152355  48  34.7125 N  64   6.1937 W   0.6        2.1       11.4       22.1      124.5 
070821  152356  48  34.7125 N  64   6.1938 W   0.5        2.1       11.4       22.1      124.5 
070821  152357  48  34.7125 N  64   6.1938 W   0.4        2.1       11.4       22.1      124.5 
070821  152358  48  34.7123 N  64   6.1938 W   0.3        2.7*      11.4       22.1      124.5 
070821  152359  48  34.7122 N  64   6.1938 W   0.2        2.7       11.4       22.1      124.5 
070821  152400  48  34.7121 N  64   6.1939 W   0.1        2.7       11.4       22.1      124.5 
070821  152401  48  34.7120 N  64   6.1940 W   0.1        2.7       11.4       22.1      124.5 
070821  152402  48  34.7119 N  64   6.1941 W   0.1        2.7       11.4       22.1      124.5 
070821  152403  48  34.7117 N  64   6.1941 W   0.2        2.7       11.4        5.9*     124.5 
070821  152404  48  34.7115 N  64   6.1942 W   0.3        2.7       11.4        5.9      124.5 
070821  152405  48  34.7112 N  64   6.1941 W   0.3        2.7       11.4        5.9      124.5 
070821  152406  48  34.7109 N  64   6.1941 W   0.4        2.7       11.4        5.9      124.5 
070821  152407  48  34.7106 N  64   6.1941 W   0.4        2.7       11.4        5.9      124.5 
070821  152408  48  34.7102 N  64   6.1939 W   0.5        2.7       11.4        5.9      124.5 
070821  152409  48  34.7100 N  64   6.1939 W   0.5        2.7       11.4        5.9      124.5 
070821  152410  48  34.7099 N  64   6.1941 W   0.6        2.7       11.4        5.9      124.5 
070821  152411  48  34.7096 N  64   6.1943 W   0.6        2.7       11.4        5.9      124.5 
070821  152412  48  34.7093 N  64   6.1944 W   0.7        2.7       11.4        5.9      124.5 
070821  152413  48  34.7091 N  64   6.1945 W   0.7        2.7       11.4        5.9      124.5 
070821  152414  48  34.7089 N  64   6.1947 W   0.7        2.7       11.4        5.9      124.5*
070821  152415  48  34.7086 N  64   6.1948 W   0.8        2.7       11.4        5.9      124.5 
070821  152416  48  34.7084 N  64   6.1949 W   0.8        2.7       11.4        5.9      124.5 
070821  152417  48  34.7082 N  64   6.1950 W   0.8        2.7       11.4        5.9      124.5 
070821  152418  48  34.7079 N  64   6.1950 W   0.8        2.7       11.4        2.4*     124.5 
070821  152419  48  34.7076 N  64   6.1951 W   0.9        2.7       11.4        2.4       70.4*
070821  152420  48  34.7072 N  64   6.1951 W   0.9        2.7       11.4        2.4       70.4 
070821  152421  48  34.7069 N  64   6.1952 W   0.9        2.7       11.4        2.4       70.4 
070821  152422  48  34.7068 N  64   6.1954 W   0.9        2.7       11.4        2.4       70.4 
070821  152423  48  34.7064 N  64   6.1953 W   1.0        2.7       11.4        2.4       70.4 
070821  152424  48  34.7061 N  64   6.1954 W   1.0        2.7       11.4        2.4       70.4 
070821  152425  48  34.7058 N  64   6.1956 W   1.0        2.7       11.4        2.4      178.6*
070821  152426  48  34.7055 N  64   6.1956 W   1.0        2.7       11.4        2.4      178.6 
070821  152427  48  34.7053 N  64   6.1957 W   1.0        2.7       11.4        2.4      178.6 
070821  152428  48  34.7050 N  64   6.1959 W   1.0        2.7       11.4        2.4      178.6 
070821  152429  48  34.7047 N  64   6.1959 W   1.0        2.7       11.4        2.4      178.6 
070821  152430  48  34.7045 N  64   6.1960 W   1.0        2.7       11.4        2.4      178.6 
070821  152431  48  34.7042 N  64   6.1961 W   1.0        2.7       11.4        2.4       74.3*
070821  152432  48  34.7039 N  64   6.1962 W   1.0        2.7       11.4        2.4       74.3 
070821  152433  48  34.7036 N  64   6.1964 W   1.0        2.7       11.4        2.4       74.3 
070821  152434  48  34.7035 N  64   6.1967 W   1.0        2.7       11.4        2.4       74.3 
070821  152435  48  34.7033 N  64   6.1968 W   1.0        2.7       11.4        2.4       74.3 
070821  152436  48  34.7029 N  64   6.1968 W   1.0        2.7       11.4        2.4       51.0*
070821  152437  48  34.7027 N  64   6.1970 W   1.0        2.7       11.4        2.4       51.0 
070821  152438  48  34.7024 N  64   6.1971 W   1.0        2.7       11.4        2.4       51.0 
070821  152439  48  34.7022 N  64   6.1973 W   1.0        2.7       11.4        0.7*      51.0 
070821  152440  48  34.7019 N  64   6.1974 W   1.0        2.7       11.4        0.7       51.0 
070821  152441  48  34.7016 N  64   6.1975 W   1.0        2.7       11.4        0.7       51.0 
070821  152442  48  34.7014 N  64   6.1976 W   1.0        2.7       11.4        0.7       51.0 
070821  152443  48  34.7011 N  64   6.1977 W   1.0        2.7       11.4        0.7       51.0 
070821  152444  48  34.7008 N  64   6.1978 W   1.0        2.7       11.4        0.7       51.0 
070821  152445  48  34.7006 N  64   6.1979 W   1.0        2.7       13.6*      20.4*      51.0 
070821  152446  48  34.7003 N  64   6.1980 W   1.0        2.7       13.6       20.4       51.0 
070821  152447  48  34.7000 N  64   6.1981 W   1.0        2.7       13.6       20.4       51.0 
070821  152448  48  34.6997 N  64   6.1982 W   1.1        2.7       13.6       20.4       51.0 
070821  152449  48  34.6994 N  64   6.1984 W   1.1        2.7       13.6       20.4       51.0 
070821  152450  48  34.6992 N  64   6.1986 W   1.0        2.7       13.6        0.7*      51.0 
070821  152451  48  34.6988 N  64   6.1986 W   1.0        2.7       13.6        0.7       51.0 
070821  152452  48  34.6985 N  64   6.1987 W   1.1        2.7       13.6        0.7      170.2*
070821  152453  48  34.6982 N  64   6.1989 W   1.1        2.7       13.6        0.7      170.2 
070821  152454  48  34.6979 N  64   6.1991 W   1.1        2.7       13.6        0.7      170.2 
070821  152455  48  34.6976 N  64   6.1992 W   1.1        2.7       13.6        0.7      170.2 
070821  152456  48  34.6973 N  64   6.1993 W   1.1        2.7       13.6        0.7      170.2 
070821  152457  48  34.6970 N  64   6.1995 W   1.1        2.7       11.3*       0.7      170.2 
070821  152458  48  34.6967 N  64   6.1997 W   1.1        2.7       11.3        0.7      170.2 
070821  152459  48  34.6964 N  64   6.1998 W   1.1        2.7       11.3        0.7      170.2 
070821  152500  48  34.6960 N  64   6.1999 W   1.1        2.7       11.3        2.9*     170.2 
070821  152501  48  34.6957 N  64   6.2000 W   1.1        2.7       11.3        2.9      170.2 
070821  152502  48  34.6953 N  64   6.2001 W   1.1        2.7       11.3        2.9      170.2 
070821  152503  48  34.6950 N  64   6.2002 W   1.1        2.7       11.3        2.9      170.2 
070821  152504  48  34.6946 N  64   6.2003 W   1.1        2.7       11.3        2.9      170.2 
070821  152505  48  34.6943 N  64   6.2004 W   1.1        2.7       11.3        0.2*     170.2 
070821  152506  48  34.6940 N  64   6.2006 W   1.2        2.7       11.3        0.2      170.2 
070821  152507  48  34.6934 N  64   6.2005 W   1.2        2.7       11.3        0.2      170.2 
070821  152508  48  34.6930 N  64   6.2004 W   1.2        2.7       11.3        0.2      170.2 
070821  152509  48  34.6924 N  64   6.2003 W   1.2        2.7       11.3        0.2      118.3*
070821  152510  48  34.6920 N  64   6.2004 W   1.2        2.7       11.3        0.2      118.3 
070821  152511  48  34.6915 N  64   6.2004 W   1.2        2.7       11.3        9.2*     118.3 
070821  152512  48  34.6911 N  64   6.2004 W   1.2        2.7       11.3        9.2      118.3 
070821  152513  48  34.6908 N  64   6.2005 W   1.2        2.7       11.3        9.2      118.3 
070821  152514  48  34.6904 N  64   6.2006 W   1.2        2.7       11.3        9.2      118.3 
070821  152515  48  34.6900 N  64   6.2008 W   1.2        2.7       11.3        9.2      118.3 
070821  152516  48  34.6897 N  64   6.2009 W   1.2        2.7       11.3        9.2      118.3 
070821  152517  48  34.6894 N  64   6.2010 W   1.2        2.7       11.3        9.2      118.3 
070821  152518  48  34.6889 N  64   6.2011 W   1.2        2.7       11.3        9.2      118.3 
070821  152519  48  34.6886 N  64   6.2014 W   1.2        2.7       11.3        9.2      118.3 
070821  152520  48  34.6883 N  64   6.2016 W   1.2        2.7       11.3        9.2      118.3 
070821  152521  48  34.6880 N  64   6.2018 W   1.3        2.7       12.3*       6.9*     118.3 
070821  152522  48  34.6876 N  64   6.2021 W   1.3        2.7       12.3        6.9      118.3 
070821  152523  48  34.6873 N  64   6.2023 W   1.3        2.7       12.3        6.9      118.3 
070821  152524  48  34.6870 N  64   6.2025 W   1.3        2.7       12.3        6.9      118.3 
070821  152525  48  34.6865 N  64   6.2026 W   1.3        2.7       12.3        6.9       31.2*
070821  152526  48  34.6860 N  64   6.2028 W   1.4        2.7       12.3        6.9       31.2 
070821  152527  48  34.6857 N  64   6.2031 W   1.4        2.7       12.3        6.9       31.2 
070821  152528  48  34.6854 N  64   6.2033 W   1.3        2.7       12.3        6.9       31.2 
070821  152529  48  34.6850 N  64   6.2034 W   1.4        2.7       12.3        6.9       31.2 
070821  152530  48  34.6844 N  64   6.2036 W   1.5        2.7       12.3        6.9       31.2 
070821  152531  48  34.6841 N  64   6.2039 W   1.5        2.7       12.3        6.9       31.2 
070821  152532  48  34.6838 N  64   6.2042 W   1.4        2.7       12.3        6.9       31.2 
070821  152533  48  34.6834 N  64   6.2043 W   1.4        2.7       11.6*       6.9       31.2 
070821  152534  48  34.6829 N  64   6.2045 W   1.5        2.7       11.6        6.9       31.2 
070821  152535  48  34.6826 N  64   6.2049 W   1.5        2.7       11.6        6.9       31.2 
070821  152536  48  34.6823 N  64   6.2052 W   1.5        2.7       11.6        6.9       31.2 
070821  152537  48  34.6819 N  64   6.2054 W   1.5        2.7       11.6        9.3*      31.2 
070821  152538  48  34.6814 N  64   6.2056 W   1.5        2.7       11.6        9.3       31.2 
070821  152539  48  34.6811 N  64   6.2058 W   1.5        2.7        4.4*       9.3       31.2 
070821  152540  48  34.6807 N  64   6.2059 W   1.5        2.7        4.4        9.3       31.2 
070821  152541  48  34.6803 N  64   6.2061 W   1.5        2.7        4.4        9.3       31.2 
070821  152542  48  34.6799 N  64   6.2063 W   1.5        2.7        4.4        9.3       31.2 
070821  152543  48  34.6795 N  64   6.2064 W   1.5        2.7        4.4        9.3       31.2 
070821  152544  48  34.6791 N  64   6.2066 W   1.4        2.7        4.4        9.3       31.2 
070821  152545  48  34.6788 N  64   6.2068 W   1.4        2.7        4.4        9.3       31.2 
070821  152546  48  34.6784 N  64   6.2071 W   1.4        2.7        4.4        9.3       31.2 
070821  152547  48  34.6781 N  64   6.2075 W   1.4        2.7        4.4        9.3       31.2 
070821  152548  48  34.6778 N  64   6.2077 W   1.4        2.7        4.4        9.3       31.2 
070821  152549  48  34.6774 N  64   6.2079 W   1.4        2.7        4.4        9.3       31.2 
070821  152550  48  34.6770 N  64   6.2080 W   1.4        2.7        4.4        9.3       31.2 
070821  152551  48  34.6767 N  64   6.2082 W   1.4        2.7        4.4        9.3       31.2 
070821  152552  48  34.6764 N  64   6.2085 W   1.4        2.7        4.4        9.3       31.2 
070821  152553  48  34.6760 N  64   6.2086 W   1.4        2.7        4.4        9.3       31.2 
070821  152554  48  34.6756 N  64   6.2089 W   1.4        2.7        4.4        9.3       31.2 
070821  152555  48  34.6753 N  64   6.2092 W   1.4        2.7        4.4        9.3       31.2 
070821  152556  48  34.6750 N  64   6.2093 W   1.4        2.7        4.4        9.3       31.2 
070821  152557  48  34.6746 N  64   6.2094 W   1.4        2.7        4.4        2.2*      31.2 
070821  152558  48  34.6742 N  64   6.2095 W   1.4        2.7        9.4*       2.2       31.2 
070821  152559  48  34.6738 N  64   6.2097 W   1.4        2.7        9.4        2.2       31.2 
070821  152600  48  34.6735 N  64   6.2099 W   1.3        2.7        9.4        2.2       31.2 
070821  152601  48  34.6731 N  64   6.2100 W   1.3        2.7        9.4        2.2       31.2 
070821  152602  48  34.6727 N  64   6.2101 W   1.3        2.7        9.4        4.1*      31.2 
070821  152603  48  34.6723 N  64   6.2102 W   1.3        2.7        9.4        4.1       31.2 
070821  152604  48  34.6720 N  64   6.2104 W   1.3        2.7        9.4        4.1       31.2 
070821  152605  48  34.6717 N  64   6.2106 W   1.3        2.7        9.4        4.1       31.2 
070821  152606  48  34.6713 N  64   6.2106 W   1.3        2.7        9.4        4.1       31.2 
070821  152607  48  34.6710 N  64   6.2107 W   1.3        2.7        9.4        4.1       31.2 
070821  152608  48  34.6707 N  64   6.2111 W   1.3        2.7        9.4        3.7*      31.2 
070821  152609  48  34.6703 N  64   6.2112 W   1.3        2.7        9.4        3.7       74.3*
070821  152610  48  34.6701 N  64   6.2114 W   1.2        2.7       10.3*       3.7       74.3 
070821  152611  48  34.6698 N  64   6.2115 W   1.2        2.7       10.3        3.7       74.3 
070821  152612  48  34.6695 N  64   6.2118 W   1.2        2.7       10.3        3.7       74.3 
070821  152613  48  34.6692 N  64   6.2120 W   1.2        2.7       10.3        6.9*      74.3 
070821  152614  48  34.6690 N  64   6.2124 W   1.2        2.7       10.3        6.9       74.3 
070821  152615  48  34.6688 N  64   6.2126 W   1.2        2.7       10.3        6.9       55.9*
070821  152616  48  34.6685 N  64   6.2126 W   1.2        2.7       10.3        6.9       55.9 
070821  152617  48  34.6682 N  64   6.2128 W   1.2        2.7       10.3        6.9       55.9 
070821  152618  48  34.6679 N  64   6.2131 W   1.2        2.7       10.3        0.8*      55.9 
070821  152619  48  34.6677 N  64   6.2133 W   1.1        2.7       10.3        0.8       55.9 
070821  152620  48  34.6674 N  64   6.2134 W   1.1        2.7       10.3        0.8       65.1*
070821  152621  48  34.6670 N  64   6.2135 W   1.2        2.7       10.3        0.8       65.1 
070821  152622  48  34.6667 N  64   6.2136 W   1.2        2.7        8.8*       0.8       65.1 
070821  152623  48  34.6665 N  64   6.2138 W   1.1        2.7        8.8        2.1*      65.1 
070821  152624  48  34.6662 N  64   6.2139 W   1.1        2.7        8.8        2.1       65.1 
070821  152625  48  34.6659 N  64   6.2140 W   1.1        2.7        8.8        2.1       28.2*
