FileName: C:\DOCUME~1\NETMIND\DESKTOP\ZONE12~1\GP208FR.TXT
Local Time: Sun Jul 29 07:58:08 2007

Ship: Trawl survey southern Gulf Trip: GP208Fr Tow: tow 3
Comments: Nord de la Zone 12 - Ouest de l'Ile de Madeleine
 Date    Time     Latitude       Longitude    Speed    Primary  Secondary DoorSpread      Depth 
070729  105811  47  48.5217 N  62   4.5712 W   4.8        2.1*      11.8*       4.0*      92.4*
070729  105812  47  48.5213 N  62   4.5698 W   4.7        2.1       11.8        4.0       92.4 
070729  105813  47  48.5208 N  62   4.5684 W   4.5        2.1       11.8        2.9*       4.4*
070729  105814  47  48.5203 N  62   4.5671 W   4.4        2.1       11.8        2.9        4.4 
070729  105815  47  48.5199 N  62   4.5657 W   4.3        2.1       11.8        2.9        4.4 
070729  105816  47  48.5196 N  62   4.5643 W   4.2        2.1       11.8        2.9        4.4 
070729  105817  47  48.5192 N  62   4.5630 W   4.1        2.1       11.8        2.9        4.4 
070729  105818  47  48.5187 N  62   4.5617 W   4.0        2.1       11.8        2.9        4.4 
070729  105819  47  48.5184 N  62   4.5605 W   3.9        2.1       11.8        1.5*       4.4 
070729  105820  47  48.5181 N  62   4.5592 W   3.8        2.1       11.8        1.5        4.4 
070729  105821  47  48.5177 N  62   4.5579 W   3.7        2.1       11.8        1.5        4.4 
070729  105822  47  48.5173 N  62   4.5568 W   3.6        2.1       11.8        1.5        4.4 
070729  105823  47  48.5171 N  62   4.5556 W   3.5        2.1       11.0*       1.5        2.2*
070729  105824  47  48.5168 N  62   4.5543 W   3.5        2.1       11.0        2.1*       2.2 
070729  105825  47  48.5165 N  62   4.5532 W   3.4        2.1       11.0        2.1        2.2 
070729  105826  47  48.5161 N  62   4.5522 W   3.3        2.1       11.0        2.1        2.2 
070729  105827  47  48.5158 N  62   4.5510 W   3.3        2.1       11.0        2.1        2.2 
070729  105828  47  48.5155 N  62   4.5498 W   3.2        2.1       11.0        2.1        2.2 
070729  105829  47  48.5152 N  62   4.5488 W   3.2        2.1       11.0        2.9*       5.7*
070729  105830  47  48.5149 N  62   4.5477 W   3.1        2.1       11.0        2.9        5.7 
070729  105831  47  48.5146 N  62   4.5466 W   3.1        2.1       11.0        2.9        5.7 
070729  105832  47  48.5142 N  62   4.5453 W   3.2        2.1       11.0        2.9        5.7 
070729  105833  47  48.5137 N  62   4.5440 W   3.2        2.1       11.0        2.9        5.7 
070729  105834  47  48.5133 N  62   4.5427 W   3.3        2.1       11.0       10.2*       8.4*
070729  105835  47  48.5128 N  62   4.5412 W   3.4        2.1       11.0       10.2        8.4 
070729  105836  47  48.5122 N  62   4.5396 W   3.6        2.1       11.0       10.2        8.4 
070729  105837  47  48.5115 N  62   4.5379 W   3.8        2.1       11.0       10.2        8.4 
070729  105838  47  48.5108 N  62   4.5362 W   3.9        2.1       11.0       10.2        8.4 
070729  105839  47  48.5101 N  62   4.5343 W   4.2        2.1       11.0       10.2       21.1*
070729  105840  47  48.5093 N  62   4.5324 W   4.4        2.1       11.0       10.2       21.1 
070729  105841  47  48.5084 N  62   4.5303 W   4.6        2.1       11.0       10.2       21.1 
070729  105842  47  48.5075 N  62   4.5283 W   4.8        2.1       11.0       10.2       21.1 
070729  105843  47  48.5065 N  62   4.5261 W   5.0        2.1       11.0       10.2       21.1 
070729  105844  47  48.5055 N  62   4.5240 W   5.2        2.1       11.0       10.2       21.1 
070729  105845  47  48.5045 N  62   4.5217 W   5.4        2.1       11.0        3.7*      21.1 
070729  105846  47  48.5035 N  62   4.5196 W   5.6        2.1       11.0        3.7       21.1 
070729  105847  47  48.5025 N  62   4.5173 W   5.7        2.2*      11.0        3.7       21.1 
070729  105848  47  48.5014 N  62   4.5150 W   5.9        2.2       11.0        3.7       21.1 
070729  105849  47  48.5002 N  62   4.5127 W   6.1        2.2       11.0        3.7       21.1 
070729  105850  47  48.4991 N  62   4.5106 W   6.1        2.2       11.0        3.7       21.1 
070729  105851  47  48.4980 N  62   4.5083 W   6.2        2.2       11.0        3.7       21.1 
070729  105852  47  48.4968 N  62   4.5060 W   6.4        2.2       11.0        3.7       21.1 
070729  105853  47  48.4956 N  62   4.5038 W   6.5        2.2       11.0        3.7       21.1 
070729  105854  47  48.4943 N  62   4.5017 W   6.5        2.2       11.0        3.7       21.1 
070729  105855  47  48.4930 N  62   4.4995 W   6.6        2.2       11.0        3.7       21.1 
070729  105856  47  48.4918 N  62   4.4972 W   6.7        2.2       11.0        3.7       21.1 
070729  105857  47  48.4904 N  62   4.4950 W   6.7        2.2       11.0        3.7       21.1 
070729  105858  47  48.4891 N  62   4.4929 W   6.8        2.2       11.0        3.7       21.1 
070729  105859  47  48.4877 N  62   4.4908 W   6.8        2.2       11.0        3.7       21.1 
070729  105900  47  48.4863 N  62   4.4886 W   6.9        2.2       11.0        3.7       15.0*
070729  105901  47  48.4850 N  62   4.4864 W   6.9        2.2       11.0        3.7       15.0 
070729  105902  47  48.4836 N  62   4.4844 W   6.9        2.2       11.0        3.7       15.0 
070729  105903  47  48.4822 N  62   4.4823 W   6.9        2.2       11.0        3.7       15.0 
070729  105904  47  48.4807 N  62   4.4801 W   7.0        2.2       11.0        3.7       15.0 
070729  105905  47  48.4794 N  62   4.4781 W   7.0        2.2       11.0        3.7       15.0 
070729  105906  47  48.4779 N  62   4.4760 W   7.0        2.2       11.0        3.7       15.0 
070729  105907  47  48.4765 N  62   4.4740 W   7.1        2.2       11.0        3.7       15.0 
070729  105908  47  48.4750 N  62   4.4720 W   7.1        2.2       11.0        3.7       15.0 
070729  105909  47  48.4736 N  62   4.4700 W   7.1        2.2       11.0        3.7       15.0 
070729  105910  47  48.4722 N  62   4.4680 W   7.1        2.2       11.0        3.7       15.0 
070729  105911  47  48.4708 N  62   4.4660 W   7.1        2.2       11.0        3.7       15.0 
070729  105912  47  48.4693 N  62   4.4639 W   7.2        2.2       11.0        3.7       15.0 
070729  105913  47  48.4679 N  62   4.4619 W   7.2        2.2       11.0        3.7       15.0 
070729  105914  47  48.4666 N  62   4.4597 W   7.2        2.2       11.0        3.7       15.0 
070729  105915  47  48.4653 N  62   4.4575 W   7.2        2.2       11.0        3.7       15.0 
070729  105916  47  48.4638 N  62   4.4554 W   7.2        2.2       11.0        7.6*      15.0 
070729  105917  47  48.4625 N  62   4.4532 W   7.2        2.2       11.0        7.6       15.0 
070729  105918  47  48.4612 N  62   4.4508 W   7.2        2.2       11.0        7.6       15.0 
070729  105919  47  48.4599 N  62   4.4485 W   7.2        2.2       11.0        7.6       15.0 
070729  105920  47  48.4586 N  62   4.4464 W   7.2        2.2       11.0        7.6       15.0 
070729  105921  47  48.4574 N  62   4.4441 W   7.2        2.2       11.0        2.3*      15.0 
070729  105922  47  48.4561 N  62   4.4417 W   7.2        2.2       11.0        2.3       15.0 
070729  105923  47  48.4548 N  62   4.4394 W   7.2        2.2       11.0        2.3       15.0 
070729  105924  47  48.4536 N  62   4.4371 W   7.2        2.2       11.0        2.3       15.0 
070729  105925  47  48.4523 N  62   4.4348 W   7.2        2.2       11.0        2.3       15.0 
070729  105926  47  48.4512 N  62   4.4323 W   7.2        2.2       11.0       11.0*      15.0 
070729  105927  47  48.4500 N  62   4.4299 W   7.3        2.2       11.0       11.0       15.0 
070729  105928  47  48.4488 N  62   4.4274 W   7.3        2.2       11.0       11.0       15.0 
070729  105929  47  48.4477 N  62   4.4249 W   7.3        2.2       11.0       11.0       15.0 
070729  105930  47  48.4465 N  62   4.4224 W   7.3        2.2       11.0       11.0       15.0 
070729  105931  47  48.4454 N  62   4.4199 W   7.3        2.2       11.0       11.0       15.0 
070729  105932  47  48.4443 N  62   4.4173 W   7.3        2.2       11.0       11.0       15.0 
070729  105933  47  48.4432 N  62   4.4147 W   7.3        2.2       11.0       11.0       15.0 
070729  105934  47  48.4422 N  62   4.4121 W   7.3        2.2       11.0       11.0       15.0 
070729  105935  47  48.4411 N  62   4.4095 W   7.3        2.2       11.0       11.0       15.0 
070729  105936  47  48.4399 N  62   4.4069 W   7.4        2.2       11.0       11.0       15.0 
070729  105937  47  48.4388 N  62   4.4042 W   7.4        2.2       11.0       11.0       15.0 
070729  105938  47  48.4378 N  62   4.4016 W   7.4        2.2       11.0       11.0       15.0 
070729  105939  47  48.4366 N  62   4.3990 W   7.4        2.2       11.0       11.0       15.0 
070729  105940  47  48.4356 N  62   4.3964 W   7.4        2.2       11.0       11.0       15.0 
070729  105941  47  48.4346 N  62   4.3937 W   7.4        2.2       11.0       11.0       15.0 
070729  105942  47  48.4335 N  62   4.3909 W   7.4        2.2       11.0       11.0       15.0 
070729  105943  47  48.4325 N  62   4.3881 W   7.5        2.2       11.0       11.0       15.0 
070729  105944  47  48.4314 N  62   4.3853 W   7.5        2.2       11.0       11.0       15.0 
070729  105945  47  48.4303 N  62   4.3827 W   7.5        2.2       11.0       11.0       15.0 
070729  105946  47  48.4293 N  62   4.3800 W   7.5        2.2       11.0       11.0       15.0 
070729  105947  47  48.4283 N  62   4.3773 W   7.5        2.2       11.0       11.0       15.0 
070729  105948  47  48.4273 N  62   4.3746 W   7.5        2.2       11.0       11.0       15.0 
070729  105949  47  48.4263 N  62   4.3719 W   7.5        2.2       11.0       11.0       15.0 
070729  105950  47  48.4252 N  62   4.3692 W   7.5        2.2       11.0       11.0       15.0 
070729  105951  47  48.4243 N  62   4.3664 W   7.5        2.2       11.0       11.0       15.0 
070729  105952  47  48.4233 N  62   4.3637 W   7.5        2.2       11.0       11.0       15.0 
070729  105953  47  48.4223 N  62   4.3609 W   7.5        2.2       11.0       11.0       15.0 
070729  105954  47  48.4214 N  62   4.3580 W   7.5        2.2       11.0       11.0       15.0 
070729  105955  47  48.4204 N  62   4.3553 W   7.5        2.2       11.0       11.0       15.0 
070729  105956  47  48.4194 N  62   4.3526 W   7.5        2.2       11.0       11.0       15.0 
070729  105957  47  48.4185 N  62   4.3499 W   7.5        2.2       11.0       11.0       15.0 
070729  105958  47  48.4175 N  62   4.3471 W   7.5        2.2       11.0       11.0       15.0 
070729  105959  47  48.4165 N  62   4.3444 W   7.5        2.2       11.0       11.0       15.0 
070729  110000  47  48.4155 N  62   4.3417 W   7.5        2.2       11.0       11.0       15.0 
070729  110001  47  48.4145 N  62   4.3388 W   7.5        2.2       11.0       11.0       15.0 
070729  110002  47  48.4135 N  62   4.3361 W   7.5        2.2       11.0       11.0       15.0 
070729  110003  47  48.4125 N  62   4.3334 W   7.5        2.2       11.0       11.0       15.0 
070729  110004  47  48.4115 N  62   4.3308 W   7.5        2.2       11.0       11.0       15.0 
070729  110005  47  48.4105 N  62   4.3280 W   7.5        2.2       11.0       11.0       15.0 
070729  110006  47  48.4095 N  62   4.3253 W   7.5        2.2       11.0       11.0       15.0 
070729  110007  47  48.4084 N  62   4.3227 W   7.5        2.2       11.0       11.0       15.0 
070729  110008  47  48.4075 N  62   4.3199 W   7.5        2.2       11.0       11.0       15.0 
070729  110009  47  48.4065 N  62   4.3171 W   7.5        2.2       11.0       11.0       15.0 
070729  110010  47  48.4055 N  62   4.3143 W   7.5        2.2       11.0       11.0       15.0 
070729  110011  47  48.4045 N  62   4.3117 W   7.5        3.3*      11.0       11.0       15.0 
070729  110012  47  48.4035 N  62   4.3090 W   7.5        3.3       11.0       11.0       15.0 
070729  110013  47  48.4025 N  62   4.3063 W   7.5        3.3       11.0       11.0       15.0 
070729  110014  47  48.4015 N  62   4.3038 W   7.4        3.3       11.0       11.0       15.0 
070729  110015  47  48.4005 N  62   4.3013 W   7.4        3.3       11.0       11.0       15.0 
070729  110016  47  48.3996 N  62   4.2987 W   7.3        3.3       11.0       11.0       15.0 
070729  110017  47  48.3988 N  62   4.2961 W   7.2        3.3       11.0       11.0       15.0 
070729  110018  47  48.3978 N  62   4.2937 W   7.1        3.3       10.4*       6.2*      15.0 
070729  110019  47  48.3969 N  62   4.2913 W   7.1        3.3       10.4        6.2       15.0 
070729  110020  47  48.3961 N  62   4.2890 W   7.0        3.3       10.4        6.2       15.0 
070729  110021  47  48.3953 N  62   4.2865 W   6.9        3.3       10.4        6.2       15.0 
070729  110022  47  48.3945 N  62   4.2841 W   6.8        3.3       10.4        6.2       15.0 
070729  110023  47  48.3937 N  62   4.2817 W   6.8        3.3       10.4        6.2       15.0 
070729  110024  47  48.3929 N  62   4.2794 W   6.7        3.3       10.4        7.6*      15.0 
070729  110025  47  48.3920 N  62   4.2770 W   6.7        3.3       10.4        7.6       15.0 
070729  110026  47  48.3912 N  62   4.2748 W   6.6        3.3       10.4        7.6       15.0 
070729  110027  47  48.3905 N  62   4.2725 W   6.5        3.3       10.4        7.6       15.0 
070729  110028  47  48.3896 N  62   4.2702 W   6.5        3.3       10.4        7.6       15.0 
070729  110029  47  48.3888 N  62   4.2679 W   6.5        3.3       10.4       10.0*      15.0 
070729  110030  47  48.3880 N  62   4.2656 W   6.4        3.3       10.4       10.0       15.0 
070729  110031  47  48.3872 N  62   4.2632 W   6.4        3.3       10.4       10.0       15.0 
070729  110032  47  48.3865 N  62   4.2610 W   6.4        3.3       10.4       10.0       15.0 
070729  110033  47  48.3857 N  62   4.2587 W   6.4        3.3       10.4       10.0       15.0 
070729  110034  47  48.3850 N  62   4.2565 W   6.3        3.3       10.4        8.7*      15.0 
070729  110035  47  48.3842 N  62   4.2542 W   6.3        3.3       10.4        8.7       15.0 
070729  110036  47  48.3834 N  62   4.2519 W   6.3        3.3       10.4        8.7       15.0 
070729  110037  47  48.3826 N  62   4.2496 W   6.3        3.3       10.4        8.7       15.0 
070729  110038  47  48.3818 N  62   4.2474 W   6.3        3.3       10.4        8.7       15.0 
070729  110039  47  48.3810 N  62   4.2451 W   6.2        3.3       10.4        9.2*      15.0 
070729  110040  47  48.3803 N  62   4.2428 W   6.2        3.3       10.4        9.2       15.0 
070729  110041  47  48.3795 N  62   4.2406 W   6.2        3.3       10.4        9.2       15.0 
070729  110042  47  48.3787 N  62   4.2384 W   6.2        3.3       10.4        9.2       15.0 
070729  110043  47  48.3780 N  62   4.2361 W   6.2        3.3       10.4        9.2       15.0 
070729  110044  47  48.3772 N  62   4.2338 W   6.2        3.3       10.4        9.2       15.0 
070729  110045  47  48.3764 N  62   4.2315 W   6.2        3.3       10.4        9.2       15.0 
070729  110046  47  48.3756 N  62   4.2293 W   6.2        3.3       10.4        9.2       15.0 
070729  110047  47  48.3748 N  62   4.2271 W   6.2        3.3       10.4        9.2       15.0 
070729  110048  47  48.3740 N  62   4.2248 W   6.2        3.3       10.4        9.2       15.0 
070729  110049  47  48.3732 N  62   4.2226 W   6.2        3.3       10.4        9.2       15.0 
070729  110050  47  48.3724 N  62   4.2203 W   6.2        3.3       10.4       46.1*      15.0 
070729  110051  47  48.3716 N  62   4.2181 W   6.2        3.3       10.4       46.1       15.0 
070729  110052  47  48.3708 N  62   4.2159 W   6.1        3.3       10.4       46.1       15.0 
070729  110053  47  48.3701 N  62   4.2137 W   6.1        3.3       10.4       46.1       15.0 
070729  110054  47  48.3693 N  62   4.2114 W   6.1        3.3       10.4       46.1       15.0 
070729  110055  47  48.3684 N  62   4.2092 W   6.1        3.3       10.4       46.1       15.0 
070729  110056  47  48.3676 N  62   4.2070 W   6.1        3.3       10.4        9.1*      32.6*
070729  110057  47  48.3668 N  62   4.2047 W   6.1        3.3       10.4        9.1       32.6 
070729  110058  47  48.3660 N  62   4.2025 W   6.1        3.3       10.4        9.1       32.6 
070729  110059  47  48.3652 N  62   4.2005 W   6.1        3.3       10.4        9.1       32.6 
070729  110100  47  48.3643 N  62   4.1984 W   6.0        3.3       10.4        6.0*      32.6 
070729  110101  47  48.3636 N  62   4.1964 W   6.0        3.3       10.4        6.0      101.6*
070729  110102  47  48.3628 N  62   4.1945 W   5.9        3.3       10.4        6.0      101.6 
070729  110103  47  48.3621 N  62   4.1928 W   5.7        3.3       10.4        6.0      101.6 
070729  110104  47  48.3615 N  62   4.1911 W   5.6        3.3       10.4        6.0      101.6 
070729  110105  47  48.3609 N  62   4.1894 W   5.4        3.3       10.4        6.0      101.6 
070729  110106  47  48.3603 N  62   4.1878 W   5.2        3.3       10.4       11.1*     101.6 
070729  110107  47  48.3598 N  62   4.1863 W   5.0        3.3       10.4       11.1      101.6 
070729  110108  47  48.3593 N  62   4.1849 W   4.9        3.3       10.4       11.1      101.6 
070729  110109  47  48.3588 N  62   4.1835 W   4.7        3.3       10.4       11.1      101.6 
070729  110110  47  48.3584 N  62   4.1821 W   4.5        3.3       10.4       11.1      101.6 
070729  110111  47  48.3580 N  62   4.1809 W   4.4        3.3       10.4        5.6*     101.6 
070729  110112  47  48.3577 N  62   4.1797 W   4.2        3.3       10.4        5.6       35.6*
070729  110113  47  48.3573 N  62   4.1784 W   4.0        3.3       10.4        5.6       35.6 
070729  110114  47  48.3569 N  62   4.1773 W   3.9        3.3       10.4        5.6       35.6 
070729  110115  47  48.3566 N  62   4.1762 W   3.7        3.3       10.4        5.6       35.6 
070729  110116  47  48.3565 N  62   4.1751 W   3.6        3.3       10.1*       9.2*      35.6 
070729  110117  47  48.3562 N  62   4.1740 W   3.5        3.3       10.1        9.2       31.7*
070729  110118  47  48.3559 N  62   4.1730 W   3.4        3.3       10.1        9.2       31.7 
070729  110119  47  48.3557 N  62   4.1720 W   3.2        3.3       10.1        9.2       31.7 
070729  110120  47  48.3555 N  62   4.1710 W   3.1        3.3       10.1        9.2       31.7 
070729  110121  47  48.3554 N  62   4.1699 W   3.1        3.3       10.1        8.6*      31.7 
070729  110122  47  48.3552 N  62   4.1689 W   3.0        3.3       10.1        8.6       34.8*
070729  110123  47  48.3550 N  62   4.1680 W   2.9        3.3       10.1        8.6       34.8 
070729  110124  47  48.3548 N  62   4.1670 W   2.8        3.3       10.1        8.6       34.8 
070729  110125  47  48.3547 N  62   4.1661 W   2.8        3.3       10.1        8.6       34.8 
070729  110126  47  48.3545 N  62   4.1651 W   2.7        3.3       10.1        8.6       34.8 
070729  110127  47  48.3544 N  62   4.1642 W   2.6        3.3       10.1        7.9*      34.8 
070729  110128  47  48.3543 N  62   4.1633 W   2.6        3.3       10.0*       7.9       88.0*
070729  110129  47  48.3541 N  62   4.1625 W   2.5        3.3       10.0        7.9       88.0 
070729  110130  47  48.3540 N  62   4.1616 W   2.5        3.3       10.0        7.9       88.0 
070729  110131  47  48.3540 N  62   4.1607 W   2.4        3.3       10.0        7.9       88.0 
070729  110132  47  48.3539 N  62   4.1598 W   2.4        3.3       10.0        8.6*      88.0 
070729  110133  47  48.3537 N  62   4.1590 W   2.4        3.3       10.0        8.6        3.5*
070729  110134  47  48.3536 N  62   4.1582 W   2.3        3.3       10.0        8.6        3.5 
070729  110135  47  48.3536 N  62   4.1573 W   2.3        3.3       10.0        8.6        3.5 
070729  110136  47  48.3535 N  62   4.1564 W   2.3        3.3       10.0        8.6        3.5 
070729  110137  47  48.3535 N  62   4.1555 W   2.3        3.3       10.0        6.9*       3.5 
070729  110138  47  48.3534 N  62   4.1548 W   2.2        3.3       10.0        6.9       25.5*
070729  110139  47  48.3532 N  62   4.1539 W   2.2        3.3       10.0        6.9       25.5 
070729  110140  47  48.3533 N  62   4.1530 W   2.2        3.3       10.0        6.9       25.5 
070729  110141  47  48.3535 N  62   4.1520 W   2.2        3.3       10.0        6.9       25.5 
070729  110142  47  48.3534 N  62   4.1512 W   2.2        3.3       10.0        6.9       25.5 
070729  110143  47  48.3533 N  62   4.1503 W   2.2        3.3       10.0        8.3*      25.5 
070729  110144  47  48.3533 N  62   4.1494 W   2.2        3.3       10.0        8.3       34.8*
070729  110145  47  48.3535 N  62   4.1484 W   2.2        3.3       10.0        8.3       34.8 
070729  110146  47  48.3536 N  62   4.1475 W   2.2        3.3       10.0        8.3       34.8 
070729  110147  47  48.3535 N  62   4.1467 W   2.2        3.3       12.0*       8.3       34.8 
070729  110148  47  48.3534 N  62   4.1459 W   2.2        3.3       12.0        8.7*      34.8 
070729  110149  47  48.3535 N  62   4.1449 W   2.2        3.3       12.0        8.7       51.0*
070729  110150  47  48.3536 N  62   4.1440 W   2.2        3.3       12.0        8.7       51.0 
070729  110151  47  48.3536 N  62   4.1432 W   2.2        3.3       12.0        8.7       51.0 
070729  110152  47  48.3535 N  62   4.1423 W   2.1        3.3       12.0        8.7       51.0 
070729  110153  47  48.3534 N  62   4.1415 W   2.1        3.3       12.0        4.1*      51.0 
070729  110154  47  48.3535 N  62   4.1406 W   2.2        3.3       12.0        4.1       39.1*
070729  110155  47  48.3536 N  62   4.1397 W   2.2       13.5*      12.0        4.1       39.1 
070729  110156  47  48.3535 N  62   4.1388 W   2.2       13.5       12.0        4.1       39.1 
070729  110157  47  48.3534 N  62   4.1379 W   2.2       13.5       12.0        4.1       39.1 
070729  110158  47  48.3534 N  62   4.1371 W   2.2       13.5       12.0        6.7*      39.1 
070729  110159  47  48.3534 N  62   4.1362 W   2.2       13.5       12.0        6.7       44.4*
070729  110200  47  48.3534 N  62   4.1352 W   2.2       13.5       12.0        6.7       44.4 
070729  110201  47  48.3533 N  62   4.1343 W   2.2       13.5        2.2*       6.7       44.4 
070729  110202  47  48.3533 N  62   4.1335 W   2.2       13.5        2.2        6.7       44.4 
070729  110203  47  48.3532 N  62   4.1326 W   2.2       13.5        2.2        6.7       44.4 
070729  110204  47  48.3531 N  62   4.1317 W   2.2       13.5        2.2        8.3*      44.4 
070729  110205  47  48.3531 N  62   4.1308 W   2.2       13.5        2.2        8.3       50.1*
070729  110206  47  48.3531 N  62   4.1299 W   2.2       13.5        2.2        8.3       50.1 
070729  110207  47  48.3530 N  62   4.1290 W   2.2       13.5        2.2        8.3       50.1 
070729  110208  47  48.3529 N  62   4.1282 W   2.2        8.4*       2.2        8.3       50.1 
070729  110209  47  48.3528 N  62   4.1273 W   2.2        8.4        2.2        5.3*      50.1 
070729  110210  47  48.3528 N  62   4.1264 W   2.2        8.4        2.2        5.3       49.7*
070729  110211  47  48.3527 N  62   4.1255 W   2.2        8.4        2.2        5.3       49.7 
070729  110212  47  48.3527 N  62   4.1246 W   2.2        8.4        2.2        5.3       49.7 
070729  110213  47  48.3526 N  62   4.1238 W   2.2        8.4        2.2        5.3       49.7 
070729  110214  47  48.3525 N  62   4.1229 W   2.2        8.4        2.2        7.1*      49.7 
070729  110215  47  48.3524 N  62   4.1220 W   2.2        8.4        2.2        7.1       51.9*
070729  110216  47  48.3524 N  62   4.1211 W   2.2        8.4        2.2        7.1       51.9 
070729  110217  47  48.3523 N  62   4.1202 W   2.2        8.4        2.2        7.1       51.9 
070729  110218  47  48.3522 N  62   4.1194 W   2.2        8.4        2.2        7.1       51.9 
070729  110219  47  48.3521 N  62   4.1185 W   2.2        8.4        2.2        7.8*      51.9 
070729  110220  47  48.3521 N  62   4.1177 W   2.2        8.4       12.0*       7.8       51.9 
070729  110221  47  48.3521 N  62   4.1167 W   2.2        8.4       12.0        7.8       51.9*
070729  110222  47  48.3519 N  62   4.1158 W   2.2        8.4       12.0        7.8       51.9 
070729  110223  47  48.3518 N  62   4.1150 W   2.2        8.4       12.0        7.8       51.9 
070729  110224  47  48.3517 N  62   4.1140 W   2.2        8.4       12.0        7.8       51.9 
070729  110225  47  48.3517 N  62   4.1131 W   2.2        8.4       12.0        7.1*      51.9 
070729  110226  47  48.3516 N  62   4.1122 W   2.2        8.4       12.0        7.1       53.2*
070729  110227  47  48.3515 N  62   4.1113 W   2.2        8.4       12.0        7.1       53.2 
070729  110228  47  48.3513 N  62   4.1104 W   2.2        8.4       12.0        7.1       53.2 
070729  110229  47  48.3512 N  62   4.1095 W   2.2        8.4       12.0        7.1       53.2 
070729  110230  47  48.3512 N  62   4.1086 W   2.2        8.4       12.0        7.5*      53.2 
070729  110231  47  48.3511 N  62   4.1076 W   2.2        8.4       12.0        7.5       54.1*
070729  110232  47  48.3510 N  62   4.1067 W   2.2        8.4       12.0        7.5       54.1 
070729  110233  47  48.3508 N  62   4.1059 W   2.2        8.4       12.0        7.5       54.1 
070729  110234  47  48.3507 N  62   4.1050 W   2.2        8.4       12.0        7.5       54.1 
070729  110235  47  48.3506 N  62   4.1040 W   2.2        8.4       12.0        8.1*      54.1 
070729  110236  47  48.3505 N  62   4.1032 W   2.2        8.4       12.0        8.1       54.1 
070729  110237  47  48.3504 N  62   4.1024 W   2.2        8.4       12.0        8.1       54.1*
070729  110238  47  48.3503 N  62   4.1015 W   2.2        8.4       12.0        8.1       54.1 
070729  110239  47  48.3502 N  62   4.1006 W   2.2        8.4       12.0        8.1       54.1 
070729  110240  47  48.3501 N  62   4.0997 W   2.2        8.4       12.0       10.1*      54.1 
070729  110241  47  48.3500 N  62   4.0989 W   2.1        8.4       12.0       10.1       54.1 
070729  110242  47  48.3499 N  62   4.0980 W   2.1        8.4       12.0       10.1       52.8*
070729  110243  47  48.3498 N  62   4.0971 W   2.1        8.4       12.0       10.1       52.8 
070729  110244  47  48.3497 N  62   4.0962 W   2.1        8.4       11.6*      10.1       52.8 
070729  110245  47  48.3496 N  62   4.0954 W   2.1        8.4       11.6       10.1       52.8 
070729  110246  47  48.3495 N  62   4.0945 W   2.1        8.4       11.6        8.5*      52.8 
070729  110247  47  48.3494 N  62   4.0937 W   2.1        8.4       11.6        8.5       53.7*
070729  110248  47  48.3493 N  62   4.0928 W   2.1        8.4       11.6        8.5       53.7 
070729  110249  47  48.3493 N  62   4.0921 W   2.0        8.4       11.6        8.5       53.7 
070729  110250  47  48.3492 N  62   4.0912 W   2.1        8.4       11.6        8.5       53.7 
070729  110251  47  48.3491 N  62   4.0904 W   2.1        8.4       11.6        9.4*      53.7 
070729  110252  47  48.3490 N  62   4.0896 W   2.0        8.4       11.6        9.4       53.7 
070729  110253  47  48.3490 N  62   4.0888 W   2.0        8.4       11.6        9.4       54.5*
070729  110254  47  48.3488 N  62   4.0880 W   2.0        8.4       11.6        9.4       54.5 
070729  110255  47  48.3487 N  62   4.0871 W   2.0        8.4       11.6        9.4       54.5 
070729  110256  47  48.3487 N  62   4.0863 W   2.0        8.4       11.5*       8.8*      54.5 
070729  110257  47  48.3486 N  62   4.0855 W   2.0        8.4       11.5        8.8       54.5 
070729  110258  47  48.3486 N  62   4.0846 W   2.0        8.4       11.5        8.8       54.1*
070729  110259  47  48.3485 N  62   4.0838 W   2.0        8.4       11.5        8.8       54.1 
070729  110300  47  48.3486 N  62   4.0830 W   2.0        8.4       11.5        8.8       54.1 
070729  110301  47  48.3486 N  62   4.0822 W   2.0        8.4       11.5        8.8       54.1 
070729  110302  47  48.3486 N  62   4.0814 W   2.0        8.4       11.5        9.0*      54.1 
070729  110303  47  48.3485 N  62   4.0807 W   2.0        8.4       11.5        9.0       53.2*
070729  110304  47  48.3485 N  62   4.0798 W   2.0        8.4       11.5        9.0       53.2 
070729  110305  47  48.3485 N  62   4.0789 W   2.0        8.4       11.5        9.0       53.2 
070729  110306  47  48.3485 N  62   4.0781 W   2.0        8.4       11.5        9.0       53.2 
070729  110307  47  48.3484 N  62   4.0774 W   2.0        8.4       11.5        8.9*      53.2 
070729  110308  47  48.3484 N  62   4.0765 W   2.0        8.4       11.6*       8.9       53.2 
070729  110309  47  48.3483 N  62   4.0757 W   2.0        8.4       11.6        8.9       53.7*
070729  110310  47  48.3483 N  62   4.0748 W   2.0        8.4       11.6        8.9       53.7 
070729  110311  47  48.3483 N  62   4.0740 W   2.0        8.4       11.6        8.9       53.7 
070729  110312  47  48.3482 N  62   4.0732 W   2.0        8.4       11.6        9.6*      53.7 
070729  110313  47  48.3482 N  62   4.0722 W   2.0        8.4       11.6        9.6       53.7 
070729  110314  47  48.3482 N  62   4.0712 W   2.1        8.4       11.6        9.6       53.2*
070729  110315  47  48.3482 N  62   4.0704 W   2.1        8.4       11.6        9.6       53.2 
070729  110316  47  48.3480 N  62   4.0695 W   2.1        8.4       11.6        9.6       53.2 
070729  110317  47  48.3479 N  62   4.0686 W   2.1        8.4       11.6       10.1*      53.2 
070729  110318  47  48.3479 N  62   4.0675 W   2.2        8.4       11.6       10.1       53.2 
070729  110319  47  48.3479 N  62   4.0666 W   2.2        8.4       11.6       10.1       54.1*
070729  110320  47  48.3477 N  62   4.0657 W   2.2        8.4       11.3*      10.1       54.1 
070729  110321  47  48.3475 N  62   4.0647 W   2.2        8.4       11.3       10.1       54.1 
070729  110322  47  48.3475 N  62   4.0637 W   2.3        8.4       11.3       10.1       54.1 
070729  110323  47  48.3475 N  62   4.0626 W   2.3        8.4       11.3        9.2*      54.1 
070729  110324  47  48.3474 N  62   4.0617 W   2.3        8.4       11.3        9.2       54.1 
070729  110325  47  48.3472 N  62   4.0607 W   2.3        8.4       11.3        9.2       54.5*
070729  110326  47  48.3471 N  62   4.0596 W   2.4        8.4       11.3        9.2       54.5 
070729  110327  47  48.3471 N  62   4.0586 W   2.4        8.4       11.3        9.2       54.5 
070729  110328  47  48.3471 N  62   4.0577 W   2.4        8.4       11.3        8.5*      54.5 
070729  110329  47  48.3468 N  62   4.0568 W   2.3        8.4       11.3        8.5       54.5 
070729  110330  47  48.3468 N  62   4.0558 W   2.4        8.4       11.3        8.5       51.5*
070729  110331  47  48.3468 N  62   4.0548 W   2.4        8.4       11.3        8.5       51.5 
070729  110332  47  48.3467 N  62   4.0538 W   2.3        8.4       10.7*       8.5       51.5 
070729  110333  47  48.3466 N  62   4.0529 W   2.3        8.4       10.7        8.3*      51.5 
070729  110334  47  48.3464 N  62   4.0520 W   2.3        8.4       10.7        8.3       51.5 
070729  110335  47  48.3464 N  62   4.0511 W   2.3        8.4       10.7        8.3       56.3*
070729  110336  47  48.3464 N  62   4.0502 W   2.3        8.4       10.7        8.3       56.3 
070729  110337  47  48.3462 N  62   4.0493 W   2.3        8.4       10.7        8.3       56.3 
070729  110338  47  48.3461 N  62   4.0484 W   2.2        8.4        2.2*       8.3       56.3 
070729  110339  47  48.3460 N  62   4.0475 W   2.2        8.4        2.2        8.1*      56.3 
070729  110340  47  48.3459 N  62   4.0467 W   2.2        8.4        2.2        8.1       56.3 
070729  110341  47  48.3459 N  62   4.0457 W   2.2        8.4        2.2        8.1       52.8*
070729  110342  47  48.3458 N  62   4.0447 W   2.2        8.4        2.2        8.1       52.8 
070729  110343  47  48.3457 N  62   4.0439 W   2.2        8.4        2.2        8.1       52.8 
070729  110344  47  48.3457 N  62   4.0430 W   2.1        8.4        2.2        7.8*      52.8 
070729  110345  47  48.3457 N  62   4.0421 W   2.1        8.4        2.2        7.8       52.8 
070729  110346  47  48.3456 N  62   4.0412 W   2.2       10.3*       2.2        7.8       54.1*
070729  110347  47  48.3455 N  62   4.0404 W   2.1       10.3        2.2        7.8       54.1 
070729  110348  47  48.3455 N  62   4.0396 W   2.1       10.3        2.2        7.8       54.1 
070729  110349  47  48.3454 N  62   4.0387 W   2.1       10.3        2.2       10.4*      54.1 
070729  110350  47  48.3453 N  62   4.0378 W   2.1       10.3        2.2       10.4       54.1 
070729  110351  47  48.3453 N  62   4.0369 W   2.1       10.3        2.2       10.4       54.1*
070729  110352  47  48.3453 N  62   4.0361 W   2.1       10.3        2.2       10.4       54.1 
070729  110353  47  48.3452 N  62   4.0353 W   2.1       10.3        2.2       10.4       54.1 
070729  110354  47  48.3451 N  62   4.0344 W   2.1       10.3        2.2       10.4       54.1 
070729  110355  47  48.3451 N  62   4.0336 W   2.1       10.3        2.2        9.5*      54.1 
070729  110356  47  48.3451 N  62   4.0328 W   2.1       10.3        2.2        9.5       54.1 
070729  110357  47  48.3450 N  62   4.0320 W   2.0       10.3       11.2*       9.5       52.8*
070729  110358  47  48.3449 N  62   4.0312 W   2.0       10.3       11.2        9.5       52.8 
070729  110359  47  48.3449 N  62   4.0303 W   2.1       10.3       11.2        9.5       52.8 
070729  110400  47  48.3449 N  62   4.0294 W   2.1       10.3       11.2       10.5*      52.8 
070729  110401  47  48.3448 N  62   4.0286 W   2.1       10.3       11.2       10.5       52.8 
070729  110402  47  48.3447 N  62   4.0278 W   2.1       10.3       11.2       10.5       55.4*
070729  110403  47  48.3446 N  62   4.0270 W   2.1       10.3       11.2       10.5       55.4 
070729  110404  47  48.3446 N  62   4.0261 W   2.1       10.3       11.2       10.5       55.4 
070729  110405  47  48.3445 N  62   4.0252 W   2.1       10.3       11.2        9.1*      55.4 
070729  110406  47  48.3444 N  62   4.0244 W   2.1       10.3       11.2        9.1       55.4 
070729  110407  47  48.3443 N  62   4.0235 W   2.1       10.3       11.2        9.1       53.7*
070729  110408  47  48.3443 N  62   4.0226 W   2.1       10.3       11.2        9.1       53.7 
070729  110409  47  48.3442 N  62   4.0217 W   2.1       10.3       11.4*       9.1       53.7 
070729  110410  47  48.3441 N  62   4.0208 W   2.1       10.3       11.4        8.2*      53.7 
070729  110411  47  48.3441 N  62   4.0200 W   2.1       10.3       11.4        8.2       53.7 
070729  110412  47  48.3440 N  62   4.0191 W   2.1       10.3       11.4        8.2       53.7 
070729  110413  47  48.3439 N  62   4.0182 W   2.2       10.3       11.4        8.2       53.2*
070729  110414  47  48.3438 N  62   4.0173 W   2.2       10.3       11.4        8.2       53.2 
070729  110415  47  48.3437 N  62   4.0164 W   2.2       10.3       11.4        8.2       53.2 
070729  110416  47  48.3436 N  62   4.0155 W   2.2       10.3       11.4        9.2*      53.2 
070729  110417  47  48.3435 N  62   4.0145 W   2.2       10.3       11.4        9.2       53.2 
070729  110418  47  48.3434 N  62   4.0137 W   2.2       10.3       11.4        9.2       52.3*
070729  110419  47  48.3433 N  62   4.0128 W   2.2       10.3       11.4        9.2       52.3 
070729  110420  47  48.3432 N  62   4.0119 W   2.2       10.3       11.4        9.2       52.3 
070729  110421  47  48.3431 N  62   4.0109 W   2.3       10.3       11.4        9.2*      52.3 
070729  110422  47  48.3431 N  62   4.0100 W   2.2        3.1*      11.4        9.2       52.3 
070729  110423  47  48.3429 N  62   4.0092 W   2.2        3.1       11.4        9.2       56.3*
070729  110424  47  48.3428 N  62   4.0083 W   2.2        3.1       11.4        9.2       56.3 
070729  110425  47  48.3428 N  62   4.0072 W   2.3        3.1       11.4        9.2       56.3 
070729  110426  47  48.3428 N  62   4.0063 W   2.3        3.1       11.4        9.4*      56.3 
070729  110427  47  48.3427 N  62   4.0054 W   2.2        3.1       11.4        9.4       56.3 
070729  110428  47  48.3425 N  62   4.0046 W   2.2        3.1       11.4        9.4       52.8*
070729  110429  47  48.3424 N  62   4.0036 W   2.3        3.1       11.4        9.4       52.8 
070729  110430  47  48.3424 N  62   4.0027 W   2.3        3.1       11.4        9.4       52.8 
070729  110431  47  48.3424 N  62   4.0018 W   2.2        3.1       11.4        9.4       52.8 
070729  110432  47  48.3423 N  62   4.0009 W   2.2        3.1       11.4       10.3*      52.8 
070729  110433  47  48.3421 N  62   4.0000 W   2.2        3.1       11.4       10.3       52.8 
070729  110434  47  48.3421 N  62   3.9992 W   2.2        3.1       12.4*      10.3       53.2*
070729  110435  47  48.3421 N  62   3.9983 W   2.2        3.1       12.4       10.3       53.2 
070729  110436  47  48.3421 N  62   3.9973 W   2.2        3.1       12.4       10.3       53.2 
070729  110437  47  48.3420 N  62   3.9964 W   2.2        3.1       12.4        8.3*      53.2 
070729  110438  47  48.3419 N  62   3.9956 W   2.2        3.1       12.4        8.3       53.2 
070729  110439  47  48.3420 N  62   3.9946 W   2.2        3.1       12.4        8.3       54.5*
070729  110440  47  48.3419 N  62   3.9938 W   2.2        3.1        2.2*       8.3       54.5 
070729  110441  47  48.3418 N  62   3.9929 W   2.2        3.1        2.2        8.3       54.5 
070729  110442  47  48.3417 N  62   3.9919 W   2.2        3.1        2.2        8.6*      54.5 
070729  110443  47  48.3418 N  62   3.9909 W   2.2        3.1        2.2        8.6       54.5 
070729  110444  47  48.3418 N  62   3.9901 W   2.2        3.1        2.2        8.6       54.5 
070729  110445  47  48.3416 N  62   3.9892 W   2.2        3.1        2.2        8.6       54.1*
070729  110446  47  48.3415 N  62   3.9883 W   2.2        3.1        2.2        8.6       54.1 
070729  110447  47  48.3416 N  62   3.9873 W   2.2        3.7*       2.2        8.6       54.1 
070729  110448  47  48.3415 N  62   3.9864 W   2.2        3.7        2.2        8.6*      54.1 
070729  110449  47  48.3415 N  62   3.9855 W   2.2        3.7        2.2        8.6       54.1 
070729  110450  47  48.3414 N  62   3.9846 W   2.2        3.7        2.2        8.6       52.3*
070729  110451  47  48.3413 N  62   3.9837 W   2.2        3.7        2.2        8.6       52.3 
070729  110452  47  48.3413 N  62   3.9828 W   2.2        3.7        2.2        8.6       52.3 
070729  110453  47  48.3413 N  62   3.9819 W   2.2        3.7        2.2        8.0*      52.3 
070729  110454  47  48.3412 N  62   3.9810 W   2.2        3.7        2.2        8.0       52.3 
070729  110455  47  48.3411 N  62   3.9801 W   2.2        3.7        2.2        8.0       52.8*
070729  110456  47  48.3410 N  62   3.9792 W   2.2        3.7        2.2        8.0       52.8 
070729  110457  47  48.3410 N  62   3.9783 W   2.2        3.7        2.2        8.0       52.8 
070729  110458  47  48.3410 N  62   3.9775 W   2.1        3.7        2.2        9.1*      52.8 
070729  110459  47  48.3410 N  62   3.9766 W   2.2        3.7        2.2        9.1       52.8 
070729  110500  47  48.3409 N  62   3.9756 W   2.2        3.7        2.2        9.1       52.8 
070729  110501  47  48.3409 N  62   3.9748 W   2.2        3.7        2.2        9.1       53.2*
070729  110502  47  48.3409 N  62   3.9740 W   2.1        3.7        2.2        9.1       53.2 
070729  110503  47  48.3408 N  62   3.9731 W   2.1        3.7        2.2        9.3*      53.2 
070729  110504  47  48.3408 N  62   3.9721 W   2.2        3.7        2.2        9.3       53.2 
070729  110505  47  48.3408 N  62   3.9712 W   2.2        2.5*       2.2        9.3       53.2 
070729  110506  47  48.3407 N  62   3.9705 W   2.1        2.5        2.2        9.3       54.1*
070729  110507  47  48.3406 N  62   3.9696 W   2.1        2.5        2.2        9.3       54.1 
070729  110508  47  48.3406 N  62   3.9686 W   2.1        2.5        2.2        9.3       54.1 
070729  110509  47  48.3406 N  62   3.9677 W   2.2        2.5        2.2        7.7*      54.1 
070729  110510  47  48.3405 N  62   3.9668 W   2.2        2.5        2.2        7.7       54.1 
070729  110511  47  48.3404 N  62   3.9660 W   2.1        2.5        2.2        7.7       51.9*
070729  110512  47  48.3404 N  62   3.9651 W   2.1        9.3*       2.2        7.7       51.9 
070729  110513  47  48.3403 N  62   3.9642 W   2.2        9.3        2.2        7.7       51.9 
070729  110514  47  48.3403 N  62   3.9633 W   2.2        9.3        2.2        7.7       51.9 
070729  110515  47  48.3402 N  62   3.9625 W   2.1        9.3        2.2        7.7       51.9 
070729  110516  47  48.3401 N  62   3.9616 W   2.1        9.3        2.2        7.7       51.9 
070729  110517  47  48.3401 N  62   3.9606 W   2.2        9.3        2.2        7.7       54.5*
070729  110518  47  48.3400 N  62   3.9598 W   2.1        9.3        2.2        7.7       54.5 
070729  110519  47  48.3400 N  62   3.9590 W   2.1        9.3        2.2        8.9*      54.5 
070729  110520  47  48.3399 N  62   3.9581 W   2.1        9.3        2.2        8.9       54.5 
070729  110521  47  48.3398 N  62   3.9572 W   2.1        9.3        2.2        8.9       54.5 
070729  110522  47  48.3397 N  62   3.9563 W   2.1        9.3        2.2        8.9       53.7*
070729  110523  47  48.3396 N  62   3.9555 W   2.1        9.3        2.2        8.9       53.7 
070729  110524  47  48.3395 N  62   3.9546 W   2.1        9.3        2.2        8.5*      53.7 
070729  110525  47  48.3395 N  62   3.9537 W   2.1        9.3       11.7*       8.5       53.7 
070729  110526  47  48.3393 N  62   3.9528 W   2.2        9.3       11.7        8.5       53.7 
070729  110527  47  48.3393 N  62   3.9519 W   2.2        9.3       11.7        8.5       51.5*
070729  110528  47  48.3393 N  62   3.9511 W   2.1        9.3       11.7        8.5       51.5 
070729  110529  47  48.3392 N  62   3.9502 W   2.1        9.3       11.7        8.5       51.5 
070729  110530  47  48.3391 N  62   3.9493 W   2.1        9.3       11.7        8.5       51.5 
070729  110531  47  48.3390 N  62   3.9484 W   2.1        9.3       11.7        8.5       51.5 
070729  110532  47  48.3389 N  62   3.9476 W   2.1        9.3       11.7        8.5       55.0*
070729  110533  47  48.3389 N  62   3.9466 W   2.2        9.3       11.7        8.5       55.0 
070729  110534  47  48.3388 N  62   3.9458 W   2.2        9.3       11.7        8.5       55.0 
070729  110535  47  48.3387 N  62   3.9449 W   2.2        9.3       11.7        8.5       55.0 
070729  110536  47  48.3386 N  62   3.9440 W   2.2        9.3       11.1*       8.5       55.0 
070729  110537  47  48.3385 N  62   3.9431 W   2.2        9.3       11.1        8.5       55.0 
070729  110538  47  48.3385 N  62   3.9422 W   2.2        9.3       11.1        8.5       54.1*
070729  110539  47  48.3385 N  62   3.9414 W   2.1        9.3       11.1        8.5       54.1 
070729  110540  47  48.3383 N  62   3.9405 W   2.2        9.3       11.1        8.5       54.1 
070729  110541  47  48.3383 N  62   3.9396 W   2.2        9.3       11.1        8.5       54.1 
070729  110542  47  48.3382 N  62   3.9387 W   2.2        9.3       11.1        8.5       54.1 
070729  110543  47  48.3382 N  62   3.9378 W   2.2        9.3       11.1        8.5       53.7*
070729  110544  47  48.3381 N  62   3.9369 W   2.2        9.3       11.1        8.5       53.7 
070729  110545  47  48.3380 N  62   3.9360 W   2.2        9.3       11.1        8.5       53.7 
070729  110546  47  48.3380 N  62   3.9352 W   2.2        9.3       11.1        8.5       53.7 
070729  110547  47  48.3380 N  62   3.9342 W   2.2        9.3       11.1        8.5       53.7 
070729  110548  47  48.3378 N  62   3.9334 W   2.2        9.3       11.1        8.5       54.1*
070729  110549  47  48.3378 N  62   3.9325 W   2.2        6.0*      11.1        8.5       54.1 
070729  110550  47  48.3378 N  62   3.9316 W   2.2        6.0       11.1        8.5       54.1 
070729  110551  47  48.3377 N  62   3.9308 W   2.2        6.0       11.1        8.5       54.1 
070729  110552  47  48.3376 N  62   3.9298 W   2.2        6.0       11.1        8.5       54.1 
070729  110553  47  48.3376 N  62   3.9289 W   2.2        6.0       11.1        8.5       54.1 
070729  110554  47  48.3376 N  62   3.9281 W   2.2        6.0       11.1        8.5       53.2*
070729  110555  47  48.3376 N  62   3.9272 W   2.2        6.0       11.1       17.2*      53.2 
070729  110556  47  48.3376 N  62   3.9263 W   2.2        6.0       11.1       17.2       53.2 
070729  110557  47  48.3376 N  62   3.9253 W   2.2        6.0       11.1       17.2       53.2 
070729  110558  47  48.3375 N  62   3.9244 W   2.2        6.0       11.1       17.2       53.2 
070729  110559  47  48.3374 N  62   3.9236 W   2.2        6.0       11.1       17.2       54.5*
070729  110600  47  48.3375 N  62   3.9226 W   2.2        6.0       11.1       17.2       54.5 
070729  110601  47  48.3376 N  62   3.9217 W   2.2        6.0       11.1       17.2       54.5 
070729  110602  47  48.3375 N  62   3.9208 W   2.2        6.0       11.1       17.2       54.5 
070729  110603  47  48.3374 N  62   3.9200 W   2.2        6.0       11.1       17.2       54.5 
070729  110604  47  48.3374 N  62   3.9191 W   2.2        6.0       11.1       17.2       51.9*
070729  110605  47  48.3374 N  62   3.9181 W   2.2        6.0       11.1       17.2       51.9 
070729  110606  47  48.3375 N  62   3.9173 W   2.2        6.0       11.1       17.2       51.9 
070729  110607  47  48.3375 N  62   3.9164 W   2.2        6.0       11.1       17.2       51.9 
070729  110608  47  48.3374 N  62   3.9155 W   2.2        6.0       11.1       17.2       51.9 
070729  110609  47  48.3373 N  62   3.9147 W   2.2        6.0       11.1       17.2       51.9 
070729  110610  47  48.3375 N  62   3.9139 W   2.2        6.0       11.1       17.2       55.0*
070729  110611  47  48.3376 N  62   3.9130 W   2.2        6.0       11.1       17.2       55.0 
070729  110612  47  48.3375 N  62   3.9121 W   2.2        6.0       11.1       17.2       55.0 
070729  110613  47  48.3374 N  62   3.9112 W   2.2        6.0       11.7*      17.2       55.0 
070729  110614  47  48.3375 N  62   3.9103 W   2.2        6.0       11.7       17.2       55.0 
070729  110615  47  48.3376 N  62   3.9095 W   2.2        6.0       11.7       17.2       53.7*
070729  110616  47  48.3376 N  62   3.9086 W   2.2        6.0       11.7       17.2       53.7 
070729  110617  47  48.3376 N  62   3.9078 W   2.2        6.0       11.7       17.2       53.7 
070729  110618  47  48.3376 N  62   3.9069 W   2.2        6.0       11.7       17.2       53.7 
070729  110619  47  48.3377 N  62   3.9061 W   2.2        6.0       11.7       17.2       53.7 
070729  110620  47  48.3377 N  62   3.9053 W   2.1        6.0       11.7       17.2       52.8*
070729  110621  47  48.3378 N  62   3.9045 W   2.1        6.0       11.7       17.2       52.8 
070729  110622  47  48.3378 N  62   3.9036 W   2.1        6.0       11.7       17.2       52.8 
070729  110623  47  48.3379 N  62   3.9028 W   2.1        6.0       11.7       17.2       52.8 
070729  110624  47  48.3379 N  62   3.9019 W   2.1        6.0       11.7       17.2       52.8 
070729  110625  47  48.3380 N  62   3.9010 W   2.1        6.0       12.1*      17.2       52.8 
070729  110626  47  48.3380 N  62   3.9001 W   2.2        6.0       12.1       17.2       53.2*
070729  110627  47  48.3380 N  62   3.8992 W   2.2        6.0       12.1       17.2       53.2 
070729  110628  47  48.3380 N  62   3.8984 W   2.1        6.0       12.1       17.2       53.2 
070729  110629  47  48.3381 N  62   3.8975 W   2.1        6.0       12.1       17.2       53.2 
070729  110630  47  48.3381 N  62   3.8966 W   2.2        6.0       12.1        9.1*      53.2 
070729  110631  47  48.3381 N  62   3.8957 W   2.2        6.0       12.1        9.1       51.5*
070729  110632  47  48.3382 N  62   3.8949 W   2.1        6.0       12.1        9.1       51.5 
070729  110633  47  48.3382 N  62   3.8940 W   2.1        6.0       12.1        9.1       51.5 
070729  110634  47  48.3382 N  62   3.8931 W   2.2        6.0       12.1        9.1       51.5 
070729  110635  47  48.3382 N  62   3.8923 W   2.1        6.0       12.1        9.1       51.5 
070729  110636  47  48.3382 N  62   3.8915 W   2.1        6.0       12.1        9.1       51.5 
070729  110637  47  48.3383 N  62   3.8905 W   2.1        6.0       11.7*       9.1       51.5 
070729  110638  47  48.3383 N  62   3.8897 W   2.2        6.0       11.7        9.1       51.5 
070729  110639  47  48.3383 N  62   3.8888 W   2.1        6.0       11.7        9.1       51.5 
070729  110640  47  48.3383 N  62   3.8880 W   2.1        6.0       11.7        9.1       51.5 
070729  110641  47  48.3383 N  62   3.8871 W   2.1        6.0       11.7        9.1       51.5 
070729  110642  47  48.3384 N  62   3.8861 W   2.2        6.0       11.7        9.1      479.9*
070729  110643  47  48.3384 N  62   3.8853 W   2.1        6.0       11.7        9.1      479.9 
070729  110644  47  48.3384 N  62   3.8845 W   2.1        6.0       11.7        9.1      479.9 
070729  110645  47  48.3383 N  62   3.8836 W   2.1        6.0       11.7        9.1      479.9 
070729  110646  47  48.3384 N  62   3.8827 W   2.2        6.0       11.7        9.1      479.9 
070729  110647  47  48.3384 N  62   3.8818 W   2.2        6.0       11.7        9.1       55.0*
070729  110648  47  48.3385 N  62   3.8809 W   2.2        6.0       11.7        9.1       55.0 
070729  110649  47  48.3384 N  62   3.8800 W   2.2        6.0       10.9*       9.1       55.0 
070729  110650  47  48.3383 N  62   3.8792 W   2.2        6.0       10.9        9.1       55.0 
070729  110651  47  48.3384 N  62   3.8783 W   2.2        6.0       10.9        9.1       55.0 
070729  110652  47  48.3384 N  62   3.8774 W   2.2        6.0       10.9        9.1       54.1*
070729  110653  47  48.3384 N  62   3.8764 W   2.2        6.0       10.9        9.1       54.1 
070729  110654  47  48.3384 N  62   3.8756 W   2.2        6.0       10.9        9.1       54.1 
070729  110655  47  48.3384 N  62   3.8747 W   2.2        6.0       10.9        9.1       54.1 
070729  110656  47  48.3384 N  62   3.8738 W   2.2        6.0       10.9        9.1       54.1 
070729  110657  47  48.3385 N  62   3.8728 W   2.2        6.0       10.9        9.1       54.1 
070729  110658  47  48.3385 N  62   3.8719 W   2.2        6.0       10.9        9.1       51.0*
070729  110659  47  48.3385 N  62   3.8710 W   2.2        6.0       10.9        9.1       51.0 
070729  110700  47  48.3385 N  62   3.8700 W   2.2        6.0       10.9        9.1       51.0 
070729  110701  47  48.3386 N  62   3.8691 W   2.2        6.0       12.5*       9.1*      51.0 
070729  110702  47  48.3386 N  62   3.8682 W   2.2        6.0       12.5        9.1       51.0 
070729  110703  47  48.3386 N  62   3.8673 W   2.2        6.0       12.5        9.1       51.0 
070729  110704  47  48.3386 N  62   3.8664 W   2.2        6.0       12.5        9.1       51.0 
070729  110705  47  48.3387 N  62   3.8656 W   2.2        6.0       12.5        9.1       51.0 
070729  110706  47  48.3388 N  62   3.8649 W   2.1        6.0       12.5        9.1       51.0 
070729  110707  47  48.3389 N  62   3.8641 W   2.1        6.0       12.5       22.7*      51.0 
070729  110708  47  48.3389 N  62   3.8633 W   2.1        6.0       12.5       22.7       51.0 
070729  110709  47  48.3390 N  62   3.8627 W   2.0        6.0       12.5       22.7       51.0 
070729  110710  47  48.3392 N  62   3.8621 W   1.9        6.0       12.5       22.7       51.0 
070729  110711  47  48.3393 N  62   3.8614 W   1.9        6.0       12.5       22.7       51.0 
070729  110712  47  48.3394 N  62   3.8608 W   1.8        6.0       12.5       22.7       51.0 
070729  110713  47  48.3395 N  62   3.8602 W   1.7        3.2*      12.5       22.7       51.0 
070729  110714  47  48.3396 N  62   3.8598 W   1.7        3.2       12.5       22.7       16.3*
070729  110715  47  48.3398 N  62   3.8592 W   1.6        3.2       12.5       22.7       16.3 
070729  110716  47  48.3399 N  62   3.8587 W   1.6        3.2       12.5       22.7       16.3 
070729  110717  47  48.3401 N  62   3.8583 W   1.5        3.2       12.5       22.7       16.3 
070729  110718  47  48.3402 N  62   3.8578 W   1.5        3.2       12.5       22.7       16.3 
070729  110719  47  48.3404 N  62   3.8574 W   1.4        3.2       12.5       22.7      105.1*
070729  110720  47  48.3406 N  62   3.8569 W   1.4        3.2       12.5       22.7      105.1 
070729  110721  47  48.3407 N  62   3.8565 W   1.4        3.2       12.5       22.7      105.1 
070729  110722  47  48.3409 N  62   3.8563 W   1.3        3.2       12.5       22.7      105.1 
070729  110723  47  48.3411 N  62   3.8561 W   1.3        3.2       12.5       22.7      105.1 
070729  110724  47  48.3413 N  62   3.8557 W   1.2        3.2       12.5       22.7      105.1 
070729  110725  47  48.3414 N  62   3.8554 W   1.2        3.2       12.5       22.7      105.1 
070729  110726  47  48.3416 N  62   3.8552 W   1.2        5.1*      12.5       22.7      105.1 
070729  110727  47  48.3418 N  62   3.8550 W   1.2        5.1       12.5       11.9*     105.1 
070729  110728  47  48.3420 N  62   3.8547 W   1.2        5.1       12.5       11.9      105.1 
070729  110729  47  48.3421 N  62   3.8544 W   1.2        5.1       12.5       11.9      105.1 
070729  110730  47  48.3423 N  62   3.8542 W   1.1        5.1       12.5       11.9      105.1 
070729  110731  47  48.3425 N  62   3.8540 W   1.1        5.1       12.5       11.9      105.1 
070729  110732  47  48.3427 N  62   3.8538 W   1.1        5.1       12.5       11.9      105.1 
070729  110733  47  48.3428 N  62   3.8535 W   1.1        5.1       12.5       11.9      105.1 
070729  110734  47  48.3431 N  62   3.8533 W   1.1        5.1       12.5       11.9      105.1 
070729  110735  47  48.3433 N  62   3.8533 W   1.0        5.1       12.5       11.9      105.1 
070729  110736  47  48.3434 N  62   3.8532 W   1.0        5.1       12.5       11.9      105.1 
070729  110737  47  48.3435 N  62   3.8530 W   1.0        5.1       12.5       11.9      105.1 
070729  110738  47  48.3437 N  62   3.8528 W   1.0        5.1       11.1*      11.9      105.1 
070729  110739  47  48.3438 N  62   3.8526 W   1.0        5.1       11.1       11.9      105.1 
070729  110740  47  48.3439 N  62   3.8524 W   1.0        5.1       11.1       11.9       71.7*
070729  110741  47  48.3440 N  62   3.8522 W   0.9        5.1       11.1       11.9       71.7 
070729  110742  47  48.3442 N  62   3.8519 W   0.9        5.1       11.1       11.9       71.7 
070729  110743  47  48.3443 N  62   3.8516 W   0.9        5.1       11.1       11.9       71.7 
070729  110744  47  48.3445 N  62   3.8514 W   0.9        5.1       11.1       11.9       71.7 
070729  110745  47  48.3447 N  62   3.8512 W   0.9        5.1       11.1       11.9       71.7 
070729  110746  47  48.3448 N  62   3.8510 W   0.9        5.1       11.1       11.9       29.9*
070729  110747  47  48.3450 N  62   3.8508 W   0.9        5.1       11.1       11.9       29.9 
070729  110748  47  48.3452 N  62   3.8507 W   0.9        5.1       11.1       11.9       29.9 
070729  110749  47  48.3454 N  62   3.8505 W   0.9        5.1       11.1       11.9       29.9 
070729  110750  47  48.3456 N  62   3.8503 W   0.9        5.1       11.1       11.9       29.9 
070729  110751  47  48.3457 N  62   3.8501 W   0.9        5.1       11.1       11.9       34.8*
070729  110752  47  48.3459 N  62   3.8500 W   0.9        5.1       11.1       11.9       34.8 
070729  110753  47  48.3461 N  62   3.8499 W   0.9        5.1       11.1       11.9       34.8 
070729  110754  47  48.3463 N  62   3.8497 W   0.9        5.1       11.1       15.4*      34.8 
070729  110755  47  48.3464 N  62   3.8496 W   0.9        5.1       11.1       15.4       34.8 
070729  110756  47  48.3467 N  62   3.8494 W   0.9        5.1       11.1       15.4       14.5*
070729  110757  47  48.3469 N  62   3.8493 W   0.9        5.1       11.1       15.4       14.5 
070729  110758  47  48.3470 N  62   3.8493 W   0.9        5.1       11.1       15.4       14.5 
070729  110759  47  48.3471 N  62   3.8491 W   0.9        5.1       11.1        4.3*      14.5 
070729  110800  47  48.3473 N  62   3.8490 W   0.9        5.1       11.1        4.3       14.5 
070729  110801  47  48.3475 N  62   3.8489 W   0.9        5.1       11.1        4.3       14.5 
070729  110802  47  48.3478 N  62   3.8487 W   0.9        5.1       12.2*       4.3       72.6*
070729  110803  47  48.3479 N  62   3.8485 W   0.8        5.1       12.2        4.3       72.6 
070729  110804  47  48.3482 N  62   3.8482 W   0.8        5.1       12.2       18.1*      72.6 
070729  110805  47  48.3484 N  62   3.8481 W   0.9        5.1       12.2       18.1       72.6 
070729  110806  47  48.3486 N  62   3.8480 W   0.9        5.1       12.2       18.1       72.6 
070729  110807  47  48.3488 N  62   3.8479 W   0.8        5.1       12.2       18.1       47.1*
070729  110808  47  48.3490 N  62   3.8477 W   0.9        5.1        3.5*      18.1       47.1 
070729  110809  47  48.3492 N  62   3.8476 W   0.9        5.1        3.5       18.1       47.1 
070729  110810  47  48.3494 N  62   3.8475 W   0.8        5.1        3.5       18.1       47.1 
070729  110811  47  48.3496 N  62   3.8473 W   0.9        5.1        3.5       18.1       47.1 
070729  110812  47  48.3499 N  62   3.8471 W   0.9        5.1        3.5       18.1       29.9*
070729  110813  47  48.3500 N  62   3.8469 W   0.9        5.1        3.5       18.1       29.9 
070729  110814  47  48.3503 N  62   3.8468 W   0.9        5.1        3.5       18.1       29.9 
070729  110815  47  48.3504 N  62   3.8465 W   0.8        5.1        3.5       22.2*      29.9 
070729  110816  47  48.3506 N  62   3.8463 W   0.9        7.2*       3.5       22.2       29.9 
070729  110817  47  48.3509 N  62   3.8462 W   0.9        7.2        3.5       22.2       29.9 
070729  110818  47  48.3511 N  62   3.8460 W   0.9        7.2        3.5       22.2       47.9*
070729  110819  47  48.3513 N  62   3.8458 W   0.8        7.2        3.5       22.2       47.9 
070729  110820  47  48.3515 N  62   3.8456 W   0.8        7.2        3.5       22.2       47.9 
070729  110821  47  48.3517 N  62   3.8454 W   0.9        7.2        3.5       22.2       47.9 
070729  110822  47  48.3519 N  62   3.8453 W   0.9        7.2        3.5       22.2       47.9 
070729  110823  47  48.3521 N  62   3.8451 W   0.8        7.2        3.5       22.2       53.2*
070729  110824  47  48.3522 N  62   3.8449 W   0.8        7.2        3.5       22.2       53.2 
070729  110825  47  48.3525 N  62   3.8447 W   0.8        7.2        3.5       11.6*      53.2 
070729  110826  47  48.3527 N  62   3.8445 W   0.8        7.2        3.5       11.6       53.2 
070729  110827  47  48.3529 N  62   3.8444 W   0.8        7.2        3.5       11.6       53.2 
070729  110828  47  48.3530 N  62   3.8442 W   0.8        7.2        3.5       11.6       50.6*
070729  110829  47  48.3531 N  62   3.8440 W   0.8        7.9*       3.5       11.6       50.6 
070729  110830  47  48.3533 N  62   3.8439 W   0.8        7.9        3.5       11.6       50.6 
070729  110831  47  48.3536 N  62   3.8437 W   0.8        7.9        3.5       11.6       50.6 
070729  110832  47  48.3537 N  62   3.8435 W   0.8        7.9        3.5       11.6       50.6 
070729  110833  47  48.3538 N  62   3.8433 W   0.8        7.9        3.5       11.6       22.9*
070729  110834  47  48.3541 N  62   3.8431 W   0.8        7.9        3.5       11.6       22.9 
070729  110835  47  48.3544 N  62   3.8429 W   0.8        7.9        3.5       11.6       22.9 
070729  110836  47  48.3545 N  62   3.8427 W   0.8        7.9        3.5        5.3*      22.9 
070729  110837  47  48.3547 N  62   3.8425 W   0.8        7.9        3.5        5.3       22.9 
070729  110838  47  48.3548 N  62   3.8424 W   0.8        7.9        3.5        5.3       22.9 
070729  110839  47  48.3551 N  62   3.8421 W   0.8        7.9        3.5        5.3       54.1*
070729  110840  47  48.3552 N  62   3.8419 W   0.8        7.9        3.5        5.3       54.1 
070729  110841  47  48.3554 N  62   3.8417 W   0.8        7.9        8.7*       5.3       54.1 
070729  110842  47  48.3556 N  62   3.8416 W   0.8        7.9        8.7        5.3       54.1 
070729  110843  47  48.3558 N  62   3.8413 W   0.8        7.9        8.7        5.3       54.1 
070729  110844  47  48.3561 N  62   3.8410 W   0.8        7.9        8.7        5.3       54.1 
070729  110845  47  48.3564 N  62   3.8408 W   0.8        7.9        8.7        5.3       54.1 
070729  110846  47  48.3566 N  62   3.8406 W   0.9        7.9        8.7       26.2*      54.1 
070729  110847  47  48.3569 N  62   3.8404 W   0.8        7.9        8.7       26.2       54.1 
070729  110848  47  48.3570 N  62   3.8401 W   0.8        7.9        8.7       26.2       54.1 
070729  110849  47  48.3573 N  62   3.8398 W   0.9        7.9        8.7       26.2       24.2*
070729  110850  47  48.3576 N  62   3.8397 W   0.9        7.9        8.7       26.2       24.2 
070729  110851  47  48.3578 N  62   3.8395 W   0.9        7.9        8.7       26.2       24.2 
070729  110852  47  48.3580 N  62   3.8390 W   0.9        7.9        8.7       26.2       24.2 
070729  110853  47  48.3581 N  62   3.8386 W   1.0        7.9        8.7       26.2       24.2 
070729  110854  47  48.3584 N  62   3.8382 W   1.0        7.9        8.7       26.2        9.7*
070729  110855  47  48.3587 N  62   3.8378 W   1.0        7.9        8.7       26.2        9.7 
070729  110856  47  48.3588 N  62   3.8374 W   1.1        7.9        8.7        3.8*       9.7 
070729  110857  47  48.3591 N  62   3.8367 W   1.1        7.9        8.7        3.8        9.7 
070729  110858  47  48.3594 N  62   3.8361 W   1.2        7.9        8.7        3.8        9.7 
070729  110859  47  48.3597 N  62   3.8356 W   1.2        7.9        8.7        3.8        9.7 
