FileName: C:\DOCUME~1\NETMIND\DESKTOP\ZONE12~1\GP326F.TXT
Local Time: Tue Jul 24 18:40:17 2007

Ship: Trawl survey southern Gulf Trip: GP326F Tow: tow 10
Comments: Zone E
 Date    Time     Latitude       Longitude    Speed    Primary  Secondary DoorSpread      Depth 
070724  213953  47  59.6527 N  61   9.6884 W   4.0        4.4       11.7        1.0*     461.0*
070724  213954  47  59.6523 N  61   9.6871 W   3.9        4.4       11.7        1.0      461.0 
070724  213955  47  59.6521 N  61   9.6858 W   3.8        4.4       11.7        1.0      461.0 
070724  213956  47  59.6519 N  61   9.6845 W   3.7        4.4       11.7        1.0      461.0 
070724  213957  47  59.6516 N  61   9.6832 W   3.7        4.4       11.7        1.0      461.0 
070724  213958  47  59.6513 N  61   9.6818 W   3.7        4.4       11.7        1.0      461.0 
070724  213959  47  59.6510 N  61   9.6805 W   3.6        4.4       11.7        1.0      461.0 
070724  214000  47  59.6507 N  61   9.6792 W   3.6        4.4       11.7        1.0      461.0 
070724  214001  47  59.6504 N  61   9.6777 W   3.6        4.4       11.7        1.0      461.0 
070724  214002  47  59.6500 N  61   9.6760 W   3.7        4.4       11.7        1.0      461.0 
070724  214003  47  59.6497 N  61   9.6743 W   3.8        4.4       11.7        1.0      461.0 
070724  214004  47  59.6493 N  61   9.6724 W   4.0        4.4       11.7        1.0      461.0 
070724  214005  47  59.6488 N  61   9.6705 W   4.2        4.4       11.7        1.0      461.0 
070724  214006  47  59.6483 N  61   9.6685 W   4.3        4.4       11.7        1.0      461.0 
070724  214007  47  59.6478 N  61   9.6663 W   4.5        4.4       11.7        1.0      461.0 
070724  214008  47  59.6472 N  61   9.6640 W   4.8        4.4       11.7        1.0      461.0 
070724  214009  47  59.6466 N  61   9.6615 W   5.0        4.4       11.7        1.0      461.0 
070724  214010  47  59.6461 N  61   9.6589 W   5.3        4.4       11.7        1.0      461.0 
070724  214011  47  59.6456 N  61   9.6562 W   5.5        4.4       11.7        1.0      461.0 
070724  214012  47  59.6448 N  61   9.6534 W   5.8        4.4       11.7        1.0      461.0 
070724  214013  47  59.6440 N  61   9.6508 W   6.0        4.4       11.7        1.0      461.0 
070724  214014  47  59.6433 N  61   9.6481 W   6.1        4.4       11.7        1.0      461.0 
070724  214015  47  59.6426 N  61   9.6453 W   6.3        4.4       11.7        1.0      461.0 
070724  214016  47  59.6420 N  61   9.6424 W   6.5        4.4       11.7        1.0      461.0 
070724  214017  47  59.6412 N  61   9.6395 W   6.6        4.4       11.7        1.0      461.0 
070724  214018  47  59.6405 N  61   9.6366 W   6.8        4.4       11.7        1.0      461.0 
070724  214019  47  59.6397 N  61   9.6336 W   6.9        4.4       11.7        1.0      461.0 
070724  214020  47  59.6389 N  61   9.6305 W   7.1        4.4       11.7        1.0      461.0 
070724  214021  47  59.6380 N  61   9.6276 W   7.2        4.4       11.7        1.0      461.0 
070724  214022  47  59.6371 N  61   9.6246 W   7.3        4.4       11.7        1.0      461.0 
070724  214023  47  59.6363 N  61   9.6216 W   7.3        4.4       11.7        1.0      461.0 
070724  214024  47  59.6355 N  61   9.6186 W   7.4        4.4       11.7        1.0      461.0 
070724  214025  47  59.6346 N  61   9.6156 W   7.5        4.4       11.7        1.0      461.0 
070724  214026  47  59.6337 N  61   9.6125 W   7.5        4.4       11.7        1.0      461.0 
070724  214027  47  59.6330 N  61   9.6093 W   7.6        4.4       11.7        1.0      461.0 
070724  214028  47  59.6322 N  61   9.6061 W   7.7        4.4       11.7        1.0      461.0 
070724  214029  47  59.6313 N  61   9.6029 W   7.8        4.4       11.7        1.0      461.0 
070724  214030  47  59.6305 N  61   9.5998 W   7.9        4.4       11.7        1.0      461.0 
070724  214031  47  59.6296 N  61   9.5967 W   7.9        4.4       11.7        1.0      461.0 
070724  214032  47  59.6288 N  61   9.5936 W   7.9        4.4       11.7        1.0      461.0 
070724  214033  47  59.6279 N  61   9.5907 W   7.9        4.4       11.7        1.0      461.0 
070724  214034  47  59.6269 N  61   9.5877 W   7.9        4.4       11.7      107.9*     461.0 
070724  214035  47  59.6261 N  61   9.5846 W   7.9        4.4       11.7      107.9      461.0 
070724  214036  47  59.6253 N  61   9.5813 W   8.0        4.4       11.7      107.9      461.0 
070724  214037  47  59.6245 N  61   9.5780 W   8.0        4.4       11.7      107.9      461.0 
070724  214038  47  59.6238 N  61   9.5748 W   8.1        4.4       11.7      107.9      461.0 
070724  214039  47  59.6229 N  61   9.5717 W   8.1        4.4       11.7        5.5*     461.0 
070724  214040  47  59.6219 N  61   9.5686 W   8.1        4.4       11.7        5.5      461.0 
070724  214041  47  59.6209 N  61   9.5657 W   8.0        4.4       11.7        5.5      461.0 
070724  214042  47  59.6202 N  61   9.5627 W   8.0        4.4       11.7        5.5      461.0 
070724  214043  47  59.6194 N  61   9.5596 W   8.0        4.4       11.7        5.5      461.0 
070724  214044  47  59.6186 N  61   9.5564 W   8.0        4.4       11.7        5.5      461.0 
070724  214045  47  59.6179 N  61   9.5533 W   8.0        4.4       11.7        5.5      461.0 
070724  214046  47  59.6171 N  61   9.5501 W   8.0        4.4       11.7        5.5      461.0 
070724  214047  47  59.6162 N  61   9.5469 W   8.1        4.4       11.7        5.5      461.0 
070724  214048  47  59.6153 N  61   9.5439 W   8.1        4.4       11.7        5.5      461.0 
070724  214049  47  59.6145 N  61   9.5410 W   8.0        4.4       11.7        5.5      461.0 
070724  214050  47  59.6138 N  61   9.5378 W   8.0        4.4       11.7        5.5      461.0 
070724  214051  47  59.6130 N  61   9.5347 W   8.0        4.4       11.7        5.5      461.0 
070724  214052  47  59.6122 N  61   9.5317 W   8.0        4.4       11.7        5.5      461.0 
070724  214053  47  59.6115 N  61   9.5285 W   8.0        4.4       11.7        5.5      461.0 
070724  214054  47  59.6107 N  61   9.5254 W   8.0        4.4       11.7        5.5      461.0 
070724  214055  47  59.6100 N  61   9.5223 W   8.0        4.4       11.7        5.5      461.0 
070724  214056  47  59.6093 N  61   9.5191 W   8.1        4.4       11.7        5.5      461.0 
070724  214057  47  59.6085 N  61   9.5158 W   8.1        4.4       11.7        5.5      461.0 
070724  214058  47  59.6077 N  61   9.5128 W   8.1        4.4       11.7        5.5      461.0 
070724  214059  47  59.6068 N  61   9.5098 W   8.0        4.4       11.7        5.5      461.0 
070724  214100  47  59.6060 N  61   9.5068 W   8.0        4.4       11.7        5.5      461.0 
070724  214101  47  59.6052 N  61   9.5037 W   8.0        4.4       11.7        5.5      461.0 
070724  214102  47  59.6045 N  61   9.5005 W   8.1        4.4       11.7        5.5      461.0 
070724  214103  47  59.6037 N  61   9.4972 W   8.1        4.4       11.7        5.5      461.0 
070724  214104  47  59.6030 N  61   9.4940 W   8.1        4.4       11.7        5.5      461.0 
070724  214105  47  59.6021 N  61   9.4909 W   8.1        4.4       11.7        5.5      461.0 
070724  214106  47  59.6013 N  61   9.4879 W   8.1        4.4       11.7        5.5      461.0 
070724  214107  47  59.6004 N  61   9.4849 W   8.0        4.4       11.7        5.5      461.0 
070724  214108  47  59.5997 N  61   9.4818 W   8.0        4.4       11.7        5.5      461.0 
070724  214109  47  59.5990 N  61   9.4786 W   8.0        4.4       11.7        5.5      461.0 
070724  214110  47  59.5982 N  61   9.4755 W   8.0        4.4       11.7        5.5      461.0 
070724  214111  47  59.5974 N  61   9.4724 W   8.0        4.4       11.7        5.5      461.0 
070724  214112  47  59.5966 N  61   9.4692 W   8.0        4.4       11.7        5.5      461.0 
070724  214113  47  59.5959 N  61   9.4662 W   8.0        4.4       11.7        5.5      461.0 
070724  214114  47  59.5951 N  61   9.4631 W   8.0        4.4       11.7        5.5      461.0 
070724  214115  47  59.5942 N  61   9.4602 W   8.0        4.4       11.7        5.5      461.0 
070724  214116  47  59.5934 N  61   9.4571 W   7.9        4.4       11.7        5.5      461.0 
070724  214117  47  59.5926 N  61   9.4541 W   7.9        4.4       11.7        5.5      461.0 
070724  214118  47  59.5918 N  61   9.4510 W   8.0        4.4       11.7        5.5      461.0 
070724  214119  47  59.5910 N  61   9.4479 W   8.0        4.4       11.7        5.5      461.0 
070724  214120  47  59.5902 N  61   9.4448 W   8.0        4.4       11.7        5.5      461.0 
070724  214121  47  59.5894 N  61   9.4417 W   8.0        4.4       11.7        5.5      461.0 
070724  214122  47  59.5886 N  61   9.4386 W   8.0        4.4       11.7        5.5      461.0 
070724  214123  47  59.5878 N  61   9.4356 W   8.0        4.4       11.7        5.5      461.0 
070724  214124  47  59.5870 N  61   9.4325 W   8.0        4.4       11.7        5.5      461.0 
070724  214125  47  59.5862 N  61   9.4295 W   7.9        4.4       11.7        5.5      461.0 
070724  214126  47  59.5854 N  61   9.4266 W   7.9        4.4       11.7        5.5      461.0 
070724  214127  47  59.5846 N  61   9.4235 W   7.9        4.4       11.7        5.5      461.0 
070724  214128  47  59.5837 N  61   9.4203 W   8.0        4.4       11.7        5.5      461.0 
070724  214129  47  59.5830 N  61   9.4173 W   7.9        4.4       11.7        5.5      461.0 
070724  214130  47  59.5823 N  61   9.4142 W   7.9        4.4       11.7        5.5      461.0 
070724  214131  47  59.5815 N  61   9.4110 W   8.0        4.4       11.7        5.5      461.0 
070724  214132  47  59.5806 N  61   9.4079 W   8.0        4.4       11.7        5.5      461.0 
070724  214133  47  59.5798 N  61   9.4051 W   7.9        4.4       11.7        5.5      461.0 
070724  214134  47  59.5791 N  61   9.4020 W   7.8        4.4       11.7        5.5      461.0 
070724  214135  47  59.5784 N  61   9.3989 W   7.9        4.4       11.7        5.5      461.0 
070724  214136  47  59.5777 N  61   9.3958 W   7.9        4.4       11.7        5.5      461.0 
070724  214137  47  59.5769 N  61   9.3928 W   7.8        4.4       11.7        5.5      461.0 
070724  214138  47  59.5760 N  61   9.3898 W   7.9        4.4       11.7        5.5      461.0 
070724  214139  47  59.5752 N  61   9.3868 W   7.9        4.4       11.7        5.5      461.0 
070724  214140  47  59.5744 N  61   9.3839 W   7.8        4.4       11.7        5.5      461.0 
070724  214141  47  59.5736 N  61   9.3809 W   7.8        4.4       11.7        5.5      461.0 
070724  214142  47  59.5728 N  61   9.3779 W   7.8        4.4       11.7        5.5      461.0 
070724  214143  47  59.5721 N  61   9.3749 W   7.8        4.4       11.7        5.5      461.0 
070724  214144  47  59.5715 N  61   9.3718 W   7.8        4.4       11.7        5.5      461.0 
070724  214145  47  59.5708 N  61   9.3686 W   7.9        4.4       11.7        5.5      461.0 
070724  214146  47  59.5701 N  61   9.3654 W   7.9        4.4       11.7        5.5      461.0 
070724  214147  47  59.5693 N  61   9.3624 W   7.9        4.4       11.7        5.5      461.0 
070724  214148  47  59.5685 N  61   9.3593 W   7.9        4.4       11.7        5.5      461.0 
070724  214149  47  59.5677 N  61   9.3562 W   7.9        4.4       11.7        5.5      461.0 
070724  214150  47  59.5670 N  61   9.3532 W   7.9        4.4       11.7        5.5      461.0 
070724  214151  47  59.5662 N  61   9.3501 W   7.9        4.4       11.7        5.5      461.0 
070724  214152  47  59.5653 N  61   9.3471 W   8.0        4.4       11.7        5.5      461.0 
070724  214153  47  59.5645 N  61   9.3440 W   7.9        4.4       11.7        5.5      461.0 
070724  214154  47  59.5639 N  61   9.3410 W   7.9        4.4       11.7        5.5      461.0 
070724  214155  47  59.5632 N  61   9.3379 W   7.9        4.4       11.7        5.5      461.0 
070724  214156  47  59.5625 N  61   9.3350 W   7.8        4.4       11.7        5.5       14.5*
070724  214157  47  59.5619 N  61   9.3322 W   7.7        4.4       11.7        5.5       14.5 
070724  214158  47  59.5612 N  61   9.3294 W   7.6        4.4       11.7        5.5       14.5 
070724  214159  47  59.5605 N  61   9.3267 W   7.5        4.4       11.7        5.5       14.5 
070724  214200  47  59.5598 N  61   9.3242 W   7.4        4.4       11.7        5.5       14.5 
070724  214201  47  59.5592 N  61   9.3215 W   7.3        4.4       11.7        5.5       44.4*
070724  214202  47  59.5587 N  61   9.3189 W   7.2        4.4       11.7        5.5       44.4 
070724  214203  47  59.5582 N  61   9.3164 W   7.1        4.4       11.7        5.5       44.4 
070724  214204  47  59.5576 N  61   9.3139 W   6.9        4.4       11.7        5.5       44.4 
070724  214205  47  59.5571 N  61   9.3115 W   6.8        4.4       11.7        5.5       44.4 
070724  214206  47  59.5565 N  61   9.3090 W   6.8        4.4       11.7        5.5       43.5*
070724  214207  47  59.5559 N  61   9.3064 W   6.7        4.4       11.7        5.5       43.5 
070724  214208  47  59.5554 N  61   9.3040 W   6.7        4.4       11.7        5.5       43.5 
070724  214209  47  59.5548 N  61   9.3016 W   6.6        4.4       11.7        8.8*      43.5 
070724  214210  47  59.5543 N  61   9.2991 W   6.5        4.4       11.7        8.8       43.5 
070724  214211  47  59.5538 N  61   9.2966 W   6.5        4.4       11.7        8.8       43.5 
070724  214212  47  59.5533 N  61   9.2942 W   6.4        4.4       11.7        8.8       46.2*
070724  214213  47  59.5529 N  61   9.2919 W   6.4        4.4       11.7        8.8       46.2 
070724  214214  47  59.5524 N  61   9.2894 W   6.3        4.4       11.7        8.8       46.2 
070724  214215  47  59.5518 N  61   9.2870 W   6.3        4.4       11.7        8.8       46.2 
070724  214216  47  59.5513 N  61   9.2846 W   6.2        4.4       11.7        8.8       46.2 
070724  214217  47  59.5508 N  61   9.2822 W   6.2        4.4       11.7        8.8       45.7*
070724  214218  47  59.5505 N  61   9.2797 W   6.2        4.4       11.7        8.8       45.7 
070724  214219  47  59.5500 N  61   9.2774 W   6.2        4.4       11.7        8.8       45.7 
070724  214220  47  59.5494 N  61   9.2750 W   6.1        4.4       11.7        8.8       45.7 
070724  214221  47  59.5489 N  61   9.2726 W   6.1        4.4       11.7        8.8       45.7 
070724  214222  47  59.5484 N  61   9.2701 W   6.1        4.4       11.7        8.8       43.5*
070724  214223  47  59.5479 N  61   9.2677 W   6.1        4.4       11.7        8.8       43.5 
070724  214224  47  59.5475 N  61   9.2653 W   6.1        4.4       11.7        8.8       43.5 
070724  214225  47  59.5469 N  61   9.2629 W   6.1        4.4       11.7        9.0*      43.5 
070724  214226  47  59.5464 N  61   9.2606 W   6.1        4.4       11.7        9.0       43.5 
070724  214227  47  59.5458 N  61   9.2582 W   6.1        4.4       11.7        9.0       43.5 
070724  214228  47  59.5453 N  61   9.2558 W   6.1        4.4       11.7        9.0       46.6*
070724  214229  47  59.5448 N  61   9.2534 W   6.1        4.4       11.7        9.0       46.6 
070724  214230  47  59.5444 N  61   9.2509 W   6.1        4.4       11.7        9.2*      46.6 
070724  214231  47  59.5439 N  61   9.2485 W   6.1        4.4       11.7        9.2       46.6 
070724  214232  47  59.5433 N  61   9.2461 W   6.1        4.4       11.7        9.2       46.6 
070724  214233  47  59.5428 N  61   9.2438 W   6.1        4.4       11.7        9.2       44.4*
070724  214234  47  59.5424 N  61   9.2414 W   6.0        4.4       11.7        9.2       44.4 
070724  214235  47  59.5419 N  61   9.2390 W   6.0        4.4       11.7       10.0*      44.4 
070724  214236  47  59.5414 N  61   9.2366 W   6.0        4.4       11.7       10.0       44.4 
070724  214237  47  59.5409 N  61   9.2342 W   6.0        4.4       11.7       10.0       44.4 
070724  214238  47  59.5405 N  61   9.2318 W   6.0        4.4       11.7       10.0       40.5*
070724  214239  47  59.5401 N  61   9.2294 W   6.0        4.4       11.7       10.0       40.5 
070724  214240  47  59.5396 N  61   9.2272 W   6.0        4.4       11.7       10.0       40.5 
070724  214241  47  59.5391 N  61   9.2253 W   5.8        4.4       11.7        8.2*      40.5 
070724  214242  47  59.5388 N  61   9.2234 W   5.6        4.4       11.7        8.2       40.5 
070724  214243  47  59.5385 N  61   9.2216 W   5.5        4.4       11.7        8.2       40.5 
070724  214244  47  59.5382 N  61   9.2197 W   5.3        4.4       11.7        8.2       40.9*
070724  214245  47  59.5380 N  61   9.2181 W   5.1        4.4       11.7        8.2       40.9 
070724  214246  47  59.5377 N  61   9.2167 W   4.9        4.4       11.7        8.1*      40.9 
070724  214247  47  59.5374 N  61   9.2152 W   4.7        4.4       11.7        8.1       40.9 
070724  214248  47  59.5372 N  61   9.2137 W   4.5        4.4       11.3*       8.1       40.9 
070724  214249  47  59.5370 N  61   9.2124 W   4.3        4.4       11.3        8.1       39.6*
070724  214250  47  59.5368 N  61   9.2113 W   4.1        4.4       11.3        8.1       39.6 
070724  214251  47  59.5366 N  61   9.2100 W   4.0        4.4       11.3        8.1       39.6 
070724  214252  47  59.5364 N  61   9.2088 W   3.8        4.4       11.3        8.1       39.6 
070724  214253  47  59.5363 N  61   9.2076 W   3.7        4.4       11.3        8.1       39.6 
070724  214254  47  59.5362 N  61   9.2066 W   3.5        4.4        2.2*       8.1       36.9*
070724  214255  47  59.5360 N  61   9.2055 W   3.4        4.4        2.2        8.1       36.9 
070724  214256  47  59.5359 N  61   9.2044 W   3.3        4.4        2.2        8.4*      36.9 
070724  214257  47  59.5358 N  61   9.2035 W   3.1        4.4        2.2        8.4       36.9 
070724  214258  47  59.5357 N  61   9.2024 W   3.0        4.4        2.2        8.4       36.9 
070724  214259  47  59.5356 N  61   9.2014 W   2.9        4.4        2.2        8.4       42.7*
070724  214300  47  59.5355 N  61   9.2005 W   2.9        4.4        2.2        8.4       42.7 
070724  214301  47  59.5354 N  61   9.1996 W   2.8        2.4*       2.2        8.4       42.7 
070724  214302  47  59.5353 N  61   9.1987 W   2.7        2.4        2.2        8.9*      42.7 
070724  214303  47  59.5353 N  61   9.1977 W   2.6        2.4        2.2        8.9       42.7 
070724  214304  47  59.5352 N  61   9.1968 W   2.6        2.4        2.2        8.9       42.7 
070724  214305  47  59.5351 N  61   9.1959 W   2.5        2.4        2.2        8.9       38.3*
070724  214306  47  59.5350 N  61   9.1950 W   2.4        2.4        2.2        8.9       38.3 
070724  214307  47  59.5349 N  61   9.1942 W   2.4        2.4        2.2        8.5*      38.3 
070724  214308  47  59.5348 N  61   9.1933 W   2.4        2.4        2.2        8.5       38.3 
070724  214309  47  59.5347 N  61   9.1925 W   2.3        2.4        2.2        8.5       38.3 
070724  214310  47  59.5346 N  61   9.1916 W   2.3        2.4        2.2        8.5       40.0*
070724  214311  47  59.5346 N  61   9.1907 W   2.3        2.4        2.2        8.5       40.0 
070724  214312  47  59.5345 N  61   9.1898 W   2.3        2.4        2.2        7.4*      40.0 
070724  214313  47  59.5345 N  61   9.1890 W   2.2        2.4        8.8*       7.4       40.0 
070724  214314  47  59.5344 N  61   9.1882 W   2.2        2.4        8.8        7.4       40.0 
070724  214315  47  59.5343 N  61   9.1873 W   2.2        2.4        8.8        7.4       44.4*
070724  214316  47  59.5342 N  61   9.1865 W   2.2        2.4        8.8        7.4       44.4 
070724  214317  47  59.5342 N  61   9.1856 W   2.1        2.4        8.8        6.8*      44.4 
070724  214318  47  59.5341 N  61   9.1847 W   2.1        2.4        8.8        6.8       44.4 
070724  214319  47  59.5339 N  61   9.1840 W   2.1        2.4        8.8        6.8       44.4 
070724  214320  47  59.5338 N  61   9.1832 W   2.1        2.4        8.8        6.8       44.4 
070724  214321  47  59.5337 N  61   9.1823 W   2.1        2.4        8.8        6.8       49.7*
070724  214322  47  59.5337 N  61   9.1815 W   2.1        2.4        8.8        6.8       49.7 
070724  214323  47  59.5337 N  61   9.1808 W   2.0        2.4        8.8        6.7*      49.7 
070724  214324  47  59.5335 N  61   9.1800 W   2.0        2.4        8.8        6.7       49.7 
070724  214325  47  59.5334 N  61   9.1791 W   2.0        2.4       12.1*       6.7       49.7 
070724  214326  47  59.5334 N  61   9.1782 W   2.0        2.4       12.1        6.7       47.9*
070724  214327  47  59.5333 N  61   9.1776 W   2.0        2.4       12.1        6.7       47.9 
070724  214328  47  59.5332 N  61   9.1769 W   1.9        2.4       12.1       11.1*      47.9 
070724  214329  47  59.5331 N  61   9.1760 W   2.0        2.4       12.1       11.1       47.9 
070724  214330  47  59.5331 N  61   9.1752 W   2.0        2.4       12.1       11.1       47.9 
070724  214331  47  59.5331 N  61   9.1744 W   2.0        2.4       12.1       11.1       49.3*
070724  214332  47  59.5330 N  61   9.1738 W   1.9        2.4       12.1       11.1       49.3 
070724  214333  47  59.5330 N  61   9.1730 W   1.9        2.4       12.1        2.2*      49.3 
070724  214334  47  59.5329 N  61   9.1722 W   1.9        2.4       12.1        2.2       49.3 
070724  214335  47  59.5329 N  61   9.1714 W   1.9        2.4       12.1        2.2       49.3 
070724  214336  47  59.5328 N  61   9.1706 W   1.9        2.4       12.1        2.2       49.3 
070724  214337  47  59.5327 N  61   9.1698 W   1.9        2.4       11.9*       2.2       50.6*
070724  214338  47  59.5326 N  61   9.1691 W   1.9        2.4       11.9        2.2       50.6 
070724  214339  47  59.5326 N  61   9.1683 W   1.9        2.4       11.9        5.6*      50.6 
070724  214340  47  59.5326 N  61   9.1675 W   1.9        2.4       11.9        5.6       50.6 
070724  214341  47  59.5325 N  61   9.1668 W   1.9        2.4       11.9        5.6       50.6 
070724  214342  47  59.5324 N  61   9.1660 W   1.9        2.4       11.9        5.6       57.2*
070724  214343  47  59.5324 N  61   9.1652 W   1.9        2.4       11.9        5.6       57.2 
070724  214344  47  59.5324 N  61   9.1644 W   2.0        2.4       11.9        6.5*      57.2 
070724  214345  47  59.5323 N  61   9.1636 W   1.9        2.4       11.9        6.5       57.2 
070724  214346  47  59.5322 N  61   9.1628 W   2.0        2.4       11.9        6.5       57.2 
070724  214347  47  59.5320 N  61   9.1619 W   2.0        2.4       11.9        6.5       58.1*
070724  214348  47  59.5320 N  61   9.1611 W   2.0        2.4       11.9        6.5       58.1 
070724  214349  47  59.5321 N  61   9.1604 W   2.0        2.4       11.9        6.6*      58.1 
070724  214350  47  59.5321 N  61   9.1594 W   2.0        2.4       11.9        6.6       58.1 
070724  214351  47  59.5320 N  61   9.1583 W   2.1        2.4       11.9        6.6       58.1 
070724  214352  47  59.5319 N  61   9.1575 W   2.1        2.4       11.9        6.6       58.1 
070724  214353  47  59.5320 N  61   9.1568 W   2.0        2.4       11.9        6.6       64.7*
070724  214354  47  59.5322 N  61   9.1559 W   2.0        2.4       11.9       13.4*      64.7 
070724  214355  47  59.5322 N  61   9.1548 W   2.1        2.4       11.9       13.4       64.7 
070724  214356  47  59.5321 N  61   9.1540 W   2.1        2.4       11.9       13.4       64.7 
070724  214357  47  59.5320 N  61   9.1533 W   2.0        2.4       11.9       13.4       64.7 
070724  214358  47  59.5320 N  61   9.1524 W   2.1        2.4       11.9       13.4       62.9*
070724  214359  47  59.5321 N  61   9.1515 W   2.1        2.4       11.9       13.4       62.9 
070724  214400  47  59.5321 N  61   9.1506 W   2.1        2.4       11.9       13.4       62.9 
070724  214401  47  59.5320 N  61   9.1499 W   2.0        2.4       11.9       13.4       62.9 
070724  214402  47  59.5319 N  61   9.1490 W   2.0        2.4       11.9       13.4       62.9 
070724  214403  47  59.5319 N  61   9.1481 W   2.0        2.4       11.9       13.4       64.7*
070724  214404  47  59.5318 N  61   9.1471 W   2.1        2.4       11.9       13.4       64.7 
070724  214405  47  59.5317 N  61   9.1464 W   2.0        2.4       11.9       18.2*      64.7 
070724  214406  47  59.5316 N  61   9.1456 W   2.0        2.4       11.9       18.2       64.7 
070724  214407  47  59.5316 N  61   9.1447 W   2.0        2.4       11.9       18.2       64.7 
070724  214408  47  59.5316 N  61   9.1438 W   2.1        2.4       11.9       18.2       64.7 
070724  214409  47  59.5314 N  61   9.1430 W   2.0        2.4       11.9       18.2       73.5*
070724  214410  47  59.5313 N  61   9.1422 W   2.0        2.4       11.9        7.0*      73.5 
070724  214411  47  59.5313 N  61   9.1413 W   2.0        2.4       11.9        7.0       73.5 
070724  214412  47  59.5313 N  61   9.1405 W   2.1        2.4       11.9        7.0       73.5 
070724  214413  47  59.5312 N  61   9.1395 W   2.1        2.4        9.3*       7.0       73.5 
070724  214414  47  59.5312 N  61   9.1387 W   2.1        2.4        9.3        7.0       68.6*
070724  214415  47  59.5310 N  61   9.1379 W   2.1        2.4        9.3        6.1*      68.6 
070724  214416  47  59.5310 N  61   9.1371 W   2.1        2.4        9.3        6.1       68.6 
070724  214417  47  59.5309 N  61   9.1361 W   2.1        2.4        9.3        6.1       68.6 
070724  214418  47  59.5308 N  61   9.1352 W   2.1        2.4        9.3        6.1       68.6 
070724  214419  47  59.5306 N  61   9.1344 W   2.1        2.4        2.5*       6.1       74.8*
070724  214420  47  59.5305 N  61   9.1336 W   2.1        2.4        2.5        6.1       74.8 
070724  214421  47  59.5304 N  61   9.1326 W   2.1        2.4        2.5        6.5*      74.8 
070724  214422  47  59.5303 N  61   9.1316 W   2.2        2.4        2.5        6.5       74.8 
070724  214423  47  59.5302 N  61   9.1307 W   2.2        2.4        2.5        6.5       74.8 
070724  214424  47  59.5301 N  61   9.1300 W   2.1        2.4        2.5        6.5       74.8 
070724  214425  47  59.5300 N  61   9.1292 W   2.1        2.4        2.5        6.5       77.0*
070724  214426  47  59.5298 N  61   9.1282 W   2.2        2.4        2.5       16.8*      77.0 
070724  214427  47  59.5296 N  61   9.1272 W   2.2       12.4*       2.5       16.8       77.0 
070724  214428  47  59.5296 N  61   9.1263 W   2.2       12.4        2.5       16.8       77.0 
070724  214429  47  59.5296 N  61   9.1254 W   2.2       12.4        2.5       16.8       77.0 
070724  214430  47  59.5295 N  61   9.1246 W   2.1       12.4        2.5       16.8       79.6*
070724  214431  47  59.5293 N  61   9.1236 W   2.2       12.4        2.5       16.8       79.6 
070724  214432  47  59.5292 N  61   9.1227 W   2.2       12.4        2.5       16.8       79.6 
070724  214433  47  59.5292 N  61   9.1218 W   2.2       12.4        2.7*      16.8       79.6 
070724  214434  47  59.5293 N  61   9.1210 W   2.2       12.4        2.7       16.8       79.6 
070724  214435  47  59.5291 N  61   9.1200 W   2.2       12.4        2.7       16.8       79.6 
070724  214436  47  59.5289 N  61   9.1191 W   2.2       12.4        2.7        7.1*      78.7*
070724  214437  47  59.5288 N  61   9.1182 W   2.2       12.4        2.7        7.1       78.7 
070724  214438  47  59.5287 N  61   9.1174 W   2.1       12.4        2.7        7.1       78.7 
070724  214439  47  59.5287 N  61   9.1166 W   2.1       12.4        2.7        7.1       78.7 
070724  214440  47  59.5287 N  61   9.1156 W   2.2        6.8*       2.7        7.1       78.7 
070724  214441  47  59.5286 N  61   9.1148 W   2.1        6.8        2.7        7.1       84.0*
070724  214442  47  59.5285 N  61   9.1140 W   2.1        6.8        2.7        9.2*      84.0 
070724  214443  47  59.5283 N  61   9.1131 W   2.1        6.8        2.7        9.2       84.0 
070724  214444  47  59.5283 N  61   9.1121 W   2.1        6.8        2.7        9.2       84.0 
070724  214445  47  59.5282 N  61   9.1113 W   2.1        6.8        2.7        9.2       84.0 
070724  214446  47  59.5282 N  61   9.1105 W   2.1        6.8        2.7        9.2       84.9*
070724  214447  47  59.5281 N  61   9.1097 W   2.1        6.8        2.7       13.4*      84.9 
070724  214448  47  59.5280 N  61   9.1087 W   2.1        6.8        2.7       13.4       84.9 
070724  214449  47  59.5279 N  61   9.1079 W   2.1        6.8        2.7       13.4       84.9 
070724  214450  47  59.5280 N  61   9.1071 W   2.0        6.8        2.7       13.4       84.9 
070724  214451  47  59.5280 N  61   9.1063 W   2.0        6.8        2.7       13.4       84.9 
070724  214452  47  59.5279 N  61   9.1054 W   2.1        6.8        2.7        0.2*      82.7*
070724  214453  47  59.5278 N  61   9.1045 W   2.1        6.8        2.7        0.2       82.7 
070724  214454  47  59.5277 N  61   9.1037 W   2.0        6.8        2.7        0.2       82.7 
070724  214455  47  59.5277 N  61   9.1029 W   2.0        6.8        2.7        0.2       82.7 
070724  214456  47  59.5278 N  61   9.1020 W   2.0        6.8        2.7        0.2       82.7 
070724  214457  47  59.5278 N  61   9.1011 W   2.0        6.8        2.7        0.2       84.5*
070724  214458  47  59.5276 N  61   9.1002 W   2.0        6.8        2.7        8.4*      84.5 
070724  214459  47  59.5276 N  61   9.0994 W   2.0        6.8        2.7        8.4       84.5 
070724  214500  47  59.5277 N  61   9.0985 W   2.0        6.8        2.7        8.4       84.5 
070724  214501  47  59.5277 N  61   9.0976 W   2.0        6.8        2.7        8.4       84.5 
070724  214502  47  59.5277 N  61   9.0967 W   2.0        6.8        2.7        8.4       84.5 
070724  214503  47  59.5275 N  61   9.0959 W   2.0        6.8        2.7        7.9*      83.6*
070724  214504  47  59.5275 N  61   9.0951 W   2.0        6.8        2.7        7.9       83.6 
070724  214505  47  59.5275 N  61   9.0942 W   2.0        6.8        2.7        7.9       83.6 
070724  214506  47  59.5275 N  61   9.0932 W   2.0        6.8        2.7        7.9       83.6 
070724  214507  47  59.5275 N  61   9.0924 W   2.0        6.8        2.7        7.9       83.6 
070724  214508  47  59.5274 N  61   9.0917 W   2.0        6.8        2.7        8.4*      86.7*
070724  214509  47  59.5273 N  61   9.0907 W   2.0        6.8        2.7        8.4       86.7 
070724  214510  47  59.5272 N  61   9.0898 W   2.1        6.8        2.7        8.4       86.7 
070724  214511  47  59.5272 N  61   9.0889 W   2.0        6.8        2.3*       8.4       86.7 
070724  214512  47  59.5272 N  61   9.0881 W   2.0        6.8        2.3        8.4       86.7 
070724  214513  47  59.5271 N  61   9.0873 W   2.0        6.8        2.3        8.4       82.7*
070724  214514  47  59.5271 N  61   9.0865 W   2.0        6.8        2.3       25.1*      82.7 
070724  214515  47  59.5270 N  61   9.0855 W   2.1        6.8        2.3       25.1       82.7 
070724  214516  47  59.5269 N  61   9.0846 W   2.1        6.8        2.3       25.1       82.7 
070724  214517  47  59.5268 N  61   9.0838 W   2.1        6.8        2.3       25.1       82.7 
070724  214518  47  59.5267 N  61   9.0829 W   2.1        2.5*       2.3       25.1       82.7 
070724  214519  47  59.5266 N  61   9.0820 W   2.1        2.5        2.3       25.1      133.7*
070724  214520  47  59.5265 N  61   9.0811 W   2.1        2.5        2.3       25.1      133.7 
070724  214521  47  59.5265 N  61   9.0802 W   2.1        2.5        2.3       25.1      133.7 
070724  214522  47  59.5265 N  61   9.0794 W   2.1        2.5        2.3       25.1      133.7 
070724  214523  47  59.5263 N  61   9.0785 W   2.1        2.5        2.3       25.1      133.7 
070724  214524  47  59.5263 N  61   9.0776 W   2.1        2.5        2.3        8.5*      37.8*
070724  214525  47  59.5262 N  61   9.0766 W   2.1        2.5        2.3        8.5       37.8 
070724  214526  47  59.5262 N  61   9.0759 W   2.1        2.5        2.3        8.5       37.8 
070724  214527  47  59.5260 N  61   9.0751 W   2.1        2.5        2.3        8.5       37.8 
070724  214528  47  59.5259 N  61   9.0741 W   2.1        2.5        2.3        8.5       37.8 
070724  214529  47  59.5259 N  61   9.0732 W   2.1        2.5        2.3        8.5       37.8 
070724  214530  47  59.5258 N  61   9.0724 W   2.1        2.5       11.0*       8.5       82.7*
070724  214531  47  59.5257 N  61   9.0715 W   2.1        2.5       11.0        8.5       82.7 
070724  214532  47  59.5255 N  61   9.0707 W   2.1        2.5       11.0        8.5       82.7 
070724  214533  47  59.5255 N  61   9.0697 W   2.1        2.5       11.0        8.5       82.7 
070724  214534  47  59.5255 N  61   9.0689 W   2.1        2.5       11.0        8.8*      82.7 
070724  214535  47  59.5254 N  61   9.0680 W   2.1        2.5       11.0        8.8       85.3*
070724  214536  47  59.5253 N  61   9.0672 W   2.1        2.5       11.0        8.8       85.3 
070724  214537  47  59.5251 N  61   9.0663 W   2.1        2.5       11.0        8.8       85.3 
070724  214538  47  59.5250 N  61   9.0654 W   2.1        2.5       11.0        8.8       85.3 
070724  214539  47  59.5250 N  61   9.0646 W   2.1        2.5       11.0        8.8       85.3 
070724  214540  47  59.5250 N  61   9.0637 W   2.1        2.5       11.0        7.7*      85.3*
070724  214541  47  59.5249 N  61   9.0627 W   2.2        2.5       10.1*       7.7       85.3 
070724  214542  47  59.5247 N  61   9.0619 W   2.2        2.5       10.1        7.7       85.3 
070724  214543  47  59.5247 N  61   9.0610 W   2.1        2.5       10.1        7.7       85.3 
070724  214544  47  59.5247 N  61   9.0601 W   2.1        2.5       10.1        7.7       85.3 
070724  214545  47  59.5247 N  61   9.0592 W   2.2        2.5       10.1        8.9*      85.3 
070724  214546  47  59.5246 N  61   9.0583 W   2.1        2.5       10.1        8.9       84.0*
070724  214547  47  59.5244 N  61   9.0575 W   2.1        2.5       10.1        8.9       84.0 
070724  214548  47  59.5243 N  61   9.0566 W   2.2        2.5       10.1        8.9       84.0 
070724  214549  47  59.5243 N  61   9.0557 W   2.2        2.5       10.1        8.9       84.0 
070724  214550  47  59.5242 N  61   9.0549 W   2.1        2.5       10.1        7.8*      84.0 
070724  214551  47  59.5240 N  61   9.0540 W   2.1        2.5       10.1        7.8       84.9*
070724  214552  47  59.5240 N  61   9.0531 W   2.1        2.5       10.1        7.8       84.9 
070724  214553  47  59.5239 N  61   9.0522 W   2.2        2.5       10.1        7.8       84.9 
070724  214554  47  59.5238 N  61   9.0514 W   2.2        2.5       10.1        7.8       84.9 
070724  214555  47  59.5237 N  61   9.0506 W   2.1        2.5       10.1        8.3*      84.9 
070724  214556  47  59.5236 N  61   9.0497 W   2.1        2.5       10.1        8.3       84.9 
070724  214557  47  59.5235 N  61   9.0488 W   2.1        2.5       10.1        8.3      136.8*
070724  214558  47  59.5234 N  61   9.0479 W   2.2        2.5       10.1        8.3      136.8 
070724  214559  47  59.5233 N  61   9.0471 W   2.1        2.5       10.1        8.3      136.8 
070724  214600  47  59.5232 N  61   9.0463 W   2.1        2.5       10.1        8.3      136.8 
070724  214601  47  59.5231 N  61   9.0454 W   2.1        2.5       10.1        8.8*     136.8 
070724  214602  47  59.5230 N  61   9.0445 W   2.1        2.5       10.1        8.8       32.1*
070724  214603  47  59.5230 N  61   9.0437 W   2.1        2.5       10.1        8.8       32.1 
070724  214604  47  59.5227 N  61   9.0427 W   2.1        2.5       10.1        8.8       32.1 
070724  214605  47  59.5226 N  61   9.0419 W   2.1        2.5       11.7*       8.8       32.1 
070724  214606  47  59.5225 N  61   9.0411 W   2.1        2.5       11.7        8.8       32.1 
070724  214607  47  59.5225 N  61   9.0402 W   2.1        2.5       11.7        8.8       86.2*
070724  214608  47  59.5224 N  61   9.0393 W   2.1        2.5       11.7        8.8       86.2 
070724  214609  47  59.5222 N  61   9.0385 W   2.1        2.5       11.7        8.8       86.2 
070724  214610  47  59.5222 N  61   9.0378 W   2.1        2.5       11.7        8.8       86.2 
070724  214611  47  59.5221 N  61   9.0368 W   2.2        2.5       11.7        8.0*      86.2 
070724  214612  47  59.5219 N  61   9.0360 W   2.2        2.5       11.7        8.0       86.2 
070724  214613  47  59.5218 N  61   9.0353 W   2.1        2.5       11.7        8.0       84.5*
070724  214614  47  59.5218 N  61   9.0345 W   2.1        2.5       11.7        8.0       84.5 
070724  214615  47  59.5217 N  61   9.0336 W   2.1        2.5       11.7        8.0       84.5 
070724  214616  47  59.5215 N  61   9.0328 W   2.1        2.5       11.7        8.6*      84.5 
070724  214617  47  59.5214 N  61   9.0320 W   2.1        2.5        9.6*       8.6       84.5 
070724  214618  47  59.5214 N  61   9.0312 W   2.1        2.5        9.6        8.6       84.5*
070724  214619  47  59.5213 N  61   9.0303 W   2.1        2.5        9.6        8.6       84.5 
070724  214620  47  59.5211 N  61   9.0294 W   2.1        2.5        9.6        8.6       84.5 
070724  214621  47  59.5210 N  61   9.0285 W   2.1        2.5        9.6        8.6       84.5 
070724  214622  47  59.5209 N  61   9.0277 W   2.1        2.5        9.6        8.6*      84.5 
070724  214623  47  59.5209 N  61   9.0268 W   2.1        2.5        9.6        8.6       84.5 
070724  214624  47  59.5207 N  61   9.0260 W   2.1        2.5        9.6        8.6      156.6*
070724  214625  47  59.5205 N  61   9.0252 W   2.1        2.5        9.6        8.6      156.6 
070724  214626  47  59.5205 N  61   9.0244 W   2.1        2.5        9.6        8.6      156.6 
070724  214627  47  59.5205 N  61   9.0234 W   2.1        2.5        9.6        7.6*     156.6 
070724  214628  47  59.5204 N  61   9.0226 W   2.1        2.5        9.6        7.6      156.6 
070724  214629  47  59.5202 N  61   9.0219 W   2.1        2.5       10.2*       7.6       13.2*
070724  214630  47  59.5202 N  61   9.0210 W   2.1        2.5       10.2        7.6       13.2 
070724  214631  47  59.5202 N  61   9.0200 W   2.1        2.5       10.2        7.6       13.2 
070724  214632  47  59.5200 N  61   9.0192 W   2.1        2.5       10.2        8.0*      13.2 
070724  214633  47  59.5199 N  61   9.0184 W   2.1        2.5       10.2        8.0       13.2 
070724  214634  47  59.5198 N  61   9.0175 W   2.1        2.5       10.2        8.0       84.9*
070724  214635  47  59.5198 N  61   9.0165 W   2.1        2.5       10.2        8.0       84.9 
070724  214636  47  59.5197 N  61   9.0157 W   2.1        2.5       10.2        8.0       84.9 
070724  214637  47  59.5195 N  61   9.0149 W   2.1        2.5       10.2        7.1*      84.9 
070724  214638  47  59.5194 N  61   9.0140 W   2.1        2.5       10.2        7.1       84.9 
070724  214639  47  59.5193 N  61   9.0132 W   2.1        2.5       10.2        7.1       84.9 
070724  214640  47  59.5192 N  61   9.0122 W   2.1        2.5       10.2        7.1       84.5*
070724  214641  47  59.5191 N  61   9.0114 W   2.1        2.5       10.2        7.1       84.5 
070724  214642  47  59.5189 N  61   9.0105 W   2.1        2.5       10.2        7.1       84.5 
070724  214643  47  59.5189 N  61   9.0096 W   2.1        2.5       10.2        7.5*      84.5 
070724  214644  47  59.5188 N  61   9.0087 W   2.1        2.5       10.2        7.5       84.5 
070724  214645  47  59.5186 N  61   9.0079 W   2.1        2.5       10.2        7.5       84.5*
070724  214646  47  59.5184 N  61   9.0070 W   2.1        2.5       10.2        7.5       84.5 
070724  214647  47  59.5184 N  61   9.0061 W   2.1        2.5       10.2        7.5       84.5 
070724  214648  47  59.5184 N  61   9.0052 W   2.1        2.5       10.2        7.2*      84.5 
070724  214649  47  59.5183 N  61   9.0043 W   2.1        2.5       10.2        7.2       84.5 
070724  214650  47  59.5182 N  61   9.0033 W   2.2        2.5       10.2        7.2       84.5 
070724  214651  47  59.5181 N  61   9.0025 W   2.1        2.5       10.2        7.2       85.8*
070724  214652  47  59.5181 N  61   9.0016 W   2.1        2.5       10.2        7.2       85.8 
070724  214653  47  59.5181 N  61   9.0007 W   2.1        2.5       12.1*       6.7*      85.8 
070724  214654  47  59.5180 N  61   8.9997 W   2.2        2.5       12.1        6.7       85.8 
070724  214655  47  59.5178 N  61   8.9989 W   2.1        2.5       12.1        6.7       85.8 
070724  214656  47  59.5178 N  61   8.9980 W   2.1        2.5       12.1        6.7       85.8*
070724  214657  47  59.5178 N  61   8.9971 W   2.1        2.5       12.1        6.7       85.8 
070724  214658  47  59.5177 N  61   8.9962 W   2.1        2.5       12.1        6.7       85.8 
070724  214659  47  59.5176 N  61   8.9954 W   2.1        2.5       12.1        7.4*      85.8 
070724  214700  47  59.5175 N  61   8.9945 W   2.1        2.5       12.1        7.4       85.8 
070724  214701  47  59.5175 N  61   8.9935 W   2.2        2.5       12.1        7.4       84.5*
070724  214702  47  59.5174 N  61   8.9927 W   2.2        2.5       12.1        7.4       84.5 
070724  214703  47  59.5173 N  61   8.9919 W   2.1        2.5       12.1        7.4       84.5 
070724  214704  47  59.5172 N  61   8.9910 W   2.1        2.5       12.1        8.2*      84.5 
070724  214705  47  59.5172 N  61   8.9901 W   2.1        2.5       11.0*       8.2       84.5 
070724  214706  47  59.5171 N  61   8.9891 W   2.2        2.5       11.0        8.2       84.5 
070724  214707  47  59.5171 N  61   8.9883 W   2.1        2.5       11.0        8.2       82.7*
070724  214708  47  59.5169 N  61   8.9875 W   2.1        2.5       11.0        8.2       82.7 
070724  214709  47  59.5168 N  61   8.9866 W   2.1        2.5       11.0        6.9*      82.7 
070724  214710  47  59.5167 N  61   8.9856 W   2.1        2.5       11.0        6.9       82.7 
070724  214711  47  59.5167 N  61   8.9847 W   2.1        2.5       11.0        6.9       82.7 
070724  214712  47  59.5167 N  61   8.9838 W   2.1        2.5       11.0        6.9       86.7*
070724  214713  47  59.5167 N  61   8.9829 W   2.1        2.5       11.0        6.9       86.7 
070724  214714  47  59.5167 N  61   8.9819 W   2.2        2.5       11.0        6.8*      86.7 
070724  214715  47  59.5165 N  61   8.9809 W   2.2        2.5       11.0        6.8       86.7 
070724  214716  47  59.5165 N  61   8.9801 W   2.1        2.5       11.0        6.8       86.7 
070724  214717  47  59.5165 N  61   8.9792 W   2.1        2.5        9.6*       6.8       81.8*
070724  214718  47  59.5164 N  61   8.9782 W   2.1        2.5        9.6        6.8       81.8 
070724  214719  47  59.5164 N  61   8.9772 W   2.2        2.5        9.6        6.8       81.8 
070724  214720  47  59.5163 N  61   8.9764 W   2.1        2.5        9.6        7.0*      81.8 
070724  214721  47  59.5163 N  61   8.9755 W   2.1        2.5        9.6        7.0       81.8 
070724  214722  47  59.5162 N  61   8.9746 W   2.1        2.5        9.6        7.0       81.8 
070724  214723  47  59.5162 N  61   8.9736 W   2.1        2.5        9.6        7.0       85.8*
070724  214724  47  59.5161 N  61   8.9728 W   2.1        2.5        9.6        7.0       85.8 
070724  214725  47  59.5160 N  61   8.9718 W   2.1        2.5        9.6        6.3*      85.8 
070724  214726  47  59.5159 N  61   8.9709 W   2.1        2.5        9.6        6.3       85.8 
070724  214727  47  59.5160 N  61   8.9701 W   2.1        2.5        9.6        6.3       85.8 
070724  214728  47  59.5159 N  61   8.9691 W   2.1        2.5        9.6        6.3       84.5*
070724  214729  47  59.5157 N  61   8.9681 W   2.2        2.5       11.6*       6.3       84.5 
070724  214730  47  59.5157 N  61   8.9672 W   2.2        2.5       11.6        6.5*      84.5 
070724  214731  47  59.5157 N  61   8.9663 W   2.2        2.5       11.6        6.5       84.5 
070724  214732  47  59.5157 N  61   8.9653 W   2.2        2.5       11.6        6.5       84.5 
070724  214733  47  59.5156 N  61   8.9644 W   2.2        2.5       11.6        6.5       84.5 
070724  214734  47  59.5155 N  61   8.9635 W   2.2        2.5       11.6        6.5       84.5*
070724  214735  47  59.5155 N  61   8.9625 W   2.2        2.5        2.2*      10.4*      84.5 
070724  214736  47  59.5155 N  61   8.9616 W   2.2        2.5        2.2       10.4       84.5 
070724  214737  47  59.5154 N  61   8.9607 W   2.2        2.5        2.2       10.4       84.5 
070724  214738  47  59.5153 N  61   8.9598 W   2.2        2.5        2.2       10.4       84.5 
070724  214739  47  59.5153 N  61   8.9589 W   2.2        2.5        2.2       10.4       83.6*
070724  214740  47  59.5153 N  61   8.9580 W   2.2        2.5        2.2       10.4       83.6 
070724  214741  47  59.5152 N  61   8.9570 W   2.2        2.5        2.2        3.3*      83.6 
070724  214742  47  59.5151 N  61   8.9562 W   2.2        2.6*       2.2        3.3       83.6 
070724  214743  47  59.5150 N  61   8.9553 W   2.2        2.6        2.2        3.3       83.6 
070724  214744  47  59.5149 N  61   8.9544 W   2.2        2.6        2.2        3.3       85.8*
070724  214745  47  59.5149 N  61   8.9535 W   2.2        2.6        2.2        3.3       85.8 
070724  214746  47  59.5149 N  61   8.9526 W   2.2        2.6        2.2        6.8*      85.8 
070724  214747  47  59.5149 N  61   8.9518 W   2.1        2.6        2.2        6.8       85.8 
070724  214748  47  59.5147 N  61   8.9509 W   2.1        2.6        2.2        6.8       85.8 
070724  214749  47  59.5147 N  61   8.9501 W   2.1        2.6        2.2        6.8       85.8 
070724  214750  47  59.5148 N  61   8.9492 W   2.1        2.6        2.2        6.8       82.7*
070724  214751  47  59.5147 N  61   8.9483 W   2.1        2.6        2.2        7.5*      82.7 
070724  214752  47  59.5146 N  61   8.9475 W   2.1        2.6        2.2        7.5       82.7 
070724  214753  47  59.5147 N  61   8.9466 W   2.1        2.6        2.2        7.5       82.7 
070724  214754  47  59.5146 N  61   8.9457 W   2.1        2.6        8.7*       7.5       82.7 
070724  214755  47  59.5145 N  61   8.9448 W   2.1        2.6        8.7        7.5       85.3*
070724  214756  47  59.5145 N  61   8.9440 W   2.1        2.6        8.7        7.7*      85.3 
070724  214757  47  59.5145 N  61   8.9431 W   2.1        2.6        8.7        7.7       85.3 
070724  214758  47  59.5146 N  61   8.9421 W   2.1        2.6        8.7        7.7       85.3 
070724  214759  47  59.5145 N  61   8.9412 W   2.2        2.6        8.7        7.7       85.3 
070724  214800  47  59.5144 N  61   8.9403 W   2.1        2.6        8.7        7.7       85.3 
070724  214801  47  59.5144 N  61   8.9396 W   2.1        2.6        8.7        7.7       86.2*
070724  214802  47  59.5144 N  61   8.9386 W   2.1        2.6        8.7        7.6*      86.2 
070724  214803  47  59.5143 N  61   8.9376 W   2.2        2.6        8.7        7.6       86.2 
070724  214804  47  59.5142 N  61   8.9368 W   2.1        2.6        8.7        7.6       86.2 
070724  214805  47  59.5141 N  61   8.9360 W   2.1        2.6        8.7        7.6       86.2 
070724  214806  47  59.5142 N  61   8.9351 W   2.1        2.6        7.3*       7.6       83.1*
070724  214807  47  59.5142 N  61   8.9342 W   2.1        2.6        7.3        7.1*      83.1 
070724  214808  47  59.5141 N  61   8.9333 W   2.1        2.6        7.3        7.1       83.1 
070724  214809  47  59.5141 N  61   8.9325 W   2.1        2.6        7.3        7.1       83.1 
070724  214810  47  59.5141 N  61   8.9316 W   2.1        2.6        7.3        7.1       83.1 
070724  214811  47  59.5140 N  61   8.9307 W   2.1        2.6        7.3        7.1       83.1 
070724  214812  47  59.5140 N  61   8.9299 W   2.1        2.6        7.3        6.7*      84.5*
070724  214813  47  59.5140 N  61   8.9289 W   2.1        2.6        7.3        6.7       84.5 
070724  214814  47  59.5140 N  61   8.9281 W   2.1        2.6        7.3        6.7       84.5 
070724  214815  47  59.5140 N  61   8.9272 W   2.1        2.6        7.3        6.7       84.5 
070724  214816  47  59.5139 N  61   8.9263 W   2.2        2.6        7.3        6.7       84.5 
070724  214817  47  59.5139 N  61   8.9254 W   2.1        2.6        7.3        5.9*      83.1*
070724  214818  47  59.5139 N  61   8.9245 W   2.1        2.6       11.3*       5.9       83.1 
070724  214819  47  59.5139 N  61   8.9236 W   2.1        2.6       11.3        5.9       83.1 
070724  214820  47  59.5138 N  61   8.9227 W   2.2        2.6       11.3        5.9       83.1 
070724  214821  47  59.5137 N  61   8.9218 W   2.2        2.6       11.3        5.9       83.1 
070724  214822  47  59.5136 N  61   8.9209 W   2.2        2.6       11.3        5.9       83.1*
070724  214823  47  59.5135 N  61   8.9200 W   2.2        2.6       11.3        6.5*      83.1 
070724  214824  47  59.5135 N  61   8.9191 W   2.2        2.6       11.3        6.5       83.1 
070724  214825  47  59.5135 N  61   8.9182 W   2.2        2.6       11.3        6.5       83.1 
070724  214826  47  59.5134 N  61   8.9172 W   2.2        2.6       11.3        6.5       83.1 
070724  214827  47  59.5133 N  61   8.9163 W   2.2        2.6       11.3        6.5       83.1 
070724  214828  47  59.5133 N  61   8.9154 W   2.2        2.6       11.3        6.1*      84.5*
070724  214829  47  59.5133 N  61   8.9145 W   2.2        2.6       11.3        6.1       84.5 
070724  214830  47  59.5132 N  61   8.9136 W   2.2        2.6        9.8*       6.1       84.5 
070724  214831  47  59.5131 N  61   8.9127 W   2.2        2.6        9.8        6.1       84.5 
070724  214832  47  59.5131 N  61   8.9118 W   2.2        2.6        9.8        6.1       84.5 
070724  214833  47  59.5130 N  61   8.9109 W   2.2        2.6        9.8        6.8*      81.8*
070724  214834  47  59.5130 N  61   8.9099 W   2.2        2.6        9.8        6.8       81.8 
070724  214835  47  59.5129 N  61   8.9090 W   2.2        2.6        9.8        6.8       81.8 
070724  214836  47  59.5128 N  61   8.9081 W   2.2        2.6        2.5*       6.8       81.8 
070724  214837  47  59.5126 N  61   8.9072 W   2.2        2.6        2.5        6.8       81.8 
070724  214838  47  59.5126 N  61   8.9063 W   2.2        2.6        2.5        6.8       85.8*
070724  214839  47  59.5127 N  61   8.9055 W   2.2        2.6        2.5       11.5*      85.8 
070724  214840  47  59.5127 N  61   8.9046 W   2.2        2.6        2.5       11.5       85.8 
070724  214841  47  59.5126 N  61   8.9037 W   2.2        2.6        2.5       11.5       85.8 
070724  214842  47  59.5124 N  61   8.9028 W   2.2        2.6        2.5       11.5       85.8 
070724  214843  47  59.5123 N  61   8.9018 W   2.2        3.0*       2.5       11.5       85.8 
070724  214844  47  59.5123 N  61   8.9009 W   2.2        3.0        2.5        1.4*      82.7*
070724  214845  47  59.5122 N  61   8.9000 W   2.2        3.0        2.5        1.4       82.7 
070724  214846  47  59.5121 N  61   8.8992 W   2.2        3.0        2.5        1.4       82.7 
070724  214847  47  59.5120 N  61   8.8983 W   2.2        3.0        2.5        1.4       82.7 
070724  214848  47  59.5120 N  61   8.8974 W   2.2        3.0        2.5        1.4       82.7 
070724  214849  47  59.5120 N  61   8.8965 W   2.2        3.0        2.5        7.1*      84.9*
070724  214850  47  59.5119 N  61   8.8957 W   2.2        3.0        2.5        7.1       84.9 
070724  214851  47  59.5118 N  61   8.8948 W   2.2        3.0        2.5        7.1       84.9 
070724  214852  47  59.5117 N  61   8.8939 W   2.2        3.0        2.5        7.1       84.9 
070724  214853  47  59.5117 N  61   8.8930 W   2.2        3.0        2.5        7.1       84.9 
070724  214854  47  59.5117 N  61   8.8921 W   2.2        3.0        2.5        6.5*      84.9 
070724  214855  47  59.5116 N  61   8.8912 W   2.2        3.0       11.5*       6.5       84.9 
070724  214856  47  59.5114 N  61   8.8904 W   2.2        3.0       11.5        6.5       84.9 
070724  214857  47  59.5114 N  61   8.8895 W   2.2        3.0       11.5        6.5       84.9 
070724  214858  47  59.5114 N  61   8.8887 W   2.2        3.0       11.5        6.5       84.9 
070724  214859  47  59.5113 N  61   8.8878 W   2.1        3.0       11.5        6.5       84.9 
070724  214900  47  59.5112 N  61   8.8870 W   2.1        3.0       11.5        6.1*     304.8*
070724  214901  47  59.5112 N  61   8.8862 W   2.1        3.0       11.5        6.1      304.8 
070724  214902  47  59.5111 N  61   8.8854 W   2.0        3.0       11.5        6.1      304.8 
070724  214903  47  59.5110 N  61   8.8847 W   2.0        3.0       11.5        6.1      304.8 
070724  214904  47  59.5109 N  61   8.8838 W   2.0        3.0       11.5        6.1      304.8 
070724  214905  47  59.5109 N  61   8.8831 W   2.0        3.0       11.5        5.6*      81.8*
070724  214906  47  59.5108 N  61   8.8822 W   2.0        3.0       11.5        5.6       81.8 
070724  214907  47  59.5107 N  61   8.8815 W   2.0        3.0       11.5*       5.6       81.8 
070724  214908  47  59.5106 N  61   8.8806 W   2.0        3.0       11.5        5.6       81.8 
070724  214909  47  59.5105 N  61   8.8798 W   2.0        3.0       11.5        5.6       81.8 
070724  214910  47  59.5105 N  61   8.8790 W   2.0        3.0       11.5        7.0*      81.8 
070724  214911  47  59.5104 N  61   8.8782 W   2.0        3.0       11.5        7.0       86.2*
070724  214912  47  59.5103 N  61   8.8773 W   2.0        3.0       11.5        7.0       86.2 
070724  214913  47  59.5103 N  61   8.8766 W   2.0        3.0        2.2*       7.0       86.2 
070724  214914  47  59.5103 N  61   8.8757 W   2.0        3.0        2.2        7.0       86.2 
070724  214915  47  59.5102 N  61   8.8748 W   2.0        3.0        2.2        6.8*      86.2 
070724  214916  47  59.5101 N  61   8.8740 W   2.0        3.0        2.2        6.8       83.6*
070724  214917  47  59.5100 N  61   8.8732 W   2.0        3.0        2.2        6.8       83.6 
070724  214918  47  59.5100 N  61   8.8723 W   2.0        3.0        2.2        6.8       83.6 
070724  214919  47  59.5100 N  61   8.8714 W   2.0        3.0        2.2        6.8       83.6 
070724  214920  47  59.5099 N  61   8.8706 W   2.0        2.7*       2.2        6.8       83.6 
070724  214921  47  59.5099 N  61   8.8697 W   2.0        2.7        2.2        6.5*      83.6 
070724  214922  47  59.5099 N  61   8.8688 W   2.0        2.7        2.2        6.5       99.4*
070724  214923  47  59.5099 N  61   8.8677 W   2.1        2.7        2.2        6.5       99.4 
070724  214924  47  59.5099 N  61   8.8669 W   2.1        2.7        2.2        6.5       99.4 
070724  214925  47  59.5098 N  61   8.8661 W   2.0        2.7        2.2        6.5       99.4 
070724  214926  47  59.5097 N  61   8.8652 W   2.1        2.7        2.2        5.9*      99.4 
070724  214927  47  59.5098 N  61   8.8642 W   2.1        2.7        2.2        5.9       68.2*
070724  214928  47  59.5099 N  61   8.8634 W   2.1        2.7        2.2        5.9       68.2 
070724  214929  47  59.5098 N  61   8.8626 W   2.1        2.7        2.2        5.9       68.2 
070724  214930  47  59.5097 N  61   8.8616 W   2.1        2.7        2.2        5.9       68.2 
070724  214931  47  59.5096 N  61   8.8606 W   2.1        2.7        2.2        6.7*      68.2 
070724  214932  47  59.5097 N  61   8.8596 W   2.1        2.7        2.2        6.7       83.6*
070724  214933  47  59.5096 N  61   8.8587 W   2.1        2.7        2.2        6.7       83.6 
070724  214934  47  59.5095 N  61   8.8579 W   2.1        2.7        2.2        6.7       83.6 
070724  214935  47  59.5094 N  61   8.8570 W   2.1        2.7        2.2        6.7       83.6 
070724  214936  47  59.5094 N  61   8.8560 W   2.1        2.7        2.2        5.9*      83.6 
070724  214937  47  59.5093 N  61   8.8551 W   2.1        2.7        2.2        5.9       83.6 
070724  214938  47  59.5093 N  61   8.8542 W   2.1        2.7        2.2        5.9       84.9*
070724  214939  47  59.5092 N  61   8.8534 W   2.1        2.7        2.2        5.9       84.9 
070724  214940  47  59.5091 N  61   8.8524 W   2.1        2.7        2.2        5.9       84.9 
070724  214941  47  59.5091 N  61   8.8514 W   2.2        2.7        2.2        5.9       84.9 
070724  214942  47  59.5091 N  61   8.8505 W   2.1        2.7        2.2        6.4*      84.9 
070724  214943  47  59.5090 N  61   8.8497 W   2.1        2.7        2.2        6.4       83.6*
070724  214944  47  59.5089 N  61   8.8488 W   2.1        2.7        2.2        6.4       83.6 
070724  214945  47  59.5088 N  61   8.8479 W   2.2        2.7        2.2        6.4       83.6 
070724  214946  47  59.5088 N  61   8.8470 W   2.1        2.7        2.2        6.4       83.6 
070724  214947  47  59.5088 N  61   8.8462 W   2.1        2.7        2.2       20.6*      83.6 
070724  214948  47  59.5087 N  61   8.8454 W   2.1        2.7        2.2       20.6       83.6 
070724  214949  47  59.5087 N  61   8.8446 W   2.0        2.7        2.2       20.6      108.2*
070724  214950  47  59.5086 N  61   8.8440 W   1.9        2.7        2.2       20.6      108.2 
070724  214951  47  59.5086 N  61   8.8433 W   1.9        2.7        2.2       20.6      108.2 
070724  214952  47  59.5086 N  61   8.8425 W   1.9        2.7        2.2        0.2*     108.2 
070724  214953  47  59.5087 N  61   8.8419 W   1.8        2.7        2.2        0.2      108.2 
070724  214954  47  59.5086 N  61   8.8414 W   1.7        2.7        2.2        0.2      101.6*
070724  214955  47  59.5086 N  61   8.8408 W   1.7        2.7        2.2        0.2      101.6 
070724  214956  47  59.5086 N  61   8.8403 W   1.6        2.7        2.2        0.2      101.6 
070724  214957  47  59.5087 N  61   8.8398 W   1.6        2.7        2.2        7.0*     101.6 
070724  214958  47  59.5087 N  61   8.8393 W   1.5        2.7        2.2        7.0      101.6 
070724  214959  47  59.5087 N  61   8.8388 W   1.4        2.7        2.2        7.0      101.6 
070724  215000  47  59.5087 N  61   8.8385 W   1.3        2.7        2.2        7.0      219.1*
070724  215001  47  59.5087 N  61   8.8381 W   1.3        2.7        2.2        7.0      219.1 
070724  215002  47  59.5088 N  61   8.8377 W   1.2        2.7        2.2        7.0      219.1 
070724  215003  47  59.5088 N  61   8.8372 W   1.2        2.7        2.2        1.2*     219.1 
070724  215004  47  59.5088 N  61   8.8369 W   1.2        2.7        2.2        1.2      219.1 
070724  215005  47  59.5088 N  61   8.8366 W   1.1        2.7        2.2        1.2      219.1 
070724  215006  47  59.5089 N  61   8.8363 W   1.0        2.7        2.2        1.2      219.1 
070724  215007  47  59.5089 N  61   8.8358 W   1.0        2.7        2.2        1.2      219.1 
070724  215008  47  59.5089 N  61   8.8355 W   1.0        2.7        2.2        1.2      219.1 
070724  215009  47  59.5089 N  61   8.8352 W   1.0        2.7        2.2        1.2      219.1 
070724  215010  47  59.5091 N  61   8.8350 W   0.9        2.7        2.2        1.2      219.1 
070724  215011  47  59.5092 N  61   8.8347 W   0.9        2.7        2.2        1.2      219.1 
070724  215012  47  59.5092 N  61   8.8344 W   0.9        2.7        2.2        1.2      219.1 
070724  215013  47  59.5093 N  61   8.8340 W   0.9        2.7        2.2        3.0*     219.1 
070724  215014  47  59.5094 N  61   8.8338 W   0.8        2.7        2.2        3.0      219.1 
070724  215015  47  59.5095 N  61   8.8336 W   0.8        2.7        2.2        3.0      219.1 
070724  215016  47  59.5095 N  61   8.8333 W   0.8        2.7        2.2        3.0      219.1 
070724  215017  47  59.5096 N  61   8.8330 W   0.8        2.7        2.2        3.0      219.1 
070724  215018  47  59.5096 N  61   8.8327 W   0.8        2.7        2.2        6.8*     219.1 
070724  215019  47  59.5097 N  61   8.8325 W   0.8        2.7        2.2        6.8      219.1 
070724  215020  47  59.5099 N  61   8.8323 W   0.8        2.7       13.3*       6.8      219.1 
070724  215021  47  59.5099 N  61   8.8321 W   0.7        2.7       13.3        6.8       28.6*
070724  215022  47  59.5100 N  61   8.8319 W   0.7        2.7       13.3        6.8       28.6 
070724  215023  47  59.5100 N  61   8.8317 W   0.7        2.7       13.3        6.8       28.6 
070724  215024  47  59.5101 N  61   8.8316 W   0.7        2.7       13.3        6.8       28.6 
070724  215025  47  59.5103 N  61   8.8314 W   0.7        2.7       13.3        6.8       28.6 
070724  215026  47  59.5104 N  61   8.8312 W   0.7        2.7       13.3        6.8       28.6 
070724  215027  47  59.5105 N  61   8.8310 W   0.7        2.7       13.3        6.8       28.6 
070724  215028  47  59.5106 N  61   8.8309 W   0.7        2.7       13.3        8.0*      28.6 
070724  215029  47  59.5106 N  61   8.8309 W   0.6        2.7       13.3        8.0       28.6 
070724  215030  47  59.5106 N  61   8.8308 W   0.7        2.7       13.3        8.0       28.6 
070724  215031  47  59.5107 N  61   8.8305 W   0.7        2.7       13.3        8.0       28.6 
070724  215032  47  59.5109 N  61   8.8305 W   0.7        2.7       13.3        8.0       28.6 
070724  215033  47  59.5110 N  61   8.8305 W   0.7        2.7       13.3        8.0       28.6 
070724  215034  47  59.5112 N  61   8.8302 W   0.7        2.7       13.3        3.3*      28.6 
070724  215035  47  59.5112 N  61   8.8300 W   0.7        2.7       13.3        3.3       28.6 
070724  215036  47  59.5113 N  61   8.8299 W   0.7        2.7       13.3        3.3       28.6 
070724  215037  47  59.5113 N  61   8.8298 W   0.6        2.7       13.3        3.3      204.5*
070724  215038  47  59.5114 N  61   8.8297 W   0.6        2.7       13.3        3.3      204.5 
070724  215039  47  59.5115 N  61   8.8294 W   0.6        2.7       13.3        2.0*     204.5 
070724  215040  47  59.5115 N  61   8.8294 W   0.6        2.7       13.3        2.0      204.5 
070724  215041  47  59.5116 N  61   8.8292 W   0.6        2.7       13.3        2.0      204.5 
070724  215042  47  59.5118 N  61   8.8291 W   0.6        2.7       13.3        2.0      204.5 
070724  215043  47  59.5119 N  61   8.8288 W   0.6        2.7       13.3        2.0      204.5 
070724  215044  47  59.5120 N  61   8.8287 W   0.6        2.7       13.3        2.0      204.5 
070724  215045  47  59.5120 N  61   8.8286 W   0.5        2.7       13.3        2.0      204.5 
070724  215046  47  59.5121 N  61   8.8283 W   0.6        2.7       13.3        2.0      204.5 
070724  215047  47  59.5122 N  61   8.8280 W   0.6        2.7       13.3        2.0      204.5 
070724  215048  47  59.5123 N  61   8.8278 W   0.6        2.7       13.3        2.0      204.5 
070724  215049  47  59.5123 N  61   8.8277 W   0.5        2.7       13.3        2.0      204.5 
070724  215050  47  59.5124 N  61   8.8274 W   0.5        2.7       13.3        2.0      204.5 
070724  215051  47  59.5125 N  61   8.8272 W   0.6        2.7       13.3        2.0      204.5 
070724  215052  47  59.5126 N  61   8.8270 W   0.6        2.7       13.3        2.0      204.5 
070724  215053  47  59.5127 N  61   8.8269 W   0.5        2.7       13.3        2.0      104.3*
070724  215054  47  59.5128 N  61   8.8267 W   0.5        2.7       13.3        2.0      104.3 
070724  215055  47  59.5128 N  61   8.8265 W   0.6        2.7       13.3        2.0      104.3 
070724  215056  47  59.5129 N  61   8.8263 W   0.6        2.7       13.3        2.0      104.3 
070724  215057  47  59.5130 N  61   8.8262 W   0.5        2.7       13.3        2.0      104.3 
070724  215058  47  59.5131 N  61   8.8260 W   0.5        2.7       13.3        2.0      104.3 
070724  215059  47  59.5132 N  61   8.8259 W   0.5        2.7       13.3        2.0      104.3 
070724  215100  47  59.5132 N  61   8.8257 W   0.5        2.7       13.3       17.5*     104.3 
070724  215101  47  59.5133 N  61   8.8256 W   0.5        2.7       13.3       17.5      104.3 
070724  215102  47  59.5134 N  61   8.8255 W   0.5        2.7       13.3       17.5      104.3 
070724  215103  47  59.5135 N  61   8.8255 W   0.5        2.7       13.3       17.5      104.3 
070724  215104  47  59.5136 N  61   8.8253 W   0.4        2.7       13.3       17.5      104.3 
070724  215105  47  59.5136 N  61   8.8253 W   0.4        2.7       13.3       10.3*     104.3 
070724  215106  47  59.5138 N  61   8.8251 W   0.4        2.7       13.3       10.3      104.3 
070724  215107  47  59.5139 N  61   8.8251 W   0.5        2.7       13.3       10.3      104.3 
070724  215108  47  59.5139 N  61   8.8250 W   0.4        2.7       13.3       10.3      104.3 
070724  215109  47  59.5139 N  61   8.8249 W   0.4        2.7       13.3       10.3       75.2*
070724  215110  47  59.5140 N  61   8.8246 W   0.4        2.7       13.3       10.3       75.2 
070724  215111  47  59.5142 N  61   8.8244 W   0.4        2.7       13.3       17.6*      75.2 
070724  215112  47  59.5142 N  61   8.8245 W   0.4        2.7       13.3       17.6       75.2 
070724  215113  47  59.5143 N  61   8.8244 W   0.4        2.7       13.3       17.6       75.2 
070724  215114  47  59.5144 N  61   8.8243 W   0.4        2.7       13.3       17.6       75.2 
070724  215115  47  59.5144 N  61   8.8242 W   0.4        2.7       13.3       17.6       88.9*
070724  215116  47  59.5145 N  61   8.8242 W   0.4        2.7       13.3       17.6       88.9 
070724  215117  47  59.5145 N  61   8.8241 W   0.4        2.7       13.3       17.6       88.9 
070724  215118  47  59.5145 N  61   8.8240 W   0.4        2.7       13.3       17.6       88.9 
070724  215119  47  59.5146 N  61   8.8238 W   0.4        2.7       13.3       17.6       88.9 
070724  215120  47  59.5147 N  61   8.8237 W   0.4        2.7       13.3       17.6       88.9 
070724  215121  47  59.5148 N  61   8.8236 W   0.4        2.7       13.3       39.7*      88.9 
070724  215122  47  59.5149 N  61   8.8236 W   0.4        2.7       13.3       39.7       88.9 
070724  215123  47  59.5150 N  61   8.8235 W   0.3        2.7       13.3       39.7       88.9 
070724  215124  47  59.5150 N  61   8.8233 W   0.4        2.7       13.3       39.7       88.9 
070724  215125  47  59.5151 N  61   8.8232 W   0.4        2.7       13.3       39.7       88.9 
070724  215126  47  59.5151 N  61   8.8232 W   0.3        2.7       13.3       39.7       88.9 
070724  215127  47  59.5152 N  61   8.8231 W   0.3        2.7        9.9*      26.5*      88.9 
070724  215128  47  59.5153 N  61   8.8229 W   0.3        2.7        9.9       26.5       88.9 
070724  215129  47  59.5153 N  61   8.8228 W   0.3        2.7        9.9       26.5       88.9 
070724  215130  47  59.5153 N  61   8.8228 W   0.3        2.7        9.9       26.5       88.9 
070724  215131  47  59.5153 N  61   8.8229 W   0.3        2.7        9.9       26.5       88.9 
070724  215132  47  59.5153 N  61   8.8228 W   0.3        2.7        9.9       23.5*      88.9 
070724  215133  47  59.5153 N  61   8.8228 W   0.3        2.7        9.9       23.5       88.9 
070724  215134  47  59.5154 N  61   8.8226 W   0.3        2.7        9.9       23.5       88.9 
070724  215135  47  59.5156 N  61   8.8223 W   0.4       11.3*       9.9       23.5       88.9 
070724  215136  47  59.5156 N  61   8.8222 W   0.3       11.3        9.9       23.5       44.0*
070724  215137  47  59.5156 N  61   8.8222 W   0.3       11.3        9.9       23.5       44.0 
070724  215138  47  59.5157 N  61   8.8221 W   0.3       11.3        9.9       23.5       44.0 
070724  215139  47  59.5158 N  61   8.8218 W   0.4       11.3        9.9       23.5       44.0 
070724  215140  47  59.5159 N  61   8.8217 W   0.4       11.3        9.9       23.5       44.0 
070724  215141  47  59.5159 N  61   8.8215 W   0.3       11.3        9.9       23.5       44.0 
070724  215142  47  59.5159 N  61   8.8214 W   0.3       11.3        9.9        2.9*      44.0 
070724  215143  47  59.5159 N  61   8.8213 W   0.4       11.3        9.9        2.9       44.0 
070724  215144  47  59.5160 N  61   8.8211 W   0.4       11.3        9.9        2.9       44.0 
070724  215145  47  59.5160 N  61   8.8209 W   0.4       11.3        9.9        2.9       44.0 
070724  215146  47  59.5160 N  61   8.8208 W   0.4       11.3        9.9        2.9       44.0 
070724  215147  47  59.5160 N  61   8.8207 W   0.4       11.3        9.9        2.9       44.0 
070724  215148  47  59.5161 N  61   8.8205 W   0.4       11.3        9.9        2.9       44.0 
070724  215149  47  59.5161 N  61   8.8204 W   0.4       11.3        9.9        2.9       44.0 
070724  215150  47  59.5162 N  61   8.8202 W   0.4       11.3        9.9        2.9       44.0 
070724  215151  47  59.5162 N  61   8.8199 W   0.4       11.3        9.9        2.9       44.0 
070724  215152  47  59.5163 N  61   8.8198 W   0.4       11.3        9.9        2.9       73.0*
070724  215153  47  59.5164 N  61   8.8195 W   0.4       11.3        9.9        2.9       73.0 
070724  215154  47  59.5165 N  61   8.8194 W   0.4       11.3        9.9        2.9       73.0 
070724  215155  47  59.5166 N  61   8.8191 W   0.4       11.3        9.9        2.9       73.0 
070724  215156  47  59.5166 N  61   8.8189 W   0.5       11.3        9.9        2.9       73.0 
070724  215157  47  59.5167 N  61   8.8188 W   0.4       11.3        9.9        2.9       73.0 
070724  215158  47  59.5168 N  61   8.8187 W   0.4       11.3        9.9        2.9       72.6*
070724  215159  47  59.5167 N  61   8.8184 W   0.4       11.3        9.9        2.9       72.6 
070724  215200  47  59.5167 N  61   8.8181 W   0.5       11.3        9.9        2.9       72.6 
070724  215201  47  59.5168 N  61   8.8179 W   0.5       11.3        9.9        2.9       72.6 
070724  215202  47  59.5169 N  61   8.8178 W   0.5       11.3        9.9        2.9       72.6 
070724  215203  47  59.5170 N  61   8.8177 W   0.5       11.3        9.9        2.9       13.6*
070724  215204  47  59.5171 N  61   8.8173 W   0.5       11.3        9.9        2.9       13.6 
070724  215205  47  59.5171 N  61   8.8170 W   0.5       11.3        9.9        2.9       13.6 
070724  215206  47  59.5173 N  61   8.8168 W   0.5       11.3        9.9        2.9       13.6 
070724  215207  47  59.5175 N  61   8.8167 W   0.5       11.3        9.9        2.9       13.6 
070724  215208  47  59.5175 N  61   8.8164 W   0.5       11.3        9.9        2.9       13.6 
070724  215209  47  59.5175 N  61   8.8161 W   0.5       11.3        9.9        2.9       13.6 
070724  215210  47  59.5175 N  61   8.8160 W   0.5       11.3        9.9        2.9       13.6 
070724  215211  47  59.5177 N  61   8.8158 W   0.5       11.3       13.4*       2.9       13.6 
070724  215212  47  59.5178 N  61   8.8155 W   0.5       11.3       13.4        2.9       13.6 
070724  215213  47  59.5178 N  61   8.8153 W   0.5       11.3       13.4        7.0*      13.6 
070724  215214  47  59.5178 N  61   8.8151 W   0.5       11.3       13.4        7.0       13.6 
070724  215215  47  59.5179 N  61   8.8151 W   0.5       11.3       13.4        7.0       13.6 
070724  215216  47  59.5182 N  61   8.8151 W   0.5       11.3       13.4        7.0       13.6 
070724  215217  47  59.5182 N  61   8.8147 W   0.6       11.3       13.4        7.0       13.6 
070724  215218  47  59.5182 N  61   8.8146 W   0.5       11.3       13.4        7.0       13.6 
070724  215219  47  59.5182 N  61   8.8145 W   0.5       11.3       13.4        7.0       67.3*
070724  215220  47  59.5183 N  61   8.8143 W   0.5       11.3       13.4        7.0       67.3 
070724  215221  47  59.5184 N  61   8.8140 W   0.6       11.3       13.4        7.0       67.3 
070724  215222  47  59.5184 N  61   8.8138 W   0.6       11.3       13.4        7.0       67.3 
070724  215223  47  59.5184 N  61   8.8135 W   0.6       11.3       11.0*       5.9*      67.3 
070724  215224  47  59.5185 N  61   8.8134 W   0.6       11.3       11.0        5.9       15.8*
070724  215225  47  59.5185 N  61   8.8132 W   0.5       11.3       11.0        5.9       15.8 
070724  215226  47  59.5185 N  61   8.8129 W   0.6       11.3       11.0        5.9       15.8 
070724  215227  47  59.5185 N  61   8.8126 W   0.6       11.3       11.0        5.9       15.8 
070724  215228  47  59.5186 N  61   8.8124 W   0.6       11.3       11.0        1.1*      15.8 
070724  215229  47  59.5186 N  61   8.8121 W   0.6       11.3       11.0        1.1       15.8 
070724  215230  47  59.5187 N  61   8.8116 W   0.7       11.3       11.0        1.1       36.9*
070724  215231  47  59.5186 N  61   8.8113 W   0.7       11.3       11.0        1.1       36.9 
070724  215232  47  59.5187 N  61   8.8109 W   0.8       11.3       11.0        1.1       36.9 
070724  215233  47  59.5187 N  61   8.8105 W   0.8       11.3       11.0        4.1*      36.9 
070724  215234  47  59.5186 N  61   8.8099 W   0.9       11.3       11.0        4.1       36.9 
070724  215235  47  59.5186 N  61   8.8094 W   0.9        5.6*      11.0        4.1        7.9*
070724  215236  47  59.5186 N  61   8.8088 W   1.0        5.6       11.0        4.1        7.9 
070724  215237  47  59.5186 N  61   8.8081 W   1.1        5.6       11.0        4.1        7.9 
070724  215238  47  59.5187 N  61   8.8075 W   1.1        5.6       11.0        4.1        7.9 
070724  215239  47  59.5187 N  61   8.8069 W   1.2        5.6       11.0        3.5*       7.9 
070724  215240  47  59.5186 N  61   8.8061 W   1.3        5.6       11.0        3.5       31.2*
070724  215241  47  59.5185 N  61   8.8053 W   1.4        5.6        3.3*       3.5       31.2 
070724  215242  47  59.5185 N  61   8.8046 W   1.4        5.6        3.3        3.5       31.2 
070724  215243  47  59.5186 N  61   8.8039 W   1.4        5.6        3.3        3.5       31.2 
070724  215244  47  59.5186 N  61   8.8031 W   1.5        5.6        3.3        8.2*      31.2 
070724  215245  47  59.5185 N  61   8.8022 W   1.6        5.6        3.3        8.2       30.8*
070724  215246  47  59.5185 N  61   8.8014 W   1.6        5.6        3.3        8.2       30.8 
070724  215247  47  59.5184 N  61   8.8007 W   1.7        5.6        3.3        8.2       30.8 
070724  215248  47  59.5183 N  61   8.7998 W   1.7        5.6        3.3        8.2       30.8 
070724  215249  47  59.5184 N  61   8.7990 W   1.8        5.0*       3.3        8.2       30.8 
070724  215250  47  59.5184 N  61   8.7980 W   1.8        5.0        3.3        8.2       30.8 
070724  215251  47  59.5183 N  61   8.7970 W   1.9        5.0        3.3        8.2       29.5*
070724  215252  47  59.5182 N  61   8.7958 W   2.1        5.0        3.3        8.2       29.5 
070724  215253  47  59.5181 N  61   8.7947 W   2.2        5.0        3.3        8.2       29.5 
070724  215254  47  59.5180 N  61   8.7934 W   2.3        5.0        3.3        3.7*      29.5 
070724  215255  47  59.5180 N  61   8.7920 W   2.5        5.0        3.3        3.7       29.5 
