FileName: C:\TRAWLS~2\GP008F.TXT
Local Time: Tue Aug 23 14:54:20 2011

Ship: Aug 23, 2011 Trip: GP008F Tow: 08
Comments: zone 12 baie des chaleurs caraquet
 Date    Time     Latitude       Longitude    Speed    Primary  Secondary DoorSpread      Depth 
110823  175423  47  56.6130 N  65   2.5448 W   5.8        8.9*      10.6*      74.6*     637.8*
110823  175424  47  56.6134 N  65   2.5423 W   5.9        8.9       10.6       74.6      637.8 
110823  175425  47  56.6139 N  65   2.5398 W   6.0        8.9       10.6       74.6      637.8 
110823  175426  47  56.6144 N  65   2.5373 W   6.0        8.9       10.6       74.6      637.8 
110823  175427  47  56.6149 N  65   2.5346 W   6.1        8.9       10.6       74.6      637.8 
110823  175428  47  56.6155 N  65   2.5320 W   6.2        8.9       10.6       74.6      637.8 
110823  175429  47  56.6160 N  65   2.5294 W   6.2        8.9       10.6       74.6      637.8 
110823  175430  47  56.6166 N  65   2.5267 W   6.3        8.9       10.6       74.6      637.8 
110823  175431  47  56.6171 N  65   2.5241 W   6.3        8.9       10.6       74.6      637.8 
110823  175432  47  56.6175 N  65   2.5216 W   6.3        8.9       10.6       74.6      637.8 
110823  175433  47  56.6180 N  65   2.5190 W   6.3        8.9       10.6       74.6      637.8 
110823  175434  47  56.6185 N  65   2.5165 W   6.3        8.9       10.6       74.6      637.8 
110823  175435  47  56.6191 N  65   2.5139 W   6.3        8.9       10.6       74.6      637.8 
110823  175436  47  56.6197 N  65   2.5114 W   6.3        8.9       10.6       74.6      637.8 
110823  175437  47  56.6202 N  65   2.5087 W   6.4        8.9       10.6       39.2*     637.8 
110823  175438  47  56.6208 N  65   2.5061 W   6.4        8.9       10.6       39.2      637.8 
110823  175439  47  56.6213 N  65   2.5037 W   6.3        8.9       10.6       39.2      637.8 
110823  175440  47  56.6218 N  65   2.5015 W   6.2        8.9       10.6       39.2      637.8 
110823  175441  47  56.6222 N  65   2.4992 W   6.1        8.9       10.6       39.2      637.8 
110823  175442  47  56.6226 N  65   2.4970 W   6.0        8.9       10.6       39.2      637.8 
110823  175443  47  56.6230 N  65   2.4949 W   5.9        8.9       10.6       39.2       14.5*
110823  175444  47  56.6234 N  65   2.4930 W   5.7        8.9       10.6       39.2       14.5 
110823  175445  47  56.6238 N  65   2.4912 W   5.6        8.9       10.6       39.2       14.5 
110823  175446  47  56.6241 N  65   2.4895 W   5.4        8.9       10.6       39.2       14.5 
110823  175447  47  56.6244 N  65   2.4878 W   5.2        8.9       10.6       39.2       14.5 
110823  175448  47  56.6248 N  65   2.4862 W   5.1        2.7*      10.6       39.2       14.5 
110823  175449  47  56.6251 N  65   2.4845 W   4.9        2.7       10.6       39.2       14.5 
110823  175450  47  56.6255 N  65   2.4829 W   4.8        2.7       10.6       39.2       14.5 
110823  175451  47  56.6258 N  65   2.4813 W   4.7        2.7       10.6       39.2       14.5 
110823  175452  47  56.6260 N  65   2.4797 W   4.6        2.7       10.6       39.2       14.5 
110823  175453  47  56.6263 N  65   2.4782 W   4.5        2.7       10.6       39.2       14.5 
110823  175454  47  56.6266 N  65   2.4766 W   4.4        2.7       10.6       39.2       14.5 
110823  175455  47  56.6269 N  65   2.4751 W   4.3        2.7       10.6       39.2       14.5 
110823  175456  47  56.6272 N  65   2.4736 W   4.2        2.7       10.6       39.2       14.5 
110823  175457  47  56.6275 N  65   2.4719 W   4.1        2.7       10.6        5.2*      14.5 
110823  175458  47  56.6278 N  65   2.4704 W   4.0        2.7       10.6        5.2        5.3*
110823  175459  47  56.6281 N  65   2.4689 W   4.0        2.7       10.6        5.2        5.3 
110823  175500  47  56.6284 N  65   2.4674 W   3.9        2.7       10.6        5.2        5.3 
110823  175501  47  56.6286 N  65   2.4661 W   3.9        2.3*      10.6        5.2        5.3 
110823  175502  47  56.6288 N  65   2.4647 W   3.8        2.3       10.6        0.5*       5.3 
110823  175503  47  56.6290 N  65   2.4634 W   3.7        2.3       10.6        0.5        5.3 
110823  175504  47  56.6292 N  65   2.4621 W   3.7        2.3       10.6        0.5        5.3 
110823  175505  47  56.6295 N  65   2.4609 W   3.6        2.3       10.6        0.5        5.3 
110823  175506  47  56.6297 N  65   2.4597 W   3.6        2.3       10.6        0.5        5.3 
110823  175507  47  56.6299 N  65   2.4584 W   3.6        2.3       10.6        9.2*       5.3 
110823  175508  47  56.6301 N  65   2.4571 W   3.5        2.3       10.6        9.2        5.3 
110823  175509  47  56.6303 N  65   2.4557 W   3.5        2.3       10.6        9.2        5.3 
110823  175510  47  56.6305 N  65   2.4544 W   3.4        2.3       10.6        9.2        5.3 
110823  175511  47  56.6307 N  65   2.4532 W   3.4        2.3       10.6        9.2        5.3 
110823  175512  47  56.6309 N  65   2.4519 W   3.4        2.3       10.6        9.2        5.3 
110823  175513  47  56.6311 N  65   2.4507 W   3.3        2.3       10.6        9.2        5.3 
110823  175514  47  56.6313 N  65   2.4493 W   3.3        2.3       10.6        9.2       44.0*
110823  175515  47  56.6315 N  65   2.4479 W   3.3        2.3       10.6        9.2       44.0 
110823  175516  47  56.6317 N  65   2.4467 W   3.3        2.3       10.6        9.2       44.0 
110823  175517  47  56.6319 N  65   2.4453 W   3.3        2.3       10.6        9.2       44.0 
110823  175518  47  56.6321 N  65   2.4438 W   3.4        2.3       10.6        9.2       44.0 
110823  175519  47  56.6324 N  65   2.4422 W   3.5        2.3       10.6        9.2       44.0 
110823  175520  47  56.6328 N  65   2.4404 W   3.6        2.3       10.6        9.2       44.0 
110823  175521  47  56.6331 N  65   2.4385 W   3.8        2.3       10.6        9.2       44.0 
110823  175522  47  56.6334 N  65   2.4368 W   3.9        2.3       10.6        9.2       44.0 
110823  175523  47  56.6337 N  65   2.4350 W   4.1        2.3       10.6        9.2       44.0 
110823  175524  47  56.6340 N  65   2.4331 W   4.3        2.3       10.6        9.2       44.0 
110823  175525  47  56.6344 N  65   2.4310 W   4.4        2.3       10.6        9.2       44.0 
110823  175526  47  56.6348 N  65   2.4288 W   4.6        2.3       10.6        9.2       44.0 
110823  175527  47  56.6352 N  65   2.4264 W   4.8        2.3       10.6        9.2       44.0 
110823  175528  47  56.6356 N  65   2.4240 W   5.0        2.3       10.6        9.2       44.0 
110823  175529  47  56.6360 N  65   2.4216 W   5.1        2.3       10.6        9.2       44.0 
110823  175530  47  56.6365 N  65   2.4193 W   5.3        2.3       10.6        9.2       44.0 
110823  175531  47  56.6369 N  65   2.4169 W   5.4        2.3       10.6        9.2       44.0 
110823  175532  47  56.6374 N  65   2.4145 W   5.5        2.3       10.6        9.2       44.0 
110823  175533  47  56.6378 N  65   2.4119 W   5.6        2.3       10.6        9.2       44.0 
110823  175534  47  56.6383 N  65   2.4093 W   5.8        2.3       10.6        9.2       44.0 
110823  175535  47  56.6388 N  65   2.4067 W   5.9        2.3       10.6        9.2       44.0 
110823  175536  47  56.6392 N  65   2.4040 W   6.0        2.3       10.6        9.2       44.0 
110823  175537  47  56.6397 N  65   2.4013 W   6.2        2.3       10.6        9.2       44.0 
110823  175538  47  56.6401 N  65   2.3985 W   6.3        2.3       10.6        9.2       44.0 
110823  175539  47  56.6406 N  65   2.3959 W   6.3        2.3       10.6        9.2       44.0 
110823  175540  47  56.6411 N  65   2.3931 W   6.4        2.3       10.6        9.2       44.0 
110823  175541  47  56.6417 N  65   2.3903 W   6.4        2.3       10.6        9.2       44.0 
110823  175542  47  56.6422 N  65   2.3875 W   6.5        2.3       10.6        9.2       44.0 
110823  175543  47  56.6426 N  65   2.3845 W   6.6        2.3       10.6        9.2       44.0 
110823  175544  47  56.6431 N  65   2.3815 W   6.7        2.3       10.6        9.2       44.0 
110823  175545  47  56.6435 N  65   2.3787 W   6.8        2.3       10.6        9.2       44.0 
110823  175546  47  56.6439 N  65   2.3757 W   6.8        2.3       10.6        9.2       44.0 
110823  175547  47  56.6444 N  65   2.3729 W   6.8        2.3       10.6        9.2       44.0 
110823  175548  47  56.6449 N  65   2.3702 W   6.8        2.3       10.6        9.2       44.0 
110823  175549  47  56.6454 N  65   2.3674 W   6.8        2.3       10.6        9.2       44.0 
110823  175550  47  56.6460 N  65   2.3647 W   6.9        2.3       10.6        9.2       44.0 
110823  175551  47  56.6465 N  65   2.3618 W   6.9        2.3       10.6        9.2       44.0 
110823  175552  47  56.6471 N  65   2.3588 W   7.0        2.3       10.6        9.2       44.0 
110823  175553  47  56.6476 N  65   2.3558 W   7.0        2.3       10.6        9.2       44.0 
110823  175554  47  56.6482 N  65   2.3528 W   7.1        2.3       10.6        9.2       44.0 
110823  175555  47  56.6486 N  65   2.3500 W   7.1        2.3       10.6        9.2       44.0 
110823  175556  47  56.6491 N  65   2.3473 W   7.1        2.3       10.6        9.2       44.0 
110823  175557  47  56.6496 N  65   2.3444 W   7.1        2.3       10.6        9.2       44.0 
110823  175558  47  56.6501 N  65   2.3416 W   7.1        2.3       10.6        9.2       44.0 
110823  175559  47  56.6506 N  65   2.3387 W   7.1        2.3       10.6        9.2       44.0 
110823  175600  47  56.6512 N  65   2.3358 W   7.2        2.3       10.6        9.2       44.0 
110823  175601  47  56.6518 N  65   2.3330 W   7.2        2.3       10.6        9.2       44.0 
110823  175602  47  56.6524 N  65   2.3303 W   7.2        2.3       10.6        9.2       44.0 
110823  175603  47  56.6529 N  65   2.3276 W   7.2        2.3       10.6        9.2       44.0 
110823  175604  47  56.6534 N  65   2.3248 W   7.2        2.3       10.6        9.2       44.0 
110823  175605  47  56.6539 N  65   2.3218 W   7.2        2.3       10.6        9.2       44.0 
110823  175606  47  56.6544 N  65   2.3189 W   7.2        2.3       10.6        9.2       44.0 
110823  175607  47  56.6549 N  65   2.3158 W   7.2        2.3       10.6        9.2       44.0 
110823  175608  47  56.6554 N  65   2.3131 W   7.2        2.3       10.6        9.2       44.0 
110823  175609  47  56.6560 N  65   2.3102 W   7.3        2.3       10.6        9.2       44.0 
110823  175610  47  56.6565 N  65   2.3073 W   7.3        2.3       10.6        9.2       44.0 
110823  175611  47  56.6571 N  65   2.3044 W   7.3        2.3       10.6        9.2       44.0 
110823  175612  47  56.6577 N  65   2.3014 W   7.3        2.3       10.6        9.2       44.0 
110823  175613  47  56.6583 N  65   2.2986 W   7.3        2.3       10.6        9.2       44.0 
110823  175614  47  56.6588 N  65   2.2957 W   7.3        2.3       10.6        9.2       44.0 
110823  175615  47  56.6594 N  65   2.2928 W   7.3        2.3       10.6        9.2       44.0 
110823  175616  47  56.6600 N  65   2.2899 W   7.3        2.3       10.6        9.2       87.1*
110823  175617  47  56.6605 N  65   2.2870 W   7.3        2.3       10.6        9.2       87.1 
110823  175618  47  56.6611 N  65   2.2842 W   7.3        2.3       10.6        9.2       87.1 
110823  175619  47  56.6617 N  65   2.2815 W   7.3        2.3       10.6        9.2       87.1 
110823  175620  47  56.6623 N  65   2.2788 W   7.3       11.2*      10.6        9.2       87.1 
110823  175621  47  56.6629 N  65   2.2759 W   7.3       11.2       10.6        9.2       87.1 
110823  175622  47  56.6635 N  65   2.2729 W   7.4       11.2       10.6        9.2       87.1 
110823  175623  47  56.6641 N  65   2.2700 W   7.4       11.2       10.6        9.2       87.1 
110823  175624  47  56.6648 N  65   2.2670 W   7.4       11.2       10.6        9.2       87.1 
110823  175625  47  56.6655 N  65   2.2641 W   7.4       11.2       10.6        9.2       87.1 
110823  175626  47  56.6661 N  65   2.2613 W   7.4       11.2       10.6        9.2       87.1 
110823  175627  47  56.6667 N  65   2.2584 W   7.3        7.0*      10.6        9.2       87.1 
110823  175628  47  56.6673 N  65   2.2555 W   7.3        7.0       10.6        9.2       87.1 
110823  175629  47  56.6678 N  65   2.2527 W   7.3        7.0       10.6        9.2       87.1 
110823  175630  47  56.6685 N  65   2.2496 W   7.3        7.0       10.6        9.2       87.1 
110823  175631  47  56.6691 N  65   2.2466 W   7.3        7.0       10.6        9.2       87.1 
110823  175632  47  56.6696 N  65   2.2436 W   7.3        7.0       10.6        9.2       87.1 
110823  175633  47  56.6702 N  65   2.2406 W   7.3        7.0       10.6        9.2       87.1 
110823  175634  47  56.6708 N  65   2.2377 W   7.3        7.0       10.6        9.2       87.1 
110823  175635  47  56.6714 N  65   2.2347 W   7.3        7.0       10.6        9.2       87.1 
110823  175636  47  56.6721 N  65   2.2318 W   7.3        7.0       10.6        9.2       87.1 
110823  175637  47  56.6727 N  65   2.2289 W   7.3        7.0       10.6        9.2       87.1 
110823  175638  47  56.6733 N  65   2.2259 W   7.3        7.0       10.6        9.2       87.1 
110823  175639  47  56.6739 N  65   2.2231 W   7.3        7.0       10.6        9.2       87.1 
110823  175640  47  56.6745 N  65   2.2202 W   7.3        7.0       10.6        9.2       87.1 
110823  175641  47  56.6750 N  65   2.2174 W   7.3        7.0       10.6        9.2       87.1 
110823  175642  47  56.6756 N  65   2.2144 W   7.3        7.0       10.6        9.2       87.1 
110823  175643  47  56.6762 N  65   2.2115 W   7.3        7.0       10.6        9.2       87.1 
110823  175644  47  56.6768 N  65   2.2086 W   7.3        7.0       10.6        9.2       87.1 
110823  175645  47  56.6775 N  65   2.2056 W   7.3        7.0       10.6        9.2       87.1 
110823  175646  47  56.6781 N  65   2.2028 W   7.3        7.0       10.6        9.2       87.1 
110823  175647  47  56.6788 N  65   2.1999 W   7.3        7.0       10.6        9.2       87.1 
110823  175648  47  56.6795 N  65   2.1969 W   7.3        7.0       10.6        9.2       87.1 
110823  175649  47  56.6800 N  65   2.1941 W   7.3        7.0       10.6        9.2       87.1 
110823  175650  47  56.6807 N  65   2.1911 W   7.3        7.0       10.6        9.2       87.1 
110823  175651  47  56.6813 N  65   2.1881 W   7.3        7.0       10.6        9.2       87.1 
110823  175652  47  56.6819 N  65   2.1852 W   7.3        7.0       10.6        9.2       87.1 
110823  175653  47  56.6826 N  65   2.1823 W   7.3        7.0       10.6        9.2       87.1 
110823  175654  47  56.6832 N  65   2.1795 W   7.3        7.0       10.6        9.2       87.1 
110823  175655  47  56.6838 N  65   2.1765 W   7.3        7.0       10.6        9.2       87.1 
110823  175656  47  56.6845 N  65   2.1737 W   7.3        7.0       10.6        9.2       87.1 
110823  175657  47  56.6851 N  65   2.1708 W   7.3        7.0       10.6        9.2       87.1 
110823  175658  47  56.6857 N  65   2.1679 W   7.3        7.0       10.6        9.2       87.1 
110823  175659  47  56.6862 N  65   2.1650 W   7.4        7.0       10.6        9.2       87.1 
110823  175700  47  56.6866 N  65   2.1619 W   7.4        7.0       10.6        9.2       87.1 
110823  175701  47  56.6872 N  65   2.1588 W   7.4        7.0       10.6        9.2       87.1 
110823  175702  47  56.6878 N  65   2.1557 W   7.4        7.0       10.6        9.2       87.1 
110823  175703  47  56.6884 N  65   2.1529 W   7.3        7.0       10.6        9.2       87.1 
110823  175704  47  56.6890 N  65   2.1501 W   7.3        7.0       10.6        9.2       87.1 
110823  175705  47  56.6895 N  65   2.1472 W   7.3        7.0       10.6        9.2       87.1 
110823  175706  47  56.6900 N  65   2.1443 W   7.3        7.0       10.6        9.2       87.1 
110823  175707  47  56.6905 N  65   2.1412 W   7.3        7.0       10.6        9.2       87.1 
110823  175708  47  56.6909 N  65   2.1384 W   7.3        7.0       10.6        9.2       87.1 
110823  175709  47  56.6914 N  65   2.1355 W   7.2        7.0       10.6        9.2       87.1 
110823  175710  47  56.6918 N  65   2.1328 W   7.2        7.0       10.6        9.2       87.1 
110823  175711  47  56.6922 N  65   2.1301 W   7.1        7.0       10.6        9.2       87.1 
110823  175712  47  56.6926 N  65   2.1276 W   7.0        7.0       10.6        9.2       87.1 
110823  175713  47  56.6930 N  65   2.1251 W   6.9        7.0       10.6        9.2       87.1 
110823  175714  47  56.6933 N  65   2.1225 W   6.8        7.0       10.6        9.2       87.1 
110823  175715  47  56.6937 N  65   2.1200 W   6.7        7.0       10.6        9.2       87.1 
110823  175716  47  56.6941 N  65   2.1174 W   6.6        7.0       10.6        9.2       87.1 
110823  175717  47  56.6945 N  65   2.1150 W   6.5        7.0       10.6        9.2       87.1 
110823  175718  47  56.6949 N  65   2.1125 W   6.4        7.0       10.6        9.2       87.1 
110823  175719  47  56.6953 N  65   2.1101 W   6.4        7.0       10.6        9.2       87.1 
110823  175720  47  56.6957 N  65   2.1077 W   6.3        7.0       10.6        9.2       87.1 
110823  175721  47  56.6961 N  65   2.1054 W   6.2        7.0       10.6        9.2       87.1 
110823  175722  47  56.6965 N  65   2.1031 W   6.1        7.0       10.6        9.2       87.1 
110823  175723  47  56.6968 N  65   2.1008 W   6.0        7.0       10.6        9.2       87.1 
110823  175724  47  56.6971 N  65   2.0984 W   6.0        2.6*      10.6        9.2       87.1 
110823  175725  47  56.6974 N  65   2.0960 W   5.9        2.6       10.6        9.2       87.1 
110823  175726  47  56.6977 N  65   2.0937 W   5.9        2.6       10.6        9.2       87.1 
110823  175727  47  56.6981 N  65   2.0914 W   5.8        2.6       10.6        9.2       87.1 
110823  175728  47  56.6984 N  65   2.0892 W   5.8        2.6       10.6        9.2       87.1 
110823  175729  47  56.6988 N  65   2.0868 W   5.7        2.6       10.6        9.2       87.1 
110823  175730  47  56.6990 N  65   2.0845 W   5.7        2.6       10.6        9.2       87.1 
110823  175731  47  56.6993 N  65   2.0823 W   5.7        2.6       10.6        9.2       87.1 
110823  175732  47  56.6997 N  65   2.0801 W   5.7        2.6       10.6        9.2       87.1 
110823  175733  47  56.7000 N  65   2.0778 W   5.6        2.6       10.6        9.2       87.1 
110823  175734  47  56.7003 N  65   2.0755 W   5.6        2.6       10.6        9.2       87.1 
110823  175735  47  56.7006 N  65   2.0733 W   5.6        2.6       10.6        9.2       87.1 
110823  175736  47  56.7008 N  65   2.0711 W   5.6        2.6       10.6        9.2       87.1 
110823  175737  47  56.7011 N  65   2.0689 W   5.5        2.6       10.6        9.2       87.1 
110823  175738  47  56.7014 N  65   2.0667 W   5.5        2.6       10.6        9.2       87.1 
110823  175739  47  56.7017 N  65   2.0644 W   5.5        2.6       10.6        9.2       87.1 
110823  175740  47  56.7019 N  65   2.0622 W   5.5        2.6       10.6        9.2       87.1 
110823  175741  47  56.7022 N  65   2.0599 W   5.5        2.6       10.6        9.2       87.1 
110823  175742  47  56.7024 N  65   2.0577 W   5.5        2.6       10.6        9.2       87.1 
110823  175743  47  56.7027 N  65   2.0555 W   5.5        2.6       10.6        9.2       87.1 
110823  175744  47  56.7030 N  65   2.0533 W   5.5        2.6       10.6        9.2       87.1 
110823  175745  47  56.7033 N  65   2.0512 W   5.5        2.6       10.6        9.2       87.1 
110823  175746  47  56.7035 N  65   2.0491 W   5.4        2.6       10.6        9.2       87.1 
110823  175747  47  56.7037 N  65   2.0472 W   5.3        2.6       10.6        9.2       87.1 
110823  175748  47  56.7039 N  65   2.0453 W   5.2        2.6       10.6        9.2       87.1 
110823  175749  47  56.7042 N  65   2.0435 W   5.0        2.6       10.6        3.4*      87.1 
110823  175750  47  56.7043 N  65   2.0418 W   4.9        2.6       13.1*       3.4       87.1 
110823  175751  47  56.7045 N  65   2.0402 W   4.7        2.6       13.1        3.4       38.3*
110823  175752  47  56.7047 N  65   2.0386 W   4.6        2.6       13.1        3.4       38.3 
110823  175753  47  56.7048 N  65   2.0371 W   4.4        2.6       13.1        3.4       38.3 
110823  175754  47  56.7050 N  65   2.0357 W   4.3        2.6       13.1        3.4       38.3 
110823  175755  47  56.7051 N  65   2.0343 W   4.1        2.6       13.1        8.0*      38.3 
110823  175756  47  56.7053 N  65   2.0330 W   4.0        2.6       13.1        8.0       36.5*
110823  175757  47  56.7054 N  65   2.0317 W   3.9        2.6       13.1        8.0       36.5 
110823  175758  47  56.7055 N  65   2.0304 W   3.7        2.6       13.1        8.0       36.5 
110823  175759  47  56.7055 N  65   2.0292 W   3.6        2.6       13.1        8.0       36.5 
110823  175800  47  56.7057 N  65   2.0281 W   3.5        2.6       13.1        7.1*      36.5 
110823  175801  47  56.7058 N  65   2.0268 W   3.4        2.6       13.1        7.1       36.5 
110823  175802  47  56.7058 N  65   2.0257 W   3.3        2.6       13.1        7.1       37.8*
110823  175803  47  56.7059 N  65   2.0247 W   3.2        2.2*      13.1        7.1       37.8 
110823  175804  47  56.7060 N  65   2.0236 W   3.1        2.2       13.1        7.1       37.8 
110823  175805  47  56.7061 N  65   2.0225 W   3.0        2.2       13.1        6.8*      37.8 
110823  175806  47  56.7061 N  65   2.0214 W   3.0        2.2       13.1        6.8       37.8 
110823  175807  47  56.7062 N  65   2.0204 W   2.9        2.2       13.1        6.8       39.1*
110823  175808  47  56.7062 N  65   2.0193 W   2.8        2.2       13.1        6.8       39.1 
110823  175809  47  56.7063 N  65   2.0183 W   2.8        2.2       13.1        6.8       39.1 
110823  175810  47  56.7064 N  65   2.0172 W   2.7        2.2       13.1        6.8       39.1 
110823  175811  47  56.7064 N  65   2.0162 W   2.7        2.2       13.1        6.3*      39.1 
110823  175812  47  56.7065 N  65   2.0152 W   2.6        2.2       13.1        6.3       42.2*
110823  175813  47  56.7066 N  65   2.0142 W   2.6        2.2       13.1        6.3       42.2 
110823  175814  47  56.7066 N  65   2.0135 W   2.5        2.2       13.1        6.3       42.2 
110823  175815  47  56.7066 N  65   2.0127 W   2.5        2.2       13.1        6.3       42.2 
110823  175816  47  56.7067 N  65   2.0117 W   2.4        2.3*      13.1        8.9*      42.2 
110823  175817  47  56.7067 N  65   2.0110 W   2.4        2.3       13.1        8.9       42.2 
110823  175818  47  56.7067 N  65   2.0101 W   2.4        2.3       13.1        8.9       51.9*
110823  175819  47  56.7067 N  65   2.0093 W   2.4        2.3       13.1        8.9       51.9 
110823  175820  47  56.7068 N  65   2.0086 W   2.4        2.3       13.1        8.9       51.9 
110823  175821  47  56.7068 N  65   2.0077 W   2.3        2.3       13.1        5.2*      51.9 
110823  175822  47  56.7069 N  65   2.0068 W   2.3        2.3       13.1        5.2       51.9 
110823  175823  47  56.7070 N  65   2.0059 W   2.4        2.3       13.1        5.2       43.1*
110823  175824  47  56.7070 N  65   2.0051 W   2.3        2.3       13.1        5.2       43.1 
110823  175825  47  56.7071 N  65   2.0043 W   2.3        2.3       13.1        5.2       43.1 
110823  175826  47  56.7071 N  65   2.0035 W   2.3        2.3       13.1        5.3*      43.1 
110823  175827  47  56.7072 N  65   2.0027 W   2.3        2.3       13.1        5.3       43.1 
110823  175828  47  56.7073 N  65   2.0018 W   2.3        2.3       13.1        5.3       40.0*
110823  175829  47  56.7074 N  65   2.0011 W   2.3        2.2*      13.1        5.3       40.0 
110823  175830  47  56.7075 N  65   2.0003 W   2.2        2.2       13.1        5.3       40.0 
110823  175831  47  56.7075 N  65   1.9993 W   2.2        2.2       13.1        5.3       40.0 
110823  175832  47  56.7076 N  65   1.9984 W   2.2        2.2       13.1        5.9*      40.0 
110823  175833  47  56.7077 N  65   1.9976 W   2.2        2.2       13.1        5.9       40.0 
110823  175834  47  56.7078 N  65   1.9968 W   2.2        2.2       13.1        5.9       54.1*
110823  175835  47  56.7079 N  65   1.9960 W   2.2        2.2       13.1        5.9       54.1 
110823  175836  47  56.7079 N  65   1.9951 W   2.2        2.2       13.1        5.9       54.1 
110823  175837  47  56.7080 N  65   1.9942 W   2.1        2.2       13.1        6.2*      54.1 
110823  175838  47  56.7082 N  65   1.9934 W   2.2        2.2       13.1        6.2       54.1 
110823  175839  47  56.7083 N  65   1.9925 W   2.2        2.2       13.1        6.2       45.7*
110823  175840  47  56.7084 N  65   1.9917 W   2.1        2.2       13.1        6.2       45.7 
110823  175841  47  56.7086 N  65   1.9908 W   2.1        2.2       13.1        6.2       45.7 
110823  175842  47  56.7087 N  65   1.9900 W   2.1        3.1*      13.1        7.5*      45.7 
110823  175843  47  56.7089 N  65   1.9890 W   2.2        3.1       13.1        7.5       45.7 
110823  175844  47  56.7089 N  65   1.9882 W   2.2        3.1       13.1        7.5       61.6*
110823  175845  47  56.7090 N  65   1.9875 W   2.1        3.1       13.1        7.5       61.6 
110823  175846  47  56.7091 N  65   1.9866 W   2.1        3.1       13.1        7.5       61.6 
110823  175847  47  56.7093 N  65   1.9857 W   2.1        3.1       13.1        4.3*      61.6 
110823  175848  47  56.7094 N  65   1.9848 W   2.2        3.1       13.1        4.3       61.6 
110823  175849  47  56.7095 N  65   1.9840 W   2.1        3.1       13.1        4.3       61.6 
110823  175850  47  56.7095 N  65   1.9832 W   2.1        3.1       13.1        4.3       54.1*
110823  175851  47  56.7097 N  65   1.9824 W   2.1        3.1       13.1        4.3       54.1 
110823  175852  47  56.7098 N  65   1.9815 W   2.1        3.1       13.1        4.3       54.1 
110823  175853  47  56.7100 N  65   1.9806 W   2.1        3.1       13.1        6.9*      54.1 
110823  175854  47  56.7100 N  65   1.9798 W   2.1        3.1       13.1        6.9       54.1 
110823  175855  47  56.7101 N  65   1.9790 W   2.1        2.2*      13.1        6.9       53.7*
110823  175856  47  56.7102 N  65   1.9782 W   2.1        2.2       13.1        6.9       53.7 
110823  175857  47  56.7103 N  65   1.9774 W   2.1        2.2       13.1        6.9       53.7 
110823  175858  47  56.7104 N  65   1.9766 W   2.1        2.2       13.1        6.5*      53.7 
110823  175859  47  56.7104 N  65   1.9758 W   2.0        2.2       13.1        6.5       53.7 
110823  175900  47  56.7105 N  65   1.9750 W   2.1        2.2       13.1        6.5       59.4*
110823  175901  47  56.7106 N  65   1.9742 W   2.1        2.2       13.1        6.5       59.4 
110823  175902  47  56.7107 N  65   1.9734 W   2.1        2.2       13.1        6.5       59.4 
110823  175903  47  56.7108 N  65   1.9725 W   2.0        2.2       13.1        9.4*      59.4 
110823  175904  47  56.7109 N  65   1.9717 W   2.1        2.2       13.1        9.4       59.4 
110823  175905  47  56.7110 N  65   1.9709 W   2.1        2.2       13.1        9.4       59.4 
110823  175906  47  56.7111 N  65   1.9700 W   2.1        2.2       13.1        9.4       60.3*
110823  175907  47  56.7111 N  65   1.9692 W   2.0        2.2       13.1        9.4       60.3 
110823  175908  47  56.7113 N  65   1.9684 W   2.0        2.4*      13.1        2.6*      60.3 
110823  175909  47  56.7114 N  65   1.9675 W   2.1        2.4       13.1        2.6       60.3 
110823  175910  47  56.7115 N  65   1.9666 W   2.1        2.4       13.1        2.6       60.3 
110823  175911  47  56.7116 N  65   1.9658 W   2.1        2.4       13.1        2.6       66.9*
110823  175912  47  56.7117 N  65   1.9650 W   2.0        2.4       13.1        2.6       66.9 
110823  175913  47  56.7118 N  65   1.9642 W   2.0        2.4       13.1        2.6       66.9 
110823  175914  47  56.7119 N  65   1.9632 W   2.1        2.4       13.1       11.0*      66.9 
110823  175915  47  56.7120 N  65   1.9624 W   2.1        2.4       13.1       11.0       66.9 
110823  175916  47  56.7121 N  65   1.9615 W   2.0        2.4       13.1       11.0       63.8*
110823  175917  47  56.7122 N  65   1.9606 W   2.0        2.4       13.1       11.0       63.8 
110823  175918  47  56.7124 N  65   1.9596 W   2.1        2.4       13.1       11.0       63.8 
110823  175919  47  56.7126 N  65   1.9587 W   2.1        2.4       13.1        0.4*      63.8 
110823  175920  47  56.7126 N  65   1.9579 W   2.1        2.4       13.1        0.4       63.8 
110823  175921  47  56.7127 N  65   1.9571 W   2.0        2.2*      13.1        0.4       63.8 
110823  175922  47  56.7128 N  65   1.9563 W   2.1        2.2       13.1        0.4      108.6*
110823  175923  47  56.7130 N  65   1.9555 W   2.1        2.2       13.1        0.4      108.6 
110823  175924  47  56.7131 N  65   1.9547 W   2.1        2.2       13.1        6.8*     108.6 
110823  175925  47  56.7132 N  65   1.9538 W   2.1        2.2       13.1        6.8      108.6 
110823  175926  47  56.7133 N  65   1.9530 W   2.0        2.2       13.1        6.8      108.6 
110823  175927  47  56.7134 N  65   1.9522 W   2.1        2.2       13.1        6.8       31.7*
110823  175928  47  56.7135 N  65   1.9513 W   2.1        2.2       13.1        6.8       31.7 
110823  175929  47  56.7136 N  65   1.9505 W   2.1        2.2       13.1        6.6*      31.7 
110823  175930  47  56.7137 N  65   1.9497 W   2.0        2.2       13.1        6.6       31.7 
110823  175931  47  56.7138 N  65   1.9489 W   2.0        2.2       13.1        6.6       31.7 
110823  175932  47  56.7139 N  65   1.9481 W   2.1        2.2       13.1        6.6       71.3*
110823  175933  47  56.7140 N  65   1.9473 W   2.1        2.2       13.1        6.6       71.3 
110823  175934  47  56.7141 N  65   1.9466 W   2.0        2.2*      13.1        6.6       71.3 
110823  175935  47  56.7142 N  65   1.9457 W   2.0        2.2       13.1        6.9*      71.3 
110823  175936  47  56.7143 N  65   1.9447 W   2.0        2.2       13.1        6.9       71.3 
110823  175937  47  56.7145 N  65   1.9438 W   2.1        2.2       13.1        6.9       71.3 
110823  175938  47  56.7146 N  65   1.9430 W   2.0        2.2       13.1        6.9       74.3*
110823  175939  47  56.7147 N  65   1.9421 W   2.0        2.2       13.1        6.9       74.3 
110823  175940  47  56.7148 N  65   1.9413 W   2.0        2.2       13.1        7.4*      74.3 
110823  175941  47  56.7150 N  65   1.9404 W   2.0        2.2       13.1        7.4       74.3 
110823  175942  47  56.7151 N  65   1.9395 W   2.0        2.2       13.1        7.4       74.3 
110823  175943  47  56.7152 N  65   1.9387 W   2.0        2.2       13.1        7.4       73.5*
110823  175944  47  56.7154 N  65   1.9378 W   2.0        2.2       13.1        7.4       73.5 
110823  175945  47  56.7154 N  65   1.9369 W   2.0        2.2       13.1        8.0*      73.5 
110823  175946  47  56.7155 N  65   1.9360 W   2.0        2.3*      13.1        8.0       73.5 
110823  175947  47  56.7156 N  65   1.9353 W   2.0        2.3       13.1        8.0       73.5 
110823  175948  47  56.7157 N  65   1.9345 W   2.0        2.3       13.1        8.0       73.0*
110823  175949  47  56.7158 N  65   1.9336 W   2.0        2.3       13.1        8.0       73.0 
110823  175950  47  56.7159 N  65   1.9328 W   2.0        2.3       13.1        8.0       73.0 
110823  175951  47  56.7160 N  65   1.9319 W   2.0        2.3       13.1        8.0       73.0 
110823  175952  47  56.7161 N  65   1.9311 W   2.0        2.3       13.1        8.0       73.0 
110823  175953  47  56.7162 N  65   1.9303 W   2.0        2.3       13.1        8.0       73.0 
110823  175954  47  56.7162 N  65   1.9295 W   2.0        2.3       13.1        8.0       73.5*
110823  175955  47  56.7163 N  65   1.9287 W   2.0        2.3       13.1        8.0       73.5 
110823  175956  47  56.7163 N  65   1.9278 W   2.0        2.3       13.1        8.0       73.5 
110823  175957  47  56.7164 N  65   1.9270 W   2.0        2.3       13.1        8.0       73.5 
110823  175958  47  56.7165 N  65   1.9262 W   2.0        2.3       13.1        8.0       73.5 
110823  175959  47  56.7165 N  65   1.9254 W   2.0        2.2*      13.1        8.0       72.6*
110823  180000  47  56.7166 N  65   1.9245 W   2.0        2.2       13.1        8.0       72.6 
110823  180001  47  56.7167 N  65   1.9237 W   2.0        2.2       13.1        8.0       72.6 
110823  180002  47  56.7167 N  65   1.9230 W   2.0        2.2       13.1        8.0       72.6 
110823  180003  47  56.7168 N  65   1.9223 W   2.0        2.2       13.1        8.0       72.6 
110823  180004  47  56.7169 N  65   1.9214 W   2.1        2.2       13.1        8.0       72.6 
110823  180005  47  56.7170 N  65   1.9205 W   2.1        2.2       13.1        8.0       74.8*
110823  180006  47  56.7170 N  65   1.9197 W   2.0        2.2       13.1        1.7*      74.8 
110823  180007  47  56.7170 N  65   1.9189 W   2.0        2.2       13.1        1.7       74.8 
110823  180008  47  56.7172 N  65   1.9179 W   2.1        2.2       13.1        1.7       74.8 
110823  180009  47  56.7173 N  65   1.9171 W   2.1        2.2       13.1        1.7       74.8 
110823  180010  47  56.7173 N  65   1.9162 W   2.1        2.2       13.1        1.7       75.7*
110823  180011  47  56.7174 N  65   1.9154 W   2.0        2.2       13.1        1.7       75.7 
110823  180012  47  56.7175 N  65   1.9146 W   2.0        2.3*      13.1        1.7       75.7 
110823  180013  47  56.7176 N  65   1.9136 W   2.1        2.3       13.1        1.7       75.7 
110823  180014  47  56.7177 N  65   1.9128 W   2.1        2.3       13.1        1.7       75.7 
110823  180015  47  56.7177 N  65   1.9121 W   2.0        2.3       13.1        1.7       75.7 
110823  180016  47  56.7177 N  65   1.9113 W   2.0        2.3       13.1        1.7       75.7 
110823  180017  47  56.7179 N  65   1.9104 W   2.1        2.3       13.1        1.7       75.7 
110823  180018  47  56.7180 N  65   1.9094 W   2.1        2.3       13.1        1.7       75.7 
110823  180019  47  56.7179 N  65   1.9087 W   2.0        2.3       13.1        1.7       75.7 
110823  180020  47  56.7180 N  65   1.9079 W   2.0        2.3       13.1        1.7       75.7 
110823  180021  47  56.7180 N  65   1.9071 W   2.0        2.3       13.1        1.7      461.4*
110823  180022  47  56.7181 N  65   1.9064 W   2.0        2.3       13.1        1.7      461.4 
110823  180023  47  56.7181 N  65   1.9057 W   2.0        2.3       13.1        1.7      461.4 
110823  180024  47  56.7181 N  65   1.9049 W   2.0        2.3       13.1        1.7      461.4 
110823  180025  47  56.7181 N  65   1.9042 W   2.0        2.1*      13.1        1.7      461.4 
110823  180026  47  56.7182 N  65   1.9033 W   1.9        2.1       13.1        1.7       72.1*
110823  180027  47  56.7182 N  65   1.9026 W   1.9        2.1       13.1        1.7       72.1 
110823  180028  47  56.7183 N  65   1.9018 W   1.9        2.1       13.1        1.7       72.1 
110823  180029  47  56.7183 N  65   1.9011 W   1.9        2.1       13.1        1.7       72.1 
110823  180030  47  56.7183 N  65   1.9005 W   1.9        2.1       13.1        1.7       72.1 
110823  180031  47  56.7183 N  65   1.8999 W   1.8        2.1       13.1        1.7       77.9*
110823  180032  47  56.7183 N  65   1.8993 W   1.8        2.1       13.1        1.7       77.9 
110823  180033  47  56.7183 N  65   1.8985 W   1.9        2.1       13.1        1.7       77.9 
110823  180034  47  56.7184 N  65   1.8977 W   1.9        2.1       13.1        1.7       77.9 
110823  180035  47  56.7184 N  65   1.8970 W   1.9        2.1       13.1        1.7       77.9 
110823  180036  47  56.7184 N  65   1.8963 W   1.9        2.1       13.1        1.7       77.9 
110823  180037  47  56.7184 N  65   1.8955 W   1.9        2.1       13.1        1.7       99.4*
110823  180038  47  56.7185 N  65   1.8947 W   2.0        2.1*      13.1        1.7       99.4 
110823  180039  47  56.7185 N  65   1.8941 W   2.0        2.1       13.1        1.7       99.4 
110823  180040  47  56.7186 N  65   1.8933 W   2.0        2.1       13.1        1.7       99.4 
110823  180041  47  56.7186 N  65   1.8924 W   2.0        2.1       13.1        1.7       99.4 
110823  180042  47  56.7187 N  65   1.8915 W   2.0        2.1       13.1        1.7       49.3*
110823  180043  47  56.7188 N  65   1.8907 W   2.0        2.1       13.1        1.7       49.3 
110823  180044  47  56.7188 N  65   1.8899 W   2.0        2.1       13.1        1.7       49.3 
110823  180045  47  56.7189 N  65   1.8890 W   2.0        2.1       13.1        1.7       49.3 
110823  180046  47  56.7190 N  65   1.8880 W   2.0        2.1       13.1        1.7       49.3 
110823  180047  47  56.7191 N  65   1.8870 W   2.0        2.1       13.1        1.7       49.3 
110823  180048  47  56.7192 N  65   1.8860 W   2.0        2.1       13.1        1.7       71.7*
110823  180049  47  56.7193 N  65   1.8850 W   2.1        2.1       13.1        1.7       71.7 
110823  180050  47  56.7194 N  65   1.8840 W   2.1        2.1       13.1        1.7       71.7 
110823  180051  47  56.7195 N  65   1.8830 W   2.0        2.1       13.1        1.7       71.7 
110823  180052  47  56.7196 N  65   1.8821 W   2.0        2.1       13.1        1.7       71.7 
110823  180053  47  56.7196 N  65   1.8813 W   2.0        2.1       13.1        1.7       71.7*
110823  180054  47  56.7196 N  65   1.8806 W   2.0        2.1       13.1        1.7       71.7 
110823  180055  47  56.7196 N  65   1.8800 W   2.0        2.1       13.1        1.7       71.7 
110823  180056  47  56.7197 N  65   1.8790 W   2.0        2.1       13.1       25.4*      71.7 
110823  180057  47  56.7198 N  65   1.8780 W   2.0        2.1       13.1       25.4       71.7 
110823  180058  47  56.7198 N  65   1.8770 W   2.0        2.1       13.1       25.4       71.7 
110823  180059  47  56.7199 N  65   1.8759 W   2.0        2.1       13.1       25.4       71.7 
110823  180100  47  56.7200 N  65   1.8749 W   2.0        2.1       13.1       25.4       71.7 
110823  180101  47  56.7201 N  65   1.8738 W   2.0        2.1       13.1       25.4       71.7 
110823  180102  47  56.7202 N  65   1.8727 W   2.0        2.1       13.1       25.4       71.7 
110823  180103  47  56.7203 N  65   1.8716 W   2.1        2.1       13.1       25.4       71.7 
110823  180104  47  56.7204 N  65   1.8706 W   2.1        2.2*      13.1       25.4       71.7 
110823  180105  47  56.7204 N  65   1.8695 W   2.1        2.2       13.1       25.4       71.7 
110823  180106  47  56.7205 N  65   1.8685 W   2.1        2.2       13.1        5.8*      71.7 
110823  180107  47  56.7204 N  65   1.8679 W   2.1        2.2       13.1        5.8       71.7 
110823  180108  47  56.7203 N  65   1.8674 W   2.1        2.2       13.1        5.8       71.7 
110823  180109  47  56.7204 N  65   1.8664 W   2.1        2.2       13.1        5.8       74.3*
110823  180110  47  56.7202 N  65   1.8659 W   2.1        2.2       13.1        5.8       74.3 
110823  180111  47  56.7203 N  65   1.8648 W   2.1        2.2       13.1        5.8       74.3 
110823  180112  47  56.7204 N  65   1.8640 W   2.1        2.2       13.1        5.8       74.3 
110823  180113  47  56.7204 N  65   1.8632 W   2.1        2.2       13.1        5.8       74.3 
110823  180114  47  56.7204 N  65   1.8623 W   2.1        2.2       13.1        5.8       72.6*
110823  180115  47  56.7205 N  65   1.8611 W   2.2        2.2       13.1        5.8       72.6 
110823  180116  47  56.7205 N  65   1.8606 W   2.1        2.2       13.1        5.8       72.6 
110823  180117  47  56.7205 N  65   1.8597 W   2.1        2.2*      13.1        5.1*      72.6 
110823  180118  47  56.7207 N  65   1.8586 W   2.2        2.2       13.1        5.1       72.6 
110823  180119  47  56.7208 N  65   1.8575 W   2.2        2.2       13.1        5.1       72.6 
110823  180120  47  56.7208 N  65   1.8568 W   2.1        2.2       13.1        5.1       73.0*
110823  180121  47  56.7208 N  65   1.8562 W   2.1        2.2       13.1        5.1       73.0 
110823  180122  47  56.7209 N  65   1.8551 W   2.1        2.2       13.1        5.1       73.0 
110823  180123  47  56.7210 N  65   1.8541 W   2.1        2.2       13.1        5.1       73.0 
110823  180124  47  56.7210 N  65   1.8534 W   2.1        2.2       13.1        5.1       73.0 
110823  180125  47  56.7210 N  65   1.8527 W   2.1        2.2       13.1        5.1       75.2*
110823  180126  47  56.7210 N  65   1.8518 W   2.1        2.2       13.1        5.1       75.2 
110823  180127  47  56.7210 N  65   1.8509 W   2.1        2.2       13.1        5.1       75.2 
110823  180128  47  56.7210 N  65   1.8502 W   2.0        2.2       13.1        5.1       75.2 
110823  180129  47  56.7210 N  65   1.8494 W   2.0        2.2       13.1        5.1       75.2 
110823  180130  47  56.7210 N  65   1.8487 W   2.0        2.2*      13.1        5.1       75.2 
110823  180131  47  56.7210 N  65   1.8479 W   2.0        2.2       13.1        5.1       73.0*
110823  180132  47  56.7209 N  65   1.8471 W   2.0        2.2       13.1        5.1       73.0 
110823  180133  47  56.7210 N  65   1.8463 W   1.9        2.2       13.1        5.1       73.0 
110823  180134  47  56.7210 N  65   1.8456 W   1.9        2.2       13.1        5.1       73.0 
110823  180135  47  56.7210 N  65   1.8448 W   1.9        2.2       13.1        5.1       73.0 
110823  180136  47  56.7210 N  65   1.8439 W   2.0        2.2       13.1        5.1       73.0*
110823  180137  47  56.7210 N  65   1.8433 W   1.9        2.2       13.1        5.9*      73.0 
110823  180138  47  56.7210 N  65   1.8425 W   1.9        2.2       13.1        5.9       73.0 
110823  180139  47  56.7211 N  65   1.8416 W   1.9        2.2       13.1        5.9       73.0 
110823  180140  47  56.7211 N  65   1.8406 W   1.9        2.2       13.1        5.9       73.0 
110823  180141  47  56.7211 N  65   1.8398 W   1.9        2.2       13.1        5.9       71.7*
110823  180142  47  56.7211 N  65   1.8391 W   1.9        2.2       13.1        5.9       71.7 
110823  180143  47  56.7211 N  65   1.8383 W   1.9        2.2       13.1        5.9       71.7 
110823  180144  47  56.7211 N  65   1.8374 W   2.0        2.2       13.1        5.9       71.7 
110823  180145  47  56.7211 N  65   1.8366 W   2.0        2.2       13.1        5.9       71.7 
110823  180146  47  56.7211 N  65   1.8357 W   2.0        2.2       13.1        5.9       71.7 
110823  180147  47  56.7212 N  65   1.8347 W   2.0        2.2       13.1        5.9      103.8*
110823  180148  47  56.7212 N  65   1.8336 W   2.1        2.2       13.1        5.9      103.8 
110823  180149  47  56.7213 N  65   1.8324 W   2.1        4.2*      13.1        5.9      103.8 
110823  180150  47  56.7213 N  65   1.8316 W   2.1        4.2       13.1        5.9      103.8 
110823  180151  47  56.7214 N  65   1.8308 W   2.1        4.2       13.1        5.9      103.8 
110823  180152  47  56.7215 N  65   1.8296 W   2.2        4.2       13.1        5.9      103.8 
110823  180153  47  56.7216 N  65   1.8285 W   2.2        4.2       13.1        5.6*     103.8 
110823  180154  47  56.7217 N  65   1.8273 W   2.2        4.2       13.1        5.6      103.8 
110823  180155  47  56.7218 N  65   1.8264 W   2.2        4.2       13.1        5.6      103.8 
110823  180156  47  56.7219 N  65   1.8253 W   2.2        4.2       13.4*       5.6      103.8 
110823  180157  47  56.7220 N  65   1.8242 W   2.3        4.2       13.4        5.6      103.8 
110823  180158  47  56.7220 N  65   1.8232 W   2.2        4.2       13.4        5.6      103.8 
110823  180159  47  56.7220 N  65   1.8226 W   2.2        4.2       13.4        5.6      103.8 
110823  180200  47  56.7221 N  65   1.8215 W   2.2        4.2       13.4        5.6      103.8 
110823  180201  47  56.7222 N  65   1.8204 W   2.3        4.2       13.4        5.6      103.8 
110823  180202  47  56.7222 N  65   1.8196 W   2.2        4.2       13.4        5.6      103.8 
110823  180203  47  56.7222 N  65   1.8189 W   2.2        4.2       13.4        5.6       75.7*
110823  180204  47  56.7223 N  65   1.8181 W   2.2        4.2       13.4        5.6       75.7 
110823  180205  47  56.7223 N  65   1.8172 W   2.2        4.2       13.4        5.6       75.7 
110823  180206  47  56.7224 N  65   1.8161 W   2.2        4.2       13.4        5.6       75.7 
110823  180207  47  56.7223 N  65   1.8154 W   2.2        4.2       13.4        5.6       75.7 
110823  180208  47  56.7224 N  65   1.8145 W   2.2        4.2       13.4        5.6       73.9*
110823  180209  47  56.7225 N  65   1.8135 W   2.2        2.1*      13.4        4.4*      73.9 
110823  180210  47  56.7226 N  65   1.8124 W   2.2        2.1       13.4        4.4       73.9 
110823  180211  47  56.7227 N  65   1.8114 W   2.2        2.1       13.4        4.4       73.9 
110823  180212  47  56.7227 N  65   1.8103 W   2.2        2.1       13.4        4.4       73.9 
110823  180213  47  56.7228 N  65   1.8093 W   2.2        2.1       13.4        4.4       73.9 
110823  180214  47  56.7229 N  65   1.8083 W   2.2        2.1       13.4        4.7*      74.3*
110823  180215  47  56.7230 N  65   1.8073 W   2.2        2.1       13.4        4.7       74.3 
110823  180216  47  56.7231 N  65   1.8062 W   2.2        2.1       13.4        4.7       74.3 
110823  180217  47  56.7232 N  65   1.8051 W   2.2        2.1       13.4        4.7       74.3 
110823  180218  47  56.7231 N  65   1.8045 W   2.2        2.1       13.4        4.7       74.3 
110823  180219  47  56.7232 N  65   1.8038 W   2.2        2.1       13.4        5.2*      72.6*
110823  180220  47  56.7232 N  65   1.8031 W   2.2        2.1       13.4        5.2       72.6 
110823  180221  47  56.7233 N  65   1.8021 W   2.3        2.1       13.4        5.2       72.6 
110823  180222  47  56.7234 N  65   1.8010 W   2.3        2.2*      13.4        5.2       72.6 
110823  180223  47  56.7234 N  65   1.8002 W   2.2        2.2       13.4        5.2       72.6 
110823  180224  47  56.7235 N  65   1.7992 W   2.2        2.2       13.4        6.0*      73.9*
110823  180225  47  56.7235 N  65   1.7981 W   2.2        2.2       13.4        6.0       73.9 
110823  180226  47  56.7236 N  65   1.7973 W   2.2        2.2       13.4        6.0       73.9 
110823  180227  47  56.7237 N  65   1.7963 W   2.2        2.2       13.4        6.0       73.9 
110823  180228  47  56.7237 N  65   1.7955 W   2.2        2.2       13.4        6.0       73.9 
110823  180229  47  56.7237 N  65   1.7947 W   2.2        2.2       13.4        6.0       73.9 
110823  180230  47  56.7238 N  65   1.7937 W   2.2        2.2       13.4        7.1*      72.1*
110823  180231  47  56.7237 N  65   1.7932 W   2.2        2.2       13.4        7.1       72.1 
110823  180232  47  56.7238 N  65   1.7922 W   2.2        2.2       13.4        7.1       72.1 
110823  180233  47  56.7238 N  65   1.7912 W   2.2        2.2       13.4        7.1       72.1 
110823  180234  47  56.7239 N  65   1.7902 W   2.2        2.2       13.4        7.1       72.1 
110823  180235  47  56.7239 N  65   1.7895 W   2.2        2.2*      13.4        7.1       72.1*
110823  180236  47  56.7240 N  65   1.7884 W   2.2        2.2       13.4        7.1       72.1 
110823  180237  47  56.7240 N  65   1.7873 W   2.2        2.2       13.4        7.1       72.1 
110823  180238  47  56.7240 N  65   1.7866 W   2.2        2.2       13.4        7.1       72.1 
110823  180239  47  56.7240 N  65   1.7858 W   2.1        2.2       13.4        7.1       72.1 
110823  180240  47  56.7240 N  65   1.7850 W   2.1        2.2       13.4        7.1       81.4*
110823  180241  47  56.7241 N  65   1.7839 W   2.2        2.2       13.4        7.1       81.4 
110823  180242  47  56.7242 N  65   1.7829 W   2.2        2.2       13.4        7.1       81.4 
110823  180243  47  56.7241 N  65   1.7822 W   2.1        2.2       13.4        7.1       81.4 
110823  180244  47  56.7241 N  65   1.7815 W   2.1        2.2       13.4        7.1       81.4 
110823  180245  47  56.7242 N  65   1.7805 W   2.1        2.2       13.4        5.2*      81.4 
110823  180246  47  56.7242 N  65   1.7796 W   2.2        2.2       13.4        5.2       69.1*
110823  180247  47  56.7242 N  65   1.7786 W   2.1        2.2       13.4        5.2       69.1 
110823  180248  47  56.7242 N  65   1.7778 W   2.1        2.2*      13.4        5.2       69.1 
110823  180249  47  56.7242 N  65   1.7772 W   2.1        2.2       13.4        5.2       69.1 
110823  180250  47  56.7242 N  65   1.7765 W   2.1        2.2       13.4        5.2       69.1 
110823  180251  47  56.7242 N  65   1.7756 W   2.1        2.2       13.4        5.2       72.1*
110823  180252  47  56.7241 N  65   1.7751 W   2.1        2.2       13.4        5.2       72.1 
110823  180253  47  56.7242 N  65   1.7745 W   2.0        2.2       13.4        5.2       72.1 
110823  180254  47  56.7242 N  65   1.7737 W   2.0        2.2       13.4        5.2       72.1 
110823  180255  47  56.7242 N  65   1.7729 W   2.0        2.2       13.4        5.2       72.1 
110823  180256  47  56.7243 N  65   1.7719 W   2.1        2.2       13.4        5.2       72.1 
110823  180257  47  56.7244 N  65   1.7709 W   2.1        2.2       13.4        5.2       78.7*
110823  180258  47  56.7244 N  65   1.7704 W   2.1        2.2       13.4        5.2       78.7 
110823  180259  47  56.7244 N  65   1.7696 W   2.0        2.2       13.4        5.2       78.7 
110823  180300  47  56.7244 N  65   1.7686 W   2.0        2.2       13.4        5.2       78.7 
110823  180301  47  56.7245 N  65   1.7676 W   2.1        2.2*      13.4        6.4*      78.7 
110823  180302  47  56.7246 N  65   1.7666 W   2.1        2.2       13.4        6.4       78.7 
110823  180303  47  56.7246 N  65   1.7658 W   2.1        2.2       13.4        6.4       78.7 
110823  180304  47  56.7246 N  65   1.7651 W   2.0        2.2       13.4        6.4       78.7 
110823  180305  47  56.7246 N  65   1.7643 W   2.1        2.2       13.4        6.4       78.7 
110823  180306  47  56.7246 N  65   1.7634 W   2.1        2.2       13.4        5.6*      78.7 
110823  180307  47  56.7247 N  65   1.7624 W   2.1        2.2       13.4        5.6       78.7 
110823  180308  47  56.7246 N  65   1.7617 W   2.0        2.2       13.4        5.6       78.7 
110823  180309  47  56.7247 N  65   1.7607 W   2.0        2.2       13.4        5.6       78.7 
110823  180310  47  56.7248 N  65   1.7598 W   2.1        2.2       13.4        5.6       78.7 
110823  180311  47  56.7248 N  65   1.7589 W   2.1        2.2       13.4        6.8*      78.7 
110823  180312  47  56.7247 N  65   1.7580 W   2.1        2.2       13.4        6.8       78.7 
110823  180313  47  56.7248 N  65   1.7571 W   2.1        2.2       13.4        6.8       71.7*
110823  180314  47  56.7247 N  65   1.7563 W   2.1        2.3*      13.4        6.8       71.7 
110823  180315  47  56.7247 N  65   1.7554 W   2.1        2.3       13.4        6.8       71.7 
110823  180316  47  56.7247 N  65   1.7546 W   2.1        2.3       13.4        6.8       71.7 
110823  180317  47  56.7247 N  65   1.7538 W   2.1        2.3       13.4        5.6*      71.7 
110823  180318  47  56.7247 N  65   1.7529 W   2.1        2.3       13.4        5.6       73.0*
110823  180319  47  56.7247 N  65   1.7520 W   2.1        2.3       13.4        5.6       73.0 
110823  180320  47  56.7247 N  65   1.7510 W   2.1        2.3       13.4        5.6       73.0 
110823  180321  47  56.7247 N  65   1.7503 W   2.1        2.3       13.4        5.6       73.0 
110823  180322  47  56.7248 N  65   1.7493 W   2.1        2.3       13.4        5.9*      73.0 
110823  180323  47  56.7248 N  65   1.7483 W   2.2        2.3       13.4        5.9       85.8*
110823  180324  47  56.7248 N  65   1.7474 W   2.1        2.3       13.4        5.9       85.8 
110823  180325  47  56.7248 N  65   1.7466 W   2.1        2.3       13.4        5.9       85.8 
110823  180326  47  56.7248 N  65   1.7458 W   2.1        2.3       13.4        5.9       85.8 
110823  180327  47  56.7248 N  65   1.7449 W   2.2        2.3*      13.4        6.5*      85.8 
110823  180328  47  56.7248 N  65   1.7441 W   2.2        2.3       13.4        6.5       85.8 
110823  180329  47  56.7248 N  65   1.7432 W   2.1        2.3       13.4        6.5       59.8*
110823  180330  47  56.7248 N  65   1.7424 W   2.1        2.3       13.4        6.5       59.8 
110823  180331  47  56.7247 N  65   1.7415 W   2.2        2.3       13.4        6.5       59.8 
110823  180332  47  56.7248 N  65   1.7406 W   2.2        2.3       13.4        5.0*      59.8 
110823  180333  47  56.7248 N  65   1.7398 W   2.2        2.3       13.4        5.0       59.8 
110823  180334  47  56.7248 N  65   1.7390 W   2.1        2.3       13.4        5.0       72.6*
110823  180335  47  56.7248 N  65   1.7381 W   2.1        2.3       13.4        5.0       72.6 
110823  180336  47  56.7248 N  65   1.7372 W   2.2        2.3       13.4        5.0       72.6 
110823  180337  47  56.7248 N  65   1.7364 W   2.1        2.3       13.4        5.0       72.6 
110823  180338  47  56.7248 N  65   1.7356 W   2.1        2.3       13.4        6.3*      72.6 
110823  180339  47  56.7248 N  65   1.7347 W   2.1        2.3       13.4        6.3       72.6 
110823  180340  47  56.7247 N  65   1.7338 W   2.1        2.2*      13.4        6.3       72.6 
110823  180341  47  56.7247 N  65   1.7330 W   2.1        2.2       13.4        6.3       72.6 
110823  180342  47  56.7247 N  65   1.7322 W   2.1        2.2       13.4        6.3       72.6 
110823  180343  47  56.7247 N  65   1.7315 W   2.1        2.2       13.4        6.2*      72.6 
110823  180344  47  56.7246 N  65   1.7307 W   2.1        2.2       13.4        6.2       72.6 
110823  180345  47  56.7246 N  65   1.7298 W   2.1        2.2       13.4        6.2      325.1*
110823  180346  47  56.7246 N  65   1.7290 W   2.1        2.2       13.4        6.2      325.1 
110823  180347  47  56.7247 N  65   1.7281 W   2.1        2.2       13.4        6.2      325.1 
110823  180348  47  56.7247 N  65   1.7272 W   2.1        2.2       13.4        5.2*     325.1 
110823  180349  47  56.7247 N  65   1.7264 W   2.1        2.2       13.4        5.2      325.1 
110823  180350  47  56.7246 N  65   1.7256 W   2.1        2.2       13.4        5.2       72.6*
110823  180351  47  56.7246 N  65   1.7248 W   2.1        2.2       13.4        5.2       72.6 
110823  180352  47  56.7246 N  65   1.7239 W   2.1        2.2       13.4        5.2       72.6 
110823  180353  47  56.7246 N  65   1.7231 W   2.1        2.2       13.4        5.7*      72.6 
110823  180354  47  56.7247 N  65   1.7223 W   2.0        2.2       13.4        5.7       72.6 
110823  180355  47  56.7247 N  65   1.7213 W   2.1        2.2       13.4        5.7       72.6 
110823  180356  47  56.7248 N  65   1.7203 W   2.1        2.2       13.4        5.7       70.4*
110823  180357  47  56.7248 N  65   1.7195 W   2.0        2.2       13.4        5.7       70.4 
110823  180358  47  56.7248 N  65   1.7187 W   2.0        2.2       13.4        5.7       70.4 
110823  180359  47  56.7248 N  65   1.7176 W   2.1        2.2       13.4        5.7       70.4 
110823  180400  47  56.7248 N  65   1.7166 W   2.1        2.2       13.4        5.7       70.4 
110823  180401  47  56.7248 N  65   1.7159 W   2.1        2.2       13.4        5.7       73.9*
110823  180402  47  56.7248 N  65   1.7152 W   2.0        2.2       13.4        5.7       73.9 
110823  180403  47  56.7248 N  65   1.7141 W   2.1        2.2       13.4        5.7       73.9 
110823  180404  47  56.7248 N  65   1.7131 W   2.2        2.2       13.4        5.7       73.9 
110823  180405  47  56.7248 N  65   1.7123 W   2.2        2.2       13.4        5.7       73.9 
110823  180406  47  56.7248 N  65   1.7114 W   2.1        2.3*      13.4        5.7       73.9 
110823  180407  47  56.7249 N  65   1.7103 W   2.1        2.3       13.4        5.7       73.9 
110823  180408  47  56.7249 N  65   1.7092 W   2.2        2.3       13.4        5.7       73.9 
110823  180409  47  56.7249 N  65   1.7083 W   2.2        2.3       13.4        3.9*      73.9 
110823  180410  47  56.7250 N  65   1.7075 W   2.2        2.3       13.4        3.9       73.9 
110823  180411  47  56.7250 N  65   1.7065 W   2.2        2.3       13.4        3.9       73.9 
110823  180412  47  56.7250 N  65   1.7055 W   2.2        2.3       13.4        3.9       73.9 
110823  180413  47  56.7250 N  65   1.7046 W   2.2        2.3       13.4        3.9       73.9 
110823  180414  47  56.7250 N  65   1.7036 W   2.2        2.3       13.4        6.0*      73.9 
110823  180415  47  56.7250 N  65   1.7028 W   2.2        2.3       13.4        6.0       73.9 
110823  180416  47  56.7250 N  65   1.7020 W   2.2        2.3       13.4        6.0       73.9 
110823  180417  47  56.7249 N  65   1.7011 W   2.2        2.3       13.4        6.0       66.0*
110823  180418  47  56.7249 N  65   1.7001 W   2.2        2.3       13.4        6.0       66.0 
110823  180419  47  56.7249 N  65   1.6993 W   2.2        2.2*      13.4        6.0       66.0 
110823  180420  47  56.7249 N  65   1.6985 W   2.2        2.2       13.4        6.2*      66.0 
110823  180421  47  56.7249 N  65   1.6976 W   2.1        2.2       13.4        6.2       66.0 
110823  180422  47  56.7249 N  65   1.6966 W   2.2        2.2       13.4        6.2       60.3*
110823  180423  47  56.7249 N  65   1.6956 W   2.2        2.2       13.4        6.2       60.3 
110823  180424  47  56.7249 N  65   1.6948 W   2.2        2.2       13.4        6.2       60.3 
110823  180425  47  56.7249 N  65   1.6940 W   2.1        2.2       13.4        5.2*      60.3 
110823  180426  47  56.7249 N  65   1.6931 W   2.1        2.2       13.4        5.2       60.3 
110823  180427  47  56.7249 N  65   1.6922 W   2.1        2.2       13.4        5.2       60.3 
110823  180428  47  56.7249 N  65   1.6913 W   2.1        2.2       13.4        5.2       96.3*
110823  180429  47  56.7248 N  65   1.6905 W   2.1        2.2       13.4        5.2       96.3 
110823  180430  47  56.7248 N  65   1.6896 W   2.1        2.2       13.4        5.9*      96.3 
110823  180431  47  56.7248 N  65   1.6889 W   2.0        2.2       13.4        5.9       96.3 
110823  180432  47  56.7248 N  65   1.6881 W   2.0        2.2*      13.4        5.9       96.3 
110823  180433  47  56.7248 N  65   1.6872 W   2.1        2.2       13.4        5.9       47.9*
110823  180434  47  56.7247 N  65   1.6864 W   2.1        2.2       13.4        5.9       47.9 
110823  180435  47  56.7247 N  65   1.6857 W   2.0        2.2       13.4        5.9       47.9 
110823  180436  47  56.7247 N  65   1.6848 W   2.0        2.2       13.4        5.9       47.9 
110823  180437  47  56.7247 N  65   1.6839 W   2.0        2.2       13.4        5.9       47.9 
110823  180438  47  56.7247 N  65   1.6831 W   2.1        2.2       13.4        5.9       47.9 
110823  180439  47  56.7247 N  65   1.6822 W   2.1        2.2       13.4        5.9       75.2*
110823  180440  47  56.7247 N  65   1.6813 W   2.1        2.2       13.4        5.9       75.2 
110823  180441  47  56.7247 N  65   1.6803 W   2.1        2.2       13.4        5.9       75.2 
110823  180442  47  56.7247 N  65   1.6795 W   2.1        2.2       13.4        5.9       75.2 
110823  180443  47  56.7247 N  65   1.6788 W   2.1        2.2       13.4        5.9       75.2 
110823  180444  47  56.7247 N  65   1.6777 W   2.1        2.2       13.4        5.9       70.4*
110823  180445  47  56.7247 N  65   1.6767 W   2.2        2.1*      13.4        5.9       70.4 
110823  180446  47  56.7248 N  65   1.6759 W   2.2        2.1       13.4        0.7*      70.4 
110823  180447  47  56.7247 N  65   1.6752 W   2.2        2.1       13.4        0.7       70.4 
110823  180448  47  56.7247 N  65   1.6742 W   2.2        2.1       13.4        0.7       70.4 
110823  180449  47  56.7247 N  65   1.6733 W   2.2        2.1       13.4        0.7       95.0*
110823  180450  47  56.7248 N  65   1.6724 W   2.1        2.1       13.4        0.7       95.0 
110823  180451  47  56.7248 N  65   1.6718 W   2.0        2.1       13.4        7.3*      95.0 
110823  180452  47  56.7248 N  65   1.6712 W   1.9        2.1       13.4        7.3       95.0 
110823  180453  47  56.7246 N  65   1.6707 W   1.9        2.1       13.4        7.3       95.0 
110823  180454  47  56.7246 N  65   1.6700 W   1.9        2.1       13.4        7.3       95.0 
110823  180455  47  56.7245 N  65   1.6696 W   1.7        2.1       13.4        7.3       47.9*
110823  180456  47  56.7245 N  65   1.6693 W   1.6        2.1       13.4        7.3       47.9 
110823  180457  47  56.7244 N  65   1.6688 W   1.5        2.1       13.4       25.6*      47.9 
110823  180458  47  56.7244 N  65   1.6683 W   1.5        3.8*      13.4       25.6       47.9 
110823  180459  47  56.7243 N  65   1.6679 W   1.5        3.8       13.4       25.6       47.9 
110823  180500  47  56.7242 N  65   1.6678 W   1.3        3.8       13.4       25.6       68.6*
110823  180501  47  56.7241 N  65   1.6676 W   1.2        3.8       13.4       25.6       68.6 
110823  180502  47  56.7241 N  65   1.6671 W   1.2        3.8       13.4       25.6       68.6 
110823  180503  47  56.7240 N  65   1.6667 W   1.2        3.8       13.4       25.6       68.6 
110823  180504  47  56.7239 N  65   1.6665 W   1.1        3.8       13.4       25.6       68.6 
110823  180505  47  56.7238 N  65   1.6664 W   1.0        3.8       13.4       25.6       68.6 
110823  180506  47  56.7237 N  65   1.6660 W   1.0        3.8       13.4       25.6      146.9*
110823  180507  47  56.7236 N  65   1.6656 W   1.0        3.8       13.4        6.2*     146.9 
110823  180508  47  56.7235 N  65   1.6654 W   0.9        3.8       13.4        6.2      146.9 
110823  180509  47  56.7234 N  65   1.6653 W   0.8        3.8       13.4        6.2      146.9 
110823  180510  47  56.7233 N  65   1.6652 W   0.8        3.8       13.4        6.2      146.9 
110823  180511  47  56.7232 N  65   1.6649 W   0.8        3.8       13.4        6.2      146.9 
110823  180512  47  56.7231 N  65   1.6646 W   0.8        3.8       13.4        0.3*     146.9 
110823  180513  47  56.7230 N  65   1.6648 W   0.7        3.8       13.4        0.3      146.9 
110823  180514  47  56.7228 N  65   1.6648 W   0.6        3.8       13.4        0.3      146.9 
110823  180515  47  56.7227 N  65   1.6646 W   0.6        3.8       13.4        0.3      146.9 
110823  180516  47  56.7226 N  65   1.6643 W   0.7        3.8       13.4        0.3      146.9 
110823  180517  47  56.7225 N  65   1.6640 W   0.7        3.8       13.4        2.0*     146.9 
110823  180518  47  56.7223 N  65   1.6641 W   0.6        3.8       13.4        2.0      146.9 
110823  180519  47  56.7222 N  65   1.6640 W   0.6        3.8       13.4        2.0      146.9 
110823  180520  47  56.7221 N  65   1.6635 W   0.7        3.8       13.4        2.0      146.9 
110823  180521  47  56.7220 N  65   1.6632 W   0.7        3.8       13.4        2.0       47.9*
110823  180522  47  56.7219 N  65   1.6632 W   0.7        3.8       13.4        2.0       47.9 
110823  180523  47  56.7217 N  65   1.6631 W   0.6        3.8       13.4        9.5*      47.9 
110823  180524  47  56.7216 N  65   1.6627 W   0.7        3.8       13.4        9.5       47.9 
110823  180525  47  56.7215 N  65   1.6623 W   0.7        3.8       13.4        9.5       47.9 
110823  180526  47  56.7213 N  65   1.6623 W   0.7        3.8       13.4        9.5       47.9 
110823  180527  47  56.7212 N  65   1.6623 W   0.7        3.8       13.4        9.5      141.6*
110823  180528  47  56.7210 N  65   1.6620 W   0.7        3.8       13.4       17.6*     141.6 
110823  180529  47  56.7209 N  65   1.6616 W   0.7        3.8       13.4       17.6      141.6 
110823  180530  47  56.7208 N  65   1.6615 W   0.7        3.8       13.4       17.6      141.6 
110823  180531  47  56.7207 N  65   1.6614 W   0.6        3.8       13.4       17.6      141.6 
110823  180532  47  56.7205 N  65   1.6612 W   0.7        3.8       13.4       17.6      141.6 
110823  180533  47  56.7204 N  65   1.6610 W   0.7        3.8       13.4       17.6      141.6 
110823  180534  47  56.7202 N  65   1.6609 W   0.6        3.8       13.4       17.6      141.6 
110823  180535  47  56.7201 N  65   1.6608 W   0.6        3.8       13.4       17.6      141.6 
110823  180536  47  56.7199 N  65   1.6609 W   0.6        3.8       13.4       17.6      141.6 
110823  180537  47  56.7198 N  65   1.6608 W   0.6        3.8       13.4       17.6      141.6 
110823  180538  47  56.7197 N  65   1.6607 W   0.6        3.8       13.4        3.5*     141.6 
110823  180539  47  56.7196 N  65   1.6606 W   0.6        3.8       13.4        3.5      141.6 
110823  180540  47  56.7195 N  65   1.6607 W   0.5        3.8       13.4        3.5      141.6 
110823  180541  47  56.7193 N  65   1.6607 W   0.5        3.8       13.4        3.5      141.6 
110823  180542  47  56.7192 N  65   1.6605 W   0.5        3.8        3.5*       3.5      141.6 
110823  180543  47  56.7191 N  65   1.6604 W   0.6        3.8        3.5        5.9*      57.6*
110823  180544  47  56.7189 N  65   1.6604 W   0.5        3.8        3.5        5.9       57.6 
110823  180545  47  56.7188 N  65   1.6604 W   0.5        3.8        3.5        5.9       57.6 
110823  180546  47  56.7187 N  65   1.6603 W   0.5        3.8        3.5        5.9       57.6 
110823  180547  47  56.7185 N  65   1.6601 W   0.6        3.8        3.5        5.9       57.6 
110823  180548  47  56.7184 N  65   1.6601 W   0.5        3.8        3.5        5.9       79.6*
110823  180549  47  56.7183 N  65   1.6600 W   0.5        3.8       12.2*       5.9       79.6 
110823  180550  47  56.7182 N  65   1.6597 W   0.5        3.8       12.2        5.9       79.6 
110823  180551  47  56.7180 N  65   1.6598 W   0.5        3.8       12.2        5.9       79.6 
110823  180552  47  56.7179 N  65   1.6598 W   0.5        3.8       12.2        5.9       79.6 
110823  180553  47  56.7177 N  65   1.6596 W   0.5        3.8       12.2        5.9       79.6 
110823  180554  47  56.7176 N  65   1.6595 W   0.5        3.8       12.2       60.8*      50.6*
110823  180555  47  56.7174 N  65   1.6594 W   0.5        3.8       12.2       60.8       50.6 
110823  180556  47  56.7173 N  65   1.6595 W   0.5        3.8       12.2       60.8       50.6 
110823  180557  47  56.7172 N  65   1.6594 W   0.5        3.8       12.2       60.8       50.6 
110823  180558  47  56.7169 N  65   1.6595 W   0.5        3.8       12.2       60.8       50.6 
110823  180559  47  56.7168 N  65   1.6594 W   0.5        3.8       12.2        6.2*      50.6 
110823  180600  47  56.7166 N  65   1.6594 W   0.5        3.8       12.2        6.2       50.6 
110823  180601  47  56.7165 N  65   1.6593 W   0.5        3.8       12.2        6.2       50.6 
110823  180602  47  56.7164 N  65   1.6593 W   0.5        3.7*      12.2        6.2       50.6 
110823  180603  47  56.7163 N  65   1.6592 W   0.5        3.7       12.2        6.2       50.6 
110823  180604  47  56.7162 N  65   1.6592 W   0.5        3.7       12.2        6.5*      50.6 
110823  180605  47  56.7160 N  65   1.6592 W   0.5        3.7       12.2        6.5       50.6 
110823  180606  47  56.7159 N  65   1.6591 W   0.5        3.7       12.2        6.5       50.6 
110823  180607  47  56.7157 N  65   1.6593 W   0.5        3.7       12.2        6.5       50.6 
110823  180608  47  56.7156 N  65   1.6592 W   0.5        3.7       12.2        6.5       50.6 
110823  180609  47  56.7155 N  65   1.6590 W   0.5        3.7       12.2        6.5       50.6 
110823  180610  47  56.7153 N  65   1.6591 W   0.4        3.7       12.2        8.4*      50.6 
110823  180611  47  56.7153 N  65   1.6590 W   0.4        3.7       12.2        8.4       50.6 
110823  180612  47  56.7152 N  65   1.6588 W   0.4        3.7       12.2        8.4       50.6 
110823  180613  47  56.7150 N  65   1.6588 W   0.4        3.7       12.2        8.4       50.6 
110823  180614  47  56.7149 N  65   1.6588 W   0.4        3.7       12.2        8.4       50.6 
110823  180615  47  56.7149 N  65   1.6586 W   0.4        2.3*      12.2        8.4       50.6 
110823  180616  47  56.7148 N  65   1.6585 W   0.4        2.3       12.2        8.4       50.6 
110823  180617  47  56.7147 N  65   1.6585 W   0.4        2.3       12.2        8.4       50.6 
110823  180618  47  56.7146 N  65   1.6585 W   0.4        2.3       12.2        8.4       50.6 
110823  180619  47  56.7145 N  65   1.6584 W   0.4        2.3       12.2        8.4       50.6 
110823  180620  47  56.7144 N  65   1.6582 W   0.4        2.3       12.2        4.6*      50.6 
110823  180621  47  56.7143 N  65   1.6581 W   0.4        2.3        4.3*       4.6       50.6 
110823  180622  47  56.7142 N  65   1.6581 W   0.4        2.3        4.3        4.6       50.6 
110823  180623  47  56.7142 N  65   1.6579 W   0.4        2.3        4.3        4.6       50.6 
110823  180624  47  56.7141 N  65   1.6576 W   0.4        2.3        4.3        4.6       50.6 
110823  180625  47  56.7140 N  65   1.6575 W   0.4        2.3        4.3        4.1*      50.6 
110823  180626  47  56.7139 N  65   1.6574 W   0.4        2.3        4.3        4.1       55.4*
110823  180627  47  56.7139 N  65   1.6572 W   0.4        2.3        4.3        4.1       55.4 
110823  180628  47  56.7138 N  65   1.6569 W   0.5        2.3        9.8*       4.1       55.4 
110823  180629  47  56.7136 N  65   1.6568 W   0.5        2.3        9.8        4.1       55.4 
110823  180630  47  56.7135 N  65   1.6567 W   0.4        2.3        9.8        4.1       55.4 
110823  180631  47  56.7134 N  65   1.6566 W   0.4        2.3        9.8       19.8*      55.4 
110823  180632  47  56.7134 N  65   1.6561 W   0.5        2.3        9.8       19.8       55.4 
110823  180633  47  56.7133 N  65   1.6560 W   0.5        2.3        9.8       19.8       55.4 
110823  180634  47  56.7132 N  65   1.6560 W   0.4        2.3        9.8       19.8       55.4 
110823  180635  47  56.7131 N  65   1.6560 W   0.4        2.3        9.8       19.8       55.4 
110823  180636  47  56.7130 N  65   1.6557 W   0.5        2.3        9.8       19.8       55.4 
110823  180637  47  56.7129 N  65   1.6556 W   0.5        2.3        9.8       19.8       55.4 
110823  180638  47  56.7128 N  65   1.6555 W   0.5        2.3        9.8       19.8       55.4 
110823  180639  47  56.7127 N  65   1.6554 W   0.5        2.3        9.8       19.8       55.4 
110823  180640  47  56.7127 N  65   1.6552 W   0.5        2.3        9.8       19.8       55.4 
110823  180641  47  56.7126 N  65   1.6549 W   0.5        5.4*       9.8        2.6*      55.4 
110823  180642  47  56.7125 N  65   1.6548 W   0.5        5.4        9.8        2.6       30.8*
110823  180643  47  56.7123 N  65   1.6549 W   0.5        5.4        9.8        2.6       30.8 
110823  180644  47  56.7121 N  65   1.6548 W   0.5        5.4        9.8        2.6       30.8 
110823  180645  47  56.7120 N  65   1.6545 W   0.5        5.4        9.8        2.6       30.8 
110823  180646  47  56.7118 N  65   1.6543 W   0.6        5.4        9.8        2.6       30.8 
110823  180647  47  56.7117 N  65   1.6543 W   0.5        5.4        9.8        2.6       38.7*
110823  180648  47  56.7116 N  65   1.6541 W   0.6        5.4        9.8        2.6       38.7 
110823  180649  47  56.7115 N  65   1.6538 W   0.6        5.4        9.8        2.6       38.7 
110823  180650  47  56.7114 N  65   1.6536 W   0.6        5.4        9.8        2.6       38.7 
110823  180651  47  56.7112 N  65   1.6535 W   0.6        5.4        9.8        2.6       38.7 
110823  180652  47  56.7111 N  65   1.6533 W   0.6        5.4        9.8       14.4*      37.8*
110823  180653  47  56.7110 N  65   1.6529 W   0.6        5.4        9.8       14.4       37.8 
110823  180654  47  56.7109 N  65   1.6526 W   0.7        2.2*       9.8       14.4       37.8 
110823  180655  47  56.7108 N  65   1.6524 W   0.6        2.2        9.8       14.4       37.8 
110823  180656  47  56.7106 N  65   1.6522 W   0.7        2.2        9.8       14.4       37.8 
110823  180657  47  56.7105 N  65   1.6519 W   0.7        2.2        9.8       14.4       37.8 
110823  180658  47  56.7103 N  65   1.6518 W   0.7        2.2        9.8       14.4       88.4*
110823  180659  47  56.7102 N  65   1.6517 W   0.7        2.2        9.8       14.4       88.4 
110823  180700  47  56.7101 N  65   1.6514 W   0.7        2.2        2.2*      14.4       88.4 
110823  180701  47  56.7100 N  65   1.6510 W   0.7        2.2        2.2       14.4       88.4 
110823  180702  47  56.7099 N  65   1.6507 W   0.7        2.2        2.2        3.8*      88.4 
110823  180703  47  56.7098 N  65   1.6505 W   0.7        2.2        2.2        3.8      111.3*
110823  180704  47  56.7097 N  65   1.6501 W   0.7        2.2        2.2        3.8      111.3 
110823  180705  47  56.7096 N  65   1.6497 W   0.8        2.2        2.2        3.8      111.3 
110823  180706  47  56.7095 N  65   1.6495 W   0.8        2.2        2.2        3.8      111.3 
110823  180707  47  56.7094 N  65   1.6491 W   0.8        2.2       12.4*       0.1*     111.3 
110823  180708  47  56.7093 N  65   1.6487 W   0.8        2.2       12.4        0.1      111.3 
110823  180709  47  56.7092 N  65   1.6482 W   0.9        2.2       12.4        0.1      111.3 
110823  180710  47  56.7090 N  65   1.6479 W   0.9        2.2       12.4        0.1      111.3 
110823  180711  47  56.7089 N  65   1.6474 W   1.0        2.2       12.4        0.1      111.3 
110823  180712  47  56.7087 N  65   1.6468 W   1.0        2.2       12.4        4.2*     111.3 
110823  180713  47  56.7086 N  65   1.6462 W   1.1        2.2       12.4        4.2       23.3*
110823  180714  47  56.7084 N  65   1.6456 W   1.1        2.2       12.4        4.2       23.3 
110823  180715  47  56.7082 N  65   1.6452 W   1.2        2.2       12.4        4.2       23.3 
110823  180716  47  56.7082 N  65   1.6443 W   1.3        2.2       12.4        4.2       23.3 
