FileName: C:\TRAWLS~2\GP026FR.TXT
Local Time: Sun Jul 31 09:44:09 2011

Ship: July 31, 2011 Trip: GP026Fr Tow: 05
Comments: zone 12 nord pei hog island
 Date    Time     Latitude       Longitude    Speed    Primary  Secondary DoorSpread      Depth 
110731  124411  46  57.2516 N  63  37.2496 W   5.9       11.5*       2.3*     101.6*      15.0*
110731  124412  46  57.2500 N  63  37.2498 W   5.9       11.5        2.3      101.6       15.0 
110731  124413  46  57.2483 N  63  37.2500 W   5.9       11.5        2.3      101.6       15.0 
110731  124414  46  57.2467 N  63  37.2500 W   5.9       11.5        2.3      101.6       15.0 
110731  124415  46  57.2451 N  63  37.2501 W   5.8       11.5        2.3      101.6       15.0 
110731  124416  46  57.2437 N  63  37.2504 W   5.7       11.5        2.3      101.6       15.0 
110731  124417  46  57.2422 N  63  37.2507 W   5.7       11.5        2.3      101.6       15.0 
110731  124418  46  57.2408 N  63  37.2509 W   5.6       11.5        2.3      101.6       15.0 
110731  124419  46  57.2394 N  63  37.2510 W   5.5       11.5        2.3      101.6       15.0 
110731  124420  46  57.2381 N  63  37.2512 W   5.4       11.5        2.3      101.6       15.0 
110731  124421  46  57.2368 N  63  37.2514 W   5.3       11.5        2.3      101.6       15.0 
110731  124422  46  57.2355 N  63  37.2516 W   5.2       11.5        2.3      101.6       15.0 
110731  124423  46  57.2343 N  63  37.2518 W   5.1       11.5        2.3      101.6       15.0 
110731  124424  46  57.2331 N  63  37.2520 W   5.0       11.5        2.3      101.6       15.0 
110731  124425  46  57.2320 N  63  37.2522 W   4.8       11.5        2.3      101.6       15.0 
110731  124426  46  57.2309 N  63  37.2523 W   4.7       11.5        2.3      101.6       15.0 
110731  124427  46  57.2298 N  63  37.2525 W   4.6       11.5        2.3        5.3*      15.0 
110731  124428  46  57.2288 N  63  37.2527 W   4.5       11.5        2.3        5.3       15.0 
110731  124429  46  57.2278 N  63  37.2529 W   4.3       11.5        2.3        5.3       15.0 
110731  124430  46  57.2268 N  63  37.2530 W   4.2       11.5        2.3        5.3       15.0 
110731  124431  46  57.2258 N  63  37.2532 W   4.1       11.5        2.3        5.3       15.0 
110731  124432  46  57.2249 N  63  37.2534 W   4.0       11.5        2.3        5.3       15.0 
110731  124433  46  57.2239 N  63  37.2535 W   3.9       11.5        2.3        5.3       15.0 
110731  124434  46  57.2229 N  63  37.2537 W   3.9       11.5        2.3        5.3       15.0 
110731  124435  46  57.2220 N  63  37.2539 W   3.8       11.5        2.3        5.3       15.0 
110731  124436  46  57.2211 N  63  37.2541 W   3.7       11.5        2.3        5.3       15.0 
110731  124437  46  57.2202 N  63  37.2541 W   3.7       11.5        2.3        5.3       15.0 
110731  124438  46  57.2193 N  63  37.2542 W   3.6       11.5        2.3        5.3       15.0 
110731  124439  46  57.2185 N  63  37.2545 W   3.5       11.5        2.3        5.3       15.0 
110731  124440  46  57.2178 N  63  37.2547 W   3.4       11.5        2.3        5.3       15.0 
110731  124441  46  57.2170 N  63  37.2548 W   3.4       11.5        2.3        5.3       15.0 
110731  124442  46  57.2163 N  63  37.2549 W   3.3       11.5        2.3        5.3       15.0 
110731  124443  46  57.2156 N  63  37.2550 W   3.2       11.5        2.3        5.3       15.0 
110731  124444  46  57.2148 N  63  37.2552 W   3.2       11.5        2.3        5.3       15.0 
110731  124445  46  57.2139 N  63  37.2554 W   3.2       11.5        2.3        5.3       15.0 
110731  124446  46  57.2132 N  63  37.2554 W   3.1       11.5        2.3        5.3       15.0 
110731  124447  46  57.2124 N  63  37.2556 W   3.1       11.5        2.3        5.3       15.0 
110731  124448  46  57.2117 N  63  37.2558 W   3.0       11.5        2.3        4.6*      15.0 
110731  124449  46  57.2108 N  63  37.2560 W   3.0       11.5        2.3        4.6       15.0 
110731  124450  46  57.2101 N  63  37.2560 W   2.9       11.5        2.3        4.6       15.0 
110731  124451  46  57.2094 N  63  37.2561 W   2.9       11.5        2.3        4.6       15.0 
110731  124452  46  57.2085 N  63  37.2563 W   2.9       11.5        2.3        4.6       15.0 
110731  124453  46  57.2078 N  63  37.2564 W   2.9       11.5        2.3        4.5*      15.0 
110731  124454  46  57.2070 N  63  37.2566 W   3.0       11.5        2.3        4.5       15.0 
110731  124455  46  57.2060 N  63  37.2566 W   3.0       11.5        2.3        4.5       15.0 
110731  124456  46  57.2050 N  63  37.2568 W   3.1       11.5        2.3        4.5       15.0 
110731  124457  46  57.2039 N  63  37.2570 W   3.3       11.5        2.3        4.5       15.0 
110731  124458  46  57.2026 N  63  37.2574 W   3.4       11.5        2.3        4.5       15.0 
110731  124459  46  57.2013 N  63  37.2576 W   3.6       11.5        2.3        4.5       15.0 
110731  124500  46  57.2000 N  63  37.2577 W   3.8       11.5        2.3        4.5       15.0 
110731  124501  46  57.1987 N  63  37.2581 W   3.9       11.5        2.3        4.5       15.0 
110731  124502  46  57.1974 N  63  37.2583 W   4.0        6.4*       2.3        4.5       15.0 
110731  124503  46  57.1960 N  63  37.2586 W   4.2        6.4        2.3        4.5       15.0 
110731  124504  46  57.1946 N  63  37.2589 W   4.4        6.4        2.3        4.5       15.0 
110731  124505  46  57.1930 N  63  37.2591 W   4.6        6.4        2.3        4.5       15.0 
110731  124506  46  57.1914 N  63  37.2595 W   4.7        6.4        2.3        4.5       15.0 
110731  124507  46  57.1899 N  63  37.2598 W   4.9        6.4        2.3        4.5       15.0 
110731  124508  46  57.1882 N  63  37.2603 W   5.1        6.4        2.3        4.5       15.0 
110731  124509  46  57.1865 N  63  37.2606 W   5.2        6.4        2.3        4.5       15.0 
110731  124510  46  57.1849 N  63  37.2609 W   5.3        6.4        2.3        4.5       15.0 
110731  124511  46  57.1832 N  63  37.2613 W   5.5        6.4        2.3        4.5       15.0 
110731  124512  46  57.1815 N  63  37.2617 W   5.6        6.4        2.3        4.5       15.0 
110731  124513  46  57.1797 N  63  37.2622 W   5.7        6.4        2.3        4.5       15.0 
110731  124514  46  57.1779 N  63  37.2627 W   5.8        6.4        2.3        4.5       15.0 
110731  124515  46  57.1759 N  63  37.2631 W   5.9        6.4        2.3        4.5       15.0 
110731  124516  46  57.1741 N  63  37.2636 W   6.0        6.4        2.3        4.5       15.0 
110731  124517  46  57.1723 N  63  37.2641 W   6.1        6.4        2.3        4.5       15.0 
110731  124518  46  57.1705 N  63  37.2647 W   6.2        6.4        2.3        4.5       15.0 
110731  124519  46  57.1687 N  63  37.2653 W   6.2        6.4        2.3        4.5       15.0 
110731  124520  46  57.1669 N  63  37.2658 W   6.3        6.4        2.3        4.5       15.0 
110731  124521  46  57.1651 N  63  37.2663 W   6.3        6.4        2.3        4.5       15.0 
110731  124522  46  57.1632 N  63  37.2668 W   6.4        6.4        2.3        4.5       15.0 
110731  124523  46  57.1614 N  63  37.2675 W   6.4        6.4        2.3        4.5       15.0 
110731  124524  46  57.1596 N  63  37.2681 W   6.5        6.4        2.3        4.5       15.0 
110731  124525  46  57.1578 N  63  37.2687 W   6.5        6.4        2.3        4.5       15.0 
110731  124526  46  57.1560 N  63  37.2693 W   6.5        6.4        2.3        4.5       15.0 
110731  124527  46  57.1542 N  63  37.2700 W   6.5        6.4        2.3        4.5       15.0 
110731  124528  46  57.1524 N  63  37.2707 W   6.6        6.4        2.3        4.5       15.0 
110731  124529  46  57.1506 N  63  37.2714 W   6.6        6.4        2.3        4.5       15.0 
110731  124530  46  57.1488 N  63  37.2721 W   6.6        6.4        2.3       40.7*      15.0 
110731  124531  46  57.1470 N  63  37.2728 W   6.6        6.4        2.3       40.7       15.0 
110731  124532  46  57.1451 N  63  37.2736 W   6.7        6.4        2.3       40.7       15.0 
110731  124533  46  57.1433 N  63  37.2744 W   6.7        6.4        2.3       40.7       15.0 
110731  124534  46  57.1414 N  63  37.2751 W   6.8        6.4        2.3       40.7       15.0 
110731  124535  46  57.1396 N  63  37.2757 W   6.8        6.4        2.3       40.7       15.0 
110731  124536  46  57.1377 N  63  37.2765 W   6.8        6.4        2.3      105.8*      15.0 
110731  124537  46  57.1359 N  63  37.2773 W   6.8        6.4        2.3      105.8       15.0 
110731  124538  46  57.1341 N  63  37.2781 W   6.8        6.4        2.3      105.8       15.0 
110731  124539  46  57.1323 N  63  37.2789 W   6.8        6.4        2.3      105.8       15.0 
110731  124540  46  57.1303 N  63  37.2797 W   6.8        6.4        2.3      105.8       15.0 
110731  124541  46  57.1284 N  63  37.2805 W   6.8        6.4        2.3      105.8       15.0 
110731  124542  46  57.1265 N  63  37.2814 W   6.8        6.4        2.3      105.8       15.0 
110731  124543  46  57.1246 N  63  37.2822 W   6.9        6.4        2.3      105.8       15.0 
110731  124544  46  57.1228 N  63  37.2830 W   6.9        6.4        2.3      105.8       15.0 
110731  124545  46  57.1209 N  63  37.2839 W   6.9        6.4        2.3      105.8       15.0 
110731  124546  46  57.1190 N  63  37.2847 W   6.9        6.4        2.3      105.8       15.0 
110731  124547  46  57.1171 N  63  37.2855 W   6.9        6.4        2.3      105.8       15.0 
110731  124548  46  57.1151 N  63  37.2863 W   6.9        6.4        2.3      105.8       15.0 
110731  124549  46  57.1132 N  63  37.2871 W   6.9        6.4        2.3      105.8       15.0 
110731  124550  46  57.1113 N  63  37.2879 W   6.9        6.4        2.3      105.8       15.0 
110731  124551  46  57.1096 N  63  37.2888 W   6.9        6.4        2.3      105.8       15.0 
110731  124552  46  57.1078 N  63  37.2896 W   6.9        6.4        2.3      105.8       15.0 
110731  124553  46  57.1060 N  63  37.2905 W   6.9        6.4        2.3      105.8       15.0 
110731  124554  46  57.1042 N  63  37.2912 W   6.9        6.4        2.3      105.8       15.0 
110731  124555  46  57.1025 N  63  37.2919 W   6.9        6.4        2.3      105.8       15.0 
110731  124556  46  57.1007 N  63  37.2927 W   6.9        6.4        2.3      105.8       15.0 
110731  124557  46  57.0990 N  63  37.2934 W   6.9        6.4        2.3      105.8       15.0 
110731  124558  46  57.0972 N  63  37.2942 W   6.9        6.4        2.3      105.8       15.0 
110731  124559  46  57.0954 N  63  37.2949 W   6.9        6.4        2.3      105.8       15.0 
110731  124600  46  57.0936 N  63  37.2956 W   6.9        6.4        2.3      105.8       15.0 
110731  124601  46  57.0918 N  63  37.2964 W   6.9        6.4        2.3      105.8       15.0 
110731  124602  46  57.0900 N  63  37.2973 W   6.9        6.4        2.3      105.8       15.0 
110731  124603  46  57.0882 N  63  37.2980 W   6.9        6.4        2.3      105.8       15.0 
110731  124604  46  57.0864 N  63  37.2987 W   6.9        6.4        2.3      105.8       15.0 
110731  124605  46  57.0846 N  63  37.2996 W   6.9        6.4        2.3      105.8       15.0 
110731  124606  46  57.0827 N  63  37.3004 W   6.9        6.4        2.3      105.8       15.0 
110731  124607  46  57.0809 N  63  37.3012 W   6.9        6.4        2.3      105.8       15.0 
110731  124608  46  57.0790 N  63  37.3018 W   6.9        6.4        2.3      105.8       15.0 
110731  124609  46  57.0772 N  63  37.3025 W   6.9        6.4        2.3      105.8       15.0 
110731  124610  46  57.0752 N  63  37.3033 W   6.9        6.4        2.3      105.8       15.0 
110731  124611  46  57.0734 N  63  37.3042 W   6.9        6.4        2.3      105.8       15.0 
110731  124612  46  57.0715 N  63  37.3050 W   6.9        6.4        2.3      105.8       15.0 
110731  124613  46  57.0696 N  63  37.3057 W   6.8        6.4        2.3      105.8       15.0 
110731  124614  46  57.0678 N  63  37.3063 W   6.8        6.4        2.3      105.8       15.0 
110731  124615  46  57.0660 N  63  37.3070 W   6.8        6.4        2.3      105.8       15.0 
110731  124616  46  57.0642 N  63  37.3078 W   6.7        6.4        2.3      105.8       15.0 
110731  124617  46  57.0624 N  63  37.3085 W   6.6        6.4        2.3      105.8       15.0 
110731  124618  46  57.0607 N  63  37.3092 W   6.6        6.4        2.3      105.8       15.0 
110731  124619  46  57.0591 N  63  37.3099 W   6.5        6.4        2.3      105.8       15.0 
110731  124620  46  57.0574 N  63  37.3105 W   6.4        2.7*       2.3      105.8       15.0 
110731  124621  46  57.0558 N  63  37.3111 W   6.3        2.7        2.3      105.8       15.0 
110731  124622  46  57.0542 N  63  37.3118 W   6.2        2.7        2.3      105.8       15.0 
110731  124623  46  57.0526 N  63  37.3123 W   6.1        2.7        2.3      105.8       15.0 
110731  124624  46  57.0510 N  63  37.3130 W   6.1        2.7        2.3      105.8       15.0 
110731  124625  46  57.0496 N  63  37.3135 W   6.0        2.7        2.3      105.8       15.0 
110731  124626  46  57.0482 N  63  37.3141 W   5.9        2.7        2.3      105.8       15.0 
110731  124627  46  57.0467 N  63  37.3146 W   5.8        2.7        2.3      105.8       15.0 
110731  124628  46  57.0452 N  63  37.3152 W   5.8        2.7        2.3      105.8       27.3*
110731  124629  46  57.0439 N  63  37.3157 W   5.7        2.7        2.3      105.8       27.3 
110731  124630  46  57.0425 N  63  37.3164 W   5.7        2.7        2.3      105.8       27.3 
110731  124631  46  57.0410 N  63  37.3170 W   5.6        2.7        2.3      105.8       27.3 
110731  124632  46  57.0397 N  63  37.3175 W   5.6        2.7        2.3      105.8       27.3 
110731  124633  46  57.0382 N  63  37.3182 W   5.5        2.3*       2.3      105.8       18.0*
110731  124634  46  57.0367 N  63  37.3189 W   5.5        2.3        2.3      105.8       18.0 
110731  124635  46  57.0352 N  63  37.3196 W   5.5        2.3        2.3      105.8       18.0 
110731  124636  46  57.0339 N  63  37.3202 W   5.5        2.3        2.3      105.8       18.0 
110731  124637  46  57.0325 N  63  37.3208 W   5.5        2.3        2.3      105.8       18.0 
110731  124638  46  57.0310 N  63  37.3215 W   5.5        2.3        2.3        7.4*       7.5*
110731  124639  46  57.0295 N  63  37.3222 W   5.4        2.3        2.3        7.4        7.5 
110731  124640  46  57.0280 N  63  37.3230 W   5.4        2.3        2.3        7.4        7.5 
110731  124641  46  57.0267 N  63  37.3236 W   5.4        2.3        2.3        7.4        7.5 
110731  124642  46  57.0252 N  63  37.3242 W   5.4        2.3        2.3        7.4        7.5 
110731  124643  46  57.0237 N  63  37.3248 W   5.4        2.3        2.3        6.3*       7.5 
110731  124644  46  57.0222 N  63  37.3255 W   5.4        2.3        2.3        6.3       27.7*
110731  124645  46  57.0208 N  63  37.3263 W   5.4        2.3        2.3        6.3       27.7 
110731  124646  46  57.0193 N  63  37.3270 W   5.4        2.2*       2.3        6.3       27.7 
110731  124647  46  57.0179 N  63  37.3277 W   5.4        2.2        2.3        6.3       27.7 
110731  124648  46  57.0165 N  63  37.3283 W   5.4        2.2        2.3        6.2*      27.7 
110731  124649  46  57.0150 N  63  37.3289 W   5.3        2.2        2.3        6.2       20.2*
110731  124650  46  57.0136 N  63  37.3296 W   5.3        2.2        2.3        6.2       20.2 
110731  124651  46  57.0122 N  63  37.3304 W   5.3        2.2        2.3        6.2       20.2 
110731  124652  46  57.0107 N  63  37.3311 W   5.3        2.2        2.3        6.2       20.2 
110731  124653  46  57.0093 N  63  37.3316 W   5.3        2.2        2.3        6.2       20.2 
110731  124654  46  57.0079 N  63  37.3323 W   5.3        2.2        2.3        8.6*      14.5*
110731  124655  46  57.0064 N  63  37.3330 W   5.3        2.2        2.3        8.6       14.5 
110731  124656  46  57.0050 N  63  37.3337 W   5.3        2.2        2.3        8.6       14.5 
110731  124657  46  57.0035 N  63  37.3343 W   5.3        2.2        2.3        8.6       14.5 
110731  124658  46  57.0021 N  63  37.3350 W   5.3        2.2        2.3        8.6       14.5 
110731  124659  46  57.0007 N  63  37.3357 W   5.3        2.2        2.3        4.7*      23.3*
110731  124700  46  56.9993 N  63  37.3364 W   5.3        2.2        2.3        4.7       23.3 
110731  124701  46  56.9980 N  63  37.3369 W   5.3        2.2        2.3        4.7       23.3 
110731  124702  46  56.9965 N  63  37.3376 W   5.3        2.2        2.3        4.7       23.3 
110731  124703  46  56.9951 N  63  37.3383 W   5.3        2.2        2.3        4.7       23.3 
110731  124704  46  56.9938 N  63  37.3390 W   5.3        2.2        2.3        5.9*      23.3 
110731  124705  46  56.9923 N  63  37.3396 W   5.3        2.2        2.3        5.9       61.1*
110731  124706  46  56.9911 N  63  37.3402 W   5.3        2.2        2.3        5.9       61.1 
110731  124707  46  56.9896 N  63  37.3409 W   5.3        2.2        2.3        5.9       61.1 
110731  124708  46  56.9882 N  63  37.3415 W   5.3        2.2        2.3        5.9       61.1 
110731  124709  46  56.9868 N  63  37.3422 W   5.3        2.2        2.3        5.7*      61.1 
110731  124710  46  56.9854 N  63  37.3429 W   5.3        2.2        2.3        5.7       61.1 
110731  124711  46  56.9841 N  63  37.3436 W   5.3        2.2        2.3        5.7       61.1 
110731  124712  46  56.9828 N  63  37.3441 W   5.3        2.2        2.3        5.7       61.1 
110731  124713  46  56.9814 N  63  37.3447 W   5.3        2.2        2.3        5.7       61.1 
110731  124714  46  56.9800 N  63  37.3454 W   5.2        2.2        2.3        5.7       61.1 
110731  124715  46  56.9786 N  63  37.3462 W   5.2        2.2        2.3        5.9*      73.5*
110731  124716  46  56.9776 N  63  37.3468 W   5.2        2.2        2.3        5.9       73.5 
110731  124717  46  56.9763 N  63  37.3473 W   5.2        2.2        2.3        5.9       73.5 
110731  124718  46  56.9749 N  63  37.3479 W   5.2        2.2        2.3        5.9       73.5 
110731  124719  46  56.9735 N  63  37.3486 W   5.2        2.2        2.3        5.9       73.5 
110731  124720  46  56.9721 N  63  37.3493 W   5.2        2.2        2.3        5.9       23.3*
110731  124721  46  56.9707 N  63  37.3500 W   5.2        2.2        2.3        5.9       23.3 
110731  124722  46  56.9692 N  63  37.3506 W   5.2        2.2        2.3        5.9       23.3 
110731  124723  46  56.9678 N  63  37.3513 W   5.2        2.2        2.3        5.9       23.3 
110731  124724  46  56.9665 N  63  37.3520 W   5.2        2.2        2.3        5.9       23.3 
110731  124725  46  56.9651 N  63  37.3527 W   5.2        2.2*       2.3        5.9       23.3 
110731  124726  46  56.9638 N  63  37.3533 W   5.2        2.2        2.3        5.9       23.3*
110731  124727  46  56.9624 N  63  37.3539 W   5.2        2.2        2.3        5.9       23.3 
110731  124728  46  56.9609 N  63  37.3547 W   5.2        2.2        2.3        5.9       23.3 
110731  124729  46  56.9595 N  63  37.3555 W   5.2        2.2        2.3        5.9       23.3 
110731  124730  46  56.9582 N  63  37.3561 W   5.2        2.2        2.3        6.8*      23.3 
110731  124731  46  56.9569 N  63  37.3567 W   5.2        2.2        2.3        6.8       25.1*
110731  124732  46  56.9556 N  63  37.3573 W   5.1        2.2        2.3        6.8       25.1 
110731  124733  46  56.9544 N  63  37.3579 W   5.0        2.2        2.3        6.8       25.1 
110731  124734  46  56.9533 N  63  37.3585 W   4.9        2.2        2.3        6.8       25.1 
110731  124735  46  56.9522 N  63  37.3590 W   4.7        2.2        2.3        6.8       25.1 
110731  124736  46  56.9513 N  63  37.3594 W   4.6        2.2        2.3        7.6*      23.8*
110731  124737  46  56.9503 N  63  37.3599 W   4.4        2.2        2.3        7.6       23.8 
110731  124738  46  56.9494 N  63  37.3604 W   4.3        2.2*       2.3        7.6       23.8 
110731  124739  46  56.9484 N  63  37.3607 W   4.2        2.2        2.3        7.6       23.8 
110731  124740  46  56.9476 N  63  37.3611 W   4.0        2.2        2.3        7.6       23.8 
110731  124741  46  56.9468 N  63  37.3614 W   3.9        2.2        2.3        5.7*      23.8 
110731  124742  46  56.9461 N  63  37.3618 W   3.7        2.2        2.3        5.7       25.5*
110731  124743  46  56.9454 N  63  37.3621 W   3.6        2.2        2.3        5.7       25.5 
110731  124744  46  56.9447 N  63  37.3624 W   3.5        2.2        2.3        5.7       25.5 
110731  124745  46  56.9442 N  63  37.3627 W   3.3        2.2        2.3        5.7       25.5 
110731  124746  46  56.9438 N  63  37.3629 W   3.2        2.2        2.3        6.3*      25.5 
110731  124747  46  56.9432 N  63  37.3632 W   3.1        2.2        2.3        6.3       27.7*
110731  124748  46  56.9428 N  63  37.3634 W   3.0        2.2        2.3        6.3       27.7 
110731  124749  46  56.9423 N  63  37.3636 W   2.9        2.2        2.3        6.3       27.7 
110731  124750  46  56.9416 N  63  37.3640 W   2.8        2.2        2.3        6.3       27.7 
110731  124751  46  56.9410 N  63  37.3642 W   2.8        2.3*       2.3        5.9*      27.7 
110731  124752  46  56.9405 N  63  37.3644 W   2.7        2.3        2.3        5.9      111.7*
110731  124753  46  56.9400 N  63  37.3646 W   2.6        2.3        2.3        5.9      111.7 
110731  124754  46  56.9395 N  63  37.3647 W   2.6        2.3        2.3        5.9      111.7 
110731  124755  46  56.9389 N  63  37.3649 W   2.5        2.3        2.3        5.9      111.7 
110731  124756  46  56.9384 N  63  37.3652 W   2.4        2.3        2.3        5.9      111.7 
110731  124757  46  56.9379 N  63  37.3653 W   2.4        2.3        2.3        5.3*     111.7 
110731  124758  46  56.9373 N  63  37.3655 W   2.3        2.3        2.3        5.3      111.7 
110731  124759  46  56.9366 N  63  37.3657 W   2.3        2.3        2.3        5.3      111.7 
110731  124800  46  56.9360 N  63  37.3659 W   2.3        2.3        2.3        5.3      111.7 
110731  124801  46  56.9354 N  63  37.3662 W   2.2        2.3        2.3        5.3      111.7 
110731  124802  46  56.9348 N  63  37.3664 W   2.2        2.3        2.3        5.3*     111.7 
110731  124803  46  56.9342 N  63  37.3665 W   2.2        2.3        2.3        5.3       28.6*
110731  124804  46  56.9336 N  63  37.3667 W   2.2        2.2*       2.3        5.3       28.6 
110731  124805  46  56.9330 N  63  37.3669 W   2.1        2.2        2.3        5.3       28.6 
110731  124806  46  56.9324 N  63  37.3671 W   2.1        2.2        2.3        5.3       28.6 
110731  124807  46  56.9318 N  63  37.3672 W   2.1        2.2        2.3        5.8*      28.6 
110731  124808  46  56.9312 N  63  37.3674 W   2.1        2.2        2.3        5.8       36.1*
110731  124809  46  56.9306 N  63  37.3675 W   2.1        2.2        2.3        5.8       36.1 
110731  124810  46  56.9300 N  63  37.3675 W   2.1        2.2        2.3        5.8       36.1 
110731  124811  46  56.9295 N  63  37.3677 W   2.0        2.2        2.3        5.8       36.1 
110731  124812  46  56.9290 N  63  37.3679 W   2.0        2.2        2.3        4.1*      36.1 
110731  124813  46  56.9284 N  63  37.3680 W   2.0        2.2        2.3        4.1       26.8*
110731  124814  46  56.9278 N  63  37.3682 W   2.0        2.2        2.3        4.1       26.8 
110731  124815  46  56.9273 N  63  37.3683 W   2.0        2.2        2.3        4.1       26.8 
110731  124816  46  56.9268 N  63  37.3684 W   2.0        2.2        2.3        4.1       26.8 
110731  124817  46  56.9263 N  63  37.3686 W   1.9        2.2*       2.3        4.1       26.8 
110731  124818  46  56.9257 N  63  37.3687 W   2.0        2.2        2.3        5.0*      38.7*
110731  124819  46  56.9252 N  63  37.3688 W   2.0        2.2        2.3        5.0       38.7 
110731  124820  46  56.9248 N  63  37.3689 W   1.9        2.2        2.3        5.0       38.7 
110731  124821  46  56.9243 N  63  37.3691 W   1.9        2.2        2.3        5.0       38.7 
110731  124822  46  56.9238 N  63  37.3692 W   2.0        2.2        2.3        5.0       38.7 
110731  124823  46  56.9233 N  63  37.3693 W   2.0        2.2        2.3        5.0*      38.7 
110731  124824  46  56.9227 N  63  37.3694 W   1.9        2.2        2.3        5.0       29.9*
110731  124825  46  56.9222 N  63  37.3696 W   1.9        2.2        2.3        5.0       29.9 
110731  124826  46  56.9216 N  63  37.3698 W   1.9        2.2        2.3        5.0       29.9 
110731  124827  46  56.9210 N  63  37.3699 W   1.9        2.2        2.3        5.0       29.9 
110731  124828  46  56.9204 N  63  37.3700 W   1.9        2.2        2.3        5.3*      29.9 
110731  124829  46  56.9199 N  63  37.3702 W   1.9        2.2        2.3        5.3       40.9*
110731  124830  46  56.9193 N  63  37.3704 W   1.9        2.1*       2.3        5.3       40.9 
110731  124831  46  56.9187 N  63  37.3705 W   1.9        2.1        2.3        5.3       40.9 
110731  124832  46  56.9182 N  63  37.3706 W   1.9        2.1        2.3        5.3       40.9 
110731  124833  46  56.9177 N  63  37.3707 W   1.9        2.1        2.3        4.5*      40.9 
110731  124834  46  56.9171 N  63  37.3709 W   1.9        2.1        2.3        4.5       82.7*
110731  124835  46  56.9166 N  63  37.3711 W   2.0        2.1        2.3        4.5       82.7 
110731  124836  46  56.9161 N  63  37.3711 W   2.0        2.1        2.3        4.5       82.7 
110731  124837  46  56.9157 N  63  37.3711 W   1.9        2.1        2.3        4.5       82.7 
110731  124838  46  56.9151 N  63  37.3713 W   2.0        2.1        2.3        4.5       82.7 
110731  124839  46  56.9146 N  63  37.3713 W   2.0        2.1        2.3        5.3*      82.7 
110731  124840  46  56.9142 N  63  37.3713 W   2.0        2.1        2.3        5.3        0.9*
110731  124841  46  56.9137 N  63  37.3713 W   2.0        2.1        2.3        5.3        0.9 
110731  124842  46  56.9132 N  63  37.3715 W   2.0        2.1        2.3        5.3        0.9 
110731  124843  46  56.9126 N  63  37.3716 W   2.0        3.6*       2.3        5.3        0.9 
110731  124844  46  56.9122 N  63  37.3716 W   2.0        3.6        2.3        4.8*       0.9 
110731  124845  46  56.9117 N  63  37.3717 W   2.0        3.6        2.3        4.8       43.1*
110731  124846  46  56.9112 N  63  37.3718 W   2.0        3.6        2.3        4.8       43.1 
110731  124847  46  56.9106 N  63  37.3720 W   2.0        3.6        2.3        4.8       43.1 
110731  124848  46  56.9100 N  63  37.3721 W   2.0        3.6        2.3        4.8       43.1 
110731  124849  46  56.9094 N  63  37.3722 W   2.0        3.6        2.3        6.3*      43.1 
110731  124850  46  56.9088 N  63  37.3723 W   2.0        3.6        2.3        6.3       39.1*
110731  124851  46  56.9082 N  63  37.3725 W   2.0        3.6        2.3        6.3       39.1 
110731  124852  46  56.9076 N  63  37.3726 W   2.1        3.6        2.3        6.3       39.1 
110731  124853  46  56.9070 N  63  37.3727 W   2.1        3.6        2.3        6.3       39.1 
110731  124854  46  56.9063 N  63  37.3729 W   2.1        3.6        2.3        3.7*      39.1 
110731  124855  46  56.9058 N  63  37.3731 W   2.0        3.6        2.3        3.7       42.2*
110731  124856  46  56.9052 N  63  37.3733 W   2.1        3.6        2.3        3.7       42.2 
110731  124857  46  56.9046 N  63  37.3734 W   2.1        3.6        2.3        3.7       42.2 
110731  124858  46  56.9040 N  63  37.3735 W   2.1        3.6        2.3        3.7       42.2 
110731  124859  46  56.9035 N  63  37.3737 W   2.0        3.6        2.3        3.7       42.2 
110731  124900  46  56.9029 N  63  37.3739 W   2.1        3.6        2.3        6.1*      42.2 
110731  124901  46  56.9024 N  63  37.3739 W   2.1        3.6        2.3        6.1       46.6*
110731  124902  46  56.9018 N  63  37.3740 W   2.1        3.6        2.3        6.1       46.6 
110731  124903  46  56.9013 N  63  37.3742 W   2.0        3.6        2.3        6.1       46.6 
110731  124904  46  56.9007 N  63  37.3744 W   2.1        3.6        2.3        6.1       46.6 
110731  124905  46  56.9001 N  63  37.3746 W   2.1        3.6        2.3        6.0*      46.6 
110731  124906  46  56.8995 N  63  37.3747 W   2.1        3.6        2.3        6.0       40.5*
110731  124907  46  56.8994 N  63  37.3748 W   2.0        3.6        2.3        6.0       40.5 
110731  124908  46  56.8989 N  63  37.3749 W   2.0        3.6        2.3        6.0       40.5 
110731  124909  46  56.8984 N  63  37.3751 W   2.0        2.2*       2.3        6.0       40.5 
110731  124910  46  56.8979 N  63  37.3752 W   2.0        2.2        2.3        8.0*      40.5 
110731  124911  46  56.8974 N  63  37.3755 W   2.0        2.2        2.3        8.0       44.0*
110731  124912  46  56.8969 N  63  37.3757 W   2.0        2.2        2.3        8.0       44.0 
110731  124913  46  56.8964 N  63  37.3758 W   2.0        2.2        2.3        8.0       44.0 
110731  124914  46  56.8959 N  63  37.3760 W   2.0        2.2        2.3        8.0       44.0 
110731  124915  46  56.8953 N  63  37.3763 W   2.1        2.2        2.3        7.6*      44.0 
110731  124916  46  56.8948 N  63  37.3765 W   2.0        2.2        2.3        7.6       44.0 
110731  124917  46  56.8943 N  63  37.3766 W   2.0        2.2        2.3        7.6       43.1*
110731  124918  46  56.8937 N  63  37.3768 W   2.0        2.2        2.3        7.6       43.1 
110731  124919  46  56.8932 N  63  37.3770 W   2.1        2.2        2.3        7.6       43.1 
110731  124920  46  56.8927 N  63  37.3772 W   2.0        2.2        2.3        7.6       43.1 
110731  124921  46  56.8922 N  63  37.3774 W   2.0        2.2        2.3        9.4*      43.1 
110731  124922  46  56.8917 N  63  37.3777 W   2.0        2.2*       2.3        9.4       43.1 
110731  124923  46  56.8912 N  63  37.3779 W   2.0        2.2        2.3        9.4       43.1 
110731  124924  46  56.8906 N  63  37.3780 W   2.0        2.2        2.3        9.4       43.1 
110731  124925  46  56.8901 N  63  37.3782 W   2.0        2.2        2.3        9.4       44.0*
110731  124926  46  56.8896 N  63  37.3784 W   1.9        2.2        2.3        8.6*      44.0 
110731  124927  46  56.8889 N  63  37.3786 W   2.0        2.2        2.3        8.6       44.0 
110731  124928  46  56.8883 N  63  37.3788 W   2.0        2.2        2.3        8.6       44.0 
110731  124929  46  56.8877 N  63  37.3790 W   2.0        2.2        2.3        8.6       44.0 
110731  124930  46  56.8872 N  63  37.3792 W   1.9        2.2        2.3        8.6       44.0 
110731  124931  46  56.8866 N  63  37.3794 W   1.9        2.2        2.3        9.2*      44.0 
110731  124932  46  56.8860 N  63  37.3796 W   1.9        2.2        2.3        9.2       44.0 
110731  124933  46  56.8854 N  63  37.3798 W   2.0        2.2        2.3        9.2       44.0 
110731  124934  46  56.8851 N  63  37.3799 W   1.9        2.2        2.3        9.2       44.0 
110731  124935  46  56.8846 N  63  37.3801 W   1.9        2.1*       2.3        9.2       44.0 
110731  124936  46  56.8840 N  63  37.3802 W   1.9        2.1        2.3        9.2       44.0 
110731  124937  46  56.8835 N  63  37.3804 W   1.9        2.1        2.3       13.3*      44.0 
110731  124938  46  56.8829 N  63  37.3806 W   2.0        2.1        2.3       13.3       41.3*
110731  124939  46  56.8825 N  63  37.3807 W   2.0        2.1        2.3       13.3       41.3 
110731  124940  46  56.8820 N  63  37.3808 W   1.9        2.1        2.3       13.3       41.3 
110731  124941  46  56.8815 N  63  37.3809 W   2.0        2.1        2.3       13.3       41.3 
110731  124942  46  56.8809 N  63  37.3812 W   2.0        2.1        2.3        7.2*      41.3 
110731  124943  46  56.8804 N  63  37.3813 W   2.0        2.1        2.3        7.2       45.3*
110731  124944  46  56.8798 N  63  37.3814 W   2.0        2.1        2.3        7.2       45.3 
110731  124945  46  56.8794 N  63  37.3816 W   2.0        2.1        2.3        7.2       45.3 
110731  124946  46  56.8788 N  63  37.3818 W   2.0        2.1        2.3        7.2       45.3 
110731  124947  46  56.8783 N  63  37.3820 W   2.0        2.1        2.3        9.2*      45.3 
110731  124948  46  56.8777 N  63  37.3821 W   2.0        2.1*       2.3        9.2       45.3 
110731  124949  46  56.8771 N  63  37.3822 W   2.0        2.1        2.3        9.2       42.7*
110731  124950  46  56.8766 N  63  37.3824 W   2.0        2.1        2.3        9.2       42.7 
110731  124951  46  56.8760 N  63  37.3825 W   2.0        2.1        2.3        9.2       42.7 
110731  124952  46  56.8755 N  63  37.3827 W   2.0        2.1        2.3        8.6*      42.7 
110731  124953  46  56.8750 N  63  37.3828 W   2.0        2.1        2.3        8.6       42.7 
110731  124954  46  56.8744 N  63  37.3830 W   2.0        2.1        2.3        8.6      142.1*
110731  124955  46  56.8739 N  63  37.3831 W   2.0        2.1        2.3        8.6      142.1 
110731  124956  46  56.8734 N  63  37.3833 W   2.1        2.1        2.3        8.6      142.1 
110731  124957  46  56.8727 N  63  37.3835 W   2.1        2.1        2.3        8.6      142.1 
110731  124958  46  56.8721 N  63  37.3836 W   2.1        2.1        2.3        8.0*     142.1 
110731  124959  46  56.8715 N  63  37.3837 W   2.1        2.1        2.3        8.0      142.1 
110731  125000  46  56.8709 N  63  37.3839 W   2.1        2.1        2.3        8.0      142.1 
110731  125001  46  56.8702 N  63  37.3841 W   2.1        2.1        2.3        8.0      142.1 
110731  125002  46  56.8697 N  63  37.3841 W   2.1        2.1        2.3        8.0      142.1 
110731  125003  46  56.8692 N  63  37.3842 W   2.1        2.1        2.3        8.2*     142.1 
110731  125004  46  56.8687 N  63  37.3844 W   2.1        2.1        2.3        8.2       34.3*
110731  125005  46  56.8680 N  63  37.3845 W   2.1        2.1        2.3        8.2       34.3 
110731  125006  46  56.8674 N  63  37.3845 W   2.1        2.1        2.3        8.2       34.3 
110731  125007  46  56.8668 N  63  37.3846 W   2.1        2.1        2.3        8.2       34.3 
110731  125008  46  56.8663 N  63  37.3847 W   2.1        2.1        2.3        8.5*      34.3 
110731  125009  46  56.8656 N  63  37.3849 W   2.1        2.1        2.3        8.5       34.3 
110731  125010  46  56.8652 N  63  37.3849 W   2.1        2.1        2.3        8.5       44.0*
110731  125011  46  56.8646 N  63  37.3850 W   2.1        2.1        2.3        8.5       44.0 
110731  125012  46  56.8639 N  63  37.3852 W   2.1        2.1        2.3        8.5       44.0 
110731  125013  46  56.8632 N  63  37.3853 W   2.1        2.1        2.3        8.5       44.0 
110731  125014  46  56.8626 N  63  37.3854 W   2.1        2.1        2.3        8.5*      44.0 
110731  125015  46  56.8620 N  63  37.3855 W   2.1        2.1        2.3        8.5       42.2*
110731  125016  46  56.8613 N  63  37.3857 W   2.1        2.1        2.3        8.5       42.2 
110731  125017  46  56.8608 N  63  37.3857 W   2.1        2.1        2.3        8.5       42.2 
110731  125018  46  56.8602 N  63  37.3858 W   2.1        2.1        2.3        8.5       42.2 
110731  125019  46  56.8597 N  63  37.3858 W   2.1        2.1        2.3        9.2*      42.2 
110731  125020  46  56.8591 N  63  37.3860 W   2.1        2.1        2.3        9.2       44.9*
110731  125021  46  56.8585 N  63  37.3861 W   2.1        2.1        2.3        9.2       44.9 
110731  125022  46  56.8580 N  63  37.3862 W   2.1        2.1        2.3        9.2       44.9 
110731  125023  46  56.8574 N  63  37.3863 W   2.1        2.1        2.3        9.2       44.9 
110731  125024  46  56.8569 N  63  37.3864 W   2.1        2.1        2.3       12.0*      44.9 
110731  125025  46  56.8563 N  63  37.3865 W   2.1        2.1        2.3       12.0       44.9 
110731  125026  46  56.8558 N  63  37.3867 W   2.1        2.1        2.3       12.0       43.5*
110731  125027  46  56.8552 N  63  37.3867 W   2.1        2.1*       2.3       12.0       43.5 
110731  125028  46  56.8547 N  63  37.3867 W   2.0        2.1        2.3       12.0       43.5 
110731  125029  46  56.8542 N  63  37.3868 W   2.0        2.1        2.3        7.1*      43.5 
110731  125030  46  56.8537 N  63  37.3869 W   2.0        2.1        2.3        7.1       43.5 
110731  125031  46  56.8531 N  63  37.3871 W   2.0        2.1        2.3        7.1       44.0*
110731  125032  46  56.8525 N  63  37.3871 W   2.0        2.1        2.3        7.1       44.0 
110731  125033  46  56.8521 N  63  37.3871 W   2.0        2.1        2.3        7.1       44.0 
110731  125034  46  56.8515 N  63  37.3873 W   2.0        2.1        2.3        7.1       44.0 
110731  125035  46  56.8509 N  63  37.3874 W   2.0        2.1        2.3        9.4*      44.0 
110731  125036  46  56.8504 N  63  37.3874 W   2.0        2.1        2.3        9.4       44.9*
110731  125037  46  56.8500 N  63  37.3876 W   1.9        2.1        2.3        9.4       44.9 
110731  125038  46  56.8494 N  63  37.3876 W   2.0        2.1        2.3        9.4       44.9 
110731  125039  46  56.8488 N  63  37.3877 W   2.0        2.1        2.3        9.4       44.9 
110731  125040  46  56.8483 N  63  37.3878 W   1.9        2.1*       2.3        8.8*      44.9 
110731  125041  46  56.8479 N  63  37.3879 W   1.9        2.1        2.3        8.8       44.9 
110731  125042  46  56.8474 N  63  37.3879 W   1.9        2.1        2.3        8.8       41.8*
110731  125043  46  56.8469 N  63  37.3880 W   1.9        2.1        2.3        8.8       41.8 
110731  125044  46  56.8465 N  63  37.3881 W   1.9        2.1        2.3        8.8       41.8 
110731  125045  46  56.8461 N  63  37.3882 W   1.8        2.1        2.3        6.4*      41.8 
110731  125046  46  56.8457 N  63  37.3883 W   1.8        2.1        2.3        6.4       41.8 
110731  125047  46  56.8451 N  63  37.3883 W   1.8        2.1        2.3        6.4       44.9*
110731  125048  46  56.8447 N  63  37.3884 W   1.8        2.1        2.3        6.4       44.9 
110731  125049  46  56.8442 N  63  37.3885 W   1.8        2.1        2.3        6.4       44.9 
110731  125050  46  56.8438 N  63  37.3886 W   1.7        2.1        2.3        6.4       44.9 
110731  125051  46  56.8433 N  63  37.3887 W   1.7        2.1        2.3        5.0*      44.9 
110731  125052  46  56.8429 N  63  37.3888 W   1.8        2.1        2.3        5.0       43.5*
110731  125053  46  56.8424 N  63  37.3889 W   1.7        2.1*       2.3        5.0       43.5 
110731  125054  46  56.8419 N  63  37.3890 W   1.7        2.1        2.3        5.0       43.5 
110731  125055  46  56.8414 N  63  37.3892 W   1.8        2.1        2.3        5.0       43.5 
110731  125056  46  56.8409 N  63  37.3893 W   1.8        2.1        2.3        3.6*      43.5 
110731  125057  46  56.8404 N  63  37.3893 W   1.8        2.1        2.3        3.6       43.1*
110731  125058  46  56.8399 N  63  37.3894 W   1.8        2.1        2.3        3.6       43.1 
110731  125059  46  56.8393 N  63  37.3895 W   1.8        2.1        2.3        3.6       43.1 
110731  125100  46  56.8388 N  63  37.3896 W   1.8        2.1        2.3        3.6       43.1 
110731  125101  46  56.8383 N  63  37.3898 W   1.8        2.1        2.3        3.6*      43.1 
110731  125102  46  56.8378 N  63  37.3899 W   1.8        2.1        2.3        3.6       43.1 
110731  125103  46  56.8372 N  63  37.3899 W   1.9        2.1        2.3        3.6       44.4*
110731  125104  46  56.8367 N  63  37.3900 W   1.9        2.1        2.3        3.6       44.4 
110731  125105  46  56.8362 N  63  37.3902 W   1.9        2.1        2.3        3.6       44.4 
110731  125106  46  56.8357 N  63  37.3903 W   1.9        2.1        2.3        3.2*      44.4 
110731  125107  46  56.8352 N  63  37.3903 W   1.9        2.1        2.3        3.2       44.4 
110731  125108  46  56.8346 N  63  37.3904 W   1.9        2.1        2.3        3.2       44.0*
110731  125109  46  56.8341 N  63  37.3906 W   1.9        2.1        2.3        3.2       44.0 
110731  125110  46  56.8336 N  63  37.3907 W   1.9        2.1        2.3        3.2       44.0 
110731  125111  46  56.8330 N  63  37.3908 W   1.9        2.1        2.3        3.6*      44.0 
110731  125112  46  56.8324 N  63  37.3909 W   1.9        2.1        2.3        3.6       44.0 
110731  125113  46  56.8319 N  63  37.3910 W   1.9        2.1        2.3        3.6       43.1*
110731  125114  46  56.8313 N  63  37.3912 W   2.0        2.1        2.3        3.6       43.1 
110731  125115  46  56.8307 N  63  37.3914 W   2.0        2.1        2.3        3.6       43.1 
110731  125116  46  56.8302 N  63  37.3915 W   2.0        2.1        2.3        3.6       43.1 
110731  125117  46  56.8296 N  63  37.3916 W   2.0        2.1        2.3        3.4*      43.1 
110731  125118  46  56.8290 N  63  37.3917 W   2.0        2.1        2.3        3.4       43.1 
110731  125119  46  56.8285 N  63  37.3919 W   2.0        2.1        2.3        3.4       41.8*
110731  125120  46  56.8279 N  63  37.3920 W   2.0        2.1        2.3        3.4       41.8 
110731  125121  46  56.8274 N  63  37.3921 W   2.0        2.1        2.3        3.4       41.8 
110731  125122  46  56.8268 N  63  37.3923 W   2.0        2.1        2.3        3.2*      41.8 
110731  125123  46  56.8262 N  63  37.3925 W   2.0        2.1        2.3        3.2       41.8 
110731  125124  46  56.8256 N  63  37.3925 W   2.0        2.1        2.3        3.2       43.5*
110731  125125  46  56.8251 N  63  37.3927 W   2.0        2.1        2.3        3.2       43.5 
110731  125126  46  56.8245 N  63  37.3929 W   2.0        2.1        2.3        3.2       43.5 
110731  125127  46  56.8239 N  63  37.3930 W   2.0        2.1        2.3        3.8*      43.5 
110731  125128  46  56.8233 N  63  37.3931 W   2.0        2.1        2.3        3.8       43.5 
110731  125129  46  56.8227 N  63  37.3932 W   2.0        2.1        2.3        3.8       43.5*
110731  125130  46  56.8222 N  63  37.3934 W   2.0        2.1        2.3        3.8       43.5 
110731  125131  46  56.8216 N  63  37.3936 W   2.1        2.1*       2.3        3.8       43.5 
110731  125132  46  56.8210 N  63  37.3936 W   2.1        2.1        2.3        3.2*      43.5 
110731  125133  46  56.8204 N  63  37.3938 W   2.1        2.1        2.3        3.2       43.5 
110731  125134  46  56.8198 N  63  37.3940 W   2.1        2.1        2.3        3.2       43.5 
110731  125135  46  56.8192 N  63  37.3941 W   2.1        2.1        2.3        3.2       44.0*
110731  125136  46  56.8186 N  63  37.3942 W   2.1        2.1        2.3        3.2       44.0 
110731  125137  46  56.8181 N  63  37.3943 W   2.1        2.1        2.3        3.2       44.0 
110731  125138  46  56.8175 N  63  37.3945 W   2.1        2.1        2.3        9.4*      44.0 
110731  125139  46  56.8169 N  63  37.3946 W   2.1        2.1        2.3        9.4       44.0 
110731  125140  46  56.8164 N  63  37.3948 W   2.1        2.1        2.3        9.4       43.5*
110731  125141  46  56.8157 N  63  37.3949 W   2.1        2.1        2.3        9.4       43.5 
110731  125142  46  56.8152 N  63  37.3950 W   2.1        2.1        2.3        9.4       43.5 
110731  125143  46  56.8146 N  63  37.3952 W   2.1        2.1        2.3        9.4       43.5 
110731  125144  46  56.8140 N  63  37.3954 W   2.1        2.2*       2.3        9.4       43.5 
110731  125145  46  56.8134 N  63  37.3955 W   2.1        2.2        2.3        9.4       43.5*
110731  125146  46  56.8128 N  63  37.3957 W   2.1        2.2        2.3        9.4       43.5 
110731  125147  46  56.8122 N  63  37.3958 W   2.1        2.2        2.3        9.4       43.5 
110731  125148  46  56.8117 N  63  37.3960 W   2.1        2.2        2.3        3.2*      43.5 
110731  125149  46  56.8110 N  63  37.3962 W   2.1        2.2        2.3        3.2       43.5 
110731  125150  46  56.8105 N  63  37.3963 W   2.1        2.2        2.3        3.2       43.5 
110731  125151  46  56.8099 N  63  37.3965 W   2.1        2.2        2.3        3.2       44.0*
110731  125152  46  56.8093 N  63  37.3967 W   2.1        2.2        2.3        3.2       44.0 
110731  125153  46  56.8087 N  63  37.3969 W   2.1        2.2        2.3        4.1*      44.0 
110731  125154  46  56.8081 N  63  37.3970 W   2.2        2.2        2.3        4.1       44.0 
110731  125155  46  56.8075 N  63  37.3972 W   2.2        2.2        2.3        4.1       44.0 
110731  125156  46  56.8069 N  63  37.3974 W   2.2        2.2        2.3        4.1       45.7*
110731  125157  46  56.8063 N  63  37.3976 W   2.2        2.2*       2.3        4.1       45.7 
110731  125158  46  56.8057 N  63  37.3977 W   2.2        2.2        2.3        3.8*      45.7 
110731  125159  46  56.8051 N  63  37.3979 W   2.2        2.2        2.3        3.8       45.7 
110731  125200  46  56.8045 N  63  37.3980 W   2.2        2.2        2.3        3.8       45.7 
110731  125201  46  56.8039 N  63  37.3982 W   2.1        2.2        2.3        3.8       41.8*
110731  125202  46  56.8034 N  63  37.3984 W   2.1        2.2        2.3        3.8       41.8 
110731  125203  46  56.8027 N  63  37.3986 W   2.2        2.2        2.3        3.8       41.8 
110731  125204  46  56.8021 N  63  37.3987 W   2.2        2.2        2.3        3.8*      41.8 
110731  125205  46  56.8016 N  63  37.3988 W   2.1        2.2        2.3        3.8       41.8 
110731  125206  46  56.8010 N  63  37.3990 W   2.1        2.2        2.3        3.8       43.5*
110731  125207  46  56.8004 N  63  37.3991 W   2.1        2.2        2.3        3.8       43.5 
110731  125208  46  56.7998 N  63  37.3993 W   2.1        2.2        2.3        3.8       43.5 
110731  125209  46  56.7993 N  63  37.3995 W   2.1        2.2        2.3        3.6*      43.5 
110731  125210  46  56.7987 N  63  37.3996 W   2.1        2.3*       2.3        3.6       43.5 
110731  125211  46  56.7981 N  63  37.3997 W   2.1        2.3        2.3        3.6       43.5 
110731  125212  46  56.7975 N  63  37.4000 W   2.1        2.3        2.3        3.6       43.1*
110731  125213  46  56.7969 N  63  37.4002 W   2.1        2.3        2.3        3.6       43.1 
110731  125214  46  56.7964 N  63  37.4003 W   2.1        2.3        2.3        4.1*      43.1 
110731  125215  46  56.7958 N  63  37.4004 W   2.1        2.3        2.3        4.1       43.1 
110731  125216  46  56.7952 N  63  37.4006 W   2.1        2.3        2.3        4.1       43.1 
110731  125217  46  56.7946 N  63  37.4007 W   2.1        2.3        2.3        4.1       42.2*
110731  125218  46  56.7941 N  63  37.4008 W   2.1        2.3        2.3        4.1       42.2 
110731  125219  46  56.7935 N  63  37.4010 W   2.1        2.3        2.3        4.7*      42.2 
110731  125220  46  56.7929 N  63  37.4011 W   2.1        2.3        2.3        4.7       42.2 
110731  125221  46  56.7923 N  63  37.4012 W   2.1        2.3        2.3        4.7       42.2 
110731  125222  46  56.7917 N  63  37.4013 W   2.1        2.3        2.3        4.7       44.0*
110731  125223  46  56.7912 N  63  37.4015 W   2.1        2.3*       2.3        4.7       44.0 
110731  125224  46  56.7906 N  63  37.4017 W   2.1        2.3        2.3        4.2*      44.0 
110731  125225  46  56.7900 N  63  37.4019 W   2.1        2.3        2.3        4.2       44.0 
110731  125226  46  56.7894 N  63  37.4019 W   2.1        2.3        2.3        4.2       44.0 
110731  125227  46  56.7889 N  63  37.4020 W   2.1        2.3        2.3        4.2       44.0 
110731  125228  46  56.7883 N  63  37.4022 W   2.1        2.3        2.3        4.2       43.1*
110731  125229  46  56.7877 N  63  37.4024 W   2.1        2.3        3.5*       4.2       43.1 
110731  125230  46  56.7871 N  63  37.4025 W   2.1        2.3        3.5        4.4*      43.1 
110731  125231  46  56.7865 N  63  37.4025 W   2.1        2.3        3.5        4.4       43.1 
110731  125232  46  56.7860 N  63  37.4027 W   2.1        2.3        3.5        4.4       43.1 
110731  125233  46  56.7854 N  63  37.4029 W   2.1        2.3        3.5        4.4       44.0*
110731  125234  46  56.7848 N  63  37.4031 W   2.1        2.3        3.5        4.4       44.0 
110731  125235  46  56.7843 N  63  37.4032 W   2.1        2.3        3.5        4.7*      44.0 
110731  125236  46  56.7837 N  63  37.4033 W   2.1        2.3        3.5        4.7       44.0 
110731  125237  46  56.7831 N  63  37.4034 W   2.1       11.1*       3.5        4.7       44.0 
110731  125238  46  56.7825 N  63  37.4036 W   2.1       11.1        3.5        4.7       42.2*
110731  125239  46  56.7819 N  63  37.4037 W   2.1       11.1        3.5        4.7       42.2 
110731  125240  46  56.7814 N  63  37.4039 W   2.1       11.1        3.5        4.4*      42.2 
110731  125241  46  56.7808 N  63  37.4040 W   2.1       11.1        3.5        4.4       42.2 
110731  125242  46  56.7803 N  63  37.4041 W   2.1       11.1        3.5        4.4       42.2 
110731  125243  46  56.7797 N  63  37.4043 W   2.1       11.1        3.5        4.4       42.2 
110731  125244  46  56.7791 N  63  37.4045 W   2.1       11.1        3.5        4.4       45.3*
110731  125245  46  56.7785 N  63  37.4047 W   2.1       11.1        3.5        4.3*      45.3 
110731  125246  46  56.7780 N  63  37.4048 W   2.1       11.1        3.5        4.3       45.3 
110731  125247  46  56.7774 N  63  37.4049 W   2.1       11.1        3.5        4.3       45.3 
110731  125248  46  56.7768 N  63  37.4051 W   2.1       11.1        3.5        4.3       45.3 
110731  125249  46  56.7763 N  63  37.4052 W   2.1       11.1        3.5        4.3       40.9*
110731  125250  46  56.7757 N  63  37.4054 W   2.1        5.8*       3.5        4.3       40.9 
110731  125251  46  56.7751 N  63  37.4055 W   2.1        5.8        3.5        5.0*      40.9 
110731  125252  46  56.7746 N  63  37.4056 W   2.0        5.8        3.5        5.0       40.9 
110731  125253  46  56.7740 N  63  37.4057 W   2.0        5.8        3.5        5.0       40.9 
110731  125254  46  56.7734 N  63  37.4059 W   2.1        5.8        3.5        5.0       47.5*
110731  125255  46  56.7728 N  63  37.4059 W   2.1        5.8        3.5        5.0       47.5 
110731  125256  46  56.7723 N  63  37.4061 W   2.0        5.8        3.5        4.0*      47.5 
110731  125257  46  56.7717 N  63  37.4062 W   2.0        5.8        3.5        4.0       47.5 
110731  125258  46  56.7711 N  63  37.4063 W   2.1        5.8        3.5        4.0       47.5 
110731  125259  46  56.7705 N  63  37.4064 W   2.1        5.8        3.5        4.0       41.8*
110731  125300  46  56.7700 N  63  37.4065 W   2.0        5.8        3.5        4.0       41.8 
110731  125301  46  56.7694 N  63  37.4066 W   2.0        5.8        3.5        3.8*      41.8 
110731  125302  46  56.7689 N  63  37.4066 W   2.1        5.8        3.5        3.8       41.8 
110731  125303  46  56.7684 N  63  37.4068 W   2.0        2.1*       3.5        3.8       41.8 
110731  125304  46  56.7678 N  63  37.4068 W   2.0        2.1        3.5        3.8       41.8 
110731  125305  46  56.7673 N  63  37.4068 W   2.0        2.1        3.5        3.8       43.5*
110731  125306  46  56.7667 N  63  37.4069 W   2.0        2.1        3.5        4.7*      43.5 
110731  125307  46  56.7661 N  63  37.4070 W   2.0        2.1        3.5        4.7       43.5 
110731  125308  46  56.7655 N  63  37.4072 W   2.0        2.1        3.5        4.7       43.5 
110731  125309  46  56.7650 N  63  37.4073 W   2.1        2.1        3.5        4.7       43.5 
110731  125310  46  56.7644 N  63  37.4073 W   2.1        2.1        3.5        4.7       43.1*
110731  125311  46  56.7638 N  63  37.4075 W   2.1        2.1        3.5        4.5*      43.1 
110731  125312  46  56.7632 N  63  37.4076 W   2.1        2.1        3.5        4.5       43.1 
110731  125313  46  56.7626 N  63  37.4077 W   2.1        2.1        3.5        4.5       43.1 
110731  125314  46  56.7621 N  63  37.4078 W   2.1        2.1        3.5        4.5       43.1 
110731  125315  46  56.7615 N  63  37.4080 W   2.1        2.1        3.5        4.5       67.7*
110731  125316  46  56.7610 N  63  37.4080 W   2.0        2.7*       3.5        4.5       67.7 
110731  125317  46  56.7605 N  63  37.4081 W   2.0        2.7        3.5        9.8*      67.7 
110731  125318  46  56.7601 N  63  37.4081 W   1.9        2.7        3.5        9.8       67.7 
110731  125319  46  56.7597 N  63  37.4083 W   1.8        2.7        3.5        9.8       67.7 
110731  125320  46  56.7593 N  63  37.4084 W   1.7        2.7        3.5        9.8       67.7 
110731  125321  46  56.7590 N  63  37.4084 W   1.7        2.7        3.5        9.8       39.6*
110731  125322  46  56.7587 N  63  37.4084 W   1.6        2.7        2.4*      12.7*      39.6 
110731  125323  46  56.7584 N  63  37.4085 W   1.5        2.7        2.4       12.7       39.6 
110731  125324  46  56.7581 N  63  37.4086 W   1.4        2.7        2.4       12.7       39.6 
110731  125325  46  56.7579 N  63  37.4086 W   1.3        2.7        2.4       12.7       39.6 
110731  125326  46  56.7577 N  63  37.4086 W   1.2        2.7        2.4       12.7       96.3*
110731  125327  46  56.7575 N  63  37.4086 W   1.2        2.7        2.4        7.1*      96.3 
110731  125328  46  56.7573 N  63  37.4086 W   1.1        2.7        2.4        7.1       96.3 
110731  125329  46  56.7571 N  63  37.4086 W   1.0        2.4*       2.4        7.1       96.3 
110731  125330  46  56.7569 N  63  37.4086 W   0.9        2.4        2.4        7.1       96.3 
110731  125331  46  56.7568 N  63  37.4086 W   0.9        2.4        2.4        7.1       69.1*
110731  125332  46  56.7566 N  63  37.4086 W   0.8        2.4        2.4        7.1       69.1 
110731  125333  46  56.7565 N  63  37.4086 W   0.8        2.4        2.4        7.1       69.1 
110731  125334  46  56.7563 N  63  37.4086 W   0.7        2.4        2.4        7.1       69.1 
110731  125335  46  56.7562 N  63  37.4086 W   0.7        2.4        2.4        7.1       69.1 
110731  125336  46  56.7561 N  63  37.4086 W   0.7        2.4        2.4        7.1       69.1 
110731  125337  46  56.7560 N  63  37.4086 W   0.6        2.4        2.4        7.1       25.1*
110731  125338  46  56.7558 N  63  37.4085 W   0.6        2.4        2.4        5.3*      25.1 
110731  125339  46  56.7558 N  63  37.4085 W   0.5        2.4        2.4        5.3       25.1 
110731  125340  46  56.7556 N  63  37.4085 W   0.5        2.4        2.4        5.3       25.1 
110731  125341  46  56.7555 N  63  37.4085 W   0.5        2.4        2.4        5.3       25.1 
110731  125342  46  56.7554 N  63  37.4085 W   0.5        2.4*       2.4        5.3       25.1 
110731  125343  46  56.7554 N  63  37.4085 W   0.4        2.4        2.4        6.1*      25.1 
110731  125344  46  56.7553 N  63  37.4085 W   0.4        2.4        2.4        6.1       25.1 
110731  125345  46  56.7552 N  63  37.4085 W   0.4        2.4        2.4        6.1       25.1 
110731  125346  46  56.7551 N  63  37.4084 W   0.4        2.4        2.4        6.1       25.1 
110731  125347  46  56.7551 N  63  37.4084 W   0.3        2.4        2.4        6.1       44.4*
110731  125348  46  56.7550 N  63  37.4083 W   0.3        2.4        2.4        7.9*      44.4 
110731  125349  46  56.7549 N  63  37.4082 W   0.4        2.4        7.4*       7.9       44.4 
110731  125350  46  56.7549 N  63  37.4081 W   0.4        2.4        7.4        7.9       44.4 
110731  125351  46  56.7548 N  63  37.4080 W   0.3        2.4        7.4        7.9       44.4 
110731  125352  46  56.7547 N  63  37.4080 W   0.3        2.4        7.4        7.9       44.4 
110731  125353  46  56.7546 N  63  37.4080 W   0.3        2.4        7.4        7.9       22.4*
110731  125354  46  56.7546 N  63  37.4078 W   0.4        2.4        7.4        6.8*      22.4 
110731  125355  46  56.7545 N  63  37.4077 W   0.4        2.4        7.4        6.8       22.4 
110731  125356  46  56.7544 N  63  37.4076 W   0.4        2.4       10.1*       6.8       22.4 
110731  125357  46  56.7543 N  63  37.4075 W   0.4        2.4       10.1        6.8       22.4 
110731  125358  46  56.7542 N  63  37.4074 W   0.4        2.4       10.1        6.8       54.5*
110731  125359  46  56.7542 N  63  37.4073 W   0.4        2.4       10.1        5.6*      54.5 
110731  125400  46  56.7541 N  63  37.4073 W   0.4        2.4       10.1        5.6       54.5 
110731  125401  46  56.7539 N  63  37.4072 W   0.4        2.4       10.1        5.6       54.5 
110731  125402  46  56.7536 N  63  37.4071 W   0.4        2.4        2.7*       5.6       54.5 
110731  125403  46  56.7537 N  63  37.4070 W   0.4        2.4        2.7        5.6       54.5 
110731  125404  46  56.7536 N  63  37.4069 W   0.4        2.4        2.7       14.8*      54.5 
110731  125405  46  56.7535 N  63  37.4068 W   0.5        2.4        2.7       14.8       54.5 
110731  125406  46  56.7534 N  63  37.4066 W   0.5        2.4        2.7       14.8       54.5 
110731  125407  46  56.7534 N  63  37.4066 W   0.5        2.4        2.7       14.8       54.5 
110731  125408  46  56.7533 N  63  37.4065 W   0.5        2.4        2.7       14.8       46.6*
110731  125409  46  56.7532 N  63  37.4063 W   0.5        6.4*       2.7       14.8       46.6 
110731  125410  46  56.7532 N  63  37.4062 W   0.5        6.4        2.7       14.8       46.6 
110731  125411  46  56.7531 N  63  37.4061 W   0.5        6.4        2.7       14.8       46.6 
110731  125412  46  56.7530 N  63  37.4060 W   0.5        6.4        2.7       14.8       46.6 
110731  125413  46  56.7529 N  63  37.4059 W   0.5        6.4        2.7       14.8       46.6 
110731  125414  46  56.7528 N  63  37.4058 W   0.5        6.4        2.7        7.0*      29.0*
110731  125415  46  56.7528 N  63  37.4058 W   0.5        6.4        2.7        7.0       29.0 
110731  125416  46  56.7526 N  63  37.4057 W   0.5        6.4        2.7        7.0       29.0 
110731  125417  46  56.7525 N  63  37.4056 W   0.5        6.4        2.7        7.0       29.0 
110731  125418  46  56.7525 N  63  37.4055 W   0.5        6.4        2.7        7.0       29.0 
110731  125419  46  56.7524 N  63  37.4055 W   0.5        6.4        2.7        7.0       29.0 
110731  125420  46  56.7522 N  63  37.4055 W   0.5        6.4        2.7        7.0       29.0 
110731  125421  46  56.7521 N  63  37.4054 W   0.5        6.4        2.7        7.0       29.0 
110731  125422  46  56.7520 N  63  37.4053 W   0.5        6.4       13.5*       7.0       29.0 
110731  125423  46  56.7519 N  63  37.4053 W   0.4        6.4       13.5        7.0       29.0 
110731  125424  46  56.7518 N  63  37.4053 W   0.5        6.4       13.5        7.0       29.0 
110731  125425  46  56.7517 N  63  37.4052 W   0.5        6.4       13.5        4.4*      29.0 
110731  125426  46  56.7517 N  63  37.4051 W   0.4        6.4       13.5        4.4       29.0 
110731  125427  46  56.7515 N  63  37.4050 W   0.4        6.4       13.5        4.4       29.0 
110731  125428  46  56.7514 N  63  37.4050 W   0.5        6.4        3.2*       4.4       29.0 
110731  125429  46  56.7513 N  63  37.4050 W   0.4        6.4        3.2        4.4       15.8*
110731  125430  46  56.7512 N  63  37.4049 W   0.4        6.4        3.2        4.8*      15.8 
110731  125431  46  56.7511 N  63  37.4048 W   0.4        6.4        3.2        4.8       15.8 
110731  125432  46  56.7509 N  63  37.4048 W   0.4        6.4        3.2        4.8       15.8 
110731  125433  46  56.7508 N  63  37.4048 W   0.5        6.4        3.2        4.8       15.8 
110731  125434  46  56.7506 N  63  37.4048 W   0.5        6.4        3.2        4.8       15.8 
110731  125435  46  56.7505 N  63  37.4047 W   0.5        6.4       11.4*       4.8       15.8 
110731  125436  46  56.7503 N  63  37.4048 W   0.5        6.4       11.4        4.8       15.8 
110731  125437  46  56.7500 N  63  37.4048 W   0.6        6.4       11.4        4.8       15.8 
110731  125438  46  56.7497 N  63  37.4048 W   0.6        6.4       11.4        4.8       15.8 
110731  125439  46  56.7495 N  63  37.4048 W   0.7        6.4       11.4        4.8       15.8 
110731  125440  46  56.7492 N  63  37.4048 W   0.7        6.4       11.4        3.7*      21.6*
110731  125441  46  56.7489 N  63  37.4049 W   0.8        6.4       11.4        3.7       21.6 
110731  125442  46  56.7485 N  63  37.4049 W   0.9        6.4       11.4        3.7       21.6 
110731  125443  46  56.7481 N  63  37.4049 W   0.9        6.4       11.4        3.7       21.6 
110731  125444  46  56.7478 N  63  37.4050 W   1.0        6.4       11.4        3.7       21.6 
