FileName: C:\TRAWLS~2\GP257F.TXT
Local Time: Sat Oct 01 09:15:27 2011

Ship: October 01, 2011 Trip: GP257F Tow: 03
Comments: zone 19 kerrs point
 Date    Time     Latitude       Longitude    Speed    Primary  Secondary DoorSpread      Depth 
111001  121526  46  58.9246 N  61   7.0778 W   5.6        8.6*       3.3*      92.8*     416.6*
111001  121527  46  58.9252 N  61   7.0754 W   5.7        8.6        3.3       92.8      416.6 
111001  121528  46  58.9258 N  61   7.0729 W   5.8        8.6        3.3       92.8      416.6 
111001  121529  46  58.9264 N  61   7.0704 W   5.9        8.6        3.3       92.8      416.6 
111001  121530  46  58.9271 N  61   7.0681 W   5.9        8.6        3.3       92.8      416.6 
111001  121531  46  58.9277 N  61   7.0657 W   6.0        8.6        3.3       92.8      416.6 
111001  121532  46  58.9284 N  61   7.0633 W   6.0        8.6        3.3       92.8      416.6 
111001  121533  46  58.9290 N  61   7.0609 W   6.0        8.6        3.3       92.8      416.6 
111001  121534  46  58.9297 N  61   7.0585 W   6.1        8.6        3.3       92.8      416.6 
111001  121535  46  58.9302 N  61   7.0561 W   6.1        8.6        3.3       92.8      416.6 
111001  121536  46  58.9308 N  61   7.0538 W   6.1        8.6        3.3       92.8      416.6 
111001  121537  46  58.9314 N  61   7.0516 W   6.0        8.6        3.3       92.8      416.6 
111001  121538  46  58.9319 N  61   7.0493 W   6.0        8.6        3.3       92.8      416.6 
111001  121539  46  58.9323 N  61   7.0473 W   5.9        8.6        3.3       92.8      416.6 
111001  121540  46  58.9329 N  61   7.0453 W   5.8        8.6        3.3       92.8      416.6 
111001  121541  46  58.9334 N  61   7.0434 W   5.6        8.6        3.3       92.8      416.6 
111001  121542  46  58.9339 N  61   7.0415 W   5.5        8.6        3.3       92.8      416.6 
111001  121543  46  58.9343 N  61   7.0398 W   5.3        8.6        3.3       92.8      416.6 
111001  121544  46  58.9347 N  61   7.0383 W   5.2        8.6        3.3       92.8      416.6 
111001  121545  46  58.9351 N  61   7.0367 W   5.0        8.6        3.3       92.8      416.6 
111001  121546  46  58.9354 N  61   7.0351 W   4.8        8.6        3.3       92.8      416.6 
111001  121547  46  58.9357 N  61   7.0337 W   4.7        8.6        3.3       92.8      416.6 
111001  121548  46  58.9361 N  61   7.0321 W   4.6        8.6        3.3       92.8      416.6 
111001  121549  46  58.9365 N  61   7.0306 W   4.5        8.6        3.3       92.8      416.6 
111001  121550  46  58.9369 N  61   7.0292 W   4.3        8.6        3.3       92.8      416.6 
111001  121551  46  58.9372 N  61   7.0278 W   4.2        8.6        3.3       92.8      416.6 
111001  121552  46  58.9375 N  61   7.0265 W   4.1        8.6        3.3       92.8      416.6 
111001  121553  46  58.9378 N  61   7.0252 W   4.0        8.6        3.3        2.9*     416.6 
111001  121554  46  58.9382 N  61   7.0240 W   3.9        8.6        3.3        2.9      416.6 
111001  121555  46  58.9384 N  61   7.0227 W   3.8        8.6        3.3        2.9      416.6 
111001  121556  46  58.9387 N  61   7.0215 W   3.7        8.6        3.3        2.9      416.6 
111001  121557  46  58.9390 N  61   7.0204 W   3.6        8.6        3.3        2.9      416.6 
111001  121558  46  58.9392 N  61   7.0193 W   3.4        8.6        3.3        2.9      416.6 
111001  121559  46  58.9394 N  61   7.0182 W   3.4        8.6        3.3        3.8*     416.6 
111001  121600  46  58.9397 N  61   7.0171 W   3.3        8.6        3.3        3.8      416.6 
111001  121601  46  58.9399 N  61   7.0160 W   3.2        2.4*       3.3        3.8      416.6 
111001  121602  46  58.9401 N  61   7.0150 W   3.1        2.4        3.3        3.8        3.1*
111001  121603  46  58.9404 N  61   7.0140 W   3.0        2.4        3.3        3.8        3.1 
111001  121604  46  58.9407 N  61   7.0128 W   3.0        2.4        3.3        3.8        3.1 
111001  121605  46  58.9409 N  61   7.0118 W   3.0        2.4        3.3        3.8        3.1 
111001  121606  46  58.9411 N  61   7.0106 W   3.0        2.4        3.3        3.8        3.1 
111001  121607  46  58.9414 N  61   7.0093 W   3.1        2.4        3.3        3.8        3.1 
111001  121608  46  58.9417 N  61   7.0080 W   3.1        2.4        3.3        3.8        3.1 
111001  121609  46  58.9421 N  61   7.0065 W   3.3       12.6*       3.3        3.8        3.1 
111001  121610  46  58.9424 N  61   7.0050 W   3.4       12.6        3.3        3.8        3.1 
111001  121611  46  58.9429 N  61   7.0032 W   3.6       12.6        3.3        3.8        3.1 
111001  121612  46  58.9433 N  61   7.0015 W   3.8       12.6        3.3        3.8        3.1 
111001  121613  46  58.9438 N  61   6.9996 W   3.9       12.6        3.3        3.8        3.1 
111001  121614  46  58.9443 N  61   6.9977 W   4.1       12.6        3.3        3.8        3.1 
111001  121615  46  58.9449 N  61   6.9956 W   4.3       12.6        3.3        3.8        3.1 
111001  121616  46  58.9454 N  61   6.9937 W   4.4       12.6        3.3        3.8        3.1 
111001  121617  46  58.9459 N  61   6.9916 W   4.6       12.6        3.3        3.8        3.1 
111001  121618  46  58.9465 N  61   6.9895 W   4.7       12.6        3.3        3.8        3.1 
111001  121619  46  58.9472 N  61   6.9873 W   4.9       12.6        3.3        3.8        3.1 
111001  121620  46  58.9478 N  61   6.9850 W   5.1       12.6        3.3        3.8        3.1 
111001  121621  46  58.9485 N  61   6.9827 W   5.2       12.6        3.3        3.8        3.1 
111001  121622  46  58.9491 N  61   6.9803 W   5.4       12.6        3.3        3.8        3.1 
111001  121623  46  58.9497 N  61   6.9779 W   5.5       12.6        3.3        3.8        3.1 
111001  121624  46  58.9504 N  61   6.9755 W   5.6       12.6        3.3        3.8        3.1 
111001  121625  46  58.9511 N  61   6.9730 W   5.8       12.6        3.3        3.8        3.1 
111001  121626  46  58.9517 N  61   6.9705 W   5.9       12.6        3.3        3.8        3.1 
111001  121627  46  58.9524 N  61   6.9681 W   6.0       12.6        3.3        3.8        3.1 
111001  121628  46  58.9532 N  61   6.9655 W   6.1       12.6        3.3        3.8        3.1 
111001  121629  46  58.9539 N  61   6.9629 W   6.2       12.6        3.3        3.8        3.1 
111001  121630  46  58.9545 N  61   6.9604 W   6.3       12.6        3.3        3.8        3.1 
111001  121631  46  58.9551 N  61   6.9579 W   6.3       12.6        3.3        3.8        3.1 
111001  121632  46  58.9558 N  61   6.9554 W   6.4       12.6        3.3        3.8        3.1 
111001  121633  46  58.9564 N  61   6.9529 W   6.4       12.6        3.3        3.8        3.1 
111001  121634  46  58.9571 N  61   6.9504 W   6.5       12.6        3.3        3.8        3.1 
111001  121635  46  58.9579 N  61   6.9479 W   6.5       12.6        3.3        3.8        3.1 
111001  121636  46  58.9586 N  61   6.9453 W   6.6       12.6        3.3        3.8        3.1 
111001  121637  46  58.9593 N  61   6.9427 W   6.6       12.6        3.3        3.8        3.1 
111001  121638  46  58.9600 N  61   6.9401 W   6.6       12.6        3.3        3.8        3.1 
111001  121639  46  58.9606 N  61   6.9375 W   6.6       12.6        3.3        3.8        3.1 
111001  121640  46  58.9613 N  61   6.9350 W   6.6       12.6        3.3        3.8        3.1 
111001  121641  46  58.9619 N  61   6.9324 W   6.7       12.6        3.3        3.8        3.1 
111001  121642  46  58.9626 N  61   6.9298 W   6.7       12.6        3.3        3.8        3.1 
111001  121643  46  58.9633 N  61   6.9272 W   6.7       12.6        3.3        3.8        3.1 
111001  121644  46  58.9639 N  61   6.9245 W   6.7       12.6        3.3        3.8        3.1 
111001  121645  46  58.9646 N  61   6.9219 W   6.8       12.6        3.3        3.8        3.1 
111001  121646  46  58.9653 N  61   6.9192 W   6.8       12.6        3.3        3.8        3.1 
111001  121647  46  58.9660 N  61   6.9165 W   6.8       12.6        3.3        3.8        3.1 
111001  121648  46  58.9666 N  61   6.9137 W   6.8       12.6        3.3       68.3*       3.1 
111001  121649  46  58.9672 N  61   6.9110 W   6.8       12.6        3.3       68.3        3.1 
111001  121650  46  58.9679 N  61   6.9082 W   6.8       12.6        3.3       68.3        3.1 
111001  121651  46  58.9685 N  61   6.9056 W   6.8       12.6        3.3       68.3        3.1 
111001  121652  46  58.9690 N  61   6.9029 W   6.9       12.6        3.3       68.3        3.1 
111001  121653  46  58.9696 N  61   6.9002 W   6.9       12.6        3.3       68.3        3.1 
111001  121654  46  58.9702 N  61   6.8976 W   6.9       12.6        3.3       68.3        3.1 
111001  121655  46  58.9708 N  61   6.8948 W   6.9       12.6        3.3       68.3        3.1 
111001  121656  46  58.9713 N  61   6.8920 W   6.9       12.6        3.3       68.3        3.1 
111001  121657  46  58.9719 N  61   6.8894 W   6.9       12.6        3.3       68.3        3.1 
111001  121658  46  58.9725 N  61   6.8867 W   6.9       12.6        3.3       68.3       45.7*
111001  121659  46  58.9730 N  61   6.8839 W   6.9       12.6        3.3       68.3       45.7 
111001  121700  46  58.9736 N  61   6.8812 W   6.9       12.6        3.3       68.3       45.7 
111001  121701  46  58.9742 N  61   6.8785 W   6.9       12.6        3.3       68.3       45.7 
111001  121702  46  58.9747 N  61   6.8756 W   7.0       12.6        3.3       68.3       45.7 
111001  121703  46  58.9753 N  61   6.8728 W   7.0       12.6        3.3       68.3       45.7 
111001  121704  46  58.9758 N  61   6.8701 W   7.0       12.6        3.3       68.3       45.7 
111001  121705  46  58.9763 N  61   6.8672 W   7.0       12.6        3.3       68.3       45.7 
111001  121706  46  58.9768 N  61   6.8644 W   7.0       12.6        3.3       68.3       45.7 
111001  121707  46  58.9772 N  61   6.8616 W   7.0       12.6        3.3       68.3       45.7 
111001  121708  46  58.9777 N  61   6.8589 W   7.0       12.6        3.3       68.3       45.7 
111001  121709  46  58.9782 N  61   6.8561 W   7.0       12.6        3.3       68.3       45.7 
111001  121710  46  58.9787 N  61   6.8533 W   7.0       12.6        3.3       68.3       45.7 
111001  121711  46  58.9791 N  61   6.8505 W   7.0       12.6        3.3       68.3       45.7 
111001  121712  46  58.9796 N  61   6.8478 W   7.0       12.6        3.3       68.3       45.7 
111001  121713  46  58.9800 N  61   6.8451 W   7.0       12.6        3.3       68.3       45.7 
111001  121714  46  58.9804 N  61   6.8423 W   7.0       12.6        3.3       68.3       45.7 
111001  121715  46  58.9809 N  61   6.8396 W   7.0       12.6        3.3       68.3       45.7 
111001  121716  46  58.9812 N  61   6.8369 W   7.0       12.6        3.3       68.3       45.7 
111001  121717  46  58.9817 N  61   6.8342 W   6.9       12.6        3.3        6.2*      45.7 
111001  121718  46  58.9821 N  61   6.8314 W   6.9       12.6        3.3        6.2       45.7 
111001  121719  46  58.9825 N  61   6.8286 W   6.9       12.6        3.3        6.2       45.7 
111001  121720  46  58.9829 N  61   6.8259 W   6.9       12.6        3.3        6.2       45.7 
111001  121721  46  58.9834 N  61   6.8231 W   6.9       12.6        3.3        6.2       45.7 
111001  121722  46  58.9839 N  61   6.8204 W   6.9       12.6        3.3        6.2       45.7 
111001  121723  46  58.9843 N  61   6.8176 W   6.9       12.6        3.3        4.9*      45.7 
111001  121724  46  58.9847 N  61   6.8149 W   6.9       12.6        3.3        4.9       45.7 
111001  121725  46  58.9852 N  61   6.8122 W   6.8       12.6        3.3        4.9       45.7 
111001  121726  46  58.9856 N  61   6.8095 W   6.8       12.6        3.3        4.9       45.7 
111001  121727  46  58.9860 N  61   6.8068 W   6.8       12.6        3.3        4.9       45.7 
111001  121728  46  58.9863 N  61   6.8040 W   6.8       12.6        3.3        4.9       45.7 
111001  121729  46  58.9867 N  61   6.8013 W   6.8       12.6        3.3        4.9       45.7 
111001  121730  46  58.9871 N  61   6.7985 W   6.8       12.6        3.3        4.9       45.7 
111001  121731  46  58.9876 N  61   6.7958 W   6.8       12.6        3.3        4.9       45.7 
111001  121732  46  58.9880 N  61   6.7930 W   6.8       12.6        3.3        4.9       45.7 
111001  121733  46  58.9883 N  61   6.7904 W   6.8       12.1*       3.3        4.9       45.7 
111001  121734  46  58.9886 N  61   6.7876 W   6.8       12.1        3.3        4.9       45.7 
111001  121735  46  58.9890 N  61   6.7849 W   6.8       12.1        3.3        4.9       45.7 
111001  121736  46  58.9894 N  61   6.7822 W   6.8       12.1        3.3        4.9       45.7 
111001  121737  46  58.9898 N  61   6.7795 W   6.8       12.1        3.3        4.9       45.7 
111001  121738  46  58.9902 N  61   6.7768 W   6.8       12.1        3.3        4.9       45.7 
111001  121739  46  58.9905 N  61   6.7741 W   6.8       12.1        3.3        4.9       45.7 
111001  121740  46  58.9908 N  61   6.7714 W   6.8       12.1        3.3        4.9       45.7 
111001  121741  46  58.9911 N  61   6.7686 W   6.8       12.1        3.3        4.9       45.7 
111001  121742  46  58.9915 N  61   6.7659 W   6.7       12.1        3.3        4.9       45.7 
111001  121743  46  58.9918 N  61   6.7632 W   6.7       12.1        3.3        4.9       45.7 
111001  121744  46  58.9921 N  61   6.7604 W   6.8       12.1        3.3        4.9       45.7 
111001  121745  46  58.9924 N  61   6.7578 W   6.8       12.1        3.3        4.9       45.7 
111001  121746  46  58.9928 N  61   6.7551 W   6.7       12.1        3.3        4.9       45.7 
111001  121747  46  58.9931 N  61   6.7523 W   6.8       12.1        3.3        4.9       45.7 
111001  121748  46  58.9934 N  61   6.7496 W   6.8       12.1        3.3        4.9       45.7 
111001  121749  46  58.9936 N  61   6.7469 W   6.7       12.1        3.3        4.9       45.7 
111001  121750  46  58.9939 N  61   6.7441 W   6.7       12.1        8.7*       4.9       45.7 
111001  121751  46  58.9941 N  61   6.7413 W   6.8       12.1        8.7        4.9       45.7 
111001  121752  46  58.9944 N  61   6.7385 W   6.8       12.1        8.7        4.9       45.7 
111001  121753  46  58.9947 N  61   6.7357 W   6.8       12.1        8.7        4.9       45.7 
111001  121754  46  58.9950 N  61   6.7331 W   6.8       12.1        8.7        4.9       45.7 
111001  121755  46  58.9953 N  61   6.7304 W   6.7       12.1        8.7        4.9       45.7 
111001  121756  46  58.9956 N  61   6.7277 W   6.7       12.1        8.7        4.9       45.7 
111001  121757  46  58.9958 N  61   6.7250 W   6.7       12.1        8.7        4.9       45.7 
111001  121758  46  58.9961 N  61   6.7225 W   6.7        9.1*       8.7        4.9       45.7 
111001  121759  46  58.9963 N  61   6.7198 W   6.7        9.1        8.7        4.9       45.7 
111001  121800  46  58.9966 N  61   6.7172 W   6.6        9.1        8.7        4.9       45.7 
111001  121801  46  58.9969 N  61   6.7148 W   6.6        9.1        8.7        4.9       45.7 
111001  121802  46  58.9972 N  61   6.7123 W   6.5        9.1        8.7        4.9      267.9*
111001  121803  46  58.9974 N  61   6.7099 W   6.4        9.1        8.7        4.9      267.9 
111001  121804  46  58.9977 N  61   6.7075 W   6.4        9.1        8.7        4.9      267.9 
111001  121805  46  58.9980 N  61   6.7051 W   6.3        9.1        8.7        6.5*     267.9 
111001  121806  46  58.9983 N  61   6.7027 W   6.2        9.1        8.7        6.5      267.9 
111001  121807  46  58.9986 N  61   6.7004 W   6.1        9.1        8.7        6.5       18.9*
111001  121808  46  58.9988 N  61   6.6981 W   6.1        9.1        8.7        6.5       18.9 
111001  121809  46  58.9990 N  61   6.6958 W   6.0        9.1        8.7        6.5       18.9 
111001  121810  46  58.9992 N  61   6.6934 W   6.0        9.1        8.7        6.5       18.9 
111001  121811  46  58.9995 N  61   6.6912 W   5.9        9.1        8.7        6.5       18.9 
111001  121812  46  58.9998 N  61   6.6890 W   5.9        9.1        8.7        6.5        9.7*
111001  121813  46  59.0000 N  61   6.6867 W   5.8        9.1        8.7        6.5        9.7 
111001  121814  46  59.0002 N  61   6.6845 W   5.8        9.1        8.7        6.5        9.7 
111001  121815  46  59.0004 N  61   6.6823 W   5.8        9.1        8.7        5.6*       9.7 
111001  121816  46  59.0006 N  61   6.6801 W   5.7        9.1        8.7        5.6        9.7 
111001  121817  46  59.0009 N  61   6.6779 W   5.7        9.1        8.7        5.6        9.7 
111001  121818  46  59.0012 N  61   6.6757 W   5.6        9.1        8.7        5.6        9.7 
111001  121819  46  59.0014 N  61   6.6735 W   5.6        9.1        8.7        5.6        9.7 
111001  121820  46  59.0016 N  61   6.6713 W   5.6        9.1        8.7        5.6        9.7 
111001  121821  46  59.0018 N  61   6.6691 W   5.6        9.1        8.7        5.6        9.7 
111001  121822  46  59.0020 N  61   6.6669 W   5.6        9.1        8.7        5.6        9.7 
111001  121823  46  59.0022 N  61   6.6647 W   5.6        9.1        8.7        5.6        9.7 
111001  121824  46  59.0025 N  61   6.6625 W   5.5        9.1        8.7        5.6        9.7 
111001  121825  46  59.0026 N  61   6.6603 W   5.5        9.1        8.7       76.3*       9.7 
111001  121826  46  59.0027 N  61   6.6581 W   5.5        9.1        8.7       76.3        9.7 
111001  121827  46  59.0029 N  61   6.6559 W   5.5        9.1        8.7       76.3        9.7 
111001  121828  46  59.0031 N  61   6.6538 W   5.5        9.1        8.7       76.3       16.7*
111001  121829  46  59.0033 N  61   6.6516 W   5.5        9.1        8.7       76.3       16.7 
111001  121830  46  59.0034 N  61   6.6493 W   5.5        9.1        8.7       76.3       16.7 
111001  121831  46  59.0035 N  61   6.6471 W   5.5        9.1        8.7        7.5*      16.7 
111001  121832  46  59.0037 N  61   6.6449 W   5.5        9.1        8.7        7.5       16.7 
111001  121833  46  59.0039 N  61   6.6427 W   5.5        9.1        8.7        7.5       16.3*
111001  121834  46  59.0041 N  61   6.6405 W   5.5        9.1        8.7        7.5       16.3 
111001  121835  46  59.0043 N  61   6.6382 W   5.5        9.1        8.7        7.5       16.3 
111001  121836  46  59.0045 N  61   6.6360 W   5.5        9.1        8.7        8.9*      16.3 
111001  121837  46  59.0046 N  61   6.6339 W   5.5        2.2*       8.7        8.9       16.3 
111001  121838  46  59.0047 N  61   6.6316 W   5.5        2.2        8.7        8.9       16.3 
111001  121839  46  59.0049 N  61   6.6294 W   5.5        2.2        8.7        8.9       17.2*
111001  121840  46  59.0050 N  61   6.6272 W   5.5        2.2        8.7        8.9       17.2 
111001  121841  46  59.0051 N  61   6.6250 W   5.5        2.2        8.7        8.9       17.2 
111001  121842  46  59.0053 N  61   6.6228 W   5.5        2.2        8.7        8.9       17.2 
111001  121843  46  59.0054 N  61   6.6206 W   5.5        2.2        8.7        8.9       17.2 
111001  121844  46  59.0056 N  61   6.6184 W   5.5        2.2        8.7        8.9       17.6*
111001  121845  46  59.0057 N  61   6.6164 W   5.5        2.2        8.7        8.9       17.6 
111001  121846  46  59.0058 N  61   6.6142 W   5.5        2.2        8.7        8.9       17.6 
111001  121847  46  59.0059 N  61   6.6120 W   5.5        2.2        8.7        8.9       17.6 
111001  121848  46  59.0061 N  61   6.6098 W   5.5        2.2        8.7        8.9       17.6 
111001  121849  46  59.0063 N  61   6.6075 W   5.5        2.2        8.7        8.9       15.4*
111001  121850  46  59.0065 N  61   6.6053 W   5.5        2.6*       8.7        8.9       15.4 
111001  121851  46  59.0066 N  61   6.6031 W   5.5        2.6        8.7       54.0*      15.4 
111001  121852  46  59.0067 N  61   6.6008 W   5.5        2.6        8.7       54.0       15.4 
111001  121853  46  59.0069 N  61   6.5986 W   5.5        2.6        8.7       54.0       15.4 
111001  121854  46  59.0070 N  61   6.5963 W   5.5        2.6        8.7       54.0       18.5*
111001  121855  46  59.0072 N  61   6.5941 W   5.5        2.6        8.7       54.0       18.5 
111001  121856  46  59.0073 N  61   6.5919 W   5.5        2.6        8.7       54.0       18.5 
111001  121857  46  59.0074 N  61   6.5897 W   5.5        2.6        8.7       36.6*      18.5 
111001  121858  46  59.0076 N  61   6.5874 W   5.5        2.6        8.7       36.6       18.5 
111001  121859  46  59.0078 N  61   6.5853 W   5.5        2.6        8.7       36.6       18.5 
111001  121900  46  59.0079 N  61   6.5830 W   5.5        2.6        8.7       36.6       18.5 
111001  121901  46  59.0080 N  61   6.5808 W   5.5        2.6        8.7       36.6       18.5 
111001  121902  46  59.0081 N  61   6.5786 W   5.5        2.6        8.7       36.6       18.5 
111001  121903  46  59.0082 N  61   6.5764 W   5.5        2.6        8.7       36.6       18.5 
111001  121904  46  59.0084 N  61   6.5742 W   5.5        2.6        8.7       36.6       18.5 
111001  121905  46  59.0085 N  61   6.5720 W   5.5        2.6        8.7       36.6       18.5 
111001  121906  46  59.0087 N  61   6.5698 W   5.5        2.6        8.7       36.6       18.5 
111001  121907  46  59.0089 N  61   6.5676 W   5.5        2.6        8.7       36.6       18.5 
111001  121908  46  59.0091 N  61   6.5653 W   5.5        2.6        8.7       36.6       18.5 
111001  121909  46  59.0093 N  61   6.5631 W   5.5        2.6        8.7       36.6       18.5 
111001  121910  46  59.0095 N  61   6.5609 W   5.5        2.6        8.7       36.6       21.1*
111001  121911  46  59.0098 N  61   6.5587 W   5.5        2.6        8.7       36.6       21.1 
111001  121912  46  59.0100 N  61   6.5566 W   5.5        2.6        8.7       36.6       21.1 
111001  121913  46  59.0102 N  61   6.5544 W   5.5        2.6        8.7       36.6       21.1 
111001  121914  46  59.0103 N  61   6.5523 W   5.4        2.6        8.7       36.6       21.1 
111001  121915  46  59.0106 N  61   6.5504 W   5.3        2.6        8.7       36.6       11.9*
111001  121916  46  59.0108 N  61   6.5486 W   5.2        2.3*       8.7       36.6       11.9 
111001  121917  46  59.0109 N  61   6.5468 W   5.1        2.3        8.7       36.6       11.9 
111001  121918  46  59.0111 N  61   6.5451 W   4.9        2.3        8.7        7.6*      11.9 
111001  121919  46  59.0112 N  61   6.5436 W   4.8        2.3        8.7        7.6       11.9 
111001  121920  46  59.0114 N  61   6.5422 W   4.6        2.3        8.7        7.6       11.9 
111001  121921  46  59.0115 N  61   6.5408 W   4.4        2.3        8.7        7.6       18.9*
111001  121922  46  59.0116 N  61   6.5395 W   4.2        2.3        8.7        7.6       18.9 
111001  121923  46  59.0117 N  61   6.5382 W   4.1        2.3        8.7        8.0*      18.9 
111001  121924  46  59.0118 N  61   6.5369 W   3.9        2.3        8.7        8.0       18.9 
111001  121925  46  59.0120 N  61   6.5358 W   3.7        2.3        8.7        8.0       18.9 
111001  121926  46  59.0121 N  61   6.5347 W   3.6        2.3        8.7        8.0       26.4*
111001  121927  46  59.0122 N  61   6.5336 W   3.4        2.3        8.7        8.0       26.4 
111001  121928  46  59.0123 N  61   6.5326 W   3.3        2.3        8.7        8.0       26.4 
111001  121929  46  59.0123 N  61   6.5315 W   3.2        2.4*       8.7        7.9*      26.4 
111001  121930  46  59.0124 N  61   6.5306 W   3.1        2.4        8.7        7.9       26.4 
111001  121931  46  59.0125 N  61   6.5296 W   3.0        2.4        8.7        7.9       13.2*
111001  121932  46  59.0125 N  61   6.5286 W   2.9        2.4        8.7        7.9       13.2 
111001  121933  46  59.0125 N  61   6.5277 W   2.8        2.4        8.7        7.9       13.2 
111001  121934  46  59.0126 N  61   6.5268 W   2.7        2.4        8.7        6.9*      13.2 
111001  121935  46  59.0127 N  61   6.5260 W   2.6        2.4        8.7        6.9       13.2 
111001  121936  46  59.0127 N  61   6.5250 W   2.6        2.4        8.7        6.9       18.5*
111001  121937  46  59.0127 N  61   6.5242 W   2.5        2.4        8.7        6.9       18.5 
111001  121938  46  59.0128 N  61   6.5233 W   2.4        2.4        8.7        6.9       18.5 
111001  121939  46  59.0128 N  61   6.5225 W   2.4        2.4        8.7        6.8*      18.5 
111001  121940  46  59.0128 N  61   6.5216 W   2.4        2.4        8.7        6.8       18.5 
111001  121941  46  59.0129 N  61   6.5207 W   2.3        2.4        8.7        6.8       18.5 
111001  121942  46  59.0130 N  61   6.5199 W   2.3        2.3*       8.7        6.8       27.7*
111001  121943  46  59.0131 N  61   6.5191 W   2.2        2.3        8.7        6.8       27.7 
111001  121944  46  59.0131 N  61   6.5182 W   2.2        2.3        8.7        6.8       27.7 
111001  121945  46  59.0131 N  61   6.5174 W   2.2        2.3        8.7        6.3*      27.7 
111001  121946  46  59.0132 N  61   6.5166 W   2.1        2.3        8.7        6.3       27.7 
111001  121947  46  59.0133 N  61   6.5158 W   2.1        2.3        8.7        6.3       19.8*
111001  121948  46  59.0134 N  61   6.5150 W   2.0        2.3        8.7        6.3       19.8 
111001  121949  46  59.0134 N  61   6.5142 W   2.0        2.3        8.7        6.3       19.8 
111001  121950  46  59.0135 N  61   6.5133 W   2.1        2.3        8.7        5.6*      19.8 
111001  121951  46  59.0135 N  61   6.5125 W   2.0        2.3        8.7        5.6       19.8 
111001  121952  46  59.0136 N  61   6.5118 W   2.0        2.3        8.7        5.6       25.5*
111001  121953  46  59.0136 N  61   6.5110 W   2.0        2.3        8.7        5.6       25.5 
111001  121954  46  59.0137 N  61   6.5101 W   2.0        2.3        8.7        5.6       25.5 
111001  121955  46  59.0137 N  61   6.5093 W   2.0        2.4*       8.7        6.2*      25.5 
111001  121956  46  59.0137 N  61   6.5086 W   1.9        2.4        8.7        6.2       25.5 
111001  121957  46  59.0136 N  61   6.5078 W   1.9        2.4        8.7        6.2       35.2*
111001  121958  46  59.0137 N  61   6.5069 W   1.9        2.4        8.7        6.2       35.2 
111001  121959  46  59.0138 N  61   6.5061 W   1.9        2.4        8.7        6.2       35.2 
111001  122000  46  59.0138 N  61   6.5054 W   1.8        2.4        8.7        5.0*      35.2 
111001  122001  46  59.0138 N  61   6.5047 W   1.8        2.4        8.7        5.0       35.2 
111001  122002  46  59.0138 N  61   6.5039 W   1.8        2.4        8.7        5.0       35.2 
111001  122003  46  59.0139 N  61   6.5032 W   1.8        2.4        8.7        5.0       26.4*
111001  122004  46  59.0140 N  61   6.5023 W   1.8        2.4        8.7        5.0       26.4 
111001  122005  46  59.0140 N  61   6.5015 W   1.8        2.4        8.7        5.0       26.4 
111001  122006  46  59.0140 N  61   6.5008 W   1.8        2.4        8.7        5.6*      26.4 
111001  122007  46  59.0140 N  61   6.5000 W   1.8        2.1*       8.7        5.6       26.4 
111001  122008  46  59.0141 N  61   6.4992 W   1.8        2.1        8.7        5.6       33.4*
111001  122009  46  59.0141 N  61   6.4984 W   1.9        2.1        8.7        5.6       33.4 
111001  122010  46  59.0142 N  61   6.4976 W   1.9        2.1        8.7        5.6       33.4 
111001  122011  46  59.0141 N  61   6.4971 W   1.9        2.1        8.7        4.5*      33.4 
111001  122012  46  59.0141 N  61   6.4965 W   1.9        2.1        8.7        4.5       33.4 
111001  122013  46  59.0142 N  61   6.4956 W   1.9        2.1        8.7        4.5       38.3*
111001  122014  46  59.0143 N  61   6.4947 W   1.9        2.1        8.7        4.5       38.3 
111001  122015  46  59.0143 N  61   6.4942 W   1.9        2.1        8.7        4.5       38.3 
111001  122016  46  59.0144 N  61   6.4934 W   1.9        2.1        8.7        5.3*      38.3 
111001  122017  46  59.0146 N  61   6.4924 W   1.9        2.1        8.7        5.3       38.3 
111001  122018  46  59.0148 N  61   6.4915 W   2.0        2.1        8.7        5.3       38.3 
111001  122019  46  59.0149 N  61   6.4906 W   2.0        2.1        8.7        5.3       31.7*
111001  122020  46  59.0149 N  61   6.4899 W   1.9        2.1        8.7        5.3       31.7 
111001  122021  46  59.0150 N  61   6.4892 W   2.0        2.2*       8.7        5.6*      31.7 
111001  122022  46  59.0150 N  61   6.4884 W   2.0        2.2        8.7        5.6       31.7 
111001  122023  46  59.0152 N  61   6.4875 W   2.0        2.2        8.7        5.6       31.7 
111001  122024  46  59.0153 N  61   6.4866 W   2.0        2.2        8.7        5.6       43.1*
111001  122025  46  59.0155 N  61   6.4857 W   2.0        2.2        8.7        5.6       43.1 
111001  122026  46  59.0156 N  61   6.4849 W   2.0        2.2        8.7        5.6       43.1 
111001  122027  46  59.0157 N  61   6.4839 W   2.0        2.2        8.7        6.6*      43.1 
111001  122028  46  59.0159 N  61   6.4830 W   2.0        2.2        8.7        6.6       43.1 
111001  122029  46  59.0160 N  61   6.4822 W   2.0        2.2        8.7        6.6       50.1*
111001  122030  46  59.0161 N  61   6.4814 W   2.0        2.2        8.7        6.6       50.1 
111001  122031  46  59.0162 N  61   6.4804 W   2.0        2.2        8.7        6.6       50.1 
111001  122032  46  59.0164 N  61   6.4795 W   2.1        2.2        8.7        5.7*      50.1 
111001  122033  46  59.0164 N  61   6.4788 W   2.0        2.2*       8.7        5.7       50.1 
111001  122034  46  59.0165 N  61   6.4779 W   2.0        2.2        8.7        5.7       50.1 
111001  122035  46  59.0167 N  61   6.4770 W   2.1        2.2        8.7        5.7       36.5*
111001  122036  46  59.0168 N  61   6.4761 W   2.1        2.2        8.7        5.7       36.5 
111001  122037  46  59.0168 N  61   6.4754 W   2.0        2.2        8.7        7.2*      36.5 
111001  122038  46  59.0169 N  61   6.4747 W   2.1        2.2        8.7        7.2       36.5 
111001  122039  46  59.0171 N  61   6.4738 W   2.1        2.2        8.7        7.2       36.5 
111001  122040  46  59.0172 N  61   6.4729 W   2.1        2.2        8.7        7.2       42.7*
111001  122041  46  59.0172 N  61   6.4722 W   2.1        2.2        8.7        7.2       42.7 
111001  122042  46  59.0173 N  61   6.4714 W   2.1        2.2        8.7        7.1*      42.7 
111001  122043  46  59.0175 N  61   6.4704 W   2.1        2.2        8.7        7.1       42.7 
111001  122044  46  59.0176 N  61   6.4695 W   2.1        2.2        8.7        7.1       42.7 
111001  122045  46  59.0177 N  61   6.4687 W   2.1        2.2        8.7        7.1       49.7*
111001  122046  46  59.0178 N  61   6.4679 W   2.1        2.2*       8.7        7.1       49.7 
111001  122047  46  59.0179 N  61   6.4669 W   2.1        2.2        8.7        7.1       49.7 
111001  122048  46  59.0181 N  61   6.4660 W   2.1        2.2        8.7        8.1*      49.7 
111001  122049  46  59.0182 N  61   6.4653 W   2.0        2.2        8.7        8.1       49.7 
111001  122050  46  59.0182 N  61   6.4645 W   2.0        2.2        8.7        8.1       48.8*
111001  122051  46  59.0184 N  61   6.4637 W   2.0        2.2        8.7        8.1       48.8 
111001  122052  46  59.0185 N  61   6.4628 W   2.0        2.2        8.7        8.1       48.8 
111001  122053  46  59.0186 N  61   6.4620 W   2.0        2.2        8.7        8.8*      48.8 
111001  122054  46  59.0187 N  61   6.4611 W   2.0        2.2        8.7        8.8       48.8 
111001  122055  46  59.0189 N  61   6.4603 W   2.0        2.2        8.7        8.8       48.8 
111001  122056  46  59.0190 N  61   6.4595 W   2.0        2.2        8.7        8.8       49.7*
111001  122057  46  59.0190 N  61   6.4587 W   2.0        2.2        8.7        8.8       49.7 
111001  122058  46  59.0191 N  61   6.4578 W   2.0        2.2        8.7        9.8*      49.7 
111001  122059  46  59.0193 N  61   6.4570 W   2.0        2.3*       8.7        9.8       49.7 
111001  122100  46  59.0194 N  61   6.4562 W   2.0        2.3        8.7        9.8       49.7 
111001  122101  46  59.0194 N  61   6.4553 W   2.0        2.3        8.7        9.8       49.7*
111001  122102  46  59.0196 N  61   6.4545 W   2.0        2.3        8.7        9.8       49.7 
111001  122103  46  59.0195 N  61   6.4540 W   2.0        2.3        8.7        9.8       49.7 
111001  122104  46  59.0195 N  61   6.4533 W   2.0        2.3        8.7       10.1*      49.7 
111001  122105  46  59.0196 N  61   6.4525 W   2.0        2.3        8.7       10.1       49.7 
111001  122106  46  59.0197 N  61   6.4516 W   2.0        2.3        8.7       10.1       50.1*
111001  122107  46  59.0198 N  61   6.4509 W   2.0        2.3        8.7       10.1       50.1 
111001  122108  46  59.0198 N  61   6.4504 W   1.9        2.3        8.7       10.1       50.1 
111001  122109  46  59.0199 N  61   6.4495 W   1.9        2.3        8.7       11.3*      50.1 
111001  122110  46  59.0200 N  61   6.4486 W   2.0        2.3        8.7       11.3       50.1 
111001  122111  46  59.0202 N  61   6.4478 W   2.0        2.3        8.7       11.3       50.1 
111001  122112  46  59.0203 N  61   6.4472 W   1.9        2.3        8.7       11.3       49.3*
111001  122113  46  59.0202 N  61   6.4466 W   1.9        2.3        8.7       11.3       49.3 
111001  122114  46  59.0203 N  61   6.4457 W   2.0        2.3        8.7       11.0*      49.3 
111001  122115  46  59.0204 N  61   6.4448 W   2.0        2.3        8.7       11.0       49.3 
111001  122116  46  59.0205 N  61   6.4441 W   2.0        2.3        8.7       11.0       49.3 
111001  122117  46  59.0206 N  61   6.4433 W   2.0        2.3        8.7       11.0       52.8*
111001  122118  46  59.0207 N  61   6.4424 W   2.0        2.3        8.7       11.0       52.8 
111001  122119  46  59.0208 N  61   6.4415 W   2.0        2.3        8.7       11.0       52.8 
111001  122120  46  59.0210 N  61   6.4407 W   2.0        2.3        8.7       11.9*      52.8 
111001  122121  46  59.0209 N  61   6.4402 W   2.0        2.3        8.7       11.9       52.8 
111001  122122  46  59.0209 N  61   6.4395 W   2.0        2.3        8.7       11.9       50.6*
111001  122123  46  59.0209 N  61   6.4387 W   2.0        2.3        8.7       11.9       50.6 
111001  122124  46  59.0211 N  61   6.4378 W   2.1        2.3        8.7       11.9       50.6 
111001  122125  46  59.0212 N  61   6.4370 W   2.1        2.3        8.7       10.2*      50.6 
111001  122126  46  59.0211 N  61   6.4364 W   2.1        2.3        8.7       10.2       50.6 
111001  122127  46  59.0212 N  61   6.4356 W   2.1        2.3        8.7       10.2       50.6 
111001  122128  46  59.0212 N  61   6.4349 W   2.1        2.3        8.7       10.2       52.3*
111001  122129  46  59.0213 N  61   6.4340 W   2.1        2.3        8.7       10.2       52.3 
111001  122130  46  59.0215 N  61   6.4330 W   2.2        2.3        8.7       10.5*      52.3 
111001  122131  46  59.0216 N  61   6.4320 W   2.2        7.4*       8.7       10.5       52.3 
111001  122132  46  59.0217 N  61   6.4312 W   2.2        7.4        8.7       10.5       52.3 
111001  122133  46  59.0218 N  61   6.4304 W   2.2        7.4        8.7       10.5       49.3*
111001  122134  46  59.0219 N  61   6.4293 W   2.2        7.4        8.7       10.5       49.3 
111001  122135  46  59.0221 N  61   6.4283 W   2.3        7.4        8.7       10.5       49.3 
111001  122136  46  59.0222 N  61   6.4275 W   2.3        7.4        8.7       10.5       49.3 
111001  122137  46  59.0222 N  61   6.4266 W   2.3        7.4        8.7       10.5       49.3 
111001  122138  46  59.0224 N  61   6.4255 W   2.3        2.2*       8.7       10.5       50.6*
111001  122139  46  59.0225 N  61   6.4245 W   2.3        2.2        8.7       10.5       50.6 
111001  122140  46  59.0227 N  61   6.4236 W   2.3        2.2        8.7       10.5       50.6 
111001  122141  46  59.0228 N  61   6.4228 W   2.3        2.2        8.7       69.8*      50.6 
111001  122142  46  59.0228 N  61   6.4219 W   2.3        2.2        8.7       69.8       50.6 
111001  122143  46  59.0229 N  61   6.4209 W   2.3        2.2        8.7       69.8       50.6 
111001  122144  46  59.0231 N  61   6.4199 W   2.3        2.2        8.7       69.8       51.0*
111001  122145  46  59.0233 N  61   6.4189 W   2.3        2.2        8.7       69.8       51.0 
111001  122146  46  59.0234 N  61   6.4179 W   2.3        2.2        8.7       10.0*      51.0 
111001  122147  46  59.0235 N  61   6.4170 W   2.3        2.2        8.7       10.0       51.0 
111001  122148  46  59.0236 N  61   6.4161 W   2.3        2.2        8.7       10.0       51.0 
111001  122149  46  59.0238 N  61   6.4151 W   2.3        2.2        8.7       10.0       51.5*
111001  122150  46  59.0240 N  61   6.4143 W   2.2        2.2        8.7       10.0       51.5 
111001  122151  46  59.0240 N  61   6.4135 W   2.2        2.2*       8.7        9.9*      51.5 
111001  122152  46  59.0241 N  61   6.4125 W   2.2        2.2        8.7        9.9       51.5 
111001  122153  46  59.0242 N  61   6.4117 W   2.2        2.2        8.7        9.9       51.5 
111001  122154  46  59.0242 N  61   6.4110 W   2.2        2.2        8.7        9.9       49.3*
111001  122155  46  59.0243 N  61   6.4101 W   2.2        2.2        8.7        9.9       49.3 
111001  122156  46  59.0244 N  61   6.4092 W   2.2        2.2        8.7        9.9       49.3 
111001  122157  46  59.0245 N  61   6.4083 W   2.1        2.2        8.7        9.8*      49.3 
111001  122158  46  59.0246 N  61   6.4075 W   2.1        2.2        8.7        9.8       49.3 
111001  122159  46  59.0247 N  61   6.4067 W   2.1        2.2        8.7        9.8       49.3 
111001  122200  46  59.0248 N  61   6.4058 W   2.1        2.2        8.7        9.8       48.8*
111001  122201  46  59.0248 N  61   6.4051 W   2.1        2.2        8.7        9.8       48.8 
111001  122202  46  59.0248 N  61   6.4043 W   2.1        2.2        8.7       10.2*      48.8 
111001  122203  46  59.0250 N  61   6.4035 W   2.1        2.2        8.7       10.2       48.8 
111001  122204  46  59.0251 N  61   6.4026 W   2.1        2.1*       8.7       10.2       48.8 
111001  122205  46  59.0251 N  61   6.4019 W   2.1        2.1        8.7       10.2       50.1*
111001  122206  46  59.0251 N  61   6.4012 W   2.0        2.1        8.7       10.2       50.1 
111001  122207  46  59.0252 N  61   6.4003 W   2.0        2.1        8.7       10.7*      50.1 
111001  122208  46  59.0253 N  61   6.3994 W   2.0        2.1        8.7       10.7       50.1 
111001  122209  46  59.0254 N  61   6.3986 W   2.0        2.1        8.7       10.7       50.1 
111001  122210  46  59.0255 N  61   6.3979 W   2.0        2.1        8.7       10.7       52.8*
111001  122211  46  59.0256 N  61   6.3969 W   2.0        2.1        8.7       10.7       52.8 
111001  122212  46  59.0257 N  61   6.3960 W   2.0        2.1        8.7       10.7       52.8 
111001  122213  46  59.0258 N  61   6.3954 W   2.0        2.1        8.7       10.7*      52.8 
111001  122214  46  59.0258 N  61   6.3947 W   2.0        2.1        8.7       10.7       52.8 
111001  122215  46  59.0259 N  61   6.3938 W   2.0        2.1        8.7       10.7       52.8 
111001  122216  46  59.0260 N  61   6.3929 W   2.0        2.1        8.7       10.7       50.6*
111001  122217  46  59.0261 N  61   6.3921 W   2.0        2.2*       8.7       10.7       50.6 
111001  122218  46  59.0262 N  61   6.3913 W   2.0        2.2        8.7       10.7*      50.6 
111001  122219  46  59.0263 N  61   6.3905 W   2.0        2.2        8.7       10.7       50.6 
111001  122220  46  59.0264 N  61   6.3896 W   2.0        2.2        8.7       10.7       50.6 
111001  122221  46  59.0265 N  61   6.3888 W   2.0        2.2        8.7       10.7       50.1*
111001  122222  46  59.0266 N  61   6.3881 W   2.0        2.2        8.7       10.7       50.1 
111001  122223  46  59.0266 N  61   6.3873 W   2.0        2.2        8.7       10.6*      50.1 
111001  122224  46  59.0268 N  61   6.3864 W   2.0        2.2        8.7       10.6       50.1 
111001  122225  46  59.0269 N  61   6.3855 W   2.0        2.2        8.7       10.6       50.1 
111001  122226  46  59.0271 N  61   6.3846 W   2.0        2.2        8.7       10.6       51.0*
111001  122227  46  59.0271 N  61   6.3840 W   2.0        2.2        8.7       10.6       51.0 
111001  122228  46  59.0271 N  61   6.3833 W   2.0        2.2        8.7       10.7*      51.0 
111001  122229  46  59.0272 N  61   6.3824 W   2.0        2.2        8.7       10.7       51.0 
111001  122230  46  59.0273 N  61   6.3815 W   2.0        2.3*       8.7       10.7       51.0 
111001  122231  46  59.0275 N  61   6.3806 W   2.0        2.3        8.7       10.7       51.0 
111001  122232  46  59.0276 N  61   6.3797 W   2.0        2.3        8.7       10.7       50.6*
111001  122233  46  59.0276 N  61   6.3788 W   2.0        2.3        8.7       10.7       50.6 
111001  122234  46  59.0278 N  61   6.3780 W   2.1        2.3        8.7       10.4*      50.6 
111001  122235  46  59.0279 N  61   6.3772 W   2.1        2.3        8.7       10.4       50.6 
111001  122236  46  59.0280 N  61   6.3764 W   2.1        2.3        8.7       10.4       50.6 
111001  122237  46  59.0280 N  61   6.3755 W   2.1        2.3        8.7       10.4       49.3*
111001  122238  46  59.0282 N  61   6.3747 W   2.1        2.3        8.7       10.4       49.3 
111001  122239  46  59.0283 N  61   6.3738 W   2.1        2.3        8.7       10.1*      49.3 
111001  122240  46  59.0284 N  61   6.3730 W   2.1        2.3        8.7       10.1       49.3 
111001  122241  46  59.0286 N  61   6.3721 W   2.1        2.3        8.7       10.1       49.3 
111001  122242  46  59.0287 N  61   6.3712 W   2.1        2.3        8.7       10.1       49.3*
111001  122243  46  59.0289 N  61   6.3703 W   2.1        2.3        8.7       10.1       49.3 
111001  122244  46  59.0290 N  61   6.3695 W   2.1        2.3        8.7       10.7*      49.3 
111001  122245  46  59.0291 N  61   6.3688 W   2.0        2.3        8.7       10.7       49.3 
111001  122246  46  59.0293 N  61   6.3679 W   2.0        2.3        8.7       10.7       49.3 
111001  122247  46  59.0294 N  61   6.3670 W   2.1        2.3        8.7       10.7       49.3 
111001  122248  46  59.0296 N  61   6.3662 W   2.1        2.3        8.7       10.7       51.0*
111001  122249  46  59.0296 N  61   6.3655 W   2.1        2.3        8.7       10.7       51.0 
111001  122250  46  59.0296 N  61   6.3647 W   2.1        2.3        8.7       10.6*      51.0 
111001  122251  46  59.0298 N  61   6.3638 W   2.1        2.3        8.7       10.6       51.0 
111001  122252  46  59.0298 N  61   6.3631 W   2.1        2.3        8.7       10.6       51.0 
111001  122253  46  59.0297 N  61   6.3625 W   2.1        2.3        8.7       10.6       51.0*
111001  122254  46  59.0298 N  61   6.3618 W   2.0        2.3        8.7       10.6       51.0 
111001  122255  46  59.0299 N  61   6.3608 W   2.1        2.3        8.7       10.4*      51.0 
111001  122256  46  59.0300 N  61   6.3600 W   2.1        2.1*       8.7       10.4       51.0 
111001  122257  46  59.0302 N  61   6.3591 W   2.1        2.1        8.7       10.4       51.0 
111001  122258  46  59.0302 N  61   6.3584 W   2.1        2.1        8.7       10.4       50.6*
111001  122259  46  59.0303 N  61   6.3576 W   2.1        2.1        8.7       10.4       50.6 
111001  122300  46  59.0305 N  61   6.3567 W   2.1        2.1        8.7       10.0*      50.6 
111001  122301  46  59.0306 N  61   6.3558 W   2.1        2.1        8.7       10.0       50.6 
111001  122302  46  59.0308 N  61   6.3549 W   2.1        2.1        8.7       10.0       50.6 
111001  122303  46  59.0308 N  61   6.3542 W   2.1        2.1        8.7       10.0       48.8*
111001  122304  46  59.0309 N  61   6.3535 W   2.1        2.1        8.7       10.0       48.8 
111001  122305  46  59.0310 N  61   6.3527 W   2.1        2.1        8.7       10.0       48.8 
111001  122306  46  59.0311 N  61   6.3518 W   2.1        2.1        8.7       10.4*      48.8 
111001  122307  46  59.0312 N  61   6.3511 W   2.1        2.1        8.7       10.4       48.8 
111001  122308  46  59.0314 N  61   6.3503 W   2.1        2.1        8.7       10.4       48.8 
111001  122309  46  59.0315 N  61   6.3495 W   2.1        2.1*       8.7       10.4       52.3*
111001  122310  46  59.0315 N  61   6.3488 W   2.1        2.1        8.7       10.4       52.3 
111001  122311  46  59.0317 N  61   6.3478 W   2.1        2.1        8.7       10.6*      52.3 
111001  122312  46  59.0319 N  61   6.3470 W   2.1        2.1        8.7       10.6       52.3 
111001  122313  46  59.0320 N  61   6.3462 W   2.1        2.1        8.7       10.6       52.3 
111001  122314  46  59.0320 N  61   6.3455 W   2.1        2.1        8.7       10.6       50.1*
111001  122315  46  59.0322 N  61   6.3445 W   2.1        2.1        8.7       10.6       50.1 
111001  122316  46  59.0323 N  61   6.3437 W   2.1        2.1        8.7       10.5*      50.1 
111001  122317  46  59.0325 N  61   6.3430 W   2.1        2.1        8.7       10.5       50.1 
111001  122318  46  59.0326 N  61   6.3422 W   2.0        2.1        8.7       10.5       50.1 
111001  122319  46  59.0327 N  61   6.3414 W   2.1        2.1        8.7       10.5       50.6*
111001  122320  46  59.0328 N  61   6.3406 W   2.1        2.1        8.7       10.5       50.6 
111001  122321  46  59.0329 N  61   6.3398 W   2.1        2.1        8.7       10.5       50.6 
111001  122322  46  59.0330 N  61   6.3391 W   2.0        2.1*       8.7       10.5*      50.6 
111001  122323  46  59.0330 N  61   6.3383 W   2.0        2.1        8.7       10.5       50.6 
111001  122324  46  59.0332 N  61   6.3374 W   2.1        2.1        8.7       10.5       50.6 
111001  122325  46  59.0334 N  61   6.3366 W   2.1        2.1        8.7       10.5       51.0*
111001  122326  46  59.0334 N  61   6.3359 W   2.0        2.1        8.7       10.5       51.0 
111001  122327  46  59.0334 N  61   6.3352 W   2.0        2.1        8.7       11.0*      51.0 
111001  122328  46  59.0336 N  61   6.3343 W   2.0        2.1        8.7       11.0       51.0 
111001  122329  46  59.0338 N  61   6.3335 W   2.0        2.1        8.7       11.0       51.0 
111001  122330  46  59.0339 N  61   6.3327 W   2.0        2.1        8.7       11.0       49.7*
111001  122331  46  59.0340 N  61   6.3319 W   2.0        2.1        8.7       11.0       49.7 
111001  122332  46  59.0341 N  61   6.3310 W   2.0        2.1        8.7       13.5*      49.7 
111001  122333  46  59.0342 N  61   6.3303 W   2.0        2.1        8.7       13.5       49.7 
111001  122334  46  59.0344 N  61   6.3295 W   2.0        2.1        8.7       13.5       49.7 
111001  122335  46  59.0345 N  61   6.3287 W   1.9        2.1*       8.7       13.5       47.9*
111001  122336  46  59.0347 N  61   6.3280 W   1.9        2.1        8.7       13.5       47.9 
111001  122337  46  59.0348 N  61   6.3271 W   1.9        2.1        8.7       13.5       47.9 
111001  122338  46  59.0349 N  61   6.3263 W   2.0        2.1        8.7       12.0*      47.9 
111001  122339  46  59.0350 N  61   6.3255 W   2.0        2.1        8.7       12.0       47.9 
111001  122340  46  59.0351 N  61   6.3248 W   1.9        2.1        8.7       12.0       47.9 
111001  122341  46  59.0352 N  61   6.3240 W   2.0        2.1        8.7       12.0       54.1*
111001  122342  46  59.0353 N  61   6.3231 W   2.0        2.1        8.7       12.0       54.1 
111001  122343  46  59.0354 N  61   6.3223 W   2.0        2.1        8.7       11.7*      54.1 
111001  122344  46  59.0355 N  61   6.3215 W   2.0        2.1        8.7       11.7       54.1 
111001  122345  46  59.0357 N  61   6.3207 W   2.0        2.1        8.7       11.7       54.1 
111001  122346  46  59.0358 N  61   6.3198 W   2.0        2.1        8.7       11.7       48.8*
111001  122347  46  59.0359 N  61   6.3190 W   2.0        2.1        8.7       11.7       48.8 
111001  122348  46  59.0361 N  61   6.3181 W   2.0        2.1*       8.7       10.1*      48.8 
111001  122349  46  59.0362 N  61   6.3173 W   2.0        2.1        8.7       10.1       48.8 
111001  122350  46  59.0363 N  61   6.3164 W   2.0        2.1        8.7       10.1       48.8 
111001  122351  46  59.0364 N  61   6.3157 W   2.0        2.1        8.7       10.1       49.7*
111001  122352  46  59.0364 N  61   6.3150 W   2.0        2.1        8.7       10.1       49.7 
111001  122353  46  59.0365 N  61   6.3141 W   2.1        2.1        8.7       10.1       49.7 
111001  122354  46  59.0366 N  61   6.3132 W   2.1        2.1        8.7       11.6*      49.7 
111001  122355  46  59.0367 N  61   6.3124 W   2.1        2.1        8.7       11.6       49.7 
111001  122356  46  59.0368 N  61   6.3117 W   2.1        2.1        8.7       11.6       49.7 
111001  122357  46  59.0369 N  61   6.3109 W   2.1        2.1        8.7       11.6       50.1*
111001  122358  46  59.0370 N  61   6.3100 W   2.1        2.1        8.7       11.6       50.1 
111001  122359  46  59.0370 N  61   6.3092 W   2.1        2.1        8.7       10.1*      50.1 
111001  122400  46  59.0371 N  61   6.3085 W   2.1        2.1        8.7       10.1       50.1 
111001  122401  46  59.0372 N  61   6.3078 W   2.1        2.2*       8.7       10.1       50.1 
111001  122402  46  59.0373 N  61   6.3068 W   2.1        2.2        8.7       10.1       50.6*
111001  122403  46  59.0375 N  61   6.3059 W   2.1        2.2        8.7       10.1       50.6 
111001  122404  46  59.0376 N  61   6.3050 W   2.1        2.2        8.7       10.7*      50.6 
111001  122405  46  59.0376 N  61   6.3044 W   2.1        2.2        8.7       10.7       50.6 
111001  122406  46  59.0377 N  61   6.3036 W   2.1        2.2        8.7       10.7       50.6 
111001  122407  46  59.0378 N  61   6.3026 W   2.1        2.2        8.7       10.7       50.6 
111001  122408  46  59.0380 N  61   6.3017 W   2.1        2.2        8.7       10.7       50.6 
111001  122409  46  59.0380 N  61   6.3009 W   2.1        2.2        8.7       10.1*      50.6 
111001  122410  46  59.0381 N  61   6.3002 W   2.1        2.2        8.7       10.1       50.6 
111001  122411  46  59.0383 N  61   6.2993 W   2.1        2.2        8.7       10.1       50.6 
111001  122412  46  59.0384 N  61   6.2983 W   2.2        2.2        8.7       10.1       50.6 
111001  122413  46  59.0386 N  61   6.2974 W   2.2        2.2        8.7       10.1      169.4*
111001  122414  46  59.0385 N  61   6.2967 W   2.2        2.2*       8.7       10.1      169.4 
111001  122415  46  59.0387 N  61   6.2959 W   2.1        2.2        8.7       10.0*     169.4 
111001  122416  46  59.0388 N  61   6.2950 W   2.1        2.2        8.7       10.0      169.4 
111001  122417  46  59.0390 N  61   6.2941 W   2.1        2.2        8.7       10.0      169.4 
111001  122418  46  59.0391 N  61   6.2931 W   2.1        2.2        8.7       10.0       49.3*
111001  122419  46  59.0393 N  61   6.2922 W   2.1        2.2        8.7       10.0       49.3 
111001  122420  46  59.0393 N  61   6.2916 W   2.1        2.2        8.7       10.2*      49.3 
111001  122421  46  59.0393 N  61   6.2908 W   2.1        2.2        8.7       10.2       49.3 
111001  122422  46  59.0394 N  61   6.2899 W   2.1        2.2        8.7       10.2       49.3 
111001  122423  46  59.0395 N  61   6.2890 W   2.1        2.2        8.7       10.2       52.8*
111001  122424  46  59.0397 N  61   6.2882 W   2.1        2.2        8.7       10.2       52.8 
111001  122425  46  59.0397 N  61   6.2875 W   2.0        2.2        8.7       11.0*      52.8 
111001  122426  46  59.0399 N  61   6.2865 W   2.1        2.2        8.7       11.0       52.8 
111001  122427  46  59.0400 N  61   6.2856 W   2.1        2.2*       8.7       11.0       52.8 
111001  122428  46  59.0401 N  61   6.2847 W   2.1        2.2        8.7       11.0       52.8 
111001  122429  46  59.0402 N  61   6.2841 W   2.0        2.2        8.7       11.0       50.1*
111001  122430  46  59.0404 N  61   6.2832 W   2.0        2.2        8.7       11.0       50.1 
111001  122431  46  59.0405 N  61   6.2823 W   2.1        2.2        8.7       11.0*      50.1 
111001  122432  46  59.0406 N  61   6.2814 W   2.1        2.2        8.7       11.0       50.1 
111001  122433  46  59.0407 N  61   6.2806 W   2.0        2.2        8.7       11.0       50.1 
111001  122434  46  59.0408 N  61   6.2798 W   2.0        2.2        8.7       11.0       48.4*
111001  122435  46  59.0409 N  61   6.2789 W   2.1        2.2        8.7       11.0       48.4 
111001  122436  46  59.0410 N  61   6.2781 W   2.1        2.2        8.7       10.8*      48.4 
111001  122437  46  59.0412 N  61   6.2772 W   2.1        2.2        8.7       10.8       48.4 
111001  122438  46  59.0413 N  61   6.2763 W   2.0        2.2        8.7       10.8       48.4 
111001  122439  46  59.0413 N  61   6.2757 W   2.1        2.2        8.7       10.8       51.0*
111001  122440  46  59.0414 N  61   6.2748 W   2.1        2.2*       8.7       10.8       51.0 
111001  122441  46  59.0416 N  61   6.2739 W   2.1        2.2        8.7       10.5*      51.0 
111001  122442  46  59.0417 N  61   6.2730 W   2.1        2.2        8.7       10.5       51.0 
111001  122443  46  59.0419 N  61   6.2721 W   2.1        2.2        8.7       10.5       51.0 
111001  122444  46  59.0418 N  61   6.2714 W   2.1        2.2        8.7       10.5       51.0 
111001  122445  46  59.0420 N  61   6.2705 W   2.0        2.2        8.7       10.5       50.6*
111001  122446  46  59.0421 N  61   6.2697 W   2.0        2.2        8.7       10.5       50.6 
111001  122447  46  59.0423 N  61   6.2688 W   2.1        2.2        8.7       10.6*      50.6 
111001  122448  46  59.0424 N  61   6.2680 W   2.1        2.2        8.7       10.6       50.6 
111001  122449  46  59.0424 N  61   6.2672 W   2.0        2.2        8.7       10.6       50.6 
111001  122450  46  59.0426 N  61   6.2663 W   2.1        2.2        8.7       10.6       50.6*
111001  122451  46  59.0428 N  61   6.2654 W   2.1        2.2        8.7       10.6       50.6 
111001  122452  46  59.0429 N  61   6.2645 W   2.1        2.2        8.7       10.6*      50.6 
111001  122453  46  59.0430 N  61   6.2637 W   2.1        2.1*       8.7       10.6       50.6 
111001  122454  46  59.0431 N  61   6.2628 W   2.1        2.1        8.7       10.6       50.6 
111001  122455  46  59.0433 N  61   6.2619 W   2.1        2.1        8.7       10.6       49.7*
111001  122456  46  59.0434 N  61   6.2610 W   2.1        2.1        8.7       10.6       49.7 
111001  122457  46  59.0436 N  61   6.2602 W   2.1        2.1        8.7       10.7*      49.7 
111001  122458  46  59.0437 N  61   6.2593 W   2.1        2.1        8.7       10.7       49.7 
111001  122459  46  59.0438 N  61   6.2584 W   2.1        2.1        8.7       10.7       49.7 
111001  122500  46  59.0439 N  61   6.2575 W   2.1        2.1        8.7       10.7       51.5*
111001  122501  46  59.0441 N  61   6.2567 W   2.1        2.1        8.7       10.7       51.5 
111001  122502  46  59.0442 N  61   6.2558 W   2.1        2.1        8.7       10.7       51.5 
111001  122503  46  59.0443 N  61   6.2549 W   2.1        2.1        8.7       10.2*      51.5 
111001  122504  46  59.0444 N  61   6.2540 W   2.1        2.1        8.7       10.2       51.5 
111001  122505  46  59.0445 N  61   6.2531 W   2.1        2.1        8.7       10.2       51.5 
111001  122506  46  59.0446 N  61   6.2523 W   2.1        2.1        8.7       10.2       51.0*
111001  122507  46  59.0448 N  61   6.2514 W   2.1        2.1        8.7       10.2       51.0 
111001  122508  46  59.0449 N  61   6.2505 W   2.1        2.1        8.7       10.4*      51.0 
111001  122509  46  59.0450 N  61   6.2496 W   2.1        2.1        8.7       10.4       51.0 
111001  122510  46  59.0451 N  61   6.2488 W   2.1        2.1        8.7       10.4       51.0 
111001  122511  46  59.0451 N  61   6.2482 W   2.1        2.1        8.7       10.4       51.5*
111001  122512  46  59.0452 N  61   6.2473 W   2.1        2.1        8.7       10.4       51.5 
111001  122513  46  59.0453 N  61   6.2464 W   2.1        2.1        8.7       10.4*      51.5 
111001  122514  46  59.0454 N  61   6.2456 W   2.1        2.1        8.7       10.4       51.5 
111001  122515  46  59.0453 N  61   6.2451 W   2.1        2.1        8.7       10.4       51.5 
111001  122516  46  59.0453 N  61   6.2444 W   2.1        2.1        8.7       10.4       50.1*
111001  122517  46  59.0454 N  61   6.2435 W   2.1        2.1        8.7       10.4       50.1 
111001  122518  46  59.0455 N  61   6.2426 W   2.1        2.1        8.7       10.0*      50.1 
111001  122519  46  59.0456 N  61   6.2417 W   2.1        2.7*       8.7       10.0       50.1 
111001  122520  46  59.0457 N  61   6.2409 W   2.1        2.7        8.7       10.0       50.1 
111001  122521  46  59.0458 N  61   6.2400 W   2.1        2.7        8.7       10.0       50.1 
111001  122522  46  59.0459 N  61   6.2390 W   2.1        2.7        8.7       10.0       50.1*
111001  122523  46  59.0457 N  61   6.2384 W   2.1        2.7        8.7       10.0       50.1 
111001  122524  46  59.0457 N  61   6.2376 W   2.1        2.7        8.7       10.1*      50.1 
111001  122525  46  59.0457 N  61   6.2367 W   2.1        2.7        8.7       10.1       50.1 
111001  122526  46  59.0458 N  61   6.2358 W   2.1        2.7        8.7       10.1       50.1 
111001  122527  46  59.0457 N  61   6.2349 W   2.1        2.7        8.7       10.1       51.0*
111001  122528  46  59.0457 N  61   6.2341 W   2.1        2.7        8.7       10.1       51.0 
111001  122529  46  59.0458 N  61   6.2331 W   2.1        2.7        8.7       10.1*      51.0 
111001  122530  46  59.0459 N  61   6.2322 W   2.1        2.7        8.7       10.1       51.0 
111001  122531  46  59.0459 N  61   6.2314 W   2.1        2.1*       8.7       10.1       51.0 
111001  122532  46  59.0460 N  61   6.2305 W   2.1        2.1        8.7       10.1       50.1*
111001  122533  46  59.0460 N  61   6.2296 W   2.1        2.1        8.7       10.1       50.1 
111001  122534  46  59.0460 N  61   6.2287 W   2.1        2.1        8.7       10.0*      50.1 
111001  122535  46  59.0461 N  61   6.2279 W   2.1        2.1        8.7       10.0       50.1 
111001  122536  46  59.0461 N  61   6.2270 W   2.1        2.1        8.7       10.0       50.1 
111001  122537  46  59.0462 N  61   6.2261 W   2.1        2.1        8.7       10.0       50.1 
111001  122538  46  59.0463 N  61   6.2254 W   2.1        2.1        8.7       10.0       48.8*
111001  122539  46  59.0463 N  61   6.2245 W   2.1        2.1        8.7       10.0       48.8 
111001  122540  46  59.0463 N  61   6.2236 W   2.1        2.1        8.7        9.8*      48.8 
111001  122541  46  59.0464 N  61   6.2227 W   2.1        2.1        8.7        9.8       48.8 
111001  122542  46  59.0465 N  61   6.2220 W   2.1        2.1        8.7        9.8       48.8 
111001  122543  46  59.0465 N  61   6.2212 W   2.0        2.1        8.7        9.8       49.3*
111001  122544  46  59.0466 N  61   6.2203 W   2.1        2.1*       8.7        9.8       49.3 
111001  122545  46  59.0467 N  61   6.2195 W   2.1        2.1        8.7        9.8*      49.3 
111001  122546  46  59.0467 N  61   6.2188 W   2.0        2.1        8.7        9.8       49.3 
111001  122547  46  59.0468 N  61   6.2180 W   2.0        2.1        8.7        9.8       49.3 
111001  122548  46  59.0468 N  61   6.2171 W   2.0        2.1        8.7        9.8       94.6*
111001  122549  46  59.0469 N  61   6.2164 W   1.9        2.1        8.7        9.8       94.6 
111001  122550  46  59.0470 N  61   6.2159 W   1.9        2.1        8.7        9.8       94.6 
111001  122551  46  59.0470 N  61   6.2153 W   1.8        2.1        8.7       26.2*      94.6 
111001  122552  46  59.0470 N  61   6.2146 W   1.8        2.1        8.7       26.2       94.6 
111001  122553  46  59.0470 N  61   6.2141 W   1.7        2.1        8.7       26.2       94.6 
111001  122554  46  59.0470 N  61   6.2138 W   1.6        2.1        8.7       26.2       44.4*
111001  122555  46  59.0469 N  61   6.2132 W   1.5        2.1        8.7       26.2       44.4 
111001  122556  46  59.0470 N  61   6.2127 W   1.5        2.1        8.7       26.2       44.4 
111001  122557  46  59.0470 N  61   6.2123 W   1.4        2.1        8.7       26.2       44.4 
111001  122558  46  59.0469 N  61   6.2121 W   1.3        2.1        8.7       26.2       44.4 
111001  122559  46  59.0468 N  61   6.2117 W   1.3        2.1        8.7       26.2       48.4*
111001  122600  46  59.0468 N  61   6.2113 W   1.2        2.1        8.7       26.2       48.4 
111001  122601  46  59.0467 N  61   6.2111 W   1.1        2.1        8.7        4.7*      48.4 
111001  122602  46  59.0466 N  61   6.2109 W   1.1        2.1        8.7        4.7       48.4 
111001  122603  46  59.0465 N  61   6.2106 W   1.0        2.1        8.7        4.7       48.4 
111001  122604  46  59.0465 N  61   6.2104 W   1.0        2.1        8.7        4.7       48.4 
111001  122605  46  59.0464 N  61   6.2101 W   0.9        2.1        8.7        4.7       48.4 
111001  122606  46  59.0464 N  61   6.2098 W   0.9        2.1        8.7       11.6*      48.4 
111001  122607  46  59.0464 N  61   6.2095 W   0.8        2.1        8.7       11.6       48.4 
111001  122608  46  59.0463 N  61   6.2095 W   0.8        2.1        8.7       11.6       48.4 
111001  122609  46  59.0462 N  61   6.2093 W   0.7        2.1        8.7       11.6       48.4 
111001  122610  46  59.0461 N  61   6.2092 W   0.7        2.1       13.3*      11.6       48.4 
111001  122611  46  59.0461 N  61   6.2090 W   0.7        2.1       13.3       11.6       48.4 
111001  122612  46  59.0461 N  61   6.2089 W   0.6        2.1       13.3       11.6*      48.4 
111001  122613  46  59.0460 N  61   6.2086 W   0.6        2.1       13.3       11.6       48.4 
111001  122614  46  59.0460 N  61   6.2084 W   0.6        2.1       13.3       11.6       48.4 
111001  122615  46  59.0458 N  61   6.2083 W   0.6        2.1       13.3       11.6       29.9*
111001  122616  46  59.0457 N  61   6.2083 W   0.5        2.1       13.3       11.6       29.9 
111001  122617  46  59.0456 N  61   6.2082 W   0.5        2.1       13.3        6.6*      29.9 
111001  122618  46  59.0455 N  61   6.2081 W   0.5        2.1       13.3        6.6       29.9 
111001  122619  46  59.0453 N  61   6.2080 W   0.5        2.1       13.3        6.6       29.9 
111001  122620  46  59.0453 N  61   6.2079 W   0.5        2.1       13.3        6.6       70.4*
111001  122621  46  59.0451 N  61   6.2079 W   0.5        2.1       13.3        6.6       70.4 
111001  122622  46  59.0450 N  61   6.2078 W   0.4        2.1       13.3        6.6       70.4 
111001  122623  46  59.0450 N  61   6.2077 W   0.4        5.0*      13.3        6.6       70.4 
111001  122624  46  59.0449 N  61   6.2075 W   0.4        5.0       13.3        6.6       70.4 
111001  122625  46  59.0448 N  61   6.2076 W   0.4        5.0       13.3        6.6       70.4 
111001  122626  46  59.0446 N  61   6.2076 W   0.4        5.0       13.3        6.6       22.0*
111001  122627  46  59.0445 N  61   6.2075 W   0.4        5.0       13.3        8.0*      22.0 
111001  122628  46  59.0445 N  61   6.2073 W   0.4        5.0       13.3        8.0       22.0 
111001  122629  46  59.0445 N  61   6.2072 W   0.4        5.0       13.3        8.0       22.0 
111001  122630  46  59.0444 N  61   6.2071 W   0.4        5.0       13.3        8.0       22.0 
111001  122631  46  59.0443 N  61   6.2070 W   0.4        5.0       13.3        8.0       68.6*
111001  122632  46  59.0442 N  61   6.2070 W   0.3        5.0       13.3        8.0       68.6 
111001  122633  46  59.0441 N  61   6.2071 W   0.3        5.0       13.3        7.8*      68.6 
111001  122634  46  59.0441 N  61   6.2069 W   0.3        5.0       13.3        7.8       68.6 
111001  122635  46  59.0439 N  61   6.2069 W   0.3        5.0       13.3        7.8       68.6 
111001  122636  46  59.0438 N  61   6.2068 W   0.3        4.2*      13.3        7.8       68.6 
111001  122637  46  59.0438 N  61   6.2067 W   0.3        4.2       13.3        7.8       68.6 
111001  122638  46  59.0438 N  61   6.2066 W   0.3        4.2       13.3        9.0*      68.6 
111001  122639  46  59.0437 N  61   6.2066 W   0.3        4.2       13.3        9.0       68.6 
111001  122640  46  59.0437 N  61   6.2064 W   0.3        4.2       13.3        9.0       68.6 
111001  122641  46  59.0436 N  61   6.2062 W   0.3        4.2       13.3        9.0       68.6 
111001  122642  46  59.0437 N  61   6.2061 W   0.3        4.2       13.3        9.0       68.6 
111001  122643  46  59.0437 N  61   6.2059 W   0.3        4.2       13.3        6.7*      68.6 
111001  122644  46  59.0434 N  61   6.2063 W   0.3        4.2       13.3        6.7       68.6 
111001  122645  46  59.0432 N  61   6.2065 W   0.3        4.2       13.3        6.7       68.6 
111001  122646  46  59.0432 N  61   6.2063 W   0.3        4.2       13.3        6.7       68.6 
111001  122647  46  59.0432 N  61   6.2061 W   0.3        4.2       13.3        6.7       68.6 
111001  122648  46  59.0430 N  61   6.2064 W   0.3        4.2       13.3        2.1*      68.6 
111001  122649  46  59.0430 N  61   6.2062 W   0.3        4.2       13.1*       2.1       68.6 
111001  122650  46  59.0431 N  61   6.2060 W   0.3        4.2       13.1        2.1       68.6 
111001  122651  46  59.0431 N  61   6.2058 W   0.3        4.2       13.1        2.1       68.6 
111001  122652  46  59.0428 N  61   6.2061 W   0.3        4.2       13.1        2.1       68.6 
111001  122653  46  59.0427 N  61   6.2060 W   0.3        4.2       13.1        2.1       68.6 
111001  122654  46  59.0426 N  61   6.2061 W   0.3        4.2       13.1       16.1*      68.6 
111001  122655  46  59.0424 N  61   6.2062 W   0.3        4.2       13.1       16.1       68.6 
111001  122656  46  59.0425 N  61   6.2059 W   0.3        4.2       13.1       16.1       68.6 
111001  122657  46  59.0422 N  61   6.2061 W   0.3        4.2       13.1       16.1        2.6*
111001  122658  46  59.0422 N  61   6.2059 W   0.3        4.2       13.1       16.1        2.6 
111001  122659  46  59.0423 N  61   6.2056 W   0.3        4.2       13.1        5.9*       2.6 
111001  122700  46  59.0423 N  61   6.2053 W   0.3        4.2       13.1        5.9        2.6 
111001  122701  46  59.0422 N  61   6.2054 W   0.3        4.2       13.1        5.9        2.6 
111001  122702  46  59.0420 N  61   6.2053 W   0.3        4.5*      13.1        5.9        2.6 
111001  122703  46  59.0420 N  61   6.2052 W   0.4        4.5       13.1        5.9       69.1*
111001  122704  46  59.0420 N  61   6.2049 W   0.4        4.5       13.1       13.6*      69.1 
111001  122705  46  59.0420 N  61   6.2048 W   0.4        4.5       13.1       13.6       69.1 
111001  122706  46  59.0420 N  61   6.2045 W   0.4        4.5       13.1       13.6       69.1 
111001  122707  46  59.0420 N  61   6.2044 W   0.4        4.5       13.1       13.6       69.1 
111001  122708  46  59.0420 N  61   6.2042 W   0.4        4.5       13.1       13.6       69.1 
111001  122709  46  59.0420 N  61   6.2041 W   0.4        4.5       13.1       13.6       69.1 
111001  122710  46  59.0419 N  61   6.2040 W   0.4        4.5       13.1       13.6       69.1 
111001  122711  46  59.0419 N  61   6.2037 W   0.4        4.5       13.1       13.6       69.1 
111001  122712  46  59.0419 N  61   6.2035 W   0.4        4.5       13.1       13.6       69.1 
111001  122713  46  59.0419 N  61   6.2034 W   0.4        4.5       13.1       13.6       69.1 
111001  122714  46  59.0418 N  61   6.2033 W   0.4        4.5       13.1       13.6       69.1 
111001  122715  46  59.0417 N  61   6.2032 W   0.4        4.5       13.1        0.2*      69.1 
111001  122716  46  59.0417 N  61   6.2031 W   0.4        4.5       13.1        0.2       69.1 
111001  122717  46  59.0417 N  61   6.2030 W   0.4        4.5       13.1        0.2       69.1 
111001  122718  46  59.0416 N  61   6.2030 W   0.4        4.5       13.1        0.2       69.1 
111001  122719  46  59.0416 N  61   6.2027 W   0.4        4.5       13.1        0.2       69.1 
111001  122720  46  59.0416 N  61   6.2025 W   0.4        4.5       13.1        6.2*      69.1 
111001  122721  46  59.0415 N  61   6.2024 W   0.4        4.5       13.1        6.2       69.1 
111001  122722  46  59.0414 N  61   6.2023 W   0.4        4.5       13.1        6.2       69.1 
111001  122723  46  59.0414 N  61   6.2021 W   0.4        4.5       13.1        6.2       69.1 
111001  122724  46  59.0414 N  61   6.2020 W   0.4        4.5       13.1        6.2       22.0*
111001  122725  46  59.0413 N  61   6.2019 W   0.4        4.5       13.1        4.2*      22.0 
111001  122726  46  59.0413 N  61   6.2018 W   0.4        4.5       13.1        4.2       22.0 
111001  122727  46  59.0412 N  61   6.2016 W   0.4        4.5       13.1        4.2       22.0 
111001  122728  46  59.0412 N  61   6.2015 W   0.4        4.5       13.1        4.2       22.0 
111001  122729  46  59.0411 N  61   6.2013 W   0.4        4.5       13.1        4.2       22.0 
111001  122730  46  59.0411 N  61   6.2012 W   0.4        4.5       13.1        7.3*      22.0 
111001  122731  46  59.0411 N  61   6.2009 W   0.4        4.5       13.1        7.3       22.0 
111001  122732  46  59.0410 N  61   6.2008 W   0.4        4.5       13.1        7.3       22.0 
111001  122733  46  59.0410 N  61   6.2006 W   0.4        4.5       13.1        7.3       22.0 
111001  122734  46  59.0410 N  61   6.2004 W   0.4        4.5        2.1*       7.3       29.5*
111001  122735  46  59.0410 N  61   6.2001 W   0.5        4.5        2.1        7.3       29.5 
111001  122736  46  59.0409 N  61   6.1998 W   0.5        4.5        2.1        7.3       29.5 
111001  122737  46  59.0410 N  61   6.1996 W   0.5        4.5        2.1        7.3       29.5 
111001  122738  46  59.0410 N  61   6.1993 W   0.5        4.5        2.1        7.3       29.5 
111001  122739  46  59.0408 N  61   6.1990 W   0.6        4.5        2.1        7.3       29.5 
111001  122740  46  59.0406 N  61   6.1987 W   0.6        4.5        2.1        7.3       29.5 
111001  122741  46  59.0406 N  61   6.1984 W   0.7        4.5       12.4*       3.8*      29.5 
111001  122742  46  59.0406 N  61   6.1980 W   0.7        4.5       12.4        3.8       29.5 
