FileName: C:\TRAWLS~2\GP317F.TXT
Local Time: Wed Sep 14 11:33:32 2011

Ship: Sept 14, 2011 Trip: GP317F Tow: 01
Comments: zone 12 banc bradelle centre
 Date    Time     Latitude       Longitude    Speed    Primary  Secondary DoorSpread      Depth 
110914  143334  47  30.6004 N  62  47.1929 W   5.3        5.1*      11.0*      37.7*     443.8*
110914  143335  47  30.6022 N  62  47.1934 W   5.5        5.1       11.0       37.7      443.8 
110914  143336  47  30.6039 N  62  47.1938 W   5.7        5.1       11.0       37.7      443.8 
110914  143337  47  30.6057 N  62  47.1942 W   5.8        5.1       11.0       37.7      443.8 
110914  143338  47  30.6076 N  62  47.1947 W   5.9        5.1       11.0       37.7      443.8 
110914  143339  47  30.6093 N  62  47.1951 W   6.0        5.1       11.0       37.7      443.8 
110914  143340  47  30.6111 N  62  47.1957 W   6.1        5.1       11.0       37.7      443.8 
110914  143341  47  30.6129 N  62  47.1963 W   6.2        5.1       11.0       37.7      443.8 
110914  143342  47  30.6147 N  62  47.1969 W   6.2        5.1       11.0       37.7      443.8 
110914  143343  47  30.6165 N  62  47.1973 W   6.3        5.1       11.0       37.7      443.8 
110914  143344  47  30.6183 N  62  47.1976 W   6.3        5.1       11.0       37.7      443.8 
110914  143345  47  30.6201 N  62  47.1980 W   6.4        5.1       11.0       37.7      443.8 
110914  143346  47  30.6218 N  62  47.1986 W   6.3        5.1       11.0       37.7      443.8 
110914  143347  47  30.6235 N  62  47.1993 W   6.3        5.1       11.0       37.7      443.8 
110914  143348  47  30.6251 N  62  47.1999 W   6.2        5.1       11.0       37.7      443.8 
110914  143349  47  30.6268 N  62  47.2003 W   6.2        5.1       11.0       37.7      443.8 
110914  143350  47  30.6283 N  62  47.2006 W   6.1        5.1       11.0       37.7      443.8 
110914  143351  47  30.6299 N  62  47.2010 W   6.1        5.1       11.0       37.7      443.8 
110914  143352  47  30.6313 N  62  47.2015 W   5.9        5.1       11.0       37.7      443.8 
110914  143353  47  30.6326 N  62  47.2019 W   5.8        5.1        8.1*      37.7      443.8 
110914  143354  47  30.6339 N  62  47.2024 W   5.6        5.1        8.1       37.7      443.8 
110914  143355  47  30.6350 N  62  47.2028 W   5.4        5.1        8.1       37.7      443.8 
110914  143356  47  30.6362 N  62  47.2032 W   5.2        5.1        8.1       37.7      443.8 
110914  143357  47  30.6374 N  62  47.2035 W   5.1        5.1        8.1       37.7      443.8 
110914  143358  47  30.6386 N  62  47.2038 W   5.0        5.1        8.1       37.7      443.8 
110914  143359  47  30.6396 N  62  47.2041 W   4.8        5.1        8.1       37.7      443.8 
110914  143400  47  30.6406 N  62  47.2045 W   4.6        5.1        8.1       37.7      443.8 
110914  143401  47  30.6417 N  62  47.2049 W   4.5        5.1        8.1       37.7      443.8 
110914  143402  47  30.6426 N  62  47.2053 W   4.4        5.1        8.1       37.7      443.8 
110914  143403  47  30.6435 N  62  47.2057 W   4.2        5.1        8.1       37.7      443.8 
110914  143404  47  30.6445 N  62  47.2061 W   4.1        5.1        8.1       37.7      443.8 
110914  143405  47  30.6454 N  62  47.2063 W   4.0        5.1        8.1       37.7      443.8 
110914  143406  47  30.6463 N  62  47.2067 W   3.9        5.1        8.1       37.7      443.8 
110914  143407  47  30.6472 N  62  47.2072 W   3.8        5.1        8.1       37.7      443.8 
110914  143408  47  30.6480 N  62  47.2075 W   3.7        5.1        8.1        3.4*     443.8 
110914  143409  47  30.6488 N  62  47.2077 W   3.6        5.1        8.1        3.4      443.8 
110914  143410  47  30.6497 N  62  47.2080 W   3.6        5.1        8.1        3.4      443.8 
110914  143411  47  30.6505 N  62  47.2084 W   3.5        5.1        8.1        3.4      443.8 
110914  143412  47  30.6513 N  62  47.2087 W   3.4        2.5*       8.1        3.4      443.8 
110914  143413  47  30.6522 N  62  47.2091 W   3.4        2.5        8.1        4.5*     443.8 
110914  143414  47  30.6529 N  62  47.2093 W   3.3        2.5        8.1        4.5      443.8 
110914  143415  47  30.6537 N  62  47.2096 W   3.2        2.5        8.1        4.5      443.8 
110914  143416  47  30.6545 N  62  47.2101 W   3.2        2.5        8.1        4.5      443.8 
110914  143417  47  30.6553 N  62  47.2105 W   3.2        2.5        8.1        4.5      443.8 
110914  143418  47  30.6561 N  62  47.2108 W   3.2        2.5        8.1        3.1*     443.8 
110914  143419  47  30.6568 N  62  47.2111 W   3.1        2.5        8.1        3.1      443.8 
110914  143420  47  30.6576 N  62  47.2113 W   3.1        2.5        8.1        3.1      443.8 
110914  143421  47  30.6583 N  62  47.2116 W   3.0        2.5        8.1        3.1      443.8 
110914  143422  47  30.6591 N  62  47.2119 W   3.0        2.5        8.1        3.1      443.8 
110914  143423  47  30.6598 N  62  47.2124 W   3.0        2.5        8.1        2.0*     443.8 
110914  143424  47  30.6606 N  62  47.2127 W   3.0        2.5        8.1        2.0      443.8 
110914  143425  47  30.6614 N  62  47.2129 W   3.0        2.5        8.1        2.0      443.8 
110914  143426  47  30.6621 N  62  47.2131 W   2.9        2.5        8.1        2.0      443.8 
110914  143427  47  30.6627 N  62  47.2134 W   2.9        2.5        8.1        2.0      443.8 
110914  143428  47  30.6634 N  62  47.2138 W   2.9        2.5        8.1        2.0      443.8 
110914  143429  47  30.6642 N  62  47.2142 W   2.9        2.5        8.1        2.1*     443.8 
110914  143430  47  30.6649 N  62  47.2144 W   2.9        2.5        8.1        2.1      443.8 
110914  143431  47  30.6656 N  62  47.2146 W   2.8        2.5        8.1        2.1      443.8 
110914  143432  47  30.6663 N  62  47.2148 W   2.8        2.5        8.1        2.1      443.8 
110914  143433  47  30.6670 N  62  47.2151 W   2.8        2.5        8.1        2.1      443.8 
110914  143434  47  30.6677 N  62  47.2154 W   2.8        2.5        8.1        2.3*     443.8 
110914  143435  47  30.6684 N  62  47.2157 W   2.7        2.5        8.1        2.3      443.8 
110914  143436  47  30.6691 N  62  47.2160 W   2.8        2.5        8.1        2.3      443.8 
110914  143437  47  30.6699 N  62  47.2163 W   2.8        2.5        8.1        2.3      443.8 
110914  143438  47  30.6707 N  62  47.2165 W   2.8        2.5        8.1        2.3      443.8 
110914  143439  47  30.6716 N  62  47.2169 W   2.9        2.5        8.1        6.6*     443.8 
110914  143440  47  30.6725 N  62  47.2172 W   3.0        2.5        8.1        6.6      443.8 
110914  143441  47  30.6735 N  62  47.2176 W   3.2        2.5        8.1        6.6      443.8 
110914  143442  47  30.6746 N  62  47.2179 W   3.3        2.5        8.1        6.6      443.8 
110914  143443  47  30.6758 N  62  47.2182 W   3.5        2.5        8.1        6.6      443.8 
110914  143444  47  30.6770 N  62  47.2187 W   3.7        2.5        8.1        6.6      443.8 
110914  143445  47  30.6783 N  62  47.2192 W   3.9        2.5        8.1        6.6      443.8 
110914  143446  47  30.6798 N  62  47.2197 W   4.1        2.5        8.1        6.6      443.8 
110914  143447  47  30.6812 N  62  47.2200 W   4.3        2.5        8.1        6.6      443.8 
110914  143448  47  30.6826 N  62  47.2204 W   4.4        2.5        8.1        6.6      443.8 
110914  143449  47  30.6841 N  62  47.2208 W   4.6        2.5        8.1        6.6      443.8 
110914  143450  47  30.6856 N  62  47.2213 W   4.7        2.5        8.1        6.6      443.8 
110914  143451  47  30.6871 N  62  47.2217 W   4.9        2.5        8.1        6.6      443.8 
110914  143452  47  30.6888 N  62  47.2222 W   5.1        2.5        8.1        6.6      443.8 
110914  143453  47  30.6905 N  62  47.2226 W   5.2        2.5        8.1        6.6      443.8 
110914  143454  47  30.6921 N  62  47.2230 W   5.4        2.5        8.1        6.6      443.8 
110914  143455  47  30.6938 N  62  47.2234 W   5.5        2.5        8.1        6.6      443.8 
110914  143456  47  30.6955 N  62  47.2238 W   5.6        2.5        8.1        6.6      443.8 
110914  143457  47  30.6972 N  62  47.2242 W   5.7        2.5        8.1        6.6      443.8 
110914  143458  47  30.6989 N  62  47.2247 W   5.8        2.5        8.1        6.6      443.8 
110914  143459  47  30.7005 N  62  47.2251 W   5.9        2.5        8.1        6.6      443.8 
110914  143500  47  30.7023 N  62  47.2256 W   6.0        2.5        8.1        6.6      443.8 
110914  143501  47  30.7041 N  62  47.2261 W   6.1        2.5        8.1        6.6      443.8 
110914  143502  47  30.7059 N  62  47.2266 W   6.2        2.5        8.1        6.6      443.8 
110914  143503  47  30.7077 N  62  47.2271 W   6.2        2.5        8.1        6.6      443.8 
110914  143504  47  30.7095 N  62  47.2276 W   6.3        2.5        8.1        6.6      443.8 
110914  143505  47  30.7113 N  62  47.2281 W   6.3        2.5        8.1        6.6      443.8 
110914  143506  47  30.7131 N  62  47.2285 W   6.4        2.5        8.1        6.6      443.8 
110914  143507  47  30.7150 N  62  47.2290 W   6.5        2.5        8.1        6.6      443.8 
110914  143508  47  30.7168 N  62  47.2294 W   6.5        2.5        8.1        6.6      443.8 
110914  143509  47  30.7187 N  62  47.2300 W   6.6        2.5        8.1        6.6      443.8 
110914  143510  47  30.7206 N  62  47.2306 W   6.6        2.5        8.1        6.6      443.8 
110914  143511  47  30.7224 N  62  47.2312 W   6.6        2.5        8.1        6.6      443.8 
110914  143512  47  30.7243 N  62  47.2316 W   6.7        2.5        8.1        6.6      443.8 
110914  143513  47  30.7261 N  62  47.2321 W   6.7        2.5        8.1        6.6      443.8 
110914  143514  47  30.7280 N  62  47.2326 W   6.7        2.5        8.1        6.6      443.8 
110914  143515  47  30.7299 N  62  47.2332 W   6.8        2.5        8.1        6.6      443.8 
110914  143516  47  30.7318 N  62  47.2338 W   6.8        2.5        8.1        6.6      443.8 
110914  143517  47  30.7337 N  62  47.2342 W   6.8        2.5        8.1        6.6      443.8 
110914  143518  47  30.7356 N  62  47.2346 W   6.8        2.5        9.5*       6.6      443.8 
110914  143519  47  30.7376 N  62  47.2352 W   6.9        2.5        9.5        6.6      443.8 
110914  143520  47  30.7394 N  62  47.2358 W   6.9        2.5        9.5        6.6      443.8 
110914  143521  47  30.7413 N  62  47.2363 W   6.9        2.5        9.5        2.3*     443.8 
110914  143522  47  30.7432 N  62  47.2367 W   6.9        2.5        9.5        2.3      443.8 
110914  143523  47  30.7451 N  62  47.2371 W   6.9        2.5        9.5        2.3      443.8 
110914  143524  47  30.7471 N  62  47.2377 W   6.9        2.5        9.5        2.3      443.8 
110914  143525  47  30.7490 N  62  47.2383 W   6.9        2.5        9.5        2.3      443.8 
110914  143526  47  30.7509 N  62  47.2388 W   7.0        7.1*       9.5        2.3      443.8 
110914  143527  47  30.7528 N  62  47.2394 W   7.0        7.1        9.5       51.6*     443.8 
110914  143528  47  30.7547 N  62  47.2399 W   6.9        7.1        9.5       51.6      443.8 
110914  143529  47  30.7566 N  62  47.2404 W   6.9        7.1        9.5       51.6      443.8 
110914  143530  47  30.7585 N  62  47.2408 W   7.0        7.1        9.5       51.6      443.8 
110914  143531  47  30.7604 N  62  47.2412 W   7.0        7.1        9.5       51.6      443.8 
110914  143532  47  30.7623 N  62  47.2418 W   7.0        7.1        9.5       51.6      443.8 
110914  143533  47  30.7642 N  62  47.2424 W   7.0        7.1        9.5       51.6      443.8 
110914  143534  47  30.7662 N  62  47.2431 W   7.0        7.1        9.5      148.1*     443.8 
110914  143535  47  30.7681 N  62  47.2437 W   7.0        7.1        9.5      148.1      443.8 
110914  143536  47  30.7701 N  62  47.2441 W   7.0        7.1        9.5      148.1      443.8 
110914  143537  47  30.7720 N  62  47.2443 W   7.0        7.1        9.5      148.1      443.8 
110914  143538  47  30.7739 N  62  47.2447 W   7.0        7.1        9.5      148.1      443.8 
110914  143539  47  30.7757 N  62  47.2453 W   7.0        7.1        9.5      148.1      443.8 
110914  143540  47  30.7776 N  62  47.2459 W   7.0        7.1        9.5      148.1      443.8 
110914  143541  47  30.7795 N  62  47.2464 W   7.0        7.1        9.5      148.1      443.8 
110914  143542  47  30.7815 N  62  47.2470 W   7.0        7.1        9.5      148.1      443.8 
110914  143543  47  30.7834 N  62  47.2473 W   7.0        7.1        9.5      148.1      443.8 
110914  143544  47  30.7854 N  62  47.2477 W   7.0        7.1        9.5      148.1      443.8 
110914  143545  47  30.7872 N  62  47.2481 W   7.0        7.1        9.5      148.1      443.8 
110914  143546  47  30.7892 N  62  47.2485 W   7.0        7.1        9.5      148.1      443.8 
110914  143547  47  30.7911 N  62  47.2489 W   7.0        7.1        9.5      148.1      443.8 
110914  143548  47  30.7929 N  62  47.2493 W   7.0        7.1        9.5      148.1      443.8 
110914  143549  47  30.7949 N  62  47.2496 W   7.0        7.1        9.5      148.1      443.8 
110914  143550  47  30.7968 N  62  47.2500 W   7.0        7.1        9.5      148.1      443.8 
110914  143551  47  30.7987 N  62  47.2504 W   7.0        7.1        9.5      148.1      443.8 
110914  143552  47  30.8006 N  62  47.2510 W   7.0        7.1        9.5      148.1      443.8 
110914  143553  47  30.8025 N  62  47.2514 W   7.0        7.1        9.5      148.1      443.8 
110914  143554  47  30.8044 N  62  47.2516 W   7.0        7.1        9.5      148.1      443.8 
110914  143555  47  30.8063 N  62  47.2520 W   7.0        7.1        9.5      148.1      443.8 
110914  143556  47  30.8082 N  62  47.2524 W   7.0        7.1        9.5      148.1      443.8 
110914  143557  47  30.8102 N  62  47.2528 W   7.0        7.1        9.5      148.1      443.8 
110914  143558  47  30.8121 N  62  47.2533 W   7.0        7.1        9.5      148.1      443.8 
110914  143559  47  30.8140 N  62  47.2537 W   7.0        7.1        9.5      148.1      443.8 
110914  143600  47  30.8159 N  62  47.2542 W   7.0        7.1        9.5      148.1      443.8 
110914  143601  47  30.8178 N  62  47.2546 W   7.0        7.1        9.5      148.1      443.8 
110914  143602  47  30.8198 N  62  47.2550 W   7.0        7.1        9.5      148.1      443.8 
110914  143603  47  30.8217 N  62  47.2554 W   7.0        7.1        9.5      148.1      443.8 
110914  143604  47  30.8236 N  62  47.2557 W   7.0        7.1        9.5      148.1      443.8 
110914  143605  47  30.8255 N  62  47.2562 W   7.1        7.1        9.5      148.1      443.8 
110914  143606  47  30.8275 N  62  47.2568 W   7.1        7.1        9.5      148.1      443.8 
110914  143607  47  30.8294 N  62  47.2575 W   7.0        7.1        9.5      148.1      443.8 
110914  143608  47  30.8314 N  62  47.2581 W   7.0        7.1        9.5      148.1      443.8 
110914  143609  47  30.8333 N  62  47.2586 W   7.1        7.1        9.5      148.1      443.8 
110914  143610  47  30.8353 N  62  47.2590 W   7.1        7.1        9.5      148.1      443.8 
110914  143611  47  30.8373 N  62  47.2595 W   7.1        7.1        9.5      148.1      443.8 
110914  143612  47  30.8393 N  62  47.2600 W   7.1        7.1        9.5      148.1      443.8 
110914  143613  47  30.8413 N  62  47.2606 W   7.1        7.1        9.5      148.1      443.8 
110914  143614  47  30.8432 N  62  47.2611 W   7.1        7.1        9.5      148.1      443.8 
110914  143615  47  30.8451 N  62  47.2617 W   7.1        7.1        9.5      148.1      443.8 
110914  143616  47  30.8470 N  62  47.2623 W   7.1        7.1        9.5      148.1      443.8 
110914  143617  47  30.8489 N  62  47.2629 W   7.1        7.1        9.5      148.1      443.8 
110914  143618  47  30.8508 N  62  47.2634 W   7.1        7.1        9.5      148.1      443.8 
110914  143619  47  30.8528 N  62  47.2639 W   7.1        7.1        9.5      148.1      443.8 
110914  143620  47  30.8547 N  62  47.2644 W   7.1        7.1        9.5      148.1      443.8 
110914  143621  47  30.8566 N  62  47.2651 W   7.0        7.1        9.5      148.1      443.8 
110914  143622  47  30.8584 N  62  47.2656 W   7.0        7.1        9.5      148.1      443.8 
110914  143623  47  30.8602 N  62  47.2661 W   7.0        7.1        9.5      148.1      443.8 
110914  143624  47  30.8619 N  62  47.2666 W   6.9        7.1        9.5      148.1      443.8 
110914  143625  47  30.8636 N  62  47.2669 W   6.8        7.1        9.5      148.1      443.8 
110914  143626  47  30.8653 N  62  47.2673 W   6.6        7.1        9.5      148.1      443.8 
110914  143627  47  30.8669 N  62  47.2680 W   6.5        7.1        9.5      148.1      443.8 
110914  143628  47  30.8685 N  62  47.2684 W   6.4        7.1        9.5      148.1      443.8 
110914  143629  47  30.8701 N  62  47.2688 W   6.4        7.1        9.5      148.1      443.8 
110914  143630  47  30.8717 N  62  47.2692 W   6.3        7.1       12.3*     148.1      443.8 
110914  143631  47  30.8733 N  62  47.2697 W   6.2        7.1       12.3      148.1      443.8 
110914  143632  47  30.8749 N  62  47.2703 W   6.2        7.1       12.3      148.1      443.8 
110914  143633  47  30.8764 N  62  47.2709 W   6.1        7.1       12.3      148.1      443.8 
110914  143634  47  30.8779 N  62  47.2712 W   6.0        7.1       12.3      148.1      443.8 
110914  143635  47  30.8794 N  62  47.2716 W   5.9        7.1       12.3      148.1      443.8 
110914  143636  47  30.8810 N  62  47.2721 W   5.9        7.1       12.3      148.1      443.8 
110914  143637  47  30.8825 N  62  47.2727 W   5.8        2.2*      12.3      148.1      443.8 
110914  143638  47  30.8839 N  62  47.2732 W   5.8        2.2       12.3      148.1      443.8 
110914  143639  47  30.8854 N  62  47.2737 W   5.7        2.2       12.3      148.1      443.8 
110914  143640  47  30.8869 N  62  47.2743 W   5.7        2.2       12.3        7.7*     443.8 
110914  143641  47  30.8884 N  62  47.2749 W   5.7        2.2       12.3        7.7      443.8 
110914  143642  47  30.8898 N  62  47.2753 W   5.7        2.2       12.3        7.7      443.8 
110914  143643  47  30.8912 N  62  47.2757 W   5.6        2.2       12.3        7.7      443.8 
110914  143644  47  30.8927 N  62  47.2763 W   5.6        2.2       12.3        7.7      443.8 
110914  143645  47  30.8941 N  62  47.2769 W   5.5        4.8*      12.3        8.9*     443.8 
110914  143646  47  30.8955 N  62  47.2775 W   5.5        4.8       12.3        8.9      443.8 
110914  143647  47  30.8970 N  62  47.2782 W   5.5        4.8       12.3        8.9      443.8 
110914  143648  47  30.8984 N  62  47.2788 W   5.5        4.8       12.3        8.9      443.8 
110914  143649  47  30.9000 N  62  47.2793 W   5.5        4.8       12.3        8.9      443.8 
110914  143650  47  30.9015 N  62  47.2798 W   5.5        4.8       12.3        7.2*     443.8 
110914  143651  47  30.9029 N  62  47.2802 W   5.5        4.8       12.3        7.2      443.8 
110914  143652  47  30.9042 N  62  47.2808 W   5.4        4.8       12.3        7.2      443.8 
110914  143653  47  30.9057 N  62  47.2815 W   5.4        4.8       12.3        7.2      443.8 
110914  143654  47  30.9071 N  62  47.2822 W   5.4        4.8       12.3        7.2      443.8 
110914  143655  47  30.9086 N  62  47.2828 W   5.4        4.8       12.3        9.2*     443.8 
110914  143656  47  30.9100 N  62  47.2835 W   5.4        4.8       12.3        9.2      443.8 
110914  143657  47  30.9115 N  62  47.2839 W   5.4        4.8       12.3        9.2      443.8 
110914  143658  47  30.9129 N  62  47.2845 W   5.4        4.8       12.3        9.2      443.8 
110914  143659  47  30.9143 N  62  47.2851 W   5.4        4.8       12.3        9.2      443.8 
110914  143700  47  30.9158 N  62  47.2857 W   5.4        4.8       12.3        9.2      443.8 
110914  143701  47  30.9171 N  62  47.2864 W   5.4        4.8       12.3        3.5*     443.8 
110914  143702  47  30.9185 N  62  47.2869 W   5.4        4.8       12.3        3.5      443.8 
110914  143703  47  30.9200 N  62  47.2875 W   5.4        4.8       12.3        3.5      443.8 
110914  143704  47  30.9214 N  62  47.2881 W   5.4        4.8       12.3        3.5      443.8 
110914  143705  47  30.9229 N  62  47.2886 W   5.4        4.8       12.3        3.5      443.8 
110914  143706  47  30.9243 N  62  47.2892 W   5.4        4.8       12.3        8.5*     443.8 
110914  143707  47  30.9256 N  62  47.2897 W   5.4        4.8       12.3        8.5      443.8 
110914  143708  47  30.9270 N  62  47.2904 W   5.3        4.8       12.3        8.5      443.8 
110914  143709  47  30.9284 N  62  47.2912 W   5.3        4.8       12.3        8.5      443.8 
110914  143710  47  30.9298 N  62  47.2918 W   5.4        4.8       12.3        8.5      443.8 
110914  143711  47  30.9313 N  62  47.2924 W   5.4        4.8       12.3        5.3*     443.8 
110914  143712  47  30.9327 N  62  47.2929 W   5.4        4.8       12.3        5.3      443.8 
110914  143713  47  30.9341 N  62  47.2936 W   5.4        4.8       12.3        5.3      443.8 
110914  143714  47  30.9355 N  62  47.2942 W   5.4        4.8       12.3        5.3      443.8 
110914  143715  47  30.9367 N  62  47.2947 W   5.3        4.8       12.3        5.3      443.8 
110914  143716  47  30.9379 N  62  47.2952 W   5.2        4.8       12.3        6.9*     443.8 
110914  143717  47  30.9391 N  62  47.2958 W   5.1        4.8       12.3        6.9      443.8 
110914  143718  47  30.9402 N  62  47.2962 W   4.9        4.8       12.3        6.9      443.8 
110914  143719  47  30.9413 N  62  47.2966 W   4.8        4.8       12.3        6.9      443.8 
110914  143720  47  30.9422 N  62  47.2970 W   4.6        4.8       12.3        6.9      443.8 
110914  143721  47  30.9432 N  62  47.2974 W   4.5        4.8       12.3        6.9      443.8 
110914  143722  47  30.9441 N  62  47.2978 W   4.3        4.8       12.3        7.3*     443.8 
110914  143723  47  30.9450 N  62  47.2983 W   4.2        4.8       12.3        7.3      443.8 
110914  143724  47  30.9457 N  62  47.2987 W   4.0        4.8       12.3        7.3      443.8 
110914  143725  47  30.9465 N  62  47.2990 W   3.8        4.8       11.3*       7.3      443.8 
110914  143726  47  30.9472 N  62  47.2992 W   3.7        4.8       11.3        7.3      443.8 
110914  143727  47  30.9479 N  62  47.2996 W   3.6        4.8       11.3        7.7*     443.8 
110914  143728  47  30.9486 N  62  47.3000 W   3.5        4.8       11.3        7.7      443.8 
110914  143729  47  30.9493 N  62  47.3003 W   3.3        4.8       11.3        7.7      443.8 
110914  143730  47  30.9499 N  62  47.3005 W   3.2        4.8       11.3        7.7      443.8 
110914  143731  47  30.9505 N  62  47.3008 W   3.1        4.8       11.3        7.7      443.8 
110914  143732  47  30.9511 N  62  47.3012 W   3.0        4.8       11.3        6.5*     443.8 
110914  143733  47  30.9517 N  62  47.3015 W   2.9        4.8       11.3        6.5      443.8 
110914  143734  47  30.9523 N  62  47.3017 W   2.8        4.8       11.3        6.5      443.8 
110914  143735  47  30.9528 N  62  47.3019 W   2.7        4.8       11.3        6.5      443.8 
110914  143736  47  30.9533 N  62  47.3023 W   2.6        4.8       11.3        6.5      443.8 
110914  143737  47  30.9539 N  62  47.3027 W   2.6        4.8       11.0*       6.5      443.8 
110914  143738  47  30.9545 N  62  47.3031 W   2.5        4.8       11.0        6.6*     443.8 
110914  143739  47  30.9550 N  62  47.3034 W   2.4        4.8       11.0        6.6      443.8 
110914  143740  47  30.9555 N  62  47.3034 W   2.4        4.8       11.0        6.6      443.8 
110914  143741  47  30.9561 N  62  47.3038 W   2.3        4.8       11.0        6.6      443.8 
110914  143742  47  30.9567 N  62  47.3043 W   2.3        4.8       11.0        6.6      443.8 
110914  143743  47  30.9572 N  62  47.3047 W   2.2        4.8       11.0       29.1*     443.8 
110914  143744  47  30.9577 N  62  47.3050 W   2.2        4.8       11.0       29.1      443.8 
110914  143745  47  30.9582 N  62  47.3051 W   2.2        4.8       11.0       29.1      443.8 
110914  143746  47  30.9588 N  62  47.3053 W   2.1        4.8       11.0       29.1      443.8 
110914  143747  47  30.9592 N  62  47.3056 W   2.1        4.8       11.0       29.1      443.8 
110914  143748  47  30.9597 N  62  47.3060 W   2.1        4.8       11.0       29.1      443.8 
110914  143749  47  30.9602 N  62  47.3065 W   2.0        4.8       11.0       29.1      443.8 
110914  143750  47  30.9607 N  62  47.3068 W   2.0        4.8       11.0       29.1      443.8 
110914  143751  47  30.9612 N  62  47.3070 W   2.0        4.8       11.0       29.1      443.8 
110914  143752  47  30.9616 N  62  47.3072 W   2.0        4.8       11.0       29.1      443.8 
110914  143753  47  30.9621 N  62  47.3074 W   2.0        4.8       11.0        6.5*     443.8 
110914  143754  47  30.9625 N  62  47.3077 W   1.9        4.8       11.0        6.5      443.8 
110914  143755  47  30.9629 N  62  47.3081 W   1.9        4.8       11.0        6.5      443.8 
110914  143756  47  30.9634 N  62  47.3085 W   1.9        4.8       11.0        6.5      443.8 
110914  143757  47  30.9639 N  62  47.3087 W   1.9        4.8       11.0        6.5      443.8 
110914  143758  47  30.9644 N  62  47.3089 W   1.9        4.8       11.0        6.5      443.8 
110914  143759  47  30.9649 N  62  47.3093 W   1.9        4.8       11.0        5.3*     443.8 
110914  143800  47  30.9654 N  62  47.3098 W   1.9        4.8       11.0        5.3      443.8 
110914  143801  47  30.9658 N  62  47.3102 W   1.9        4.8       12.0*       5.3      443.8 
110914  143802  47  30.9664 N  62  47.3104 W   1.9        4.8       12.0        5.3      443.8 
110914  143803  47  30.9669 N  62  47.3107 W   1.9        4.8       12.0        5.3      443.8 
110914  143804  47  30.9674 N  62  47.3110 W   1.9        4.8       12.0        5.7*     443.8 
110914  143805  47  30.9678 N  62  47.3114 W   1.9        4.8       12.0        5.7      443.8 
110914  143806  47  30.9683 N  62  47.3118 W   1.9        4.8       12.0        5.7      443.8 
110914  143807  47  30.9688 N  62  47.3122 W   1.9        4.8       12.0        5.7      443.8 
110914  143808  47  30.9692 N  62  47.3126 W   1.9        4.8       12.0        5.7      443.8 
110914  143809  47  30.9697 N  62  47.3129 W   1.9        4.8       12.0        5.2*     443.8 
110914  143810  47  30.9703 N  62  47.3132 W   1.9        4.8       12.0        5.2      443.8 
110914  143811  47  30.9708 N  62  47.3135 W   1.9        4.8       12.0        5.2      443.8 
110914  143812  47  30.9713 N  62  47.3139 W   1.9        4.8       12.0        5.2      443.8 
110914  143813  47  30.9718 N  62  47.3144 W   2.0        4.8       12.0        5.2      443.8 
110914  143814  47  30.9724 N  62  47.3147 W   2.0        4.8       12.0        5.9*     443.8 
110914  143815  47  30.9729 N  62  47.3149 W   2.0        4.8       12.0        5.9      443.8 
110914  143816  47  30.9734 N  62  47.3152 W   2.0        4.8       12.0        5.9      443.8 
110914  143817  47  30.9739 N  62  47.3155 W   2.0        4.8       12.0        5.9      443.8 
110914  143818  47  30.9744 N  62  47.3160 W   2.0        4.8       12.0        5.9      443.8 
110914  143819  47  30.9749 N  62  47.3163 W   2.0        4.8       12.0        5.9      443.8 
110914  143820  47  30.9755 N  62  47.3166 W   2.0        4.8       12.0        6.3*     443.8 
110914  143821  47  30.9760 N  62  47.3169 W   2.0        4.8       12.0        6.3      443.8 
110914  143822  47  30.9765 N  62  47.3173 W   2.0        4.8       12.0        6.3      443.8 
110914  143823  47  30.9771 N  62  47.3177 W   2.1        4.8       12.0        6.3      443.8 
110914  143824  47  30.9776 N  62  47.3180 W   2.1        4.8       12.0        6.3      443.8 
110914  143825  47  30.9782 N  62  47.3182 W   2.1        5.5*      12.0        6.3*     443.8 
110914  143826  47  30.9787 N  62  47.3187 W   2.1        5.5       12.0        6.3      443.8 
110914  143827  47  30.9792 N  62  47.3191 W   2.1        5.5       12.0        6.3      443.8 
110914  143828  47  30.9798 N  62  47.3195 W   2.1        5.5       12.0        6.3      443.8 
110914  143829  47  30.9804 N  62  47.3197 W   2.1        5.5       12.0        6.3      443.8 
110914  143830  47  30.9809 N  62  47.3199 W   2.1        5.5       12.0        6.5*     443.8 
110914  143831  47  30.9815 N  62  47.3203 W   2.1        5.5       12.0        6.5      443.8 
110914  143832  47  30.9820 N  62  47.3208 W   2.1        5.5       12.0        6.5      443.8 
110914  143833  47  30.9826 N  62  47.3212 W   2.2        5.5       12.0        6.5      443.8 
110914  143834  47  30.9832 N  62  47.3215 W   2.2        5.5       12.0        6.5      443.8 
110914  143835  47  30.9837 N  62  47.3216 W   2.2        5.5       12.0        7.1*     443.8 
110914  143836  47  30.9843 N  62  47.3219 W   2.1        5.5       12.0        7.1      443.8 
110914  143837  47  30.9848 N  62  47.3223 W   2.2        5.5       12.0        7.1      443.8 
110914  143838  47  30.9854 N  62  47.3228 W   2.2        5.5       12.4*       7.1      443.8 
110914  143839  47  30.9859 N  62  47.3233 W   2.2        5.5       12.4        7.1      443.8 
110914  143840  47  30.9865 N  62  47.3236 W   2.2        5.5       12.4        7.1      443.8 
110914  143841  47  30.9871 N  62  47.3238 W   2.2        5.5       12.4        7.7*     443.8 
110914  143842  47  30.9876 N  62  47.3240 W   2.2        5.5       12.4        7.7      443.8 
110914  143843  47  30.9881 N  62  47.3244 W   2.1        5.5       12.4        7.7      443.8 
110914  143844  47  30.9886 N  62  47.3249 W   2.2        5.5       12.4        7.7      443.8 
110914  143845  47  30.9892 N  62  47.3253 W   2.2        5.5       12.4        7.7      443.8 
110914  143846  47  30.9898 N  62  47.3256 W   2.2        5.5       12.4        7.6*     443.8 
110914  143847  47  30.9902 N  62  47.3257 W   2.2        5.5       12.4        7.6      443.8 
110914  143848  47  30.9907 N  62  47.3259 W   2.2        5.5       12.4        7.6      443.8 
110914  143849  47  30.9913 N  62  47.3264 W   2.2        5.5       12.4        7.6      443.8 
110914  143850  47  30.9918 N  62  47.3269 W   2.2        5.5       10.4*       7.6      443.8 
110914  143851  47  30.9923 N  62  47.3273 W   2.2        5.5       10.4        7.7*     443.8 
110914  143852  47  30.9929 N  62  47.3275 W   2.2        5.5       10.4        7.7      443.8 
110914  143853  47  30.9935 N  62  47.3278 W   2.2        5.5       10.4        7.7      443.8 
110914  143854  47  30.9941 N  62  47.3282 W   2.2        5.5       10.4        7.7      443.8 
110914  143855  47  30.9946 N  62  47.3286 W   2.2        5.5       10.4        7.7      443.8 
110914  143856  47  30.9951 N  62  47.3290 W   2.2        5.5       10.4        7.8*     443.8 
110914  143857  47  30.9957 N  62  47.3295 W   2.2        5.5       10.4        7.8      443.8 
110914  143858  47  30.9963 N  62  47.3298 W   2.2        5.5       10.4        7.8      443.8 
110914  143859  47  30.9969 N  62  47.3302 W   2.2        5.5       10.4        7.8      443.8 
110914  143900  47  30.9974 N  62  47.3305 W   2.2        5.5       10.4        7.8      443.8 
110914  143901  47  30.9980 N  62  47.3310 W   2.2        5.5       11.5*       7.8      443.8 
110914  143902  47  30.9985 N  62  47.3315 W   2.2        5.5       11.5        7.9*     443.8 
110914  143903  47  30.9991 N  62  47.3318 W   2.2        5.5       11.5        7.9      443.8 
110914  143904  47  30.9995 N  62  47.3318 W   2.2        5.5       11.5        7.9      443.8 
110914  143905  47  31.0001 N  62  47.3321 W   2.2        5.5       11.5        7.9      443.8 
110914  143906  47  31.0006 N  62  47.3326 W   2.2        5.5       11.5        7.9      443.8 
110914  143907  47  31.0011 N  62  47.3331 W   2.2        5.5       11.5        8.0*     443.8 
110914  143908  47  31.0016 N  62  47.3335 W   2.2        5.5       11.5        8.0      443.8 
110914  143909  47  31.0023 N  62  47.3338 W   2.2        5.5       11.5        8.0      443.8 
110914  143910  47  31.0028 N  62  47.3341 W   2.2        5.5       11.5        8.0      443.8 
110914  143911  47  31.0033 N  62  47.3343 W   2.2        5.5       11.5        8.0      443.8 
110914  143912  47  31.0038 N  62  47.3348 W   2.2        5.5       11.5        8.1*     443.8 
110914  143913  47  31.0044 N  62  47.3353 W   2.2        5.5       11.4*       8.1      443.8 
110914  143914  47  31.0049 N  62  47.3356 W   2.2        5.5       11.4        8.1      443.8 
110914  143915  47  31.0055 N  62  47.3358 W   2.2        5.5       11.4        8.1      443.8 
110914  143916  47  31.0061 N  62  47.3361 W   2.2        5.5       11.4        8.1      443.8 
110914  143917  47  31.0066 N  62  47.3365 W   2.1        5.5       11.4        8.1*     443.8 
110914  143918  47  31.0072 N  62  47.3370 W   2.1        5.5       11.4        8.1      443.8 
110914  143919  47  31.0076 N  62  47.3372 W   2.2        5.5       11.4        8.1      443.8 
110914  143920  47  31.0082 N  62  47.3374 W   2.1        5.5       11.4        8.1      443.8 
110914  143921  47  31.0087 N  62  47.3377 W   2.1        5.5       11.4        8.1      443.8 
110914  143922  47  31.0092 N  62  47.3382 W   2.1        5.5       11.4        8.1      443.8 
110914  143923  47  31.0098 N  62  47.3387 W   2.1        5.5       11.4        8.3*     443.8 
110914  143924  47  31.0104 N  62  47.3389 W   2.1        5.5       11.4        8.3      443.8 
110914  143925  47  31.0109 N  62  47.3391 W   2.1        5.5       11.0*       8.3      443.8 
110914  143926  47  31.0114 N  62  47.3394 W   2.0        5.5       11.0        8.3      443.8 
110914  143927  47  31.0119 N  62  47.3399 W   2.1        5.5       11.0        8.3      443.8 
110914  143928  47  31.0125 N  62  47.3403 W   2.1        5.5       11.0        8.2*     443.8 
110914  143929  47  31.0130 N  62  47.3405 W   2.1        5.5       11.0        8.2      443.8 
110914  143930  47  31.0136 N  62  47.3407 W   2.0        5.5       11.0        8.2      443.8 
110914  143931  47  31.0140 N  62  47.3410 W   2.0        5.5       11.0        8.2      443.8 
110914  143932  47  31.0145 N  62  47.3414 W   2.0        5.5       11.0        8.2      443.8 
110914  143933  47  31.0151 N  62  47.3419 W   2.0        5.5       11.0        8.6*     443.8 
110914  143934  47  31.0155 N  62  47.3422 W   2.0        5.5       11.0        8.6      443.8 
110914  143935  47  31.0161 N  62  47.3424 W   2.0        5.5       11.0        8.6      443.8 
110914  143936  47  31.0166 N  62  47.3425 W   2.0        5.5       11.0        8.6      443.8 
110914  143937  47  31.0172 N  62  47.3428 W   2.0        5.5       10.8*       8.6      443.8 
110914  143938  47  31.0176 N  62  47.3432 W   2.0        5.5       10.8        8.6      443.8 
110914  143939  47  31.0180 N  62  47.3436 W   2.0        5.5       10.8        8.3*     443.8 
110914  143940  47  31.0186 N  62  47.3439 W   2.0        5.5       10.8        8.3      443.8 
110914  143941  47  31.0191 N  62  47.3441 W   2.0        5.5       10.8        8.3      443.8 
110914  143942  47  31.0196 N  62  47.3442 W   2.0        5.5       10.8        8.3      443.8 
110914  143943  47  31.0201 N  62  47.3446 W   2.0        5.5       10.8        8.3      443.8 
110914  143944  47  31.0206 N  62  47.3450 W   1.9        5.5       10.8        8.7*     443.8 
110914  143945  47  31.0211 N  62  47.3453 W   1.9        5.5       10.8        8.7      443.8 
110914  143946  47  31.0216 N  62  47.3457 W   1.9        5.5       10.8        8.7      443.8 
110914  143947  47  31.0221 N  62  47.3460 W   1.9        5.5       10.8        8.7      443.8 
110914  143948  47  31.0225 N  62  47.3462 W   1.9        5.5       10.8        8.7      443.8 
110914  143949  47  31.0230 N  62  47.3464 W   1.9        5.5       10.9*       9.6*     443.8 
110914  143950  47  31.0235 N  62  47.3468 W   1.9        5.5       10.9        9.6      443.8 
110914  143951  47  31.0240 N  62  47.3471 W   2.0        5.5       10.9        9.6      443.8 
110914  143952  47  31.0245 N  62  47.3474 W   1.9        5.5       10.9        9.6      443.8 
110914  143953  47  31.0249 N  62  47.3478 W   1.9        5.5       10.9        9.6      443.8 
110914  143954  47  31.0254 N  62  47.3482 W   2.0        5.5       10.9        9.6      443.8 
110914  143955  47  31.0260 N  62  47.3485 W   2.0        5.5       10.9        9.3*     443.8 
110914  143956  47  31.0265 N  62  47.3487 W   2.0        5.5       10.9        9.3      443.8 
110914  143957  47  31.0270 N  62  47.3490 W   1.9        5.5       10.9        9.3      443.8 
110914  143958  47  31.0275 N  62  47.3494 W   2.0        5.5       10.9        9.3      443.8 
110914  143959  47  31.0280 N  62  47.3499 W   2.0        5.5       10.9        9.3      443.8 
110914  144000  47  31.0286 N  62  47.3502 W   2.0        5.5       10.9        9.1*     443.8 
110914  144001  47  31.0292 N  62  47.3505 W   2.0        5.5       11.5*       9.1      443.8 
110914  144002  47  31.0296 N  62  47.3508 W   2.0        5.5       11.5        9.1      443.8 
110914  144003  47  31.0302 N  62  47.3512 W   2.0        5.5       11.5        9.1      443.8 
110914  144004  47  31.0308 N  62  47.3517 W   2.1        5.5       11.5        9.1      443.8 
110914  144005  47  31.0313 N  62  47.3521 W   2.1        5.5       11.5        8.9*     443.8 
110914  144006  47  31.0318 N  62  47.3524 W   2.0        5.5       11.5        8.9      443.8 
110914  144007  47  31.0323 N  62  47.3529 W   2.1        5.5       11.5        8.9      443.8 
110914  144008  47  31.0329 N  62  47.3533 W   2.1        5.5       11.5        8.9      443.8 
110914  144009  47  31.0334 N  62  47.3535 W   2.1        5.5       11.5        8.9      443.8 
110914  144010  47  31.0339 N  62  47.3538 W   2.1        5.5       11.5        8.9      443.8 
110914  144011  47  31.0345 N  62  47.3543 W   2.1        5.5       11.5        8.9      443.8 
110914  144012  47  31.0350 N  62  47.3547 W   2.1        5.5       11.5        8.9      443.8 
110914  144013  47  31.0356 N  62  47.3551 W   2.1        5.5       11.5        8.9      443.8 
110914  144014  47  31.0361 N  62  47.3554 W   2.1        5.5       11.5        8.9      443.8 
110914  144015  47  31.0368 N  62  47.3557 W   2.1        5.5       11.5        8.9      443.8 
110914  144016  47  31.0373 N  62  47.3561 W   2.1        5.5       11.5       68.0*     443.8 
110914  144017  47  31.0378 N  62  47.3566 W   2.1        5.5       11.5       68.0      443.8 
110914  144018  47  31.0382 N  62  47.3570 W   2.1        5.5       11.5       68.0      443.8 
110914  144019  47  31.0387 N  62  47.3573 W   2.1        5.5       11.5       68.0      443.8 
110914  144020  47  31.0393 N  62  47.3577 W   2.1        5.5       11.5       68.0      443.8 
110914  144021  47  31.0399 N  62  47.3579 W   2.2        5.5       11.5        9.2*     443.8 
110914  144022  47  31.0403 N  62  47.3579 W   2.1        5.5       11.5        9.2      443.8 
110914  144023  47  31.0409 N  62  47.3584 W   2.2        5.5       11.5        9.2      443.8 
110914  144024  47  31.0413 N  62  47.3587 W   2.2        5.5       11.5        9.2      443.8 
110914  144025  47  31.0416 N  62  47.3587 W   2.2        5.5       11.5        9.2      443.8 
110914  144026  47  31.0420 N  62  47.3587 W   2.2        5.7*      11.5        8.3*     443.8 
110914  144027  47  31.0423 N  62  47.3585 W   2.2        5.7       11.5        8.3      443.8 
110914  144028  47  31.0430 N  62  47.3587 W   2.2        5.7       11.5        8.3      443.8 
110914  144029  47  31.0434 N  62  47.3589 W   2.2        5.7       11.5        8.3      443.8 
110914  144030  47  31.0439 N  62  47.3591 W   2.2        5.7       11.5        8.3      443.8 
110914  144031  47  31.0443 N  62  47.3593 W   2.2        5.7       11.5        8.3      443.8 
110914  144032  47  31.0447 N  62  47.3594 W   2.2        5.7       11.5        8.8*     443.8 
110914  144033  47  31.0452 N  62  47.3595 W   2.2        5.7       11.5        8.8      443.8 
110914  144034  47  31.0457 N  62  47.3596 W   2.2        5.7       11.5        8.8      443.8 
110914  144035  47  31.0462 N  62  47.3596 W   2.2        5.7       11.5        8.8      443.8 
110914  144036  47  31.0468 N  62  47.3599 W   2.2        5.7       11.5        8.8      443.8 
110914  144037  47  31.0473 N  62  47.3601 W   2.2        5.7       11.5        9.0*     443.8 
110914  144038  47  31.0477 N  62  47.3602 W   2.2        5.7       11.3*       9.0      443.8 
110914  144039  47  31.0482 N  62  47.3603 W   2.2        5.7       11.3        9.0      443.8 
110914  144040  47  31.0488 N  62  47.3605 W   2.2        5.7       11.3        9.0      443.8 
110914  144041  47  31.0493 N  62  47.3607 W   2.2        5.7       11.3        9.0      443.8 
110914  144042  47  31.0498 N  62  47.3609 W   2.2        5.7       11.3        9.4*     443.8 
110914  144043  47  31.0504 N  62  47.3612 W   2.1        5.7       11.3        9.4      443.8 
110914  144044  47  31.0510 N  62  47.3615 W   2.2        5.7       11.3        9.4      443.8 
110914  144045  47  31.0515 N  62  47.3617 W   2.1        5.7       11.3        9.4      443.8 
110914  144046  47  31.0521 N  62  47.3619 W   2.1        5.7       11.3        9.4      443.8 
110914  144047  47  31.0526 N  62  47.3622 W   2.1        5.7       11.3        8.9*     443.8 
110914  144048  47  31.0532 N  62  47.3625 W   2.2        5.7       11.3        8.9      443.8 
110914  144049  47  31.0538 N  62  47.3628 W   2.2        5.7       11.3        8.9      443.8 
110914  144050  47  31.0543 N  62  47.3630 W   2.1        5.7       11.5*       8.9      443.8 
110914  144051  47  31.0548 N  62  47.3631 W   2.1        5.7       11.5        8.9      443.8 
110914  144052  47  31.0553 N  62  47.3634 W   2.1        5.7       11.5        8.9      443.8 
110914  144053  47  31.0559 N  62  47.3637 W   2.1        5.7       11.5        8.9*     443.8 
110914  144054  47  31.0564 N  62  47.3640 W   2.1        5.7       11.5        8.9      443.8 
110914  144055  47  31.0568 N  62  47.3642 W   2.1        5.7       11.5        8.9      443.8 
110914  144056  47  31.0574 N  62  47.3644 W   2.1        5.7       11.5        8.9      443.8 
110914  144057  47  31.0579 N  62  47.3646 W   2.1        5.7       11.5        8.9      443.8 
110914  144058  47  31.0584 N  62  47.3649 W   2.0        5.7       11.5        8.9*     443.8 
110914  144059  47  31.0589 N  62  47.3652 W   2.1        5.7       11.5        8.9      443.8 
110914  144100  47  31.0595 N  62  47.3654 W   2.1        5.7       11.5        8.9      443.8 
110914  144101  47  31.0599 N  62  47.3656 W   2.0        5.7       11.5        8.9      443.8 
110914  144102  47  31.0605 N  62  47.3658 W   2.0        5.7       10.5*       8.9      443.8 
110914  144103  47  31.0610 N  62  47.3661 W   2.0        5.7       10.5        8.8*     443.8 
110914  144104  47  31.0615 N  62  47.3664 W   2.0        5.7       10.5        8.8      443.8 
110914  144105  47  31.0620 N  62  47.3667 W   2.0        5.7       10.5        8.8      443.8 
110914  144106  47  31.0626 N  62  47.3671 W   2.0        5.7       10.5        8.8      443.8 
110914  144107  47  31.0632 N  62  47.3674 W   2.0        5.7       10.5        8.8      443.8 
110914  144108  47  31.0636 N  62  47.3677 W   2.0        5.7       10.5        8.8      443.8 
110914  144109  47  31.0642 N  62  47.3680 W   2.0        5.7       10.5        8.9*     443.8 
110914  144110  47  31.0648 N  62  47.3684 W   2.0        5.7       10.5        8.9      443.8 
110914  144111  47  31.0654 N  62  47.3688 W   2.1        5.7       10.5        8.9      443.8 
110914  144112  47  31.0659 N  62  47.3690 W   2.0        5.7       10.5        8.9      443.8 
110914  144113  47  31.0663 N  62  47.3693 W   2.0        5.7        9.8*       8.9      443.8 
110914  144114  47  31.0669 N  62  47.3697 W   2.0        5.7        9.8        9.4*     443.8 
110914  144115  47  31.0675 N  62  47.3702 W   2.1        5.7        9.8        9.4      443.8 
110914  144116  47  31.0680 N  62  47.3705 W   2.1        5.7        9.8        9.4      443.8 
110914  144117  47  31.0685 N  62  47.3706 W   2.0        5.7        9.8        9.4      443.8 
110914  144118  47  31.0690 N  62  47.3708 W   2.0        5.7        9.8        9.4      443.8 
110914  144119  47  31.0696 N  62  47.3713 W   2.0        5.7        9.8        8.9*     443.8 
110914  144120  47  31.0701 N  62  47.3717 W   2.0        5.7        9.8        8.9      443.8 
110914  144121  47  31.0706 N  62  47.3720 W   2.0        5.7        9.8        8.9      443.8 
110914  144122  47  31.0713 N  62  47.3722 W   2.0        5.7        9.8        8.9      443.8 
110914  144123  47  31.0718 N  62  47.3724 W   2.0        5.7        9.8        8.9      443.8 
110914  144124  47  31.0724 N  62  47.3728 W   2.0        5.7        9.8        9.4*     443.8 
110914  144125  47  31.0729 N  62  47.3732 W   2.0        5.7        9.8        9.4      443.8 
110914  144126  47  31.0735 N  62  47.3736 W   2.1        5.7       12.8*       9.4      443.8 
110914  144127  47  31.0741 N  62  47.3739 W   2.1        5.7       12.8        9.4      443.8 
110914  144128  47  31.0747 N  62  47.3741 W   2.1        5.7       12.8        9.4      443.8 
110914  144129  47  31.0751 N  62  47.3742 W   2.0        5.7       12.8        9.4      443.8 
110914  144130  47  31.0757 N  62  47.3746 W   2.1        5.7       12.8        9.2*     443.8 
110914  144131  47  31.0763 N  62  47.3750 W   2.1        5.7       12.8        9.2      443.8 
110914  144132  47  31.0769 N  62  47.3753 W   2.1        5.7       12.8        9.2      443.8 
110914  144133  47  31.0773 N  62  47.3754 W   2.1        5.7       12.8        9.2      443.8 
110914  144134  47  31.0778 N  62  47.3757 W   2.1        5.7       12.8        9.2      443.8 
110914  144135  47  31.0783 N  62  47.3759 W   2.0        5.7       12.8        8.9*     443.8 
110914  144136  47  31.0789 N  62  47.3762 W   2.1        5.7       12.8        8.9      443.8 
110914  144137  47  31.0795 N  62  47.3766 W   2.1        5.7       10.7*       8.9      443.8 
110914  144138  47  31.0801 N  62  47.3770 W   2.1        5.7       10.7        8.9      443.8 
110914  144139  47  31.0806 N  62  47.3772 W   2.1        5.7       10.7        8.9      443.8 
110914  144140  47  31.0811 N  62  47.3774 W   2.0        5.7       10.7        9.2*     443.8 
110914  144141  47  31.0816 N  62  47.3777 W   2.0        5.7       10.7        9.2      443.8 
110914  144142  47  31.0822 N  62  47.3781 W   2.1        5.7       10.7        9.2      443.8 
110914  144143  47  31.0828 N  62  47.3785 W   2.1        5.7       10.7        9.2      443.8 
110914  144144  47  31.0832 N  62  47.3786 W   2.1        5.7       10.7        9.2      443.8 
110914  144145  47  31.0838 N  62  47.3788 W   2.0        5.7       10.7        9.2      443.8 
110914  144146  47  31.0843 N  62  47.3790 W   2.0        5.7       10.7        8.9*     443.8 
110914  144147  47  31.0848 N  62  47.3793 W   2.0        5.7       10.7        8.9      443.8 
110914  144148  47  31.0852 N  62  47.3796 W   2.0        5.7       10.7        8.9      443.8 
110914  144149  47  31.0859 N  62  47.3800 W   2.1        5.7       10.8*       8.9      443.8 
110914  144150  47  31.0863 N  62  47.3801 W   2.0        5.7       10.8        8.9      443.8 
110914  144151  47  31.0869 N  62  47.3802 W   2.0        5.7       10.8        9.5*     443.8 
110914  144152  47  31.0874 N  62  47.3807 W   2.0        5.7       10.8        9.5      443.8 
110914  144153  47  31.0881 N  62  47.3812 W   2.1        5.7       10.8        9.5      443.8 
110914  144154  47  31.0885 N  62  47.3814 W   2.0        5.7       10.8        9.5      443.8 
110914  144155  47  31.0890 N  62  47.3814 W   2.0        5.7       10.8        9.5      443.8 
110914  144156  47  31.0896 N  62  47.3815 W   2.0        5.7       10.8        9.3*     443.8 
110914  144157  47  31.0903 N  62  47.3819 W   2.1        5.7       10.8        9.3      443.8 
110914  144158  47  31.0907 N  62  47.3822 W   2.0        5.7       10.8        9.3      443.8 
110914  144159  47  31.0911 N  62  47.3823 W   2.0        5.7       10.8        9.3      443.8 
110914  144200  47  31.0916 N  62  47.3825 W   2.0        5.7       10.8        9.3      443.8 
110914  144201  47  31.0922 N  62  47.3828 W   2.0        5.7       10.3*       8.9*     443.8 
110914  144202  47  31.0926 N  62  47.3829 W   2.0        5.7       10.3        8.9      443.8 
110914  144203  47  31.0932 N  62  47.3832 W   2.0        5.7       10.3        8.9      443.8 
110914  144204  47  31.0937 N  62  47.3835 W   2.0        5.7       10.3        8.9      443.8 
110914  144205  47  31.0943 N  62  47.3838 W   2.0        5.7       10.3        8.9      443.8 
110914  144206  47  31.0949 N  62  47.3841 W   2.0        5.7       10.3        8.9      443.8 
110914  144207  47  31.0954 N  62  47.3844 W   2.0        5.7       10.3        9.0*     443.8 
110914  144208  47  31.0958 N  62  47.3846 W   2.0        5.7       10.3        9.0      443.8 
110914  144209  47  31.0964 N  62  47.3849 W   2.0        5.7       10.3        9.0      443.8 
110914  144210  47  31.0970 N  62  47.3852 W   2.0        5.7       10.3        9.0      443.8 
110914  144211  47  31.0975 N  62  47.3855 W   2.0        5.7       10.3        9.0      443.8 
110914  144212  47  31.0981 N  62  47.3858 W   2.0        5.7       10.3        9.4*     443.8 
110914  144213  47  31.0987 N  62  47.3861 W   2.0        5.7       11.1*       9.4      443.8 
110914  144214  47  31.0993 N  62  47.3865 W   2.0        5.7       11.1        9.4      443.8 
110914  144215  47  31.0998 N  62  47.3868 W   2.0        5.7       11.1        9.4      443.8 
110914  144216  47  31.1004 N  62  47.3871 W   2.0        5.7       11.1        9.4      443.8 
110914  144217  47  31.1010 N  62  47.3873 W   2.0        5.7       11.1        9.3*     443.8 
110914  144218  47  31.1016 N  62  47.3876 W   2.0        5.7       11.1        9.3      443.8 
110914  144219  47  31.1021 N  62  47.3878 W   2.0        5.7       11.1        9.3      443.8 
110914  144220  47  31.1025 N  62  47.3882 W   2.0        5.7       11.1        9.3      443.8 
110914  144221  47  31.1031 N  62  47.3886 W   2.0        5.7       11.1        9.3      443.8 
110914  144222  47  31.1038 N  62  47.3889 W   2.1        5.7       11.1        9.3      443.8 
110914  144223  47  31.1044 N  62  47.3890 W   2.1        5.7       11.1        9.6*     443.8 
110914  144224  47  31.1049 N  62  47.3891 W   2.0        5.7       11.1        9.6      443.8 
110914  144225  47  31.1054 N  62  47.3896 W   2.1        5.7       11.1*       9.6      443.8 
110914  144226  47  31.1061 N  62  47.3901 W   2.2        5.7       11.1        9.6      443.8 
110914  144227  47  31.1068 N  62  47.3902 W   2.2        5.7       11.1        9.6      443.8 
110914  144228  47  31.1072 N  62  47.3902 W   2.1        5.7       11.1        9.3*     443.8 
110914  144229  47  31.1078 N  62  47.3904 W   2.1        5.7       11.1        9.3      443.8 
110914  144230  47  31.1083 N  62  47.3906 W   2.1        5.7       11.1        9.3      443.8 
110914  144231  47  31.1089 N  62  47.3909 W   2.1        5.7       11.1        9.3      443.8 
110914  144232  47  31.1095 N  62  47.3913 W   2.1        5.7       11.1        9.3      443.8 
110914  144233  47  31.1101 N  62  47.3917 W   2.1        5.7       11.1        9.2*     443.8 
110914  144234  47  31.1105 N  62  47.3918 W   2.1        5.7       11.1        9.2      443.8 
110914  144235  47  31.1111 N  62  47.3919 W   2.1        5.7       11.1        9.2      443.8 
110914  144236  47  31.1116 N  62  47.3921 W   2.1        5.7       11.1        9.2      443.8 
110914  144237  47  31.1122 N  62  47.3925 W   2.1        5.7       10.6*       9.2      443.8 
110914  144238  47  31.1127 N  62  47.3927 W   2.1        5.7       10.6        9.2      443.8 
110914  144239  47  31.1132 N  62  47.3929 W   2.0        5.7       10.6        9.1*     443.8 
110914  144240  47  31.1138 N  62  47.3932 W   2.1        5.7       10.6        9.1      443.8 
110914  144241  47  31.1144 N  62  47.3934 W   2.1        5.7       10.6        9.1      443.8 
110914  144242  47  31.1149 N  62  47.3936 W   2.1        5.7       10.6        9.1      443.8 
110914  144243  47  31.1155 N  62  47.3938 W   2.1        5.7       10.6        9.1      443.8 
110914  144244  47  31.1161 N  62  47.3942 W   2.1        5.7       10.6        9.4*     443.8 
110914  144245  47  31.1166 N  62  47.3945 W   2.1        5.7       10.6        9.4      443.8 
110914  144246  47  31.1171 N  62  47.3947 W   2.1        5.7       10.6        9.4      443.8 
110914  144247  47  31.1178 N  62  47.3950 W   2.1        5.7       10.6        9.4      443.8 
110914  144248  47  31.1184 N  62  47.3954 W   2.1        5.7       10.6        9.4      443.8 
110914  144249  47  31.1190 N  62  47.3956 W   2.1        5.7        7.4*      13.3*     443.8 
110914  144250  47  31.1195 N  62  47.3959 W   2.1        5.7        7.4       13.3      443.8 
110914  144251  47  31.1202 N  62  47.3963 W   2.1        5.7        7.4       13.3      443.8 
110914  144252  47  31.1208 N  62  47.3968 W   2.2        5.7        7.4       13.3      443.8 
110914  144253  47  31.1214 N  62  47.3970 W   2.2        5.7        7.4       13.3      443.8 
110914  144254  47  31.1219 N  62  47.3970 W   2.1        5.7        7.4        4.9*     443.8 
110914  144255  47  31.1225 N  62  47.3973 W   2.1        5.7        7.4        4.9      443.8 
110914  144256  47  31.1231 N  62  47.3978 W   2.2        5.7        7.4        4.9      443.8 
110914  144257  47  31.1238 N  62  47.3983 W   2.2        5.7        7.4        4.9      443.8 
110914  144258  47  31.1242 N  62  47.3984 W   2.2        5.7        7.4        4.9      443.8 
110914  144259  47  31.1248 N  62  47.3986 W   2.1        5.7        7.4        4.9      443.8 
110914  144300  47  31.1255 N  62  47.3988 W   2.2        5.7        7.4        9.0*     443.8 
110914  144301  47  31.1260 N  62  47.3991 W   2.2        2.1*       7.4        9.0      443.8 
110914  144302  47  31.1266 N  62  47.3995 W   2.2        2.1        7.4        9.0      443.8 
110914  144303  47  31.1271 N  62  47.3997 W   2.1        2.1        7.4        9.0      443.8 
110914  144304  47  31.1277 N  62  47.4000 W   2.1        2.1        7.4        9.0      443.8 
110914  144305  47  31.1282 N  62  47.4002 W   2.1        2.1        7.4        8.9*     443.8 
110914  144306  47  31.1288 N  62  47.4005 W   2.1        2.1        7.4        8.9      443.8 
110914  144307  47  31.1293 N  62  47.4008 W   2.1        2.1        7.4        8.9      443.8 
110914  144308  47  31.1300 N  62  47.4012 W   2.2        2.1        7.4        8.9      443.8 
110914  144309  47  31.1306 N  62  47.4015 W   2.2        2.1        7.4        8.9      443.8 
110914  144310  47  31.1311 N  62  47.4017 W   2.1        2.1        7.4        9.2*     443.8 
110914  144311  47  31.1315 N  62  47.4019 W   2.1        2.1        7.4        9.2      443.8 
110914  144312  47  31.1321 N  62  47.4020 W   2.1        2.1        7.4        9.2      443.8 
110914  144313  47  31.1326 N  62  47.4023 W   2.2        2.1        7.4        9.2      443.8 
110914  144314  47  31.1330 N  62  47.4025 W   2.1        2.1        7.4        9.2      443.8 
110914  144315  47  31.1334 N  62  47.4027 W   2.1        2.1        7.4        9.2      443.8 
110914  144316  47  31.1339 N  62  47.4029 W   2.1        2.1        7.4        8.5*     443.8 
110914  144317  47  31.1345 N  62  47.4030 W   2.1        2.1        7.4        8.5      443.8 
110914  144318  47  31.1349 N  62  47.4031 W   2.1        2.1        7.4        8.5      443.8 
110914  144319  47  31.1354 N  62  47.4034 W   2.1        2.1        7.4        8.5      443.8 
110914  144320  47  31.1360 N  62  47.4038 W   2.1        2.1        7.4        8.5      443.8 
110914  144321  47  31.1366 N  62  47.4042 W   2.1        2.1        7.4        9.1*     443.8 
110914  144322  47  31.1371 N  62  47.4044 W   2.1        2.1        7.4        9.1      443.8 
110914  144323  47  31.1376 N  62  47.4047 W   2.1        2.1        7.4        9.1      443.8 
110914  144324  47  31.1383 N  62  47.4050 W   2.1        2.1        7.4        9.1      443.8 
110914  144325  47  31.1388 N  62  47.4053 W   2.0        2.1       11.5*       9.1      443.8 
110914  144326  47  31.1393 N  62  47.4057 W   2.0        2.1       11.5        9.0*     443.8 
110914  144327  47  31.1399 N  62  47.4060 W   2.0        2.1       11.5        9.0      443.8 
110914  144328  47  31.1405 N  62  47.4063 W   2.0        2.1       11.5        9.0      443.8 
110914  144329  47  31.1410 N  62  47.4064 W   2.0        2.1       11.5        9.0      443.8 
110914  144330  47  31.1415 N  62  47.4067 W   2.0        2.1       11.5        9.0      443.8 
110914  144331  47  31.1420 N  62  47.4071 W   2.0        2.1       11.5        9.7*     443.8 
110914  144332  47  31.1426 N  62  47.4074 W   2.0        2.1       11.5        9.7      443.8 
110914  144333  47  31.1431 N  62  47.4076 W   2.0        2.1       11.5        9.7      443.8 
110914  144334  47  31.1435 N  62  47.4076 W   1.9        2.1       11.5        9.7      443.8 
110914  144335  47  31.1440 N  62  47.4077 W   2.0        2.1       11.5        9.7      443.8 
110914  144336  47  31.1445 N  62  47.4080 W   2.0        2.1       11.5        9.7      443.8 
110914  144337  47  31.1449 N  62  47.4082 W   2.0        2.1       11.6*       8.6*     443.8 
110914  144338  47  31.1455 N  62  47.4083 W   2.0        2.1       11.6        8.6      443.8 
110914  144339  47  31.1460 N  62  47.4086 W   2.0        2.1       11.6        8.6      443.8 
110914  144340  47  31.1466 N  62  47.4089 W   2.0        2.1       11.6        8.6      443.8 
110914  144341  47  31.1471 N  62  47.4093 W   2.0        2.1       11.6        8.6      443.8 
110914  144342  47  31.1477 N  62  47.4096 W   2.0        2.1       11.6        9.4*     443.8 
110914  144343  47  31.1483 N  62  47.4098 W   2.0        2.1       11.6        9.4      443.8 
110914  144344  47  31.1488 N  62  47.4100 W   2.0        2.1       11.6        9.4      443.8 
110914  144345  47  31.1493 N  62  47.4103 W   2.0        2.1       11.6        9.4      443.8 
110914  144346  47  31.1498 N  62  47.4106 W   2.0        2.1       11.6        9.4      443.8 
110914  144347  47  31.1503 N  62  47.4109 W   2.0        2.1       11.6        8.8*     443.8 
110914  144348  47  31.1508 N  62  47.4111 W   2.0        2.1       11.6        8.8      443.8 
110914  144349  47  31.1513 N  62  47.4113 W   1.9        2.1       11.6        8.8      443.8 
110914  144350  47  31.1518 N  62  47.4116 W   1.9        2.1       11.6        8.8      443.8 
110914  144351  47  31.1521 N  62  47.4117 W   1.9        2.1       11.6        8.8      443.8 
110914  144352  47  31.1524 N  62  47.4118 W   1.8        2.1       11.6        8.8      443.8 
110914  144353  47  31.1527 N  62  47.4121 W   1.7        2.1       11.6       12.5*     443.8 
110914  144354  47  31.1531 N  62  47.4124 W   1.6        2.1       11.6       12.5      443.8 
110914  144355  47  31.1535 N  62  47.4126 W   1.6        2.1       11.6       12.5      443.8 
110914  144356  47  31.1539 N  62  47.4129 W   1.5        2.1       11.6       12.5      443.8 
110914  144357  47  31.1541 N  62  47.4131 W   1.4        2.1       11.6       12.5      443.8 
110914  144358  47  31.1543 N  62  47.4133 W   1.3        2.1       11.6       11.3*     443.8 
110914  144359  47  31.1546 N  62  47.4134 W   1.3        2.1       11.6       11.3      443.8 
110914  144400  47  31.1548 N  62  47.4135 W   1.2        2.1       11.6       11.3      443.8 
110914  144401  47  31.1550 N  62  47.4137 W   1.2        2.1       11.6       11.3      443.8 
110914  144402  47  31.1552 N  62  47.4140 W   1.1        2.1       11.6       11.3      443.8 
110914  144403  47  31.1553 N  62  47.4141 W   1.0        2.1       11.6       10.8*     443.8 
110914  144404  47  31.1556 N  62  47.4142 W   1.0        2.1       11.6       10.8      443.8 
110914  144405  47  31.1559 N  62  47.4145 W   1.0        2.1       11.6       10.8      443.8 
110914  144406  47  31.1560 N  62  47.4146 W   0.9        2.1       11.6       10.8      443.8 
110914  144407  47  31.1561 N  62  47.4148 W   0.8        2.1       11.6       10.8      443.8 
110914  144408  47  31.1564 N  62  47.4150 W   0.9        2.1       11.6        0.8*     443.8 
110914  144409  47  31.1567 N  62  47.4152 W   0.9        2.1       11.6        0.8      443.8 
110914  144410  47  31.1568 N  62  47.4153 W   0.9        2.1       11.6        0.8      443.8 
110914  144411  47  31.1569 N  62  47.4154 W   0.8        2.1       11.6        0.8      443.8 
110914  144412  47  31.1570 N  62  47.4156 W   0.7        2.1       11.6        0.8      443.8 
110914  144413  47  31.1572 N  62  47.4158 W   0.7        4.8*      11.6        0.8      443.8 
110914  144414  47  31.1574 N  62  47.4158 W   0.7        4.8       11.6        9.5*     443.8 
110914  144415  47  31.1574 N  62  47.4158 W   0.6        4.8       11.6        9.5      443.8 
110914  144416  47  31.1575 N  62  47.4158 W   0.6        4.8       11.6        9.5      443.8 
110914  144417  47  31.1576 N  62  47.4159 W   0.6        4.8       11.6        9.5      443.8 
110914  144418  47  31.1577 N  62  47.4160 W   0.5        4.8       11.6        9.5      443.8 
110914  144419  47  31.1577 N  62  47.4161 W   0.5        4.8       11.6        8.1*     443.8 
110914  144420  47  31.1578 N  62  47.4161 W   0.5        4.8       11.6        8.1      443.8 
110914  144421  47  31.1578 N  62  47.4160 W   0.5        4.8       11.6        8.1      443.8 
110914  144422  47  31.1578 N  62  47.4159 W   0.4        4.8       11.6        8.1      443.8 
110914  144423  47  31.1578 N  62  47.4160 W   0.4        4.8       11.6        8.1      443.8 
110914  144424  47  31.1578 N  62  47.4160 W   0.3        4.8       11.6       11.6*     443.8 
110914  144425  47  31.1579 N  62  47.4161 W   0.4        4.8       11.6       11.6      443.8 
110914  144426  47  31.1580 N  62  47.4160 W   0.4        4.8       11.6       11.6      443.8 
110914  144427  47  31.1580 N  62  47.4160 W   0.3        4.8       11.6       11.6      443.8 
110914  144428  47  31.1579 N  62  47.4159 W   0.3        4.8       11.6       11.6      443.8 
110914  144429  47  31.1580 N  62  47.4158 W   0.3        4.8       11.6       11.6      443.8 
110914  144430  47  31.1580 N  62  47.4157 W   0.4        4.8       11.6       11.6      443.8 
110914  144431  47  31.1581 N  62  47.4158 W   0.3        4.8       11.6       11.6      443.8 
110914  144432  47  31.1581 N  62  47.4158 W   0.3        4.8       11.6       11.6      443.8 
110914  144433  47  31.1583 N  62  47.4158 W   0.4        4.8       11.6       11.6      443.8 
110914  144434  47  31.1584 N  62  47.4157 W   0.4        4.8       11.6       11.6      443.8 
110914  144435  47  31.1585 N  62  47.4158 W   0.4        4.8       11.6        3.4*     443.8 
110914  144436  47  31.1585 N  62  47.4158 W   0.3        4.8       11.6        3.4      443.8 
110914  144437  47  31.1586 N  62  47.4160 W   0.4        4.8        9.1*       3.4      443.8 
110914  144438  47  31.1589 N  62  47.4162 W   0.5        4.8        9.1        3.4      443.8 
110914  144439  47  31.1591 N  62  47.4161 W   0.5        4.8        9.1        3.4      443.8 
110914  144440  47  31.1592 N  62  47.4161 W   0.4        4.8        9.1        6.6*     443.8 
110914  144441  47  31.1593 N  62  47.4162 W   0.4        4.8        9.1        6.6      443.8 
110914  144442  47  31.1594 N  62  47.4163 W   0.5        4.8        9.1        6.6      443.8 
110914  144443  47  31.1596 N  62  47.4164 W   0.5        4.8        9.1        6.6      443.8 
110914  144444  47  31.1597 N  62  47.4164 W   0.5        4.8        9.1        6.6      443.8 
110914  144445  47  31.1598 N  62  47.4163 W   0.4        4.8        9.1       14.6*     443.8 
110914  144446  47  31.1600 N  62  47.4164 W   0.4        4.8        9.1       14.6      443.8 
110914  144447  47  31.1601 N  62  47.4165 W   0.4        4.8        9.1       14.6      443.8 
110914  144448  47  31.1602 N  62  47.4166 W   0.4        4.8        9.1       14.6      443.8 
110914  144449  47  31.1602 N  62  47.4165 W   0.4        4.8        9.1       14.6      443.8 
110914  144450  47  31.1604 N  62  47.4166 W   0.4        4.8        9.1       14.6      443.8 
110914  144451  47  31.1604 N  62  47.4166 W   0.4        4.8        9.1       14.9*     443.8 
110914  144452  47  31.1604 N  62  47.4166 W   0.4        4.8        9.1       14.9      443.8 
110914  144453  47  31.1604 N  62  47.4166 W   0.3        4.8        9.1       14.9      443.8 
110914  144454  47  31.1606 N  62  47.4166 W   0.4        4.8        9.1       14.9      443.8 
110914  144455  47  31.1607 N  62  47.4166 W   0.4        4.8        4.6*      14.9      443.8 
110914  144456  47  31.1607 N  62  47.4168 W   0.3        4.8        4.6       14.9      443.8 
110914  144457  47  31.1608 N  62  47.4169 W   0.3        4.8        4.6       14.9      443.8 
110914  144458  47  31.1608 N  62  47.4169 W   0.3        4.8        4.6       14.9      443.8 
110914  144459  47  31.1609 N  62  47.4169 W   0.3        4.8        4.6       14.9      443.8 
110914  144500  47  31.1610 N  62  47.4169 W   0.3        4.8        4.6       14.9      443.8 
110914  144501  47  31.1611 N  62  47.4169 W   0.3        4.8        4.6        8.1*     443.8 
110914  144502  47  31.1612 N  62  47.4172 W   0.3        4.8        4.6        8.1      443.8 
110914  144503  47  31.1613 N  62  47.4173 W   0.3        4.8        4.6        8.1      443.8 
110914  144504  47  31.1614 N  62  47.4173 W   0.3        4.8        4.6        8.1      443.8 
110914  144505  47  31.1616 N  62  47.4172 W   0.3        4.8        4.6        8.1      443.8 
110914  144506  47  31.1617 N  62  47.4172 W   0.3        4.8        4.6        7.7*     443.8 
110914  144507  47  31.1617 N  62  47.4175 W   0.3        4.8        4.6        7.7      443.8 
110914  144508  47  31.1618 N  62  47.4177 W   0.3        4.8        4.6        7.7      443.8 
110914  144509  47  31.1620 N  62  47.4178 W   0.4        4.8        4.6        7.7      443.8 
110914  144510  47  31.1621 N  62  47.4178 W   0.3        4.8        4.6        7.7      443.8 
110914  144511  47  31.1622 N  62  47.4179 W   0.3        4.8        4.6        7.7      443.8 
110914  144512  47  31.1623 N  62  47.4180 W   0.4        4.8        4.6       13.9*     443.8 
110914  144513  47  31.1624 N  62  47.4181 W   0.4        4.8        4.6       13.9      443.8 
110914  144514  47  31.1624 N  62  47.4181 W   0.4        4.8        4.6       13.9      443.8 
110914  144515  47  31.1624 N  62  47.4179 W   0.3        4.8        4.6       13.9      443.8 
110914  144516  47  31.1623 N  62  47.4176 W   0.3        4.8        4.6       13.9      443.8 
110914  144517  47  31.1622 N  62  47.4175 W   0.4        4.8        4.6        3.6*     443.8 
110914  144518  47  31.1622 N  62  47.4176 W   0.4        4.8        4.6        3.6      443.8 
110914  144519  47  31.1621 N  62  47.4176 W   0.4        4.8        4.6        3.6      443.8 
110914  144520  47  31.1621 N  62  47.4174 W   0.3        4.8        4.6        3.6      443.8 
110914  144521  47  31.1622 N  62  47.4172 W   0.3        4.8        4.6        3.6      443.8 
110914  144522  47  31.1622 N  62  47.4172 W   0.4        4.8        4.6        3.6      443.8 
110914  144523  47  31.1622 N  62  47.4173 W   0.4        4.8        4.6        3.6      443.8 
110914  144524  47  31.1622 N  62  47.4175 W   0.4        4.8        4.6        3.6      443.8 
110914  144525  47  31.1622 N  62  47.4175 W   0.4        4.8        4.6        3.6      443.8 
110914  144526  47  31.1623 N  62  47.4173 W   0.4        4.8        4.6        3.6      443.8 
110914  144527  47  31.1623 N  62  47.4172 W   0.3        4.8        4.6        6.4*     443.8 
110914  144528  47  31.1623 N  62  47.4173 W   0.3        4.8        4.6        6.4      443.8 
110914  144529  47  31.1623 N  62  47.4174 W   0.3        2.3*       4.6        6.4      443.8 
110914  144530  47  31.1624 N  62  47.4175 W   0.4        2.3        4.6        6.4      443.8 
110914  144531  47  31.1625 N  62  47.4174 W   0.4        2.3        4.6        6.4      443.8 
110914  144532  47  31.1625 N  62  47.4173 W   0.3        2.3        4.6        6.4      443.8 
110914  144533  47  31.1626 N  62  47.4175 W   0.3        2.3        4.6        6.4      443.8 
110914  144534  47  31.1626 N  62  47.4175 W   0.4        2.3        4.6        6.4      443.8 
110914  144535  47  31.1628 N  62  47.4176 W   0.4        2.3        4.6        6.4      443.8 
110914  144536  47  31.1629 N  62  47.4176 W   0.4        2.3        4.6        6.4      443.8 
110914  144537  47  31.1631 N  62  47.4176 W   0.4        2.3        4.6        6.4      443.8 
110914  144538  47  31.1633 N  62  47.4177 W   0.5        2.3        4.6        4.3*     443.8 
110914  144539  47  31.1635 N  62  47.4178 W   0.6        2.3        4.6        4.3      443.8 
