FileName: C:\TESTNE~1\GP076F.TXT
Local Time: Fri Jul 23 09:06:35 2010

Ship: July 23, 2010 Trip: GP076F Tow: 4
Comments: Zone 12  nord de PEI billhook island
 Date    Time     Latitude       Longitude    Speed    Primary  Secondary DoorSpread      Depth 
100723  120637  46  56.1237 N  63  21.8659 W   6.4        5.3*      10.5*       3.9*     573.6*
100723  120638  46  56.1249 N  63  21.8638 W   6.5        5.3       10.5        3.9      573.6 
100723  120639  46  56.1261 N  63  21.8618 W   6.5        5.3       10.5        3.9      573.6 
100723  120640  46  56.1273 N  63  21.8598 W   6.6        5.3       10.5        3.9      573.6 
100723  120641  46  56.1285 N  63  21.8577 W   6.6        5.3       10.5        3.9      573.6 
100723  120642  46  56.1297 N  63  21.8557 W   6.6        5.3       10.5        3.9      573.6 
100723  120643  46  56.1309 N  63  21.8537 W   6.6        5.3       10.5        3.9      573.6 
100723  120644  46  56.1321 N  63  21.8517 W   6.6        5.3       10.5        3.9      573.6 
100723  120645  46  56.1333 N  63  21.8497 W   6.6        5.3       10.5        3.9      573.6 
100723  120646  46  56.1344 N  63  21.8476 W   6.6        5.3       10.5        3.9      573.6 
100723  120647  46  56.1356 N  63  21.8456 W   6.6        5.3       10.5        3.9      573.6 
100723  120648  46  56.1366 N  63  21.8437 W   6.5        5.3       10.5        3.9      573.6 
100723  120649  46  56.1377 N  63  21.8420 W   6.4        5.3       10.5        3.9      573.6 
100723  120650  46  56.1387 N  63  21.8403 W   6.3        5.3       10.5        3.9      573.6 
100723  120651  46  56.1397 N  63  21.8385 W   6.1        5.3       10.5        3.9      573.6 
100723  120652  46  56.1406 N  63  21.8370 W   6.0        5.3       10.5        3.9      573.6 
100723  120653  46  56.1415 N  63  21.8355 W   5.8        5.3       10.5        3.9      573.6 
100723  120654  46  56.1423 N  63  21.8340 W   5.6        5.3       10.5        3.9      573.6 
100723  120655  46  56.1430 N  63  21.8325 W   5.5        5.3       10.5        3.9      573.6 
100723  120656  46  56.1438 N  63  21.8312 W   5.3        5.3       10.5        3.9      573.6 
100723  120657  46  56.1446 N  63  21.8300 W   5.1        5.3       10.5        3.9      573.6 
100723  120658  46  56.1453 N  63  21.8287 W   5.0        5.3       10.5        3.9      573.6 
100723  120659  46  56.1460 N  63  21.8273 W   4.8        5.3       10.5        3.9      573.6 
100723  120700  46  56.1467 N  63  21.8262 W   4.7        5.3       10.5        3.9      573.6 
100723  120701  46  56.1474 N  63  21.8250 W   4.5        5.3       10.5        3.9      573.6 
100723  120702  46  56.1480 N  63  21.8238 W   4.4        5.3       10.5        3.9      573.6 
100723  120703  46  56.1487 N  63  21.8226 W   4.3        5.3       10.5        3.9      573.6 
100723  120704  46  56.1493 N  63  21.8215 W   4.2        5.3       10.5        3.4*     573.6 
100723  120705  46  56.1499 N  63  21.8205 W   4.1        5.3       10.5        3.4      573.6 
100723  120706  46  56.1505 N  63  21.8194 W   4.0        5.3       10.5        3.4      573.6 
100723  120707  46  56.1511 N  63  21.8184 W   3.9        5.3       10.5        3.4      573.6 
100723  120708  46  56.1517 N  63  21.8174 W   3.8        5.3       10.5        3.4      573.6 
100723  120709  46  56.1522 N  63  21.8164 W   3.7        5.3       10.5        3.4      573.6 
100723  120710  46  56.1528 N  63  21.8153 W   3.6        5.3       10.5        2.7*     573.6 
100723  120711  46  56.1532 N  63  21.8143 W   3.6        5.3       10.5        2.7      573.6 
100723  120712  46  56.1537 N  63  21.8134 W   3.5        5.3       13.6*       2.7      573.6 
100723  120713  46  56.1541 N  63  21.8126 W   3.4        5.3       13.6        2.7      617.6*
100723  120714  46  56.1545 N  63  21.8117 W   3.3        5.3       13.6        2.7      617.6 
100723  120715  46  56.1549 N  63  21.8108 W   3.2        5.3       13.6        2.3*     617.6 
100723  120716  46  56.1554 N  63  21.8099 W   3.2        5.3       13.6        2.3      617.6 
100723  120717  46  56.1558 N  63  21.8090 W   3.1        5.3       13.6        2.3      617.6 
100723  120718  46  56.1562 N  63  21.8081 W   3.1        5.3       13.6        2.3        8.8*
100723  120719  46  56.1566 N  63  21.8073 W   3.0        5.3       13.6        2.3        8.8 
100723  120720  46  56.1569 N  63  21.8064 W   2.9        5.3       13.6        2.3*       8.8 
100723  120721  46  56.1574 N  63  21.8056 W   2.9        5.3       13.6        2.3        8.8 
100723  120722  46  56.1578 N  63  21.8047 W   2.9        5.3       13.6        2.3        8.8 
100723  120723  46  56.1581 N  63  21.8038 W   2.8        5.3       13.6        2.3        8.8 
100723  120724  46  56.1585 N  63  21.8028 W   2.8        5.3       13.6        2.3        2.6*
100723  120725  46  56.1591 N  63  21.8019 W   2.9        5.3       13.6        4.1*       2.6 
100723  120726  46  56.1596 N  63  21.8008 W   3.0        5.3       13.6        4.1        2.6 
100723  120727  46  56.1601 N  63  21.7996 W   3.1        5.3       13.6        4.1        2.6 
100723  120728  46  56.1608 N  63  21.7984 W   3.2        5.3       13.6        4.1        2.6 
100723  120729  46  56.1616 N  63  21.7970 W   3.3        5.3       13.6        4.1       18.0*
100723  120730  46  56.1623 N  63  21.7956 W   3.5        5.3       13.6        4.1       18.0 
100723  120731  46  56.1631 N  63  21.7940 W   3.7        5.3       13.6        4.1       18.0 
100723  120732  46  56.1641 N  63  21.7923 W   4.0        5.3       13.6        4.1       18.0 
100723  120733  46  56.1651 N  63  21.7907 W   4.2        5.3       13.6        4.1       18.0 
100723  120734  46  56.1661 N  63  21.7889 W   4.4        5.3       13.6        4.1       18.0 
100723  120735  46  56.1672 N  63  21.7870 W   4.7        5.3       13.6        4.1       18.0 
100723  120736  46  56.1682 N  63  21.7852 W   4.9        5.3       13.6        4.1       18.0 
100723  120737  46  56.1692 N  63  21.7834 W   5.0        5.3       13.6        4.1       18.0 
100723  120738  46  56.1703 N  63  21.7815 W   5.2        5.3       13.6        4.1       18.0 
100723  120739  46  56.1714 N  63  21.7795 W   5.4        5.3       13.6        4.1       18.0 
100723  120740  46  56.1726 N  63  21.7775 W   5.6        5.3       13.6        4.1      408.2*
100723  120741  46  56.1737 N  63  21.7754 W   5.7        5.3       13.6        4.1      408.2 
100723  120742  46  56.1749 N  63  21.7733 W   5.8        5.3       13.6        4.1      408.2 
100723  120743  46  56.1761 N  63  21.7712 W   6.0        5.3       13.6        4.1      408.2 
100723  120744  46  56.1774 N  63  21.7691 W   6.1        5.3       13.6        4.1      408.2 
100723  120745  46  56.1785 N  63  21.7669 W   6.2        5.3       13.6        4.1      408.2 
100723  120746  46  56.1797 N  63  21.7648 W   6.3        5.3       13.6        4.1      408.2 
100723  120747  46  56.1811 N  63  21.7626 W   6.4        5.3       13.6        4.1      408.2 
100723  120748  46  56.1823 N  63  21.7605 W   6.5        5.3       13.6        4.1      408.2 
100723  120749  46  56.1835 N  63  21.7584 W   6.6        5.3       13.6        4.1      408.2 
100723  120750  46  56.1848 N  63  21.7561 W   6.6        5.3       13.6        4.1      408.2 
100723  120751  46  56.1861 N  63  21.7539 W   6.7        5.3       13.6        4.1      408.2 
100723  120752  46  56.1874 N  63  21.7517 W   6.8        5.3       13.6        4.1      408.2 
100723  120753  46  56.1886 N  63  21.7495 W   6.8        5.3       13.6        4.1      408.2 
100723  120754  46  56.1899 N  63  21.7472 W   6.9        5.3       13.6        4.1      408.2 
100723  120755  46  56.1912 N  63  21.7449 W   6.9        5.3       13.6        4.1      408.2 
100723  120756  46  56.1925 N  63  21.7427 W   7.0        5.3       13.6        4.1      408.2 
100723  120757  46  56.1938 N  63  21.7404 W   7.1        5.3       13.6        4.1      408.2 
100723  120758  46  56.1951 N  63  21.7381 W   7.1        5.3       13.6        4.1      408.2 
100723  120759  46  56.1964 N  63  21.7359 W   7.1        5.3       13.6        4.1      408.2 
100723  120800  46  56.1978 N  63  21.7337 W   7.2        5.3       13.6        4.1      408.2 
100723  120801  46  56.1992 N  63  21.7315 W   7.2        5.3       13.6        4.1      408.2 
100723  120802  46  56.2005 N  63  21.7293 W   7.2        5.3       13.6        4.1      408.2 
100723  120803  46  56.2019 N  63  21.7271 W   7.2        5.3       13.6        4.1      408.2 
100723  120804  46  56.2033 N  63  21.7248 W   7.3        5.3       13.6        4.1      408.2 
100723  120805  46  56.2047 N  63  21.7225 W   7.3        5.3       13.6        4.1      408.2 
100723  120806  46  56.2061 N  63  21.7203 W   7.3        5.3       13.6        4.1      408.2 
100723  120807  46  56.2075 N  63  21.7182 W   7.3        5.3       13.6        4.1      408.2 
100723  120808  46  56.2090 N  63  21.7160 W   7.3        5.3       13.6        4.1      408.2 
100723  120809  46  56.2105 N  63  21.7138 W   7.4        5.3       13.6        4.1      408.2 
100723  120810  46  56.2119 N  63  21.7115 W   7.4        5.3       13.6        4.1      408.2 
100723  120811  46  56.2134 N  63  21.7093 W   7.4        5.3       13.6        4.1      408.2 
100723  120812  46  56.2148 N  63  21.7073 W   7.4        5.3       13.6        4.1      408.2 
100723  120813  46  56.2162 N  63  21.7052 W   7.3        5.3       13.6        4.1      408.2 
100723  120814  46  56.2177 N  63  21.7030 W   7.4        5.3       13.6        4.1      408.2 
100723  120815  46  56.2192 N  63  21.7008 W   7.4        5.3       13.6        4.1      408.2 
100723  120816  46  56.2206 N  63  21.6986 W   7.4        5.3       13.6        4.1      408.2 
100723  120817  46  56.2219 N  63  21.6964 W   7.4        5.3       13.6        4.1      408.2 
100723  120818  46  56.2234 N  63  21.6942 W   7.4        5.3       13.6        4.1      408.2 
100723  120819  46  56.2249 N  63  21.6921 W   7.4        5.3       13.6        4.1      408.2 
100723  120820  46  56.2263 N  63  21.6900 W   7.4        5.3       13.6        4.1      408.2 
100723  120821  46  56.2278 N  63  21.6879 W   7.4        5.3       13.6        4.1      408.2 
100723  120822  46  56.2293 N  63  21.6857 W   7.4        5.3       13.6        4.1      408.2 
100723  120823  46  56.2308 N  63  21.6835 W   7.4        5.3       13.6        4.1      408.2 
100723  120824  46  56.2323 N  63  21.6814 W   7.4        5.3       13.6        4.1      408.2 
100723  120825  46  56.2337 N  63  21.6792 W   7.4        5.3       13.6        4.1      408.2 
100723  120826  46  56.2353 N  63  21.6770 W   7.4        5.3       13.6        4.1      408.2 
100723  120827  46  56.2368 N  63  21.6749 W   7.4        5.3       13.6       48.5*     408.2 
100723  120828  46  56.2382 N  63  21.6726 W   7.4        5.3       13.6       48.5      408.2 
100723  120829  46  56.2397 N  63  21.6705 W   7.4        5.3       13.6       48.5      408.2 
100723  120830  46  56.2412 N  63  21.6684 W   7.4        5.3       13.6       48.5      408.2 
100723  120831  46  56.2428 N  63  21.6662 W   7.4        5.3       13.6       48.5      408.2 
100723  120832  46  56.2443 N  63  21.6641 W   7.4        5.3       13.6       48.5      408.2 
100723  120833  46  56.2458 N  63  21.6620 W   7.4        5.3       13.6       79.5*     408.2 
100723  120834  46  56.2473 N  63  21.6598 W   7.4        5.3       13.6       79.5      408.2 
100723  120835  46  56.2488 N  63  21.6576 W   7.5        5.3       13.6       79.5      408.2 
100723  120836  46  56.2503 N  63  21.6554 W   7.5        5.3       13.6       79.5      408.2 
100723  120837  46  56.2518 N  63  21.6533 W   7.5        5.3       13.6       79.5      408.2 
100723  120838  46  56.2534 N  63  21.6512 W   7.4        5.3       13.6       79.5      408.2 
100723  120839  46  56.2549 N  63  21.6491 W   7.4        5.3       13.6       79.5      408.2 
100723  120840  46  56.2563 N  63  21.6469 W   7.4        5.3       13.6       97.4*     408.2 
100723  120841  46  56.2578 N  63  21.6447 W   7.4        5.3       13.6       97.4      408.2 
100723  120842  46  56.2593 N  63  21.6425 W   7.4        5.3       13.6       97.4      408.2 
100723  120843  46  56.2609 N  63  21.6404 W   7.4        5.3       13.6       97.4      408.2 
100723  120844  46  56.2624 N  63  21.6382 W   7.5        5.3       13.6       97.4      408.2 
100723  120845  46  56.2639 N  63  21.6361 W   7.4        5.3       13.6       97.4      408.2 
100723  120846  46  56.2654 N  63  21.6340 W   7.4        5.3       13.6       97.4      408.2 
100723  120847  46  56.2669 N  63  21.6320 W   7.4        5.3       13.6       97.4      408.2 
100723  120848  46  56.2684 N  63  21.6299 W   7.3        5.3       13.6       97.4      408.2 
100723  120849  46  56.2697 N  63  21.6278 W   7.3        5.3       13.6       97.4      408.2 
100723  120850  46  56.2711 N  63  21.6257 W   7.3        5.3       13.6       97.4      408.2 
100723  120851  46  56.2725 N  63  21.6235 W   7.3        5.3       13.6       97.4      408.2 
100723  120852  46  56.2739 N  63  21.6213 W   7.3        5.3       13.6       97.4      408.2 
100723  120853  46  56.2752 N  63  21.6193 W   7.2        5.3       13.6       97.4      408.2 
100723  120854  46  56.2766 N  63  21.6173 W   7.2        5.3       13.6       97.4      408.2 
100723  120855  46  56.2777 N  63  21.6155 W   7.1        5.3       13.6       97.4      408.2 
100723  120856  46  56.2788 N  63  21.6136 W   7.0        5.3       13.6       97.4      408.2 
100723  120857  46  56.2800 N  63  21.6117 W   6.9        5.3       13.6       97.4      408.2 
100723  120858  46  56.2811 N  63  21.6098 W   6.8        5.3       13.6       97.4      408.2 
100723  120859  46  56.2821 N  63  21.6079 W   6.8        5.3       13.6       97.4      408.2 
100723  120900  46  56.2832 N  63  21.6061 W   6.7        5.3       13.6       97.4      408.2 
100723  120901  46  56.2844 N  63  21.6042 W   6.6        5.3       13.6       97.4      408.2 
100723  120902  46  56.2854 N  63  21.6025 W   6.5        5.3       13.6       97.4      408.2 
100723  120903  46  56.2865 N  63  21.6008 W   6.4        5.3       13.6       97.4      408.2 
100723  120904  46  56.2875 N  63  21.5991 W   6.3        5.3       13.6        6.8*     408.2 
100723  120905  46  56.2886 N  63  21.5973 W   6.2        5.3       13.6        6.8      408.2 
100723  120906  46  56.2896 N  63  21.5956 W   6.2        5.3       13.6        6.8      408.2 
100723  120907  46  56.2907 N  63  21.5939 W   6.1        5.3       13.6        6.8      408.2 
100723  120908  46  56.2915 N  63  21.5922 W   6.0        5.3       13.6        6.8      408.2 
100723  120909  46  56.2926 N  63  21.5905 W   6.0        5.3       13.6        6.8      408.2 
100723  120910  46  56.2936 N  63  21.5889 W   5.9        5.3       13.6        7.7*     408.2 
100723  120911  46  56.2946 N  63  21.5872 W   5.9        5.3       13.6        7.7      408.2 
100723  120912  46  56.2956 N  63  21.5854 W   5.9        5.3       13.6        7.7      408.2 
100723  120913  46  56.2965 N  63  21.5837 W   5.8        5.3       13.6        7.7      408.2 
100723  120914  46  56.2975 N  63  21.5821 W   5.7        5.3       13.6        7.7      408.2 
100723  120915  46  56.2985 N  63  21.5804 W   5.7        5.3       13.6        7.7      408.2 
100723  120916  46  56.2995 N  63  21.5788 W   5.7        5.3       13.6       61.9*     408.2 
100723  120917  46  56.3004 N  63  21.5773 W   5.6        5.3       13.6       61.9      408.2 
100723  120918  46  56.3014 N  63  21.5757 W   5.6        5.3       13.6       61.9      408.2 
100723  120919  46  56.3024 N  63  21.5740 W   5.6        5.3       13.6       61.9      408.2 
100723  120920  46  56.3033 N  63  21.5724 W   5.5        5.3       13.6       61.9      408.2 
100723  120921  46  56.3043 N  63  21.5706 W   5.5        5.3       13.6       61.9      408.2 
100723  120922  46  56.3053 N  63  21.5690 W   5.5        2.4*      13.6       61.9      408.2 
100723  120923  46  56.3063 N  63  21.5674 W   5.4        2.4       13.6       61.9      408.2 
100723  120924  46  56.3072 N  63  21.5657 W   5.5        2.4       13.6       61.9      408.2 
100723  120925  46  56.3082 N  63  21.5639 W   5.5        2.4       13.6       61.9      408.2 
100723  120926  46  56.3092 N  63  21.5623 W   5.5        2.4       13.6        6.5*     408.2 
100723  120927  46  56.3103 N  63  21.5607 W   5.4        2.4       13.6        6.5      408.2 
100723  120928  46  56.3114 N  63  21.5591 W   5.5        2.4       13.6        6.5      408.2 
100723  120929  46  56.3124 N  63  21.5575 W   5.5        2.4       13.6        6.5       30.4*
100723  120930  46  56.3134 N  63  21.5559 W   5.5        2.4       13.6        6.5       30.4 
100723  120931  46  56.3144 N  63  21.5543 W   5.5        2.4       13.6        6.5       30.4 
100723  120932  46  56.3154 N  63  21.5526 W   5.5        2.4       13.6        6.5       30.4 
100723  120933  46  56.3164 N  63  21.5510 W   5.5        2.4       13.6        6.5       30.4 
100723  120934  46  56.3175 N  63  21.5494 W   5.5        2.4       13.6        6.5       30.4 
100723  120935  46  56.3186 N  63  21.5478 W   5.5        2.2*      13.6        6.5       35.6*
100723  120936  46  56.3196 N  63  21.5460 W   5.5        2.2       13.6        6.5       35.6 
100723  120937  46  56.3206 N  63  21.5443 W   5.5        2.2       13.6        6.5       35.6 
100723  120938  46  56.3217 N  63  21.5427 W   5.5        2.2       13.6        6.5       35.6 
100723  120939  46  56.3229 N  63  21.5411 W   5.5        2.2       13.6        6.5       35.6 
100723  120940  46  56.3239 N  63  21.5394 W   5.5        2.2       13.6        6.5       29.9*
100723  120941  46  56.3249 N  63  21.5379 W   5.5        2.2       13.6       91.7*      29.9 
100723  120942  46  56.3260 N  63  21.5364 W   5.4        2.2       13.6       91.7       29.9 
100723  120943  46  56.3269 N  63  21.5349 W   5.4        2.2       13.6       91.7       29.9 
100723  120944  46  56.3277 N  63  21.5334 W   5.2        2.2       13.6       91.7       29.9 
100723  120945  46  56.3283 N  63  21.5322 W   5.0        2.2       13.6       91.7       33.9*
100723  120946  46  56.3290 N  63  21.5311 W   4.9        2.2       13.6       91.7       33.9 
100723  120947  46  56.3296 N  63  21.5299 W   4.7        2.2       13.6        4.7*      33.9 
100723  120948  46  56.3301 N  63  21.5287 W   4.5        2.2*      13.6        4.7       33.9 
100723  120949  46  56.3305 N  63  21.5276 W   4.3        2.2       13.6        4.7       33.9 
100723  120950  46  56.3311 N  63  21.5266 W   4.2        2.2       13.6        4.7       33.9 
100723  120951  46  56.3316 N  63  21.5256 W   4.0        2.2       13.6        4.7       29.0*
100723  120952  46  56.3320 N  63  21.5246 W   3.9        2.2       13.6        4.8*      29.0 
100723  120953  46  56.3324 N  63  21.5237 W   3.7        2.2       13.6        4.8       29.0 
100723  120954  46  56.3328 N  63  21.5228 W   3.5        2.2       13.6        4.8       29.0 
100723  120955  46  56.3331 N  63  21.5220 W   3.4        2.2       13.6        4.8       29.0 
100723  120956  46  56.3335 N  63  21.5212 W   3.3        2.2       13.6        4.8       29.0*
100723  120957  46  56.3338 N  63  21.5203 W   3.2        2.2       13.6        5.9*      29.0 
100723  120958  46  56.3341 N  63  21.5195 W   3.0        2.2       13.6        5.9       29.0 
100723  120959  46  56.3345 N  63  21.5188 W   2.9        2.2       13.6        5.9       29.0 
100723  121000  46  56.3347 N  63  21.5180 W   2.8        2.2       13.6        5.9       29.0 
100723  121001  46  56.3350 N  63  21.5173 W   2.7        2.1*      13.6        5.9       32.6*
100723  121002  46  56.3353 N  63  21.5165 W   2.7        2.1       13.6        6.1*      32.6 
100723  121003  46  56.3356 N  63  21.5158 W   2.6        2.1       13.6        6.1       32.6 
100723  121004  46  56.3359 N  63  21.5151 W   2.5        2.1       13.6        6.1       32.6 
100723  121005  46  56.3362 N  63  21.5144 W   2.4        2.1       13.6        6.1       32.6 
100723  121006  46  56.3365 N  63  21.5137 W   2.4        2.1       13.6        6.1       36.1*
100723  121007  46  56.3368 N  63  21.5131 W   2.3        2.1       13.6        6.1       36.1 
100723  121008  46  56.3370 N  63  21.5124 W   2.2        2.1       13.6        5.7*      36.1 
100723  121009  46  56.3373 N  63  21.5118 W   2.2        2.1       13.6        5.7       36.1 
100723  121010  46  56.3376 N  63  21.5111 W   2.1        2.1       13.6        5.7       36.1 
100723  121011  46  56.3379 N  63  21.5104 W   2.1        2.1       13.6        5.7       36.1 
100723  121012  46  56.3381 N  63  21.5097 W   2.1        2.1       13.6        5.7       29.9*
100723  121013  46  56.3383 N  63  21.5092 W   2.0        2.1       13.6        4.9*      29.9 
100723  121014  46  56.3385 N  63  21.5085 W   2.0        2.3*      13.6        4.9       29.9 
100723  121015  46  56.3387 N  63  21.5078 W   2.0        2.3       13.6        4.9       29.9 
100723  121016  46  56.3390 N  63  21.5072 W   1.9        2.3       13.6        4.9       29.9 
100723  121017  46  56.3392 N  63  21.5066 W   1.9        2.3       13.6        4.9       41.8*
100723  121018  46  56.3394 N  63  21.5059 W   1.9        2.3       13.6        7.4*      41.8 
100723  121019  46  56.3397 N  63  21.5052 W   1.9        2.3       13.6        7.4       41.8 
100723  121020  46  56.3399 N  63  21.5046 W   1.9        2.3       13.6        7.4       41.8 
100723  121021  46  56.3401 N  63  21.5040 W   1.8        2.3       13.6        7.4       41.8 
100723  121022  46  56.3402 N  63  21.5034 W   1.8        2.3       13.6        7.4       37.8*
100723  121023  46  56.3405 N  63  21.5027 W   1.8        2.3       13.6        4.8*      37.8 
100723  121024  46  56.3407 N  63  21.5021 W   1.8        2.3       13.6        4.8       37.8 
100723  121025  46  56.3408 N  63  21.5015 W   1.7        2.3       13.6        4.8       37.8 
100723  121026  46  56.3410 N  63  21.5010 W   1.7        2.3       13.6        4.8       37.8 
100723  121027  46  56.3413 N  63  21.5003 W   1.8        2.3*      13.6        4.8       37.8 
100723  121028  46  56.3415 N  63  21.4996 W   1.8        2.3       13.6        4.8       43.5*
100723  121029  46  56.3417 N  63  21.4990 W   1.7        2.3       13.6        5.3*      43.5 
100723  121030  46  56.3419 N  63  21.4984 W   1.7        2.3       13.6        5.3       43.5 
100723  121031  46  56.3421 N  63  21.4977 W   1.7        2.3       13.6        5.3       43.5 
100723  121032  46  56.3424 N  63  21.4970 W   1.7        2.3       13.6        5.3       43.5 
100723  121033  46  56.3426 N  63  21.4964 W   1.7        2.3       13.6        5.3       43.5*
100723  121034  46  56.3427 N  63  21.4958 W   1.7        2.3       13.6        5.0*      43.5 
100723  121035  46  56.3430 N  63  21.4950 W   1.8        2.3       13.6        5.0       43.5 
100723  121036  46  56.3432 N  63  21.4945 W   1.7        2.3       13.6        5.0       43.5 
100723  121037  46  56.3434 N  63  21.4937 W   1.7        2.3       13.6        5.0       43.5 
100723  121038  46  56.3437 N  63  21.4930 W   1.8        2.3       13.6        5.0       51.0*
100723  121039  46  56.3439 N  63  21.4923 W   1.8        2.3       13.6        5.0       51.0 
100723  121040  46  56.3441 N  63  21.4916 W   1.8        2.2*      13.6        5.0       51.0 
100723  121041  46  56.3444 N  63  21.4909 W   1.9        2.2       13.6        5.0       51.0 
100723  121042  46  56.3446 N  63  21.4901 W   1.9        2.2       13.6        5.0       51.0 
100723  121043  46  56.3448 N  63  21.4893 W   1.9        2.2       13.6        5.0       51.0 
100723  121044  46  56.3452 N  63  21.4885 W   2.0        2.2       13.6       33.6*      48.4*
100723  121045  46  56.3455 N  63  21.4877 W   2.0        2.2       13.6       33.6       48.4 
100723  121046  46  56.3457 N  63  21.4870 W   2.1        2.2       13.6       33.6       48.4 
100723  121047  46  56.3459 N  63  21.4862 W   2.1        2.2       13.6       33.6       48.4 
100723  121048  46  56.3462 N  63  21.4855 W   2.1        2.2       13.6       33.6       48.4 
100723  121049  46  56.3466 N  63  21.4847 W   2.1        2.2       13.6        5.8*      50.1*
100723  121050  46  56.3469 N  63  21.4839 W   2.2        2.2       13.6        5.8       50.1 
100723  121051  46  56.3472 N  63  21.4831 W   2.2        2.2       13.6        5.8       50.1 
100723  121052  46  56.3475 N  63  21.4823 W   2.2        2.2       13.6        5.8       50.1 
100723  121053  46  56.3479 N  63  21.4816 W   2.2        2.2*      13.6        5.8       50.1 
100723  121054  46  56.3483 N  63  21.4807 W   2.2        2.2       13.6        5.8       56.7*
100723  121055  46  56.3487 N  63  21.4798 W   2.2        2.2       13.6        9.2*      56.7 
100723  121056  46  56.3491 N  63  21.4790 W   2.2        2.2       13.6        9.2       56.7 
100723  121057  46  56.3495 N  63  21.4783 W   2.2        2.2       13.6        9.2       56.7 
100723  121058  46  56.3498 N  63  21.4774 W   2.3        2.2       13.6        9.2       56.7 
100723  121059  46  56.3501 N  63  21.4765 W   2.2        2.2       13.6        9.2       56.7 
100723  121100  46  56.3503 N  63  21.4759 W   2.2        2.2       13.6        4.2*      55.4*
100723  121101  46  56.3506 N  63  21.4752 W   2.2        2.2       13.6        4.2       55.4 
100723  121102  46  56.3509 N  63  21.4743 W   2.2        2.2       13.6        4.2       55.4 
100723  121103  46  56.3511 N  63  21.4735 W   2.2        2.2       13.6        4.2       55.4 
100723  121104  46  56.3513 N  63  21.4729 W   2.2        2.2       13.6        4.2       55.4 
100723  121105  46  56.3514 N  63  21.4722 W   2.2        2.2       13.6        4.2       56.3*
100723  121106  46  56.3517 N  63  21.4715 W   2.1        2.2       13.6        4.2       56.3 
100723  121107  46  56.3519 N  63  21.4707 W   2.1        2.2       13.6        4.2       56.3 
100723  121108  46  56.3521 N  63  21.4700 W   2.1        2.2       13.6        4.2       56.3 
100723  121109  46  56.3525 N  63  21.4693 W   2.1        2.2       13.6        4.2       56.3 
100723  121110  46  56.3529 N  63  21.4685 W   2.1        2.2       13.6        4.2       56.7*
100723  121111  46  56.3532 N  63  21.4678 W   2.1        2.2       10.4*      54.5*      56.7 
100723  121112  46  56.3535 N  63  21.4671 W   2.1        2.2       10.4       54.5       56.7 
100723  121113  46  56.3538 N  63  21.4664 W   2.1        2.2       10.4       54.5       56.7 
100723  121114  46  56.3540 N  63  21.4656 W   2.1        2.2       10.4       54.5       56.7 
100723  121115  46  56.3543 N  63  21.4649 W   2.1        2.2       10.4       54.5       56.7 
100723  121116  46  56.3545 N  63  21.4642 W   2.1        2.2       10.4        8.2*      56.3*
100723  121117  46  56.3548 N  63  21.4635 W   2.1        2.2       10.4        8.2       56.3 
100723  121118  46  56.3550 N  63  21.4627 W   2.1        2.2       10.4        8.2       56.3 
100723  121119  46  56.3551 N  63  21.4621 W   2.1        7.4*      10.4        8.2       56.3 
100723  121120  46  56.3554 N  63  21.4614 W   2.0        7.4       10.4        8.2       56.3 
100723  121121  46  56.3556 N  63  21.4607 W   2.1        7.4       10.4        8.0*      58.1*
100723  121122  46  56.3559 N  63  21.4599 W   2.1        7.4       10.4        8.0       58.1 
100723  121123  46  56.3560 N  63  21.4593 W   2.0        7.4       10.4        8.0       58.1 
100723  121124  46  56.3563 N  63  21.4586 W   2.0        7.4       10.4        8.0       58.1 
100723  121125  46  56.3566 N  63  21.4577 W   2.1        7.4       10.4        8.0       58.1 
100723  121126  46  56.3568 N  63  21.4570 W   2.1        7.4       10.4        8.0       58.9*
100723  121127  46  56.3571 N  63  21.4563 W   2.0        7.4       10.4       10.7*      58.9 
100723  121128  46  56.3574 N  63  21.4555 W   2.1        7.4       10.4       10.7       58.9 
100723  121129  46  56.3578 N  63  21.4547 W   2.1        7.4       10.4       10.7       58.9 
100723  121130  46  56.3580 N  63  21.4540 W   2.1        7.4       10.4       10.7       58.9 
100723  121131  46  56.3582 N  63  21.4533 W   2.1        7.4       10.4       10.7       58.9 
100723  121132  46  56.3585 N  63  21.4525 W   2.1        2.2*      10.4        9.1*      58.1*
100723  121133  46  56.3589 N  63  21.4517 W   2.1        2.2       10.4        9.1       58.1 
100723  121134  46  56.3591 N  63  21.4510 W   2.1        2.2       10.4        9.1       58.1 
100723  121135  46  56.3593 N  63  21.4503 W   2.0        2.2       10.4        9.1       58.1 
100723  121136  46  56.3597 N  63  21.4495 W   2.1        2.2       10.4        9.1       58.1 
100723  121137  46  56.3600 N  63  21.4487 W   2.1        2.2       10.4        7.1*      58.1*
100723  121138  46  56.3603 N  63  21.4480 W   2.1        2.2       10.4        7.1       58.1 
100723  121139  46  56.3606 N  63  21.4473 W   2.0        2.2       10.4        7.1       58.1 
100723  121140  46  56.3610 N  63  21.4465 W   2.0        2.2       10.4        7.1       58.1 
100723  121141  46  56.3613 N  63  21.4457 W   2.1        2.2       10.4        7.1       58.1 
100723  121142  46  56.3615 N  63  21.4450 W   2.1        2.2       10.4       12.5*      59.4*
100723  121143  46  56.3617 N  63  21.4444 W   2.0        2.2       10.4       12.5       59.4 
100723  121144  46  56.3621 N  63  21.4436 W   2.0        2.2       10.4       12.5       59.4 
100723  121145  46  56.3623 N  63  21.4428 W   2.1        2.2       10.4       12.5       59.4 
100723  121146  46  56.3626 N  63  21.4422 W   2.0        2.2       10.4       12.5       59.4 
100723  121147  46  56.3629 N  63  21.4415 W   2.0        2.2       10.4       12.5       59.4 
100723  121148  46  56.3632 N  63  21.4407 W   2.0        2.2       10.4        8.1*      58.1*
100723  121149  46  56.3636 N  63  21.4400 W   2.0        2.2       10.4        8.1       58.1 
100723  121150  46  56.3639 N  63  21.4393 W   2.0        2.2       10.4        8.1       58.1 
100723  121151  46  56.3642 N  63  21.4385 W   2.0        2.2       10.4        8.1       58.1 
100723  121152  46  56.3646 N  63  21.4378 W   2.0        2.2       10.4        8.1       58.1 
100723  121153  46  56.3649 N  63  21.4371 W   2.0        2.2       10.4       12.2*      58.9*
100723  121154  46  56.3652 N  63  21.4364 W   2.0        2.2       10.4       12.2       58.9 
100723  121155  46  56.3655 N  63  21.4357 W   2.0        2.2       10.4       12.2       58.9 
100723  121156  46  56.3659 N  63  21.4350 W   2.0        2.2       10.4       12.2       58.9 
100723  121157  46  56.3662 N  63  21.4343 W   2.0        2.2       10.4       12.2       58.9 
100723  121158  46  56.3665 N  63  21.4336 W   2.0        2.4*      10.4        4.8*      56.7*
100723  121159  46  56.3669 N  63  21.4329 W   2.0        2.4       10.4        4.8       56.7 
100723  121200  46  56.3671 N  63  21.4323 W   2.0        2.4       10.4        4.8       56.7 
100723  121201  46  56.3674 N  63  21.4316 W   2.0        2.4       10.4        4.8       56.7 
100723  121202  46  56.3677 N  63  21.4309 W   2.0        2.4       10.4        4.8       56.7 
100723  121203  46  56.3681 N  63  21.4302 W   2.0        2.4       10.4        4.8       56.7 
100723  121204  46  56.3684 N  63  21.4295 W   2.0        2.4       10.4        9.7*      67.7*
100723  121205  46  56.3688 N  63  21.4288 W   2.0        2.4       10.4        9.7       67.7 
100723  121206  46  56.3691 N  63  21.4281 W   2.0        2.4       10.4        9.7       67.7 
100723  121207  46  56.3694 N  63  21.4274 W   2.0        2.4       10.4        9.7       67.7 
100723  121208  46  56.3698 N  63  21.4266 W   2.1        2.4       10.4        9.7       67.7 
100723  121209  46  56.3702 N  63  21.4259 W   2.1        2.4       10.4        9.5*      48.8*
100723  121210  46  56.3706 N  63  21.4252 W   2.1        2.4       10.4        9.5       48.8 
100723  121211  46  56.3710 N  63  21.4245 W   2.1        2.4       13.3*       9.5       48.8 
100723  121212  46  56.3713 N  63  21.4238 W   2.1        2.4       13.3        9.5       48.8 
100723  121213  46  56.3717 N  63  21.4230 W   2.1        2.4       13.3        9.5       48.8 
100723  121214  46  56.3720 N  63  21.4222 W   2.1        2.4       13.3        9.8*      58.1*
100723  121215  46  56.3723 N  63  21.4216 W   2.1        2.4       13.3        9.8       58.1 
100723  121216  46  56.3726 N  63  21.4209 W   2.1        2.4       13.3        9.8       58.1 
100723  121217  46  56.3729 N  63  21.4201 W   2.1        2.4       13.3        9.8       58.1 
100723  121218  46  56.3732 N  63  21.4195 W   2.1        2.4       13.3        9.8       58.1 
100723  121219  46  56.3736 N  63  21.4188 W   2.0        2.4       13.3        9.7*      58.1 
100723  121220  46  56.3740 N  63  21.4180 W   2.1        2.4       13.3        9.7       55.0*
100723  121221  46  56.3744 N  63  21.4173 W   2.1        2.4       13.3        9.7       55.0 
100723  121222  46  56.3746 N  63  21.4167 W   2.0        2.4       13.3        9.7       55.0 
100723  121223  46  56.3750 N  63  21.4161 W   2.0        2.1*      13.3        9.7       55.0 
100723  121224  46  56.3754 N  63  21.4153 W   2.1        2.1       13.3        9.7       55.0 
100723  121225  46  56.3757 N  63  21.4145 W   2.1        2.1       13.3        9.7*      58.5*
100723  121226  46  56.3760 N  63  21.4138 W   2.1        2.1       13.3        9.7       58.5 
100723  121227  46  56.3765 N  63  21.4132 W   2.1        2.1       13.3        9.7       58.5 
100723  121228  46  56.3769 N  63  21.4125 W   2.1        2.1       13.3        9.7       58.5 
100723  121229  46  56.3773 N  63  21.4118 W   2.1        2.1       13.3        9.7       58.5 
100723  121230  46  56.3776 N  63  21.4111 W   2.1        2.1       13.3        9.8*      55.4*
100723  121231  46  56.3779 N  63  21.4104 W   2.1        2.1       13.3        9.8       55.4 
100723  121232  46  56.3783 N  63  21.4097 W   2.1        2.1       13.3        9.8       55.4 
100723  121233  46  56.3787 N  63  21.4089 W   2.1        2.1       13.3        9.8       55.4 
100723  121234  46  56.3791 N  63  21.4082 W   2.1        2.1       13.3        9.8       55.4 
100723  121235  46  56.3794 N  63  21.4076 W   2.1        2.1       13.3       13.4*      55.4 
100723  121236  46  56.3797 N  63  21.4069 W   2.1        2.4*      13.3       13.4       55.4 
100723  121237  46  56.3802 N  63  21.4061 W   2.1        2.4       13.3       13.4       55.4 
100723  121238  46  56.3805 N  63  21.4054 W   2.1        2.4       13.3       13.4       55.4 
100723  121239  46  56.3807 N  63  21.4048 W   2.1        2.4       13.3       13.4       55.4 
100723  121240  46  56.3811 N  63  21.4040 W   2.1        2.4       13.3       13.4       55.4 
100723  121241  46  56.3814 N  63  21.4033 W   2.1        2.4       13.3        7.5*     351.9*
100723  121242  46  56.3818 N  63  21.4026 W   2.1        2.4       13.3        7.5      351.9 
100723  121243  46  56.3822 N  63  21.4018 W   2.1        2.4       13.3        7.5      351.9 
100723  121244  46  56.3825 N  63  21.4010 W   2.1        2.4       13.3        7.5      351.9 
100723  121245  46  56.3828 N  63  21.4003 W   2.1        2.4       13.3        7.5      351.9 
100723  121246  46  56.3832 N  63  21.3996 W   2.1        2.4       13.3       12.7*      65.1*
100723  121247  46  56.3836 N  63  21.3988 W   2.1        2.4       13.3       12.7       65.1 
100723  121248  46  56.3836 N  63  21.3981 W   2.1        2.4       13.3       12.7       65.1 
100723  121249  46  56.3839 N  63  21.3974 W   2.1        2.3*      13.3       12.7       65.1 
100723  121250  46  56.3841 N  63  21.3968 W   2.1        2.3       13.3       12.7       65.1 
100723  121251  46  56.3844 N  63  21.3960 W   2.2        2.3       13.3        7.4*      65.1 
100723  121252  46  56.3847 N  63  21.3953 W   2.2        2.3       13.3        7.4       48.4*
100723  121253  46  56.3850 N  63  21.3946 W   2.2        2.3       13.3        7.4       48.4 
100723  121254  46  56.3854 N  63  21.3938 W   2.2        2.3       13.3        7.4       48.4 
100723  121255  46  56.3859 N  63  21.3930 W   2.2        2.3       13.3        7.4       48.4 
100723  121256  46  56.3863 N  63  21.3923 W   2.2        2.3       13.3        9.4*      48.4 
100723  121257  46  56.3866 N  63  21.3916 W   2.2        2.3       13.3        9.4       55.9*
100723  121258  46  56.3869 N  63  21.3908 W   2.2        2.3       13.3        9.4       55.9 
100723  121259  46  56.3874 N  63  21.3900 W   2.2        2.3       13.3        9.4       55.9 
100723  121300  46  56.3878 N  63  21.3891 W   2.3        2.3       13.3        9.4       55.9 
100723  121301  46  56.3882 N  63  21.3884 W   2.2        2.3       13.3        9.4       55.9 
100723  121302  46  56.3885 N  63  21.3878 W   2.2        2.5*      13.3        9.4*      57.6*
100723  121303  46  56.3888 N  63  21.3870 W   2.2        2.5       13.3        9.4       57.6 
100723  121304  46  56.3892 N  63  21.3861 W   2.3        2.5       13.3        9.4       57.6 
100723  121305  46  56.3896 N  63  21.3854 W   2.2        2.5       13.3        9.4       57.6 
100723  121306  46  56.3900 N  63  21.3848 W   2.2        2.5       13.3        9.4       57.6 
100723  121307  46  56.3904 N  63  21.3840 W   2.2        2.5       13.3       10.0*      57.6 
100723  121308  46  56.3908 N  63  21.3832 W   2.3        2.5       13.3       10.0       58.1*
100723  121309  46  56.3912 N  63  21.3825 W   2.2        2.5       13.3       10.0       58.1 
100723  121310  46  56.3914 N  63  21.3818 W   2.2        2.5       13.3       10.0       58.1 
100723  121311  46  56.3918 N  63  21.3811 W   2.2        2.5       13.3       10.0       58.1 
100723  121312  46  56.3921 N  63  21.3805 W   2.2        2.5       13.3       10.4*      58.1 
100723  121313  46  56.3924 N  63  21.3797 W   2.2        2.5       13.3       10.4       61.1*
100723  121314  46  56.3926 N  63  21.3792 W   2.1        2.5       13.3       10.4       61.1 
100723  121315  46  56.3930 N  63  21.3785 W   2.1        2.1*      13.3       10.4       61.1 
100723  121316  46  56.3933 N  63  21.3776 W   2.1        2.1       13.3       10.4       61.1 
100723  121317  46  56.3936 N  63  21.3770 W   2.1        2.1       13.3       10.4       61.1 
100723  121318  46  56.3940 N  63  21.3763 W   2.1        2.1       13.3        9.2*      58.9*
100723  121319  46  56.3943 N  63  21.3756 W   2.1        2.1       13.3        9.2       58.9 
100723  121320  46  56.3946 N  63  21.3748 W   2.1        2.1       13.3        9.2       58.9 
100723  121321  46  56.3950 N  63  21.3741 W   2.1        2.1       13.3        9.2       58.9 
100723  121322  46  56.3953 N  63  21.3735 W   2.0        2.1       13.3        9.2       58.9 
100723  121323  46  56.3956 N  63  21.3728 W   2.0        2.1       13.3       10.3*      58.9 
100723  121324  46  56.3960 N  63  21.3720 W   2.1        2.1       13.3       10.3       51.9*
100723  121325  46  56.3962 N  63  21.3713 W   2.0        2.1       13.3       10.3       51.9 
100723  121326  46  56.3965 N  63  21.3706 W   2.0        2.1       13.3       10.3       51.9 
100723  121327  46  56.3969 N  63  21.3699 W   2.0        2.1       13.3       10.3       51.9 
100723  121328  46  56.3972 N  63  21.3692 W   2.0        2.1       13.3       11.3*      51.9 
100723  121329  46  56.3975 N  63  21.3685 W   2.0        2.1       13.3       11.3       63.8*
100723  121330  46  56.3979 N  63  21.3677 W   2.0        2.1       13.3       11.3       63.8 
100723  121331  46  56.3982 N  63  21.3670 W   2.1        2.1       13.3       11.3       63.8 
100723  121332  46  56.3986 N  63  21.3662 W   2.1        2.1       13.3       11.3       63.8 
100723  121333  46  56.3988 N  63  21.3655 W   2.1        2.1       13.3       11.3       63.8 
100723  121334  46  56.3992 N  63  21.3648 W   2.1        2.1       13.3        8.4*      51.5*
100723  121335  46  56.3995 N  63  21.3641 W   2.1        2.1       13.3        8.4       51.5 
100723  121336  46  56.3998 N  63  21.3634 W   2.1        2.1       13.3        8.4       51.5 
100723  121337  46  56.4001 N  63  21.3627 W   2.1        2.1       13.3        8.4       51.5 
100723  121338  46  56.4004 N  63  21.3619 W   2.1        2.1       13.3        8.4       51.5 
100723  121339  46  56.4008 N  63  21.3612 W   2.1        2.1       13.3        9.4*      51.5 
100723  121340  46  56.4011 N  63  21.3605 W   2.1        2.1       13.3        9.4       55.4*
100723  121341  46  56.4013 N  63  21.3597 W   2.1        2.5*      13.3        9.4       55.4 
100723  121342  46  56.4016 N  63  21.3590 W   2.1        2.5       13.3        9.4       55.4 
100723  121343  46  56.4019 N  63  21.3582 W   2.1        2.5       13.3        9.4       55.4 
100723  121344  46  56.4022 N  63  21.3575 W   2.1        2.5       13.3       10.1*      55.4 
100723  121345  46  56.4026 N  63  21.3567 W   2.1        2.5       13.3       10.1       58.5*
100723  121346  46  56.4029 N  63  21.3560 W   2.1        2.5       13.3       10.1       58.5 
100723  121347  46  56.4032 N  63  21.3552 W   2.1        2.5       13.3       10.1       58.5 
100723  121348  46  56.4034 N  63  21.3545 W   2.1        2.5       13.3       10.1       58.5 
100723  121349  46  56.4037 N  63  21.3537 W   2.1        2.5       13.3        9.8*      58.5 
100723  121350  46  56.4040 N  63  21.3530 W   2.1        2.5       13.3        9.8       62.0*
100723  121351  46  56.4043 N  63  21.3522 W   2.1        2.5       13.3        9.8       62.0 
100723  121352  46  56.4045 N  63  21.3515 W   2.1        2.5       13.3        9.8       62.0 
100723  121353  46  56.4049 N  63  21.3506 W   2.1        2.5       13.3        9.8       62.0 
100723  121354  46  56.4051 N  63  21.3499 W   2.1        2.2*      13.3        9.8       62.0 
100723  121355  46  56.4052 N  63  21.3492 W   2.1        2.2       13.3        9.8*      62.0 
100723  121356  46  56.4055 N  63  21.3485 W   2.1        2.2       13.3        9.8       53.7*
100723  121357  46  56.4058 N  63  21.3476 W   2.2        2.2       13.3        9.8       53.7 
100723  121358  46  56.4060 N  63  21.3469 W   2.2        2.2       13.3        9.8       53.7 
100723  121359  46  56.4062 N  63  21.3461 W   2.1        2.2       13.3        9.8       53.7 
100723  121400  46  56.4065 N  63  21.3454 W   2.1        2.2       13.3       12.1*      53.7 
100723  121401  46  56.4066 N  63  21.3446 W   2.1        2.2       13.3       12.1        4.0*
100723  121402  46  56.4069 N  63  21.3438 W   2.1        2.2       13.3       12.1        4.0 
100723  121403  46  56.4073 N  63  21.3430 W   2.1        2.2       13.3       12.1        4.0 
100723  121404  46  56.4074 N  63  21.3424 W   2.1        2.2       13.3       12.1        4.0 
100723  121405  46  56.4077 N  63  21.3415 W   2.1        2.2       13.3        7.5*       4.0 
100723  121406  46  56.4079 N  63  21.3407 W   2.2        2.2       13.3        7.5      107.3*
100723  121407  46  56.4081 N  63  21.3400 W   2.1        2.1*      13.3        7.5      107.3 
100723  121408  46  56.4083 N  63  21.3393 W   2.1        2.1       13.3        7.5      107.3 
100723  121409  46  56.4085 N  63  21.3385 W   2.2        2.1       13.3        7.5      107.3 
100723  121410  46  56.4087 N  63  21.3377 W   2.2        2.1       13.3        7.5      107.3 
100723  121411  46  56.4086 N  63  21.3372 W   2.2        2.1       13.3       10.0*     107.3 
100723  121412  46  56.4087 N  63  21.3364 W   2.2        2.1       13.3       10.0       61.1*
100723  121413  46  56.4088 N  63  21.3358 W   2.2        2.1       13.3       10.0       61.1 
100723  121414  46  56.4090 N  63  21.3352 W   2.2        2.1       13.3       10.0       61.1 
100723  121415  46  56.4092 N  63  21.3344 W   2.2        2.1       13.3       10.0       61.1 
100723  121416  46  56.4093 N  63  21.3336 W   2.2        2.1       13.3       11.9*      61.1 
100723  121417  46  56.4096 N  63  21.3329 W   2.2        2.1       13.3       11.9       55.9*
100723  121418  46  56.4099 N  63  21.3322 W   2.2        2.1       13.3       11.9       55.9 
100723  121419  46  56.4102 N  63  21.3314 W   2.2        2.1       13.3       11.9       55.9 
100723  121420  46  56.4104 N  63  21.3305 W   2.2        2.1*      13.3       11.9       55.9 
100723  121421  46  56.4107 N  63  21.3299 W   2.2        2.1       13.3        7.4*      55.9 
100723  121422  46  56.4110 N  63  21.3292 W   2.1        2.1       13.3        7.4       88.4*
100723  121423  46  56.4113 N  63  21.3285 W   2.1        2.1       13.3        7.4       88.4 
100723  121424  46  56.4116 N  63  21.3277 W   2.2        2.1       13.3        7.4       88.4 
100723  121425  46  56.4119 N  63  21.3270 W   2.1        2.1       13.3        7.4       88.4 
100723  121426  46  56.4122 N  63  21.3264 W   2.1        2.1       13.3        7.4       88.4 
100723  121427  46  56.4125 N  63  21.3257 W   2.1        2.1       13.3       10.2*      88.4 
100723  121428  46  56.4128 N  63  21.3249 W   2.1        2.1       13.3       10.2       24.6*
100723  121429  46  56.4132 N  63  21.3242 W   2.1        2.1       13.3       10.2       24.6 
100723  121430  46  56.4135 N  63  21.3236 W   2.1        2.1       13.3       10.2       24.6 
100723  121431  46  56.4138 N  63  21.3229 W   2.1        2.1       13.3       10.2       24.6 
100723  121432  46  56.4142 N  63  21.3222 W   2.1        2.1       13.3       10.3*      24.6 
100723  121433  46  56.4145 N  63  21.3215 W   2.1        2.8*      13.3       10.3       69.5*
100723  121434  46  56.4149 N  63  21.3208 W   2.1        2.8       13.3       10.3       69.5 
100723  121435  46  56.4153 N  63  21.3201 W   2.1        2.8       13.3       10.3       69.5 
100723  121436  46  56.4156 N  63  21.3194 W   2.1        2.8       13.3       10.3       69.5 
100723  121437  46  56.4159 N  63  21.3188 W   2.1        2.8       13.3       10.0*      69.5 
100723  121438  46  56.4163 N  63  21.3181 W   2.1        2.8       13.3       10.0       43.5*
100723  121439  46  56.4167 N  63  21.3174 W   2.1        2.8       13.3       10.0       43.5 
100723  121440  46  56.4170 N  63  21.3167 W   2.0        2.8       13.3       10.0       43.5 
100723  121441  46  56.4174 N  63  21.3161 W   2.0        2.8       13.3       10.0       43.5 
100723  121442  46  56.4178 N  63  21.3154 W   2.1        2.8       13.3       10.0       43.5 
100723  121443  46  56.4181 N  63  21.3146 W   2.1        2.8       13.3       12.4*      43.5 
100723  121444  46  56.4185 N  63  21.3139 W   2.1        2.8       13.3       12.4       43.5 
100723  121445  46  56.4188 N  63  21.3133 W   2.0        2.8       13.3       12.4       43.5 
100723  121446  46  56.4191 N  63  21.3126 W   2.0        2.2*      13.3       12.4       43.5 
100723  121447  46  56.4195 N  63  21.3118 W   2.1        2.2       13.3       12.4       43.5 
100723  121448  46  56.4199 N  63  21.3110 W   2.1        2.2       13.3        7.2*      43.5 
100723  121449  46  56.4202 N  63  21.3104 W   2.1        2.2       13.3        7.2       43.5 
100723  121450  46  56.4205 N  63  21.3097 W   2.1        2.2       13.3        7.2       43.5 
100723  121451  46  56.4210 N  63  21.3090 W   2.1        2.2       13.3        7.2       43.5 
100723  121452  46  56.4214 N  63  21.3083 W   2.1        2.2       13.3        7.2       43.5 
100723  121453  46  56.4217 N  63  21.3075 W   2.1        2.2       13.3       10.5*      43.5 
100723  121454  46  56.4220 N  63  21.3068 W   2.1        2.2       13.3       10.5      394.1*
100723  121455  46  56.4223 N  63  21.3062 W   2.1        2.2       13.3       10.5      394.1 
100723  121456  46  56.4228 N  63  21.3055 W   2.1        2.2       13.3       10.5      394.1 
100723  121457  46  56.4231 N  63  21.3048 W   2.1        2.2       13.3       10.5      394.1 
100723  121458  46  56.4234 N  63  21.3041 W   2.1        2.2       13.3        9.3*     394.1 
100723  121459  46  56.4238 N  63  21.3034 W   2.1        2.2       13.4*       9.3      394.1 
100723  121500  46  56.4242 N  63  21.3026 W   2.1        2.2       13.4        9.3       73.0*
100723  121501  46  56.4246 N  63  21.3020 W   2.1        2.2       13.4        9.3       73.0 
100723  121502  46  56.4249 N  63  21.3012 W   2.1        2.2       13.4        9.3       73.0 
100723  121503  46  56.4253 N  63  21.3005 W   2.1        2.2       13.4        9.3       73.0 
100723  121504  46  56.4256 N  63  21.2998 W   2.1        2.2       13.4       11.8*      73.0 
100723  121505  46  56.4258 N  63  21.2991 W   2.1        2.2       13.4       11.8       40.5*
100723  121506  46  56.4262 N  63  21.2984 W   2.1        2.2       13.4       11.8       40.5 
100723  121507  46  56.4266 N  63  21.2977 W   2.1        2.2       13.4       11.8       40.5 
100723  121508  46  56.4269 N  63  21.2969 W   2.1        2.2       13.4       11.8       40.5 
100723  121509  46  56.4273 N  63  21.2962 W   2.1        2.2       13.4        8.4*      40.5 
100723  121510  46  56.4277 N  63  21.2955 W   2.1        2.2       13.4        8.4       55.4*
100723  121511  46  56.4281 N  63  21.2947 W   2.2        2.2       13.4        8.4       55.4 
100723  121512  46  56.4284 N  63  21.2939 W   2.1        2.2*      13.4        8.4       55.4 
100723  121513  46  56.4286 N  63  21.2933 W   2.1        2.2       13.4        8.4       55.4 
100723  121514  46  56.4289 N  63  21.2926 W   2.1        2.2       13.4       11.2*      55.4 
100723  121515  46  56.4292 N  63  21.2918 W   2.2        2.2       13.4       11.2       55.4 
100723  121516  46  56.4295 N  63  21.2911 W   2.1        2.2       13.4       11.2       55.9*
100723  121517  46  56.4298 N  63  21.2904 W   2.1        2.2       13.4       11.2       55.9 
100723  121518  46  56.4303 N  63  21.2897 W   2.1        2.2       13.4       11.2       55.9 
100723  121519  46  56.4308 N  63  21.2890 W   2.1        2.2       13.4       11.2       55.9 
100723  121520  46  56.4311 N  63  21.2883 W   2.1        2.2       13.4        7.1*      55.9 
100723  121521  46  56.4315 N  63  21.2876 W   2.1        2.2       13.4        7.1       56.7*
100723  121522  46  56.4320 N  63  21.2869 W   2.1        2.2       13.4        7.1       56.7 
100723  121523  46  56.4324 N  63  21.2863 W   2.1        2.2       13.4        7.1       56.7 
100723  121524  46  56.4327 N  63  21.2856 W   2.1        2.2       13.4        7.1       56.7 
100723  121525  46  56.4331 N  63  21.2849 W   2.1        2.1*      13.4       10.2*      56.7 
100723  121526  46  56.4335 N  63  21.2842 W   2.1        2.1       13.4       10.2       57.2*
100723  121527  46  56.4338 N  63  21.2835 W   2.1        2.1       13.4       10.2       57.2 
100723  121528  46  56.4342 N  63  21.2828 W   2.1        2.1       13.4       10.2       57.2 
100723  121529  46  56.4346 N  63  21.2821 W   2.1        2.1       13.4       10.2       57.2 
100723  121530  46  56.4350 N  63  21.2814 W   2.1        2.1       13.4        9.2*      57.2 
100723  121531  46  56.4353 N  63  21.2808 W   2.1        2.1       13.4        9.2       57.2 
100723  121532  46  56.4357 N  63  21.2801 W   2.1        2.1       13.4        9.2       58.1*
100723  121533  46  56.4361 N  63  21.2794 W   2.1        2.1       13.4        9.2       58.1 
100723  121534  46  56.4364 N  63  21.2787 W   2.0        2.1       13.4        9.2       58.1 
100723  121535  46  56.4367 N  63  21.2780 W   2.1        2.1       13.4        9.2       58.1 
100723  121536  46  56.4369 N  63  21.2774 W   2.0        2.1       13.4       10.1*      58.1 
100723  121537  46  56.4373 N  63  21.2767 W   2.0        2.1       13.4       10.1       55.4*
100723  121538  46  56.4376 N  63  21.2760 W   2.0        2.1       13.4       10.1       55.4 
100723  121539  46  56.4380 N  63  21.2754 W   2.0        2.1       13.4       10.1       55.4 
100723  121540  46  56.4383 N  63  21.2747 W   2.0        2.1       13.4       10.1       55.4 
100723  121541  46  56.4385 N  63  21.2740 W   2.0        2.1       13.4       10.2*      55.4 
100723  121542  46  56.4388 N  63  21.2734 W   2.0        2.1       13.4       10.2       56.7*
100723  121543  46  56.4392 N  63  21.2727 W   2.0        2.1       13.4       10.2       56.7 
100723  121544  46  56.4395 N  63  21.2720 W   2.0        2.1       13.4       10.2       56.7 
100723  121545  46  56.4398 N  63  21.2712 W   2.0        2.1       13.4       10.2       56.7 
100723  121546  46  56.4402 N  63  21.2705 W   2.0        2.1       13.4       10.4*      56.7 
100723  121547  46  56.4405 N  63  21.2698 W   2.0        2.1       13.4       10.4       56.7 
100723  121548  46  56.4409 N  63  21.2692 W   2.0        2.1       13.4       10.4       56.3*
100723  121549  46  56.4413 N  63  21.2684 W   2.0        2.1       13.4       10.4       56.3 
100723  121550  46  56.4416 N  63  21.2677 W   2.1        2.1       13.4       10.4       56.3 
100723  121551  46  56.4420 N  63  21.2669 W   2.1        2.1       13.4       10.4       56.3 
100723  121552  46  56.4423 N  63  21.2663 W   2.1        2.1       13.4       11.2*      56.3 
100723  121553  46  56.4427 N  63  21.2656 W   2.1        2.1       13.4       11.2       54.5*
100723  121554  46  56.4429 N  63  21.2649 W   2.1        2.1       13.4       11.2       54.5 
100723  121555  46  56.4434 N  63  21.2641 W   2.1        2.1       13.4       11.2       54.5 
100723  121556  46  56.4437 N  63  21.2635 W   2.1        2.1       13.4       11.2       54.5 
100723  121557  46  56.4441 N  63  21.2627 W   2.1        2.1       13.4        7.7*      54.5 
100723  121558  46  56.4445 N  63  21.2619 W   2.2        2.1       13.4        7.7       58.1*
100723  121559  46  56.4450 N  63  21.2612 W   2.2        2.1       13.4        7.7       58.1 
100723  121600  46  56.4454 N  63  21.2605 W   2.2        2.1       13.4        7.7       58.1 
100723  121601  46  56.4458 N  63  21.2597 W   2.2        2.1       13.4        7.7       58.1 
100723  121602  46  56.4462 N  63  21.2589 W   2.2        2.1       13.4       11.8*      58.1 
100723  121603  46  56.4467 N  63  21.2582 W   2.2        2.1       13.4       11.8       58.1 
100723  121604  46  56.4471 N  63  21.2575 W   2.2        2.5*      13.4       11.8       54.5*
100723  121605  46  56.4475 N  63  21.2568 W   2.2        2.5       13.4       11.8       54.5 
100723  121606  46  56.4479 N  63  21.2561 W   2.2        2.5       13.4       11.8       54.5 
100723  121607  46  56.4482 N  63  21.2555 W   2.2        2.5       13.4        6.0*      54.5 
100723  121608  46  56.4486 N  63  21.2548 W   2.2        2.5       13.4        6.0       54.5 
100723  121609  46  56.4491 N  63  21.2540 W   2.2        2.5       13.4        6.0       58.1*
100723  121610  46  56.4496 N  63  21.2532 W   2.2        2.5       13.4        6.0       58.1 
100723  121611  46  56.4500 N  63  21.2526 W   2.2        2.5       13.4        6.0       58.1 
100723  121612  46  56.4504 N  63  21.2518 W   2.2        2.5       13.4        6.0       58.1 
100723  121613  46  56.4508 N  63  21.2512 W   2.2        2.5       13.4        9.6*      58.1 
100723  121614  46  56.4511 N  63  21.2506 W   2.2        2.5       13.4        9.6       70.4*
100723  121615  46  56.4516 N  63  21.2498 W   2.2        2.5       13.4        9.6       70.4 
100723  121616  46  56.4521 N  63  21.2491 W   2.2        2.5       13.4        9.6       70.4 
100723  121617  46  56.4525 N  63  21.2485 W   2.2        2.1*      13.4        9.6       70.4 
100723  121618  46  56.4528 N  63  21.2476 W   2.2        2.1       13.4        9.4*      70.4 
100723  121619  46  56.4532 N  63  21.2468 W   2.2        2.1       13.4        9.4       70.4 
100723  121620  46  56.4535 N  63  21.2462 W   2.2        2.1       13.4        9.4       40.9*
100723  121621  46  56.4539 N  63  21.2454 W   2.2        2.1       13.4        9.4       40.9 
100723  121622  46  56.4543 N  63  21.2446 W   2.2        2.1       13.4        9.4       40.9 
100723  121623  46  56.4546 N  63  21.2440 W   2.1        2.1        2.6*      16.2*      40.9 
100723  121624  46  56.4550 N  63  21.2434 W   2.1        2.1        2.6       16.2       40.9 
100723  121625  46  56.4553 N  63  21.2428 W   2.0        2.1        2.6       16.2      103.8*
100723  121626  46  56.4553 N  63  21.2423 W   1.9        2.1        2.6       16.2      103.8 
100723  121627  46  56.4554 N  63  21.2419 W   1.8        2.1        2.6       16.2      103.8 
100723  121628  46  56.4557 N  63  21.2413 W   1.8        2.1        2.6       16.2      103.8 
100723  121629  46  56.4558 N  63  21.2408 W   1.7        2.1        2.6       16.2      103.8 
100723  121630  46  56.4560 N  63  21.2403 W   1.6        2.1        2.6       16.2       73.5*
100723  121631  46  56.4561 N  63  21.2399 W   1.5        2.1        2.6       16.2       73.5 
100723  121632  46  56.4562 N  63  21.2395 W   1.4        2.1        2.6       16.2       73.5 
100723  121633  46  56.4563 N  63  21.2391 W   1.4        2.1        2.6       16.2       73.5 
100723  121634  46  56.4563 N  63  21.2388 W   1.3        2.1        2.6       16.2       73.5 
100723  121635  46  56.4563 N  63  21.2384 W   1.2        2.1        2.6       16.2       73.5 
100723  121636  46  56.4564 N  63  21.2380 W   1.2        2.1        2.6       16.2       40.9*
100723  121637  46  56.4563 N  63  21.2377 W   1.1        2.1        2.6       16.2       40.9 
100723  121638  46  56.4559 N  63  21.2375 W   1.1        2.1        2.6       16.2       40.9 
100723  121639  46  56.4557 N  63  21.2373 W   1.0        2.1        2.6       16.2       40.9 
100723  121640  46  56.4555 N  63  21.2371 W   1.0        2.1        2.6       16.2       40.9 
100723  121641  46  56.4554 N  63  21.2368 W   0.9        2.1        2.6       16.2       41.3*
100723  121642  46  56.4552 N  63  21.2365 W   0.9        2.1        2.6       16.2       41.3 
100723  121643  46  56.4550 N  63  21.2363 W   0.8        2.1*       2.6       16.2       41.3 
100723  121644  46  56.4550 N  63  21.2360 W   0.8        2.1        2.6       16.2       41.3 
100723  121645  46  56.4548 N  63  21.2357 W   0.9        2.1        2.6       16.2       41.3 
100723  121646  46  56.4546 N  63  21.2354 W   0.8        2.1        2.6       16.2       71.3*
100723  121647  46  56.4545 N  63  21.2352 W   0.8        2.1        2.6       16.2       71.3 
100723  121648  46  56.4544 N  63  21.2348 W   0.8        2.1        2.6       16.2       71.3 
100723  121649  46  56.4543 N  63  21.2344 W   0.8        2.1        2.6       16.2       71.3 
100723  121650  46  56.4542 N  63  21.2343 W   0.8        2.1        2.6       16.2       71.3 
100723  121651  46  56.4540 N  63  21.2340 W   0.8        2.1        2.6       16.2       71.3 
100723  121652  46  56.4539 N  63  21.2336 W   0.8        2.1        2.6       16.2       30.4*
100723  121653  46  56.4538 N  63  21.2334 W   0.8        2.1        2.6       16.2       30.4 
100723  121654  46  56.4536 N  63  21.2332 W   0.8        2.1        2.6       16.2       30.4 
100723  121655  46  56.4535 N  63  21.2329 W   0.8        2.3*       2.6       16.2       30.4 
100723  121656  46  56.4533 N  63  21.2326 W   0.8        2.3        2.6       16.2       30.4 
100723  121657  46  56.4531 N  63  21.2323 W   0.8        2.3        2.6       16.2       40.0*
100723  121658  46  56.4530 N  63  21.2322 W   0.8        2.3        2.6       16.2       40.0 
100723  121659  46  56.4528 N  63  21.2319 W   0.8        2.3        2.6       16.2       40.0 
100723  121700  46  56.4527 N  63  21.2315 W   0.8        2.3        2.6        1.8*      40.0 
100723  121701  46  56.4524 N  63  21.2314 W   0.8        2.3        2.6        1.8       40.0 
100723  121702  46  56.4523 N  63  21.2312 W   0.8        2.3        2.6        1.8       40.0 
100723  121703  46  56.4521 N  63  21.2309 W   0.8        2.3        2.6        1.8       40.0 
100723  121704  46  56.4519 N  63  21.2307 W   0.8        2.3        2.6        1.8       40.0 
100723  121705  46  56.4516 N  63  21.2305 W   0.8        2.3        2.6        1.8       40.0 
100723  121706  46  56.4515 N  63  21.2304 W   0.8        2.3        2.6        1.8       40.0 
100723  121707  46  56.4513 N  63  21.2302 W   0.8        2.3        2.6        1.8       40.0 
100723  121708  46  56.4511 N  63  21.2299 W   0.8       10.2*       2.6        1.8       40.0 
100723  121709  46  56.4509 N  63  21.2297 W   0.8       10.2        2.6        1.8       40.0 
100723  121710  46  56.4508 N  63  21.2297 W   0.8       10.2        2.6        1.8       40.0 
100723  121711  46  56.4506 N  63  21.2294 W   0.8       10.2        2.6        1.8       40.0 
100723  121712  46  56.4504 N  63  21.2291 W   0.8       10.2        2.6        1.8       40.0 
100723  121713  46  56.4503 N  63  21.2290 W   0.8       10.2        2.6        1.8       34.8*
100723  121714  46  56.4501 N  63  21.2288 W   0.7       10.2        2.6        1.8       34.8 
100723  121715  46  56.4499 N  63  21.2286 W   0.8       10.2        2.6        1.8       34.8 
100723  121716  46  56.4497 N  63  21.2284 W   0.8       10.2        2.6        3.6*      34.8 
100723  121717  46  56.4496 N  63  21.2283 W   0.7       10.2        2.6        3.6       34.8 
100723  121718  46  56.4494 N  63  21.2281 W   0.7       10.2        2.6        3.6       34.8 
100723  121719  46  56.4492 N  63  21.2280 W   0.7       10.2        2.6        3.6       34.8 
100723  121720  46  56.4489 N  63  21.2279 W   0.7       10.2        2.6        3.6       34.8 
100723  121721  46  56.4488 N  63  21.2278 W   0.7        2.9*       2.6        6.5*      34.8 
100723  121722  46  56.4486 N  63  21.2277 W   0.7        2.9        2.6        6.5       34.8 
100723  121723  46  56.4484 N  63  21.2276 W   0.7        2.9        2.6        6.5       34.8 
100723  121724  46  56.4482 N  63  21.2274 W   0.7        2.9        2.6        6.5       34.8 
100723  121725  46  56.4481 N  63  21.2274 W   0.7        2.9        2.6        6.5       34.8 
100723  121726  46  56.4480 N  63  21.2273 W   0.6        2.9        2.6        6.5       34.8 
100723  121727  46  56.4479 N  63  21.2270 W   0.7        2.9        2.6       13.7*      34.8 
100723  121728  46  56.4477 N  63  21.2269 W   0.7        2.9        2.6       13.7       34.8 
100723  121729  46  56.4474 N  63  21.2270 W   0.6        2.9        2.6       13.7       53.7*
100723  121730  46  56.4472 N  63  21.2269 W   0.7        2.9        2.6       13.7       53.7 
100723  121731  46  56.4469 N  63  21.2268 W   0.7        2.9        2.6       13.7       53.7 
100723  121732  46  56.4467 N  63  21.2268 W   0.6        2.9        2.6       13.7       53.7 
100723  121733  46  56.4465 N  63  21.2268 W   0.6        2.9        2.6       13.7       53.7 
100723  121734  46  56.4462 N  63  21.2267 W   0.7        2.9        2.6       13.7      108.6*
100723  121735  46  56.4460 N  63  21.2267 W   0.7        2.9        2.6       13.7      108.6 
100723  121736  46  56.4459 N  63  21.2266 W   0.6        2.9        2.6       13.7      108.6 
100723  121737  46  56.4456 N  63  21.2266 W   0.6        2.9        2.6       13.7      108.6 
100723  121738  46  56.4455 N  63  21.2265 W   0.7        2.9        2.6       13.7      108.6 
100723  121739  46  56.4454 N  63  21.2264 W   0.7        2.9        2.6       13.7      108.6 
100723  121740  46  56.4452 N  63  21.2264 W   0.6        2.9        2.6       13.7        7.5*
100723  121741  46  56.4451 N  63  21.2262 W   0.6        2.9        2.6       13.7        7.5 
100723  121742  46  56.4449 N  63  21.2261 W   0.7        2.9        2.6       13.7        7.5 
100723  121743  46  56.4448 N  63  21.2261 W   0.7        2.9        2.6       13.7        7.5 
100723  121744  46  56.4446 N  63  21.2260 W   0.6        2.9        2.6       13.7        7.5 
100723  121745  46  56.4445 N  63  21.2258 W   0.6        2.9        2.6       13.7       27.3*
100723  121746  46  56.4443 N  63  21.2258 W   0.6        2.9        2.6       13.7       27.3 
100723  121747  46  56.4442 N  63  21.2257 W   0.6        2.9        2.6       13.7       27.3 
100723  121748  46  56.4441 N  63  21.2256 W   0.6        2.9        2.6       13.7       27.3 
100723  121749  46  56.4440 N  63  21.2255 W   0.6        2.9        2.6       13.7       27.3 
100723  121750  46  56.4438 N  63  21.2254 W   0.6        2.9        2.6       13.7       62.9*
100723  121751  46  56.4437 N  63  21.2253 W   0.6        2.9        2.6       13.7       62.9 
100723  121752  46  56.4436 N  63  21.2251 W   0.6        2.9        2.6       13.7       62.9 
100723  121753  46  56.4434 N  63  21.2250 W   0.6        2.9        2.6       13.7       62.9 
100723  121754  46  56.4433 N  63  21.2249 W   0.6        2.9        2.6       13.7       62.9 
100723  121755  46  56.4432 N  63  21.2248 W   0.6        2.9        2.6       13.7       47.1*
100723  121756  46  56.4430 N  63  21.2247 W   0.6        2.9        2.6       13.7       47.1 
100723  121757  46  56.4428 N  63  21.2246 W   0.6        2.9        2.6       13.7       47.1 
100723  121758  46  56.4427 N  63  21.2245 W   0.6        2.9        2.6       13.7       47.1 
100723  121759  46  56.4426 N  63  21.2243 W   0.6        2.9        2.6       13.7       47.1 
100723  121800  46  56.4424 N  63  21.2242 W   0.6       12.3*       2.6       13.7       47.1 
100723  121801  46  56.4422 N  63  21.2241 W   0.6       12.3        2.6       13.7       40.0*
100723  121802  46  56.4422 N  63  21.2239 W   0.6       12.3        2.6       13.7       40.0 
100723  121803  46  56.4421 N  63  21.2237 W   0.7       12.3        2.6        4.4*      40.0 
100723  121804  46  56.4420 N  63  21.2236 W   0.6       12.3        2.6        4.4       40.0 
100723  121805  46  56.4418 N  63  21.2235 W   0.6       12.3        2.6        4.4       40.0 
100723  121806  46  56.4417 N  63  21.2233 W   0.6       12.3        2.6        4.4       12.3*
100723  121807  46  56.4416 N  63  21.2230 W   0.7       12.3        2.6        4.4       12.3 
100723  121808  46  56.4415 N  63  21.2229 W   0.6       12.3        2.6        0.8*      12.3 
100723  121809  46  56.4414 N  63  21.2228 W   0.6       12.3        2.6        0.8       12.3 
100723  121810  46  56.4412 N  63  21.2225 W   0.7       12.3        2.6        0.8       12.3 
100723  121811  46  56.4412 N  63  21.2222 W   0.7       12.3        2.6        0.8       10.6*
100723  121812  46  56.4410 N  63  21.2220 W   0.7       12.3        2.6        0.8       10.6 
100723  121813  46  56.4409 N  63  21.2218 W   0.7       12.3        2.6        4.1*      10.6 
100723  121814  46  56.4408 N  63  21.2214 W   0.7       12.3        2.6        4.1       10.6 
100723  121815  46  56.4407 N  63  21.2210 W   0.8       12.3        2.6        4.1       10.6 
100723  121816  46  56.4406 N  63  21.2207 W   0.8       12.3        2.6        4.1       30.8*
