FileName: C:\TESTNE~1\GP090FR.TXT
Local Time: Wed Sep 01 10:52:54 2010

Ship: September 01, 2010 Trip: GP090Fr Tow: 06
Comments: Zone 12 canal des iles
 Date    Time     Latitude       Longitude    Speed    Primary  Secondary DoorSpread      Depth 
100901  135255  46  51.3674 N  61  56.0201 W   4.9        5.2*      10.7*      98.9*     641.3*
100901  135256  46  51.3661 N  61  56.0186 W   5.1        5.2       10.7       98.9      641.3 
100901  135257  46  51.3649 N  61  56.0172 W   5.2        5.2       10.7       98.9      641.3 
100901  135258  46  51.3636 N  61  56.0157 W   5.4        5.2       10.7       98.9      641.3 
100901  135259  46  51.3622 N  61  56.0141 W   5.5        5.2       10.7       98.9      641.3 
100901  135300  46  51.3610 N  61  56.0126 W   5.5        5.2       10.7       98.9      641.3 
100901  135301  46  51.3596 N  61  56.0111 W   5.6        5.2       10.7       98.9      641.3 
100901  135302  46  51.3583 N  61  56.0096 W   5.7        5.2       10.7       98.9      641.3 
100901  135303  46  51.3571 N  61  56.0081 W   5.7        5.2       10.7       98.9      641.3 
100901  135304  46  51.3557 N  61  56.0067 W   5.7        5.2       10.7       98.9      641.3 
100901  135305  46  51.3544 N  61  56.0052 W   5.8        5.2       10.7       98.9      641.3 
100901  135306  46  51.3531 N  61  56.0037 W   5.8        5.2       10.7       98.9      641.3 
100901  135307  46  51.3519 N  61  56.0022 W   5.8        5.2       10.7       98.9      641.3 
100901  135308  46  51.3505 N  61  56.0007 W   5.9        5.2       10.7       98.9      641.3 
100901  135309  46  51.3493 N  61  55.9992 W   5.9        5.2       10.7       98.9      641.3 
100901  135310  46  51.3480 N  61  55.9977 W   5.9        5.2       10.7       98.9      641.3 
100901  135311  46  51.3466 N  61  55.9962 W   5.9        5.2       10.7       98.9      641.3 
100901  135312  46  51.3453 N  61  55.9946 W   5.9        5.2       10.7       98.9      641.3 
100901  135313  46  51.3440 N  61  55.9931 W   5.9        5.2       10.7       98.9      641.3 
100901  135314  46  51.3428 N  61  55.9916 W   5.9        5.2       10.7       98.9      641.3 
100901  135315  46  51.3414 N  61  55.9901 W   5.9        5.2       10.7       98.9      641.3 
100901  135316  46  51.3401 N  61  55.9886 W   5.9        5.2       10.7       98.9      110.4*
100901  135317  46  51.3390 N  61  55.9873 W   5.8        5.2       10.7       98.9      110.4 
100901  135318  46  51.3378 N  61  55.9859 W   5.7        5.2       10.7       98.9      110.4 
100901  135319  46  51.3368 N  61  55.9847 W   5.6        5.2       10.7       98.9      110.4 
100901  135320  46  51.3358 N  61  55.9835 W   5.5        5.2       10.7       98.9      110.4 
100901  135321  46  51.3348 N  61  55.9823 W   5.3        5.2       10.7       98.9      110.4 
100901  135322  46  51.3339 N  61  55.9812 W   5.2        5.2       10.7       98.9      110.4 
100901  135323  46  51.3330 N  61  55.9801 W   5.0        5.2       10.7       98.9      110.4 
100901  135324  46  51.3321 N  61  55.9791 W   4.9        5.2       10.7       98.9      110.4 
100901  135325  46  51.3313 N  61  55.9781 W   4.7        5.2       10.7       98.9      110.4 
100901  135326  46  51.3304 N  61  55.9771 W   4.6        5.2       10.7       98.9      110.4 
100901  135327  46  51.3296 N  61  55.9761 W   4.5        5.2       10.7       98.9      110.4 
100901  135328  46  51.3288 N  61  55.9752 W   4.4        5.2       10.7       98.9      110.4 
100901  135329  46  51.3281 N  61  55.9742 W   4.2        5.2       10.7       98.9      110.4 
100901  135330  46  51.3272 N  61  55.9733 W   4.1        5.2       10.7       98.9      110.4 
100901  135331  46  51.3265 N  61  55.9725 W   4.0        5.2       10.7       98.9      110.4 
100901  135332  46  51.3259 N  61  55.9718 W   3.9        5.2       10.7       98.9      110.4 
100901  135333  46  51.3251 N  61  55.9709 W   3.8       10.9*      10.7        2.0*     110.4 
100901  135334  46  51.3243 N  61  55.9701 W   3.7       10.9       10.7        2.0      110.4 
100901  135335  46  51.3236 N  61  55.9693 W   3.6       10.9       10.7        2.0      110.4 
100901  135336  46  51.3229 N  61  55.9686 W   3.5       10.9       10.7        2.0      110.4 
100901  135337  46  51.3222 N  61  55.9679 W   3.4       10.9       10.7        2.0      110.4 
100901  135338  46  51.3215 N  61  55.9672 W   3.4       10.9       10.7        3.4*     110.4 
100901  135339  46  51.3210 N  61  55.9665 W   3.3       10.9       10.7        3.4      110.4 
100901  135340  46  51.3205 N  61  55.9659 W   3.2        2.2*      10.7        3.4      110.4 
100901  135341  46  51.3198 N  61  55.9652 W   3.1        2.2       10.7        3.4      110.4 
100901  135342  46  51.3191 N  61  55.9645 W   3.1        2.2       10.7        3.4      110.4 
100901  135343  46  51.3185 N  61  55.9638 W   3.0        2.2       10.7        2.8*     110.4 
100901  135344  46  51.3180 N  61  55.9631 W   2.9        2.2       10.7        2.8      110.4 
100901  135345  46  51.3175 N  61  55.9625 W   2.9        2.2       10.7        2.8      110.4 
100901  135346  46  51.3168 N  61  55.9618 W   2.9        2.2       10.7        2.8      110.4 
100901  135347  46  51.3162 N  61  55.9612 W   2.9        2.2       10.7        2.8       26.4*
100901  135348  46  51.3155 N  61  55.9604 W   2.9        2.2       10.7        2.8       26.4 
100901  135349  46  51.3149 N  61  55.9596 W   2.9        2.2       10.7        7.4*      26.4 
100901  135350  46  51.3142 N  61  55.9587 W   3.0        2.2       10.7        7.4       26.4 
100901  135351  46  51.3134 N  61  55.9577 W   3.1        2.2       10.7        7.4       26.4 
100901  135352  46  51.3126 N  61  55.9567 W   3.3        2.2       10.7        7.4       26.4 
100901  135353  46  51.3116 N  61  55.9556 W   3.4        2.2       10.7        7.4       26.4 
100901  135354  46  51.3106 N  61  55.9544 W   3.6        2.2       10.7        7.4       26.4 
100901  135355  46  51.3095 N  61  55.9532 W   3.8        2.2       10.7        7.4       26.4 
100901  135356  46  51.3085 N  61  55.9519 W   4.0        2.2       10.7        7.4       26.4 
100901  135357  46  51.3073 N  61  55.9505 W   4.2        2.2       10.7        7.4       26.4 
100901  135358  46  51.3062 N  61  55.9491 W   4.4        2.2       10.7        7.4       26.4 
100901  135359  46  51.3050 N  61  55.9476 W   4.6        2.2       10.7        7.4       26.4 
100901  135400  46  51.3038 N  61  55.9461 W   4.8        2.2       10.7        7.4       26.4 
100901  135401  46  51.3025 N  61  55.9445 W   5.0        2.2       10.7        7.4       26.4 
100901  135402  46  51.3012 N  61  55.9429 W   5.1        2.2       10.7        7.4       26.4 
100901  135403  46  51.2999 N  61  55.9413 W   5.3        2.2       10.7        7.4       26.4 
100901  135404  46  51.2985 N  61  55.9397 W   5.5        2.2       10.7       33.8*      26.4 
100901  135405  46  51.2971 N  61  55.9381 W   5.7        2.2       10.7       33.8       26.4 
100901  135406  46  51.2957 N  61  55.9364 W   5.8        2.2       10.7       33.8       26.4 
100901  135407  46  51.2942 N  61  55.9346 W   5.9        2.2       10.7       33.8       26.4 
100901  135408  46  51.2927 N  61  55.9328 W   6.1        2.2       10.7       33.8       26.4 
100901  135409  46  51.2913 N  61  55.9311 W   6.2        2.2       10.7       33.8       26.4 
100901  135410  46  51.2897 N  61  55.9294 W   6.3        2.2       10.7       33.8       26.4 
100901  135411  46  51.2881 N  61  55.9276 W   6.4        2.2       10.7       33.8       26.4 
100901  135412  46  51.2867 N  61  55.9258 W   6.4        2.2       10.7       33.8       26.4 
100901  135413  46  51.2852 N  61  55.9241 W   6.5        2.2       10.7       33.8       26.4 
100901  135414  46  51.2837 N  61  55.9223 W   6.6        2.2       10.7       33.8       26.4 
100901  135415  46  51.2822 N  61  55.9205 W   6.6        2.2       10.7       33.8       26.4 
100901  135416  46  51.2807 N  61  55.9187 W   6.7        2.2       10.7       33.8       26.4 
100901  135417  46  51.2792 N  61  55.9169 W   6.8        2.2       10.7       33.8       26.4 
100901  135418  46  51.2776 N  61  55.9150 W   6.8        2.2       10.7       33.8       26.4 
100901  135419  46  51.2760 N  61  55.9132 W   6.8        2.2       10.7       33.8        1.8*
100901  135420  46  51.2746 N  61  55.9114 W   6.8        2.2       10.7       33.8        1.8 
100901  135421  46  51.2731 N  61  55.9096 W   6.9        2.2       10.7       33.8        1.8 
100901  135422  46  51.2716 N  61  55.9078 W   6.9        2.2       10.7       33.8        1.8 
100901  135423  46  51.2701 N  61  55.9060 W   6.9        2.2       10.7       33.8        1.8 
100901  135424  46  51.2686 N  61  55.9041 W   7.0        2.2       10.7       33.8        1.8 
100901  135425  46  51.2671 N  61  55.9023 W   7.0        2.2       10.7       33.8        1.8 
100901  135426  46  51.2655 N  61  55.9004 W   7.0        2.2       10.7       33.8        1.8 
100901  135427  46  51.2640 N  61  55.8985 W   7.0        2.2       10.7       33.8        1.8 
100901  135428  46  51.2626 N  61  55.8967 W   7.0        2.2       10.7       33.8        1.8 
100901  135429  46  51.2610 N  61  55.8949 W   7.0        2.2       10.7       33.8        1.8 
100901  135430  46  51.2595 N  61  55.8931 W   7.0        2.2       10.7        5.8*       1.8 
100901  135431  46  51.2579 N  61  55.8913 W   7.1        2.2       10.7        5.8        1.8 
100901  135432  46  51.2563 N  61  55.8895 W   7.1        2.2       10.7        5.8        1.8 
100901  135433  46  51.2547 N  61  55.8877 W   7.1        2.2       10.7        5.8        1.8 
100901  135434  46  51.2531 N  61  55.8858 W   7.1        2.2       10.7        5.8        5.3*
100901  135435  46  51.2516 N  61  55.8839 W   7.1        2.2       10.7        5.8        5.3 
100901  135436  46  51.2501 N  61  55.8821 W   7.1        2.2       10.7        5.8        5.3 
100901  135437  46  51.2486 N  61  55.8802 W   7.1        2.2       10.7        5.8        5.3 
100901  135438  46  51.2471 N  61  55.8784 W   7.1        2.2       10.7        5.8        5.3 
100901  135439  46  51.2455 N  61  55.8765 W   7.1        2.2       10.7        5.8        5.3 
100901  135440  46  51.2440 N  61  55.8746 W   7.1        2.2       10.7        5.8      361.6*
100901  135441  46  51.2423 N  61  55.8728 W   7.2        2.2       10.7        5.8      361.6 
100901  135442  46  51.2407 N  61  55.8709 W   7.2        2.2       10.7        5.8      361.6 
100901  135443  46  51.2392 N  61  55.8691 W   7.2        2.2       10.7        5.8      361.6 
100901  135444  46  51.2376 N  61  55.8673 W   7.2        2.2       10.7        5.8      361.6 
100901  135445  46  51.2361 N  61  55.8654 W   7.2        2.2       10.7        5.8      361.6 
100901  135446  46  51.2345 N  61  55.8635 W   7.2        2.2       10.7        5.8      361.6 
100901  135447  46  51.2330 N  61  55.8616 W   7.2        2.2       10.7        5.8      361.6 
100901  135448  46  51.2315 N  61  55.8597 W   7.2        2.2       10.7        5.8      361.6 
100901  135449  46  51.2300 N  61  55.8578 W   7.2        2.2       10.7        5.8      361.6 
100901  135450  46  51.2285 N  61  55.8558 W   7.2        2.2       10.7        5.8       29.5*
100901  135451  46  51.2271 N  61  55.8539 W   7.2        2.2       10.7        5.8       29.5 
100901  135452  46  51.2255 N  61  55.8520 W   7.2        2.2       10.7        5.8       29.5 
100901  135453  46  51.2240 N  61  55.8500 W   7.2        2.2       10.7        5.8       29.5 
100901  135454  46  51.2225 N  61  55.8480 W   7.2        2.2       10.7        5.8       29.5 
100901  135455  46  51.2209 N  61  55.8460 W   7.2        2.2       10.7        5.8       29.5 
100901  135456  46  51.2194 N  61  55.8441 W   7.2        2.2       10.7        5.8       29.5 
100901  135457  46  51.2180 N  61  55.8422 W   7.2        2.2       10.7        5.8       29.5 
100901  135458  46  51.2165 N  61  55.8402 W   7.2        2.2       10.7        5.8       29.5 
100901  135459  46  51.2151 N  61  55.8383 W   7.2        2.2       10.7        5.8       29.5 
100901  135500  46  51.2137 N  61  55.8363 W   7.1        2.2       10.7        5.8       29.5 
100901  135501  46  51.2122 N  61  55.8344 W   7.1        2.2       10.7        5.8       29.5 
100901  135502  46  51.2108 N  61  55.8324 W   7.1        2.2       10.7        5.8       29.5 
100901  135503  46  51.2093 N  61  55.8303 W   7.1        2.2       10.7        5.8       29.5 
100901  135504  46  51.2078 N  61  55.8283 W   7.2        2.2       10.7        5.8       29.5 
100901  135505  46  51.2063 N  61  55.8263 W   7.2        2.2       10.7        5.8       29.5 
100901  135506  46  51.2049 N  61  55.8243 W   7.1        2.2       10.7        5.8       29.5 
100901  135507  46  51.2036 N  61  55.8223 W   7.1        2.2       10.7        5.8       29.5 
100901  135508  46  51.2022 N  61  55.8203 W   7.1        2.2       10.7        5.8       29.5 
100901  135509  46  51.2008 N  61  55.8183 W   7.1        2.2       10.7        5.8       29.5 
100901  135510  46  51.1994 N  61  55.8162 W   7.1        2.2       10.7        5.8       29.5 
100901  135511  46  51.1980 N  61  55.8142 W   7.1        2.2       10.7        5.8       29.5 
100901  135512  46  51.1965 N  61  55.8121 W   7.2        2.2       10.7        5.8       29.5 
100901  135513  46  51.1950 N  61  55.8100 W   7.2        2.2       10.7        5.8       29.5 
100901  135514  46  51.1936 N  61  55.8079 W   7.2        2.2       10.7        5.8       29.5 
100901  135515  46  51.1922 N  61  55.8058 W   7.1        2.2       10.7        5.8       29.5 
100901  135516  46  51.1909 N  61  55.8037 W   7.1        2.2       10.7        5.8       29.5 
100901  135517  46  51.1896 N  61  55.8017 W   7.1        2.2       10.7        5.8       29.5 
100901  135518  46  51.1883 N  61  55.7997 W   7.1        2.2       10.7        5.8       29.5 
100901  135519  46  51.1870 N  61  55.7976 W   7.1        2.2       10.7        5.8       29.5 
100901  135520  46  51.1856 N  61  55.7955 W   7.1        2.2       10.7        5.8       29.5 
100901  135521  46  51.1843 N  61  55.7935 W   7.1        2.2       10.7        5.8       29.5 
100901  135522  46  51.1829 N  61  55.7913 W   7.1        2.2       10.7        5.8       29.5 
100901  135523  46  51.1815 N  61  55.7892 W   7.1        2.2       10.7        5.8       29.5 
100901  135524  46  51.1802 N  61  55.7871 W   7.1        2.2       10.7        5.8       29.5 
100901  135525  46  51.1789 N  61  55.7850 W   7.1        2.2       10.7        5.8       29.5 
100901  135526  46  51.1775 N  61  55.7829 W   7.1        2.2       10.7        5.8       29.5 
100901  135527  46  51.1762 N  61  55.7808 W   7.1        2.2       10.7        5.8       29.5 
100901  135528  46  51.1749 N  61  55.7787 W   7.1        2.2       10.7        5.8       29.5 
100901  135529  46  51.1736 N  61  55.7766 W   7.1        2.2       10.7        5.8       29.5 
100901  135530  46  51.1722 N  61  55.7744 W   7.1        2.2       10.7        5.8       29.5 
100901  135531  46  51.1709 N  61  55.7723 W   7.1        2.2       10.7        5.8       29.5 
100901  135532  46  51.1696 N  61  55.7702 W   7.1        2.2       10.7        5.8       29.5 
100901  135533  46  51.1682 N  61  55.7681 W   7.1        2.2       10.7        5.8       29.5 
100901  135534  46  51.1668 N  61  55.7660 W   7.1        2.2       10.7        5.8       29.5 
100901  135535  46  51.1656 N  61  55.7639 W   7.1        2.2       10.7        5.8       29.5 
100901  135536  46  51.1642 N  61  55.7618 W   7.0        2.2       10.7       26.8*      29.5 
100901  135537  46  51.1629 N  61  55.7598 W   7.0        2.2       10.7       26.8       29.5 
100901  135538  46  51.1616 N  61  55.7579 W   6.9        2.2       10.7       26.8       29.5 
100901  135539  46  51.1603 N  61  55.7560 W   6.9        2.2       10.7       26.8       29.5 
100901  135540  46  51.1590 N  61  55.7542 W   6.8        2.2       10.7       26.8       29.5 
100901  135541  46  51.1577 N  61  55.7523 W   6.8        2.2       10.7       26.8       29.5 
100901  135542  46  51.1565 N  61  55.7505 W   6.7        2.2       10.7       26.8       29.5 
100901  135543  46  51.1553 N  61  55.7488 W   6.6        2.2       10.7       26.8       29.5 
100901  135544  46  51.1541 N  61  55.7470 W   6.5        2.2       10.7       26.8       29.5 
100901  135545  46  51.1528 N  61  55.7453 W   6.5        2.2       10.7       26.8       29.5 
100901  135546  46  51.1516 N  61  55.7436 W   6.4        2.2       10.7       26.8       29.5 
100901  135547  46  51.1504 N  61  55.7419 W   6.3        2.2       10.7       26.8       29.5 
100901  135548  46  51.1492 N  61  55.7402 W   6.3        2.2       10.7       26.8       36.9*
100901  135549  46  51.1480 N  61  55.7386 W   6.2        2.2       10.7       43.6*      36.9 
100901  135550  46  51.1468 N  61  55.7369 W   6.2        2.2       10.7       43.6       36.9 
100901  135551  46  51.1457 N  61  55.7352 W   6.1        2.2       10.7       43.6       36.9 
100901  135552  46  51.1445 N  61  55.7336 W   6.1        2.2       10.7       43.6       36.9 
100901  135553  46  51.1433 N  61  55.7319 W   6.0        2.2       10.7       43.6        0.4*
100901  135554  46  51.1422 N  61  55.7303 W   6.0        2.2       10.7       43.6        0.4 
100901  135555  46  51.1411 N  61  55.7287 W   6.0        2.2       10.7        6.6*       0.4 
100901  135556  46  51.1399 N  61  55.7271 W   5.9        2.2       10.7        6.6        0.4 
100901  135557  46  51.1388 N  61  55.7255 W   5.9        2.2       10.7        6.6        0.4 
100901  135558  46  51.1376 N  61  55.7239 W   5.9        2.2       10.7        6.6       66.9*
100901  135559  46  51.1364 N  61  55.7224 W   5.8        2.2       10.7        6.6       66.9 
100901  135600  46  51.1352 N  61  55.7208 W   5.8        2.2       10.7        7.6*      66.9 
100901  135601  46  51.1342 N  61  55.7192 W   5.8        2.2       10.7        7.6       66.9 
100901  135602  46  51.1330 N  61  55.7177 W   5.8        2.2       10.7        7.6       66.9 
100901  135603  46  51.1318 N  61  55.7162 W   5.7        2.2*      10.7        7.6       66.9 
100901  135604  46  51.1306 N  61  55.7147 W   5.7        2.2       10.7        7.6       66.9 
100901  135605  46  51.1293 N  61  55.7132 W   5.7        2.2       10.7        6.8*      66.9 
100901  135606  46  51.1281 N  61  55.7117 W   5.7        2.2       10.7        6.8       66.9 
100901  135607  46  51.1269 N  61  55.7103 W   5.7        2.2       10.7        6.8       66.9 
100901  135608  46  51.1258 N  61  55.7088 W   5.7        2.2       10.7        6.8       66.9 
100901  135609  46  51.1246 N  61  55.7074 W   5.7        2.2       10.7        6.8       66.9 
100901  135610  46  51.1234 N  61  55.7060 W   5.7        2.2       10.7        7.5*      66.9 
100901  135611  46  51.1222 N  61  55.7046 W   5.7        2.2       10.7        7.5       66.9 
100901  135612  46  51.1211 N  61  55.7032 W   5.7        2.2       10.7        7.5       66.9 
100901  135613  46  51.1198 N  61  55.7017 W   5.7        2.2       10.7        7.5       66.9 
100901  135614  46  51.1186 N  61  55.7003 W   5.7        2.2       10.7        7.5       66.9 
100901  135615  46  51.1174 N  61  55.6989 W   5.6        2.2       10.7        7.5       66.9 
100901  135616  46  51.1162 N  61  55.6975 W   5.7        2.2*      10.7        8.1*      66.9 
100901  135617  46  51.1148 N  61  55.6960 W   5.7        2.2       10.7        8.1       66.9 
100901  135618  46  51.1135 N  61  55.6946 W   5.6        2.2       10.7        8.1       66.9 
100901  135619  46  51.1123 N  61  55.6932 W   5.7        2.2       10.7        8.1       66.9 
100901  135620  46  51.1111 N  61  55.6918 W   5.7        2.2       10.7        8.1       36.9*
100901  135621  46  51.1099 N  61  55.6903 W   5.7        2.2       10.7        7.6*      36.9 
100901  135622  46  51.1087 N  61  55.6890 W   5.7        2.2       10.7        7.6       36.9 
100901  135623  46  51.1074 N  61  55.6875 W   5.7        2.2       10.7        7.6       36.9 
100901  135624  46  51.1062 N  61  55.6861 W   5.7        2.2       10.7        7.6       36.9 
100901  135625  46  51.1051 N  61  55.6848 W   5.6        2.2       10.7        7.6       39.1*
100901  135626  46  51.1041 N  61  55.6835 W   5.5        2.2       10.7        6.8*      39.1 
100901  135627  46  51.1030 N  61  55.6824 W   5.4        2.2       10.7        6.8       39.1 
100901  135628  46  51.1020 N  61  55.6813 W   5.3        2.2       10.7        6.8       39.1 
100901  135629  46  51.1011 N  61  55.6802 W   5.1        2.3*      10.7        6.8       39.1 
100901  135630  46  51.1003 N  61  55.6792 W   4.9        2.3       10.7        6.8       27.3*
100901  135631  46  51.0995 N  61  55.6783 W   4.8        2.3       10.7        6.8       27.3 
100901  135632  46  51.0988 N  61  55.6775 W   4.6        2.3       10.7        7.8*      27.3 
100901  135633  46  51.0980 N  61  55.6766 W   4.4        2.3       10.7        7.8       27.3 
100901  135634  46  51.0973 N  61  55.6758 W   4.2        2.3       10.7        7.8       27.3 
100901  135635  46  51.0966 N  61  55.6750 W   4.1        2.3       10.7        7.8       36.1*
100901  135636  46  51.0960 N  61  55.6743 W   3.9        2.3       10.7        7.8       36.1 
100901  135637  46  51.0953 N  61  55.6735 W   3.8        2.3       10.7        6.6*      36.1 
100901  135638  46  51.0946 N  61  55.6728 W   3.6        2.3       10.7        6.6       36.1 
100901  135639  46  51.0940 N  61  55.6721 W   3.5        2.3       10.7        6.6       36.1 
100901  135640  46  51.0933 N  61  55.6714 W   3.4        2.3       10.7        6.6       36.1 
100901  135641  46  51.0928 N  61  55.6708 W   3.3        2.3       10.7        6.6       38.7*
100901  135642  46  51.0923 N  61  55.6702 W   3.2        2.1*      10.7        6.6*      38.7 
100901  135643  46  51.0918 N  61  55.6696 W   3.1        2.1       10.7        6.6       38.7 
100901  135644  46  51.0912 N  61  55.6690 W   3.0        2.1       10.7        6.6       38.7 
100901  135645  46  51.0907 N  61  55.6684 W   2.9        2.1       10.7        6.6       38.7 
100901  135646  46  51.0901 N  61  55.6678 W   2.8        2.1       10.7        6.6       39.1*
100901  135647  46  51.0896 N  61  55.6672 W   2.7        2.1       10.7        7.4*      39.1 
100901  135648  46  51.0891 N  61  55.6665 W   2.7        2.1       10.7        7.4       39.1 
100901  135649  46  51.0886 N  61  55.6659 W   2.6        2.1       10.7        7.4       39.1 
100901  135650  46  51.0881 N  61  55.6654 W   2.5        2.1       10.7        7.4       39.1 
100901  135651  46  51.0876 N  61  55.6648 W   2.5        2.1       10.7        7.4       38.3*
100901  135652  46  51.0872 N  61  55.6643 W   2.4        2.1       10.7        7.4       38.3 
100901  135653  46  51.0867 N  61  55.6638 W   2.4        2.1       10.7        5.2*      38.3 
100901  135654  46  51.0863 N  61  55.6633 W   2.3        2.2*      10.7        5.2       38.3 
100901  135655  46  51.0858 N  61  55.6628 W   2.3        2.2       10.7        5.2       38.3 
100901  135656  46  51.0854 N  61  55.6622 W   2.3        2.2       10.7        5.2       38.3 
100901  135657  46  51.0850 N  61  55.6617 W   2.2        2.2       10.7        5.2       43.5*
100901  135658  46  51.0845 N  61  55.6611 W   2.2        2.2       10.7        5.9*      43.5 
100901  135659  46  51.0840 N  61  55.6606 W   2.2        2.2       10.7        5.9       43.5 
100901  135700  46  51.0836 N  61  55.6601 W   2.1        2.2       10.7        5.9       43.5 
100901  135701  46  51.0831 N  61  55.6596 W   2.1        2.2       10.7        5.9       43.5 
100901  135702  46  51.0827 N  61  55.6590 W   2.1        2.2       10.7        5.9       46.6*
100901  135703  46  51.0822 N  61  55.6585 W   2.0        2.2       10.7        6.5*      46.6 
100901  135704  46  51.0818 N  61  55.6580 W   2.0        2.2       10.7        6.5       46.6 
100901  135705  46  51.0814 N  61  55.6575 W   2.0        2.2       10.7        6.5       46.6 
100901  135706  46  51.0810 N  61  55.6570 W   2.0        2.2       10.7        6.5       46.6 
100901  135707  46  51.0805 N  61  55.6564 W   2.0        2.2       10.7        6.5       43.5*
100901  135708  46  51.0801 N  61  55.6560 W   2.0        2.2*      10.7        5.0*      43.5 
100901  135709  46  51.0797 N  61  55.6554 W   1.9        2.2       10.7        5.0       43.5 
100901  135710  46  51.0793 N  61  55.6550 W   1.9        2.2       10.7        5.0       43.5 
100901  135711  46  51.0790 N  61  55.6545 W   1.9        2.2       10.7        5.0       43.5 
100901  135712  46  51.0785 N  61  55.6539 W   1.9        2.2       10.7        5.0       43.5 
100901  135713  46  51.0781 N  61  55.6534 W   1.9        2.2       10.7        5.0       51.0*
100901  135714  46  51.0777 N  61  55.6529 W   1.9        2.2       10.7        5.1*      51.0 
100901  135715  46  51.0773 N  61  55.6525 W   1.9        2.2       10.7        5.1       51.0 
100901  135716  46  51.0769 N  61  55.6519 W   1.9        2.2       10.7        5.1       51.0 
100901  135717  46  51.0764 N  61  55.6514 W   1.9        2.2       10.7        5.1       51.0 
100901  135718  46  51.0760 N  61  55.6509 W   1.9        2.2       10.7        5.1       49.7*
100901  135719  46  51.0756 N  61  55.6503 W   1.9        2.2       10.7        5.3*      49.7 
100901  135720  46  51.0752 N  61  55.6498 W   2.0        2.2       10.7        5.3       49.7 
100901  135721  46  51.0747 N  61  55.6492 W   2.0        2.2       10.7        5.3       49.7 
100901  135722  46  51.0743 N  61  55.6487 W   2.0        2.2       10.7        5.3       49.7 
100901  135723  46  51.0739 N  61  55.6482 W   2.0        2.2       10.7        5.3       52.8*
100901  135724  46  51.0735 N  61  55.6476 W   2.0        2.2       10.7        6.0*      52.8 
100901  135725  46  51.0730 N  61  55.6470 W   2.0        2.2       10.7        6.0       52.8 
100901  135726  46  51.0726 N  61  55.6465 W   2.0        2.2       10.7        6.0       52.8 
100901  135727  46  51.0722 N  61  55.6459 W   2.0        2.2       10.7        6.0       52.8 
100901  135728  46  51.0717 N  61  55.6453 W   2.0        2.2       10.7        6.0       51.9*
100901  135729  46  51.0713 N  61  55.6448 W   2.0        2.2       10.7        6.5*      51.9 
100901  135730  46  51.0709 N  61  55.6443 W   2.0        2.2       10.7        6.5       51.9 
100901  135731  46  51.0705 N  61  55.6437 W   2.0        2.2       10.7        6.5       51.9 
100901  135732  46  51.0701 N  61  55.6431 W   2.0        2.2       10.7        6.5       51.9 
100901  135733  46  51.0697 N  61  55.6426 W   2.0        2.2*      10.7        6.5       51.9 
100901  135734  46  51.0693 N  61  55.6419 W   2.0        2.2       10.7        6.5       56.3*
100901  135735  46  51.0689 N  61  55.6414 W   2.0        2.2       10.7       11.5*      56.3 
100901  135736  46  51.0684 N  61  55.6409 W   2.0        2.2       10.7       11.5       56.3 
100901  135737  46  51.0680 N  61  55.6404 W   2.0        2.2       10.7       11.5       56.3 
100901  135738  46  51.0676 N  61  55.6398 W   2.1        2.2       10.7       11.5       56.3 
100901  135739  46  51.0673 N  61  55.6392 W   2.0        2.2       10.7       11.5       58.9*
100901  135740  46  51.0668 N  61  55.6386 W   2.0        2.2       10.7        0.4*      58.9 
100901  135741  46  51.0664 N  61  55.6380 W   2.1        2.2       10.7        0.4       58.9 
100901  135742  46  51.0659 N  61  55.6375 W   2.1        2.2       10.7        0.4       58.9 
100901  135743  46  51.0655 N  61  55.6369 W   2.1        2.2       10.7        0.4       58.9 
100901  135744  46  51.0652 N  61  55.6363 W   2.1        2.2       10.7        0.4       58.9 
100901  135745  46  51.0648 N  61  55.6357 W   2.1        2.2       10.7        6.7*      60.3*
100901  135746  46  51.0644 N  61  55.6351 W   2.1        3.2*      10.7        6.7       60.3 
100901  135747  46  51.0640 N  61  55.6345 W   2.1        3.2       10.7        6.7       60.3 
100901  135748  46  51.0636 N  61  55.6340 W   2.1        3.2       10.7        6.7       60.3 
100901  135749  46  51.0632 N  61  55.6334 W   2.1        3.2       10.7        6.7       60.3 
100901  135750  46  51.0627 N  61  55.6329 W   2.1        3.2       10.7        7.1*      60.3*
100901  135751  46  51.0623 N  61  55.6322 W   2.1        3.2       10.7        7.1       60.3 
100901  135752  46  51.0620 N  61  55.6317 W   2.1        3.2       10.7        7.1       60.3 
100901  135753  46  51.0616 N  61  55.6311 W   2.1        3.2       10.7        7.1       60.3 
100901  135754  46  51.0612 N  61  55.6305 W   2.1        3.2       10.7        7.1       60.3 
100901  135755  46  51.0608 N  61  55.6300 W   2.0        3.2       10.7        7.1       57.6*
100901  135756  46  51.0604 N  61  55.6295 W   2.0        3.2       10.7        8.5*      57.6 
100901  135757  46  51.0600 N  61  55.6290 W   2.0        3.2       10.7        8.5       57.6 
100901  135758  46  51.0596 N  61  55.6284 W   2.0        3.2       10.7        8.5       57.6 
100901  135759  46  51.0592 N  61  55.6279 W   2.0        2.1*      10.7        8.5       57.6 
100901  135800  46  51.0589 N  61  55.6275 W   2.0        2.1       10.7        8.5       57.6 
100901  135801  46  51.0585 N  61  55.6270 W   2.0        2.1       10.7        9.2*      60.3*
100901  135802  46  51.0581 N  61  55.6265 W   1.9        2.1       10.7        9.2       60.3 
100901  135803  46  51.0578 N  61  55.6260 W   1.9        2.1       10.7        9.2       60.3 
100901  135804  46  51.0574 N  61  55.6256 W   1.9        2.1       10.7        9.2       60.3 
100901  135805  46  51.0570 N  61  55.6251 W   1.9        2.1       10.7        9.2       60.3 
100901  135806  46  51.0567 N  61  55.6246 W   1.9        2.1       10.7        9.4*      62.0*
100901  135807  46  51.0563 N  61  55.6242 W   1.9        2.1       10.7        9.4       62.0 
100901  135808  46  51.0560 N  61  55.6238 W   1.8        2.1       10.7        9.4       62.0 
100901  135809  46  51.0556 N  61  55.6233 W   1.8        2.1       10.7        9.4       62.0 
100901  135810  46  51.0551 N  61  55.6228 W   1.8        2.1       10.7        9.4       62.0 
100901  135811  46  51.0547 N  61  55.6224 W   1.8        2.1       10.7        9.4       57.2*
100901  135812  46  51.0543 N  61  55.6219 W   1.8        2.1*      10.7        8.0*      57.2 
100901  135813  46  51.0539 N  61  55.6214 W   1.8        2.1       10.7        8.0       57.2 
100901  135814  46  51.0535 N  61  55.6209 W   1.8        2.1       10.7        8.0       57.2 
100901  135815  46  51.0530 N  61  55.6205 W   1.9        2.1       10.7        8.0       57.2 
100901  135816  46  51.0526 N  61  55.6200 W   1.8        2.1       10.7        8.0       57.2 
100901  135817  46  51.0521 N  61  55.6196 W   1.8        2.1       10.7        8.1*      62.5*
100901  135818  46  51.0517 N  61  55.6192 W   1.9        2.1       10.7        8.1       62.5 
100901  135819  46  51.0513 N  61  55.6188 W   1.9        2.1       10.7        8.1       62.5 
100901  135820  46  51.0509 N  61  55.6183 W   1.9        2.1       10.7        8.1       62.5 
100901  135821  46  51.0505 N  61  55.6178 W   1.9        2.1       10.7        8.1       62.5 
100901  135822  46  51.0501 N  61  55.6173 W   1.9        2.1       10.7        8.0*      60.7*
100901  135823  46  51.0496 N  61  55.6169 W   1.9        2.1       10.7        8.0       60.7 
100901  135824  46  51.0492 N  61  55.6164 W   1.9        2.1       10.7        8.0       60.7 
100901  135825  46  51.0488 N  61  55.6159 W   1.9        2.1       10.7        8.0       60.7 
100901  135826  46  51.0484 N  61  55.6155 W   1.9        2.1       10.7        8.0       60.7 
100901  135827  46  51.0479 N  61  55.6150 W   1.9        2.1       10.7        7.5*      60.7*
100901  135828  46  51.0476 N  61  55.6146 W   1.9        2.1       10.7        7.5       60.7 
100901  135829  46  51.0472 N  61  55.6141 W   1.9        2.1       10.7        7.5       60.7 
100901  135830  46  51.0468 N  61  55.6137 W   1.9        2.1       10.7        7.5       60.7 
100901  135831  46  51.0464 N  61  55.6132 W   2.0        2.1       10.7        7.5       60.7 
100901  135832  46  51.0459 N  61  55.6127 W   2.0        2.1        7.6*       7.5       60.7 
100901  135833  46  51.0455 N  61  55.6123 W   2.0        2.1        7.6        5.5*      60.7 
100901  135834  46  51.0451 N  61  55.6117 W   2.0        2.1        7.6        5.5       60.7 
100901  135835  46  51.0447 N  61  55.6112 W   2.0        2.1        7.6        5.5       60.7 
100901  135836  46  51.0443 N  61  55.6107 W   2.0        2.1        7.6        5.5       60.7 
100901  135837  46  51.0438 N  61  55.6102 W   2.0        2.1        7.6        5.5       59.8*
100901  135838  46  51.0434 N  61  55.6098 W   2.0        2.1        7.6        6.2*      59.8 
100901  135839  46  51.0430 N  61  55.6092 W   2.0        8.4*       7.6        6.2       59.8 
100901  135840  46  51.0426 N  61  55.6088 W   2.0        8.4        7.6        6.2       59.8 
100901  135841  46  51.0421 N  61  55.6083 W   2.0        8.4        7.6        6.2       59.8 
100901  135842  46  51.0417 N  61  55.6078 W   2.0        8.4        7.6        6.2       59.8 
100901  135843  46  51.0413 N  61  55.6073 W   2.0        8.4        7.6        6.1*      59.8 
100901  135844  46  51.0408 N  61  55.6069 W   2.0        8.4        7.6        6.1       59.8 
100901  135845  46  51.0404 N  61  55.6064 W   2.0        8.4        7.6        6.1       59.8 
100901  135846  46  51.0400 N  61  55.6059 W   2.0        8.4        7.6        6.1       59.8 
100901  135847  46  51.0395 N  61  55.6054 W   2.0        8.4        7.6        6.1       59.8 
100901  135848  46  51.0391 N  61  55.6049 W   2.0        8.4        7.6        5.8*      59.8 
100901  135849  46  51.0387 N  61  55.6044 W   2.0        8.4        7.6        5.8       62.0*
100901  135850  46  51.0383 N  61  55.6039 W   2.0        8.4        7.6        5.8       62.0 
100901  135851  46  51.0379 N  61  55.6034 W   2.0        8.4        7.6        5.8       62.0 
100901  135852  46  51.0374 N  61  55.6030 W   2.0        2.7*       7.6        5.8       62.0 
100901  135853  46  51.0370 N  61  55.6025 W   2.0        2.7        7.6        5.9*      62.0 
100901  135854  46  51.0366 N  61  55.6020 W   2.0        2.7        7.6        5.9       58.5*
100901  135855  46  51.0361 N  61  55.6015 W   2.0        2.7        7.6        5.9       58.5 
100901  135856  46  51.0356 N  61  55.6009 W   2.0        2.7        7.6        5.9       58.5 
100901  135857  46  51.0352 N  61  55.6003 W   2.1        2.7        7.6        5.9       58.5 
100901  135858  46  51.0347 N  61  55.5998 W   2.1        2.7        2.3*       5.9       58.5 
100901  135859  46  51.0342 N  61  55.5993 W   2.1        2.7        2.3        6.0*      83.1*
100901  135900  46  51.0337 N  61  55.5987 W   2.2        2.7        2.3        6.0       83.1 
100901  135901  46  51.0332 N  61  55.5981 W   2.2        2.7        2.3        6.0       83.1 
100901  135902  46  51.0326 N  61  55.5975 W   2.2        2.7        2.3        6.0       83.1 
100901  135903  46  51.0321 N  61  55.5969 W   2.2        2.7        2.3        6.0       83.1 
100901  135904  46  51.0315 N  61  55.5963 W   2.3        2.7        2.3        5.5*      83.1 
100901  135905  46  51.0309 N  61  55.5956 W   2.3        2.7        2.3        5.5       31.7*
100901  135906  46  51.0304 N  61  55.5950 W   2.3        6.1*       2.3        5.5       31.7 
100901  135907  46  51.0298 N  61  55.5944 W   2.3        6.1        2.3        5.5       31.7 
100901  135908  46  51.0292 N  61  55.5938 W   2.4        6.1        2.3        5.5       31.7 
100901  135909  46  51.0287 N  61  55.5931 W   2.4        6.1        2.3        6.7*      31.7 
100901  135910  46  51.0282 N  61  55.5925 W   2.4        6.1        2.3        6.7       65.5*
100901  135911  46  51.0277 N  61  55.5918 W   2.4        6.1        2.3        6.7       65.5 
100901  135912  46  51.0271 N  61  55.5912 W   2.4        6.1        2.3        6.7       65.5 
100901  135913  46  51.0266 N  61  55.5906 W   2.4        6.1        2.3        6.7       65.5 
100901  135914  46  51.0260 N  61  55.5900 W   2.4        6.1        2.3        6.8*      65.5 
100901  135915  46  51.0255 N  61  55.5893 W   2.4        6.1        2.3        6.8       59.8*
100901  135916  46  51.0250 N  61  55.5887 W   2.4        6.1        2.3        6.8       59.8 
100901  135917  46  51.0245 N  61  55.5880 W   2.4        6.1        2.3        6.8       59.8 
100901  135918  46  51.0240 N  61  55.5874 W   2.4        6.1        2.3        6.8       59.8 
100901  135919  46  51.0234 N  61  55.5867 W   2.4        6.1        2.3        6.8       59.8 
100901  135920  46  51.0229 N  61  55.5861 W   2.4       13.0*       2.3        6.5*      59.8 
100901  135921  46  51.0224 N  61  55.5854 W   2.4       13.0        2.3        6.5       62.5*
100901  135922  46  51.0219 N  61  55.5847 W   2.4       13.0        2.3        6.5       62.5 
100901  135923  46  51.0214 N  61  55.5840 W   2.4       13.0        2.3        6.5       62.5 
100901  135924  46  51.0209 N  61  55.5833 W   2.4       13.0        2.3        6.5       62.5 
100901  135925  46  51.0204 N  61  55.5827 W   2.4       13.0        2.3        7.0*      62.5 
100901  135926  46  51.0199 N  61  55.5820 W   2.4       13.0        2.3        7.0       55.9*
100901  135927  46  51.0194 N  61  55.5814 W   2.3       13.0        2.3        7.0       55.9 
100901  135928  46  51.0189 N  61  55.5808 W   2.3       13.0        2.3        7.0       55.9 
100901  135929  46  51.0184 N  61  55.5801 W   2.3       13.0        2.3        7.0       55.9 
100901  135930  46  51.0180 N  61  55.5794 W   2.3       13.0        2.3        7.8*      55.9 
100901  135931  46  51.0175 N  61  55.5788 W   2.3       13.0        2.3        7.8       60.3*
100901  135932  46  51.0170 N  61  55.5782 W   2.3       13.0        2.3        7.8       60.3 
100901  135933  46  51.0165 N  61  55.5776 W   2.3        2.1*       2.3        7.8       60.3 
100901  135934  46  51.0161 N  61  55.5769 W   2.3        2.1        2.3        7.8       60.3 
100901  135935  46  51.0157 N  61  55.5763 W   2.3        2.1        2.3        7.8       60.3 
100901  135936  46  51.0152 N  61  55.5757 W   2.3        2.1        2.3        7.6*      60.3 
100901  135937  46  51.0148 N  61  55.5751 W   2.2        2.1        2.3        7.6      163.6*
100901  135938  46  51.0143 N  61  55.5744 W   2.2        2.1        2.3        7.6      163.6 
100901  135939  46  51.0139 N  61  55.5738 W   2.2        2.1        2.3        7.6      163.6 
100901  135940  46  51.0135 N  61  55.5732 W   2.2        2.1        2.3        7.6      163.6 
100901  135941  46  51.0131 N  61  55.5726 W   2.2        2.1        2.3        7.6      163.6 
100901  135942  46  51.0127 N  61  55.5721 W   2.2        2.1        2.3        7.6      163.6 
100901  135943  46  51.0123 N  61  55.5714 W   2.2        2.1        2.3        7.6      163.6 
100901  135944  46  51.0118 N  61  55.5708 W   2.1        2.1        2.3        7.6      163.6 
100901  135945  46  51.0115 N  61  55.5702 W   2.1        2.2*       2.3        7.6      163.6 
100901  135946  46  51.0111 N  61  55.5696 W   2.1        2.2        2.3       38.7*     163.6 
100901  135947  46  51.0107 N  61  55.5690 W   2.1        2.2        2.3       38.7       60.3*
100901  135948  46  51.0104 N  61  55.5683 W   2.1        2.2        2.3       38.7       60.3 
100901  135949  46  51.0100 N  61  55.5678 W   2.1        2.2        2.3       38.7       60.3 
100901  135950  46  51.0096 N  61  55.5671 W   2.1        2.2        2.3       38.7       60.3 
100901  135951  46  51.0093 N  61  55.5666 W   2.1        2.2        2.3       38.7       60.3 
100901  135952  46  51.0089 N  61  55.5660 W   2.0        2.2        2.3       11.3*      60.3 
100901  135953  46  51.0085 N  61  55.5654 W   2.0        2.2        2.3       11.3       57.6*
100901  135954  46  51.0081 N  61  55.5649 W   2.0        2.2        2.3       11.3       57.6 
100901  135955  46  51.0078 N  61  55.5643 W   2.0        2.2        2.3       11.3       57.6 
100901  135956  46  51.0074 N  61  55.5637 W   2.0        2.2        2.3       11.3       57.6 
100901  135957  46  51.0070 N  61  55.5631 W   2.0        2.2        2.3        5.0*      57.6 
100901  135958  46  51.0066 N  61  55.5625 W   2.0        2.2        2.3        5.0       62.5*
100901  135959  46  51.0062 N  61  55.5619 W   2.0        2.2        2.3        5.0       62.5 
100901  140000  46  51.0059 N  61  55.5613 W   2.0        2.2        2.3        5.0       62.5 
100901  140001  46  51.0055 N  61  55.5608 W   2.0        2.2        2.3        5.0       62.5 
100901  140002  46  51.0052 N  61  55.5602 W   2.0        2.2        2.3        9.0*      62.5 
100901  140003  46  51.0047 N  61  55.5596 W   2.0        2.2        2.3        9.0       58.1*
100901  140004  46  51.0043 N  61  55.5590 W   2.0        2.2        2.3        9.0       58.1 
100901  140005  46  51.0039 N  61  55.5585 W   2.0        2.2        2.3        9.0       58.1 
100901  140006  46  51.0035 N  61  55.5578 W   2.0        2.2        2.3        9.0       58.1 
100901  140007  46  51.0031 N  61  55.5572 W   2.0        2.2        2.3        8.6*      58.1 
100901  140008  46  51.0027 N  61  55.5565 W   2.1        2.2        2.3        8.6       58.1 
100901  140009  46  51.0023 N  61  55.5559 W   2.1        2.2        2.3        8.6       60.7*
100901  140010  46  51.0019 N  61  55.5553 W   2.1        2.2        2.3        8.6       60.7 
100901  140011  46  51.0014 N  61  55.5548 W   2.1        2.2       10.9*       8.6       60.7 
100901  140012  46  51.0010 N  61  55.5541 W   2.1        2.2       10.9        8.6       60.7 
100901  140013  46  51.0006 N  61  55.5534 W   2.1        2.2       10.9        8.0*      60.7 
100901  140014  46  51.0002 N  61  55.5527 W   2.2        2.2       10.9        8.0       59.8*
100901  140015  46  50.9998 N  61  55.5521 W   2.2        2.2       10.9        8.0       59.8 
100901  140016  46  50.9993 N  61  55.5515 W   2.2        2.2       10.9        8.0       59.8 
100901  140017  46  50.9989 N  61  55.5508 W   2.2        2.2        4.6*       8.0       59.8 
100901  140018  46  50.9984 N  61  55.5501 W   2.2        2.2        4.6        8.6*      59.8 
100901  140019  46  50.9980 N  61  55.5494 W   2.2        2.2        4.6        8.6       59.8*
100901  140020  46  50.9976 N  61  55.5488 W   2.2        2.2        4.6        8.6       59.8 
100901  140021  46  50.9972 N  61  55.5481 W   2.2        2.2        4.6        8.6       59.8 
100901  140022  46  50.9967 N  61  55.5474 W   2.2        2.2        4.6        8.6       59.8 
100901  140023  46  50.9963 N  61  55.5468 W   2.3        2.2        4.6        8.4*      59.8 
100901  140024  46  50.9958 N  61  55.5461 W   2.3        2.2        4.6        8.4       59.8 
100901  140025  46  50.9954 N  61  55.5454 W   2.3        2.2        4.6        8.4       57.6*
100901  140026  46  50.9950 N  61  55.5447 W   2.3        2.2        4.6        8.4       57.6 
100901  140027  46  50.9945 N  61  55.5440 W   2.3        2.2        4.6        8.4       57.6 
100901  140028  46  50.9941 N  61  55.5434 W   2.3        2.2        4.6        8.6*      57.6 
100901  140029  46  50.9937 N  61  55.5427 W   2.3        2.2        4.6        8.6       57.6 
100901  140030  46  50.9933 N  61  55.5421 W   2.3        2.2        4.6        8.6       59.8*
100901  140031  46  50.9929 N  61  55.5414 W   2.3        2.2        4.6        8.6       59.8 
100901  140032  46  50.9924 N  61  55.5407 W   2.3        2.2        4.6        8.6       59.8 
100901  140033  46  50.9919 N  61  55.5401 W   2.3        2.2        4.6        8.6       59.8 
100901  140034  46  50.9915 N  61  55.5394 W   2.3        2.2        4.6        9.1*      59.8 
100901  140035  46  50.9911 N  61  55.5388 W   2.3        2.2        4.6        9.1       61.1*
100901  140036  46  50.9907 N  61  55.5381 W   2.3        2.2        4.6        9.1       61.1 
100901  140037  46  50.9902 N  61  55.5374 W   2.3        2.2        4.6        9.1       61.1 
100901  140038  46  50.9898 N  61  55.5368 W   2.2        2.2        4.6        9.1       61.1 
100901  140039  46  50.9894 N  61  55.5362 W   2.2        2.2        4.6        8.4*      61.1 
100901  140040  46  50.9890 N  61  55.5356 W   2.2        2.2        4.6        8.4       61.1 
100901  140041  46  50.9886 N  61  55.5349 W   2.2        2.2        4.6        8.4       59.4*
100901  140042  46  50.9882 N  61  55.5343 W   2.2        2.2        4.6        8.4       59.4 
100901  140043  46  50.9878 N  61  55.5337 W   2.2        2.2        4.6        8.4       59.4 
100901  140044  46  50.9874 N  61  55.5330 W   2.2        2.2        4.6        8.8*      59.4 
100901  140045  46  50.9870 N  61  55.5324 W   2.2        2.2        4.6        8.8       59.4 
100901  140046  46  50.9866 N  61  55.5317 W   2.2        2.2        4.6        8.8       60.7*
100901  140047  46  50.9862 N  61  55.5310 W   2.1        2.2        4.6        8.8       60.7 
100901  140048  46  50.9858 N  61  55.5304 W   2.1        2.2        4.6        8.8       60.7 
100901  140049  46  50.9854 N  61  55.5297 W   2.1        2.2        4.6        8.8       60.7 
100901  140050  46  50.9850 N  61  55.5291 W   2.1        2.1*       4.6        9.4*      60.7 
100901  140051  46  50.9846 N  61  55.5285 W   2.1        2.1        4.6        9.4       59.4*
100901  140052  46  50.9843 N  61  55.5278 W   2.1        2.1        4.6        9.4       59.4 
100901  140053  46  50.9839 N  61  55.5273 W   2.1        2.1        4.6        9.4       59.4 
100901  140054  46  50.9835 N  61  55.5267 W   2.1        2.1        4.6        9.4       59.4 
100901  140055  46  50.9832 N  61  55.5260 W   2.0        2.1        4.6        8.9*      59.4 
100901  140056  46  50.9828 N  61  55.5254 W   2.0        2.1        4.6        8.9       59.4 
100901  140057  46  50.9824 N  61  55.5248 W   2.0        2.1        4.6        8.9       60.3*
100901  140058  46  50.9820 N  61  55.5242 W   2.0        2.1        4.6        8.9       60.3 
100901  140059  46  50.9816 N  61  55.5237 W   2.0        2.1        4.6        8.9       60.3 
100901  140100  46  50.9812 N  61  55.5231 W   2.0        2.1        4.6        8.8*      60.3 
100901  140101  46  50.9808 N  61  55.5225 W   2.0        2.1        4.6        8.8       60.3 
100901  140102  46  50.9804 N  61  55.5219 W   2.0        2.1        4.6        8.8       58.9*
100901  140103  46  50.9800 N  61  55.5213 W   2.0        2.1        4.6        8.8       58.9 
100901  140104  46  50.9796 N  61  55.5207 W   2.0        2.1        4.6        8.8       58.9 
100901  140105  46  50.9792 N  61  55.5201 W   2.0        2.1        4.6        9.0*      58.9 
100901  140106  46  50.9788 N  61  55.5194 W   2.0        2.1        4.6        9.0       58.9 
100901  140107  46  50.9784 N  61  55.5188 W   2.0        2.1        4.6        9.0       58.1*
100901  140108  46  50.9781 N  61  55.5183 W   2.0        2.1        4.6        9.0       58.1 
100901  140109  46  50.9777 N  61  55.5177 W   2.0        2.1        4.6        9.0       58.1 
100901  140110  46  50.9773 N  61  55.5172 W   2.0        2.1        4.6        9.0       58.1 
100901  140111  46  50.9769 N  61  55.5166 W   2.0        2.1        4.6        8.8*      58.1 
100901  140112  46  50.9765 N  61  55.5160 W   2.0        2.1        4.6        8.8       58.1 
100901  140113  46  50.9762 N  61  55.5154 W   2.0        2.1        4.6        8.8       77.9*
100901  140114  46  50.9758 N  61  55.5149 W   1.9        2.1        4.6        8.8       77.9 
100901  140115  46  50.9754 N  61  55.5144 W   1.9        2.1        4.6        8.8       77.9 
100901  140116  46  50.9750 N  61  55.5138 W   1.9        2.1*       4.6        9.1*      77.9 
100901  140117  46  50.9746 N  61  55.5133 W   1.9        2.1        4.6        9.1       77.9 
100901  140118  46  50.9743 N  61  55.5127 W   1.9        2.1        4.6        9.1       42.2*
100901  140119  46  50.9739 N  61  55.5121 W   1.9        2.1        4.6        9.1       42.2 
100901  140120  46  50.9735 N  61  55.5115 W   2.0        2.1        4.6        9.1       42.2 
100901  140121  46  50.9731 N  61  55.5110 W   2.0        2.1        4.6        8.6*      42.2 
100901  140122  46  50.9727 N  61  55.5104 W   2.0        2.1        4.6        8.6       42.2 
100901  140123  46  50.9723 N  61  55.5099 W   2.0        2.1        4.6        8.6       42.2 
100901  140124  46  50.9719 N  61  55.5092 W   2.0        2.1        4.6        8.6       57.6*
100901  140125  46  50.9715 N  61  55.5086 W   2.0        2.1        4.6        8.6       57.6 
100901  140126  46  50.9711 N  61  55.5080 W   2.1        2.1        4.6        8.6       57.6 
100901  140127  46  50.9706 N  61  55.5074 W   2.1        2.1        4.6        8.6*      57.6 
100901  140128  46  50.9702 N  61  55.5067 W   2.1        2.1        4.6        8.6       57.6 
100901  140129  46  50.9698 N  61  55.5061 W   2.1        2.1*       4.6        8.6       59.8*
100901  140130  46  50.9694 N  61  55.5055 W   2.1        2.1        4.6        8.6       59.8 
100901  140131  46  50.9690 N  61  55.5048 W   2.2        2.1        4.6        8.6       59.8 
100901  140132  46  50.9686 N  61  55.5041 W   2.2        2.1        4.6        9.3*      59.8 
100901  140133  46  50.9682 N  61  55.5035 W   2.2        2.1        4.6        9.3       59.8 
100901  140134  46  50.9678 N  61  55.5028 W   2.2        2.1        4.6        9.3       59.8*
100901  140135  46  50.9673 N  61  55.5021 W   2.2        2.1        4.6*       9.3       59.8 
100901  140136  46  50.9668 N  61  55.5015 W   2.2        2.1        4.6        9.3       59.8 
100901  140137  46  50.9663 N  61  55.5008 W   2.2        2.1        4.6       12.4*      59.8 
100901  140138  46  50.9659 N  61  55.5001 W   2.2        2.1        4.6       12.4       59.8 
100901  140139  46  50.9654 N  61  55.4995 W   2.2        2.1        4.6       12.4       59.8 
100901  140140  46  50.9650 N  61  55.4988 W   2.2        2.1        4.6       12.4       59.4*
100901  140141  46  50.9645 N  61  55.4980 W   2.2        2.1        4.6       12.4       59.4 
100901  140142  46  50.9641 N  61  55.4973 W   2.2        2.1       10.8*       5.6*      59.4 
100901  140143  46  50.9637 N  61  55.4967 W   2.2        2.1       10.8        5.6       59.4 
100901  140144  46  50.9633 N  61  55.4960 W   2.2        2.1       10.8        5.6       59.4 
100901  140145  46  50.9629 N  61  55.4954 W   2.2        2.1       10.8        5.6       59.4*
100901  140146  46  50.9625 N  61  55.4948 W   2.2        2.1       10.8        5.6       59.4 
100901  140147  46  50.9620 N  61  55.4942 W   2.2        2.1       10.8        5.6       59.4 
100901  140148  46  50.9616 N  61  55.4936 W   2.2        2.1        6.6*       8.3*      59.4 
100901  140149  46  50.9612 N  61  55.4930 W   2.2        2.1        6.6        8.3       59.4 
100901  140150  46  50.9608 N  61  55.4924 W   2.2        2.1        6.6        8.3       59.4 
100901  140151  46  50.9605 N  61  55.4917 W   2.1        2.1        6.6        8.3       59.4 
100901  140152  46  50.9601 N  61  55.4912 W   2.1        2.1        6.6        8.3       59.4 
100901  140153  46  50.9597 N  61  55.4905 W   2.1        2.1        6.6        7.3*      59.4 
100901  140154  46  50.9593 N  61  55.4899 W   2.1        2.1        6.6        7.3       59.4 
100901  140155  46  50.9590 N  61  55.4894 W   2.1        2.1        6.6        7.3       59.4 
100901  140156  46  50.9586 N  61  55.4888 W   2.1        6.9*       6.6        7.3      190.5*
100901  140157  46  50.9582 N  61  55.4881 W   2.1        6.9        6.6        7.3      190.5 
100901  140158  46  50.9579 N  61  55.4875 W   2.1        6.9        6.6        8.6*     190.5 
100901  140159  46  50.9575 N  61  55.4869 W   2.1        6.9        6.6        8.6      190.5 
100901  140200  46  50.9572 N  61  55.4864 W   2.1        6.9        6.6        8.6      190.5 
100901  140201  46  50.9568 N  61  55.4858 W   2.1        6.9        6.6        8.6       59.4*
100901  140202  46  50.9565 N  61  55.4851 W   2.1        6.9        6.6        8.6       59.4 
100901  140203  46  50.9561 N  61  55.4845 W   2.1        6.9        6.6        8.6       59.4 
100901  140204  46  50.9557 N  61  55.4840 W   2.1        6.9        6.6        8.6*      59.4 
100901  140205  46  50.9553 N  61  55.4834 W   2.0        6.9        6.6        8.6       59.4 
100901  140206  46  50.9550 N  61  55.4829 W   2.0        6.9        6.6        8.6       59.8*
100901  140207  46  50.9546 N  61  55.4822 W   2.0        6.9        6.6        8.6       59.8 
100901  140208  46  50.9542 N  61  55.4816 W   2.0        6.9        6.6        8.6       59.8 
100901  140209  46  50.9539 N  61  55.4811 W   2.0        8.7*       6.6        9.2*      59.8 
100901  140210  46  50.9536 N  61  55.4805 W   2.0        8.7        6.6        9.2       59.8 
100901  140211  46  50.9532 N  61  55.4800 W   2.0        8.7        6.6        9.2       59.8 
100901  140212  46  50.9528 N  61  55.4794 W   2.0        8.7        6.6        9.2       56.7*
100901  140213  46  50.9524 N  61  55.4789 W   2.0        8.7        6.6        9.2       56.7 
100901  140214  46  50.9521 N  61  55.4783 W   2.0        8.7        6.6        8.7*      56.7 
100901  140215  46  50.9517 N  61  55.4777 W   2.0        8.7        6.6        8.7       56.7 
100901  140216  46  50.9513 N  61  55.4771 W   2.0        8.7        6.6        8.7       56.7 
100901  140217  46  50.9510 N  61  55.4765 W   2.0        8.7        6.6        8.7       56.7 
100901  140218  46  50.9506 N  61  55.4759 W   2.0        8.7        6.6        8.7       56.7 
100901  140219  46  50.9502 N  61  55.4754 W   2.0        8.7        6.6        8.9*      56.7 
100901  140220  46  50.9498 N  61  55.4748 W   2.0        8.7        6.6        8.9       56.7 
100901  140221  46  50.9495 N  61  55.4742 W   2.0        8.7        6.6        8.9       56.7 
100901  140222  46  50.9491 N  61  55.4736 W   2.0        2.6*       6.6        8.9      464.5*
100901  140223  46  50.9487 N  61  55.4730 W   2.0        2.6        6.6        8.9      464.5 
100901  140224  46  50.9483 N  61  55.4724 W   2.0        2.6        6.6        8.9      464.5 
100901  140225  46  50.9480 N  61  55.4719 W   2.0        2.6        6.6        9.6*     464.5 
100901  140226  46  50.9475 N  61  55.4713 W   2.0        2.6        6.6        9.6      464.5 
100901  140227  46  50.9472 N  61  55.4706 W   2.0        2.6        6.6        9.6      464.5 
100901  140228  46  50.9468 N  61  55.4700 W   2.0        2.6        6.6        9.6       49.7*
100901  140229  46  50.9464 N  61  55.4694 W   2.0        2.6        6.6        9.6       49.7 
100901  140230  46  50.9461 N  61  55.4688 W   2.0        2.6        6.6        9.8*      49.7 
100901  140231  46  50.9457 N  61  55.4681 W   2.0        2.6        6.6        9.8       49.7 
100901  140232  46  50.9453 N  61  55.4675 W   2.0        2.6        6.6        9.8       49.7 
100901  140233  46  50.9449 N  61  55.4669 W   2.0        2.6        6.6        9.8       58.5*
100901  140234  46  50.9445 N  61  55.4662 W   2.1        2.6        6.6        9.8       58.5 
100901  140235  46  50.9441 N  61  55.4656 W   2.1        2.1*       6.6       10.7*      58.5 
100901  140236  46  50.9437 N  61  55.4649 W   2.1        2.1        6.6       10.7       58.5 
100901  140237  46  50.9432 N  61  55.4643 W   2.1        2.1        6.6       10.7       58.5 
100901  140238  46  50.9428 N  61  55.4637 W   2.1        2.1        6.6       10.7       58.9*
100901  140239  46  50.9424 N  61  55.4630 W   2.1        2.1        6.6       10.7       58.9 
100901  140240  46  50.9420 N  61  55.4623 W   2.1        2.1        6.6       10.7       58.9 
100901  140241  46  50.9415 N  61  55.4617 W   2.2        2.1        6.6        9.7*      58.9 
100901  140242  46  50.9411 N  61  55.4611 W   2.2        2.1        6.6        9.7       58.9 
100901  140243  46  50.9407 N  61  55.4604 W   2.2        2.1        6.6        9.7       58.9 
100901  140244  46  50.9402 N  61  55.4597 W   2.2        2.1        6.6        9.7       61.6*
100901  140245  46  50.9398 N  61  55.4591 W   2.2        2.1        6.6        9.7       61.6 
100901  140246  46  50.9394 N  61  55.4584 W   2.2        2.1        6.6        9.5*      61.6 
100901  140247  46  50.9390 N  61  55.4578 W   2.2        2.1        6.6        9.5       61.6 
100901  140248  46  50.9386 N  61  55.4572 W   2.1        3.0*       6.6        9.5       61.6 
100901  140249  46  50.9382 N  61  55.4567 W   2.1        3.0        6.6        9.5       69.1*
100901  140250  46  50.9378 N  61  55.4561 W   2.1        3.0        6.6        9.5       69.1 
100901  140251  46  50.9376 N  61  55.4556 W   2.0        3.0        6.6       14.8*      69.1 
100901  140252  46  50.9373 N  61  55.4551 W   1.9        3.0        6.6       14.8       69.1 
100901  140253  46  50.9369 N  61  55.4547 W   1.9        3.0        6.6       14.8       69.1 
100901  140254  46  50.9367 N  61  55.4543 W   1.8        3.0        6.6       14.8       92.8*
100901  140255  46  50.9365 N  61  55.4540 W   1.7        3.0       10.4*      14.8       92.8 
100901  140256  46  50.9363 N  61  55.4537 W   1.6        3.0       10.4       14.8       92.8 
100901  140257  46  50.9361 N  61  55.4535 W   1.5        3.0       10.4       10.9*      92.8 
100901  140258  46  50.9359 N  61  55.4532 W   1.4        3.0       10.4       10.9       92.8 
100901  140259  46  50.9357 N  61  55.4530 W   1.3        3.0       10.4       10.9       92.8 
100901  140300  46  50.9356 N  61  55.4529 W   1.2        3.0       10.4       10.9       66.4*
100901  140301  46  50.9354 N  61  55.4526 W   1.2        3.0       10.4       10.9       66.4 
100901  140302  46  50.9352 N  61  55.4524 W   1.1        3.0       10.4        3.4*      66.4 
100901  140303  46  50.9351 N  61  55.4523 W   1.0       11.1*      10.4        3.4       66.4 
100901  140304  46  50.9350 N  61  55.4522 W   0.9       11.1       10.4        3.4       66.4 
100901  140305  46  50.9349 N  61  55.4520 W   0.9       11.1       10.4        3.4       65.5*
100901  140306  46  50.9347 N  61  55.4519 W   0.8       11.1       10.4        3.4       65.5 
100901  140307  46  50.9346 N  61  55.4518 W   0.8       11.1       10.4        9.4*      65.5 
100901  140308  46  50.9345 N  61  55.4517 W   0.7       11.1       10.4        9.4       65.5 
100901  140309  46  50.9344 N  61  55.4516 W   0.7       11.1       10.4        9.4       65.5 
100901  140310  46  50.9343 N  61  55.4515 W   0.7       11.1       10.4        9.4       16.7*
100901  140311  46  50.9342 N  61  55.4514 W   0.6       11.1       10.4        9.4       16.7 
100901  140312  46  50.9341 N  61  55.4513 W   0.6       11.1       10.4        8.2*      16.7 
100901  140313  46  50.9340 N  61  55.4512 W   0.5       11.1       10.4        8.2       16.7 
100901  140314  46  50.9339 N  61  55.4511 W   0.5       11.1       10.4        8.2       16.7 
100901  140315  46  50.9338 N  61  55.4510 W   0.5       11.1       10.4        8.2       16.7 
100901  140316  46  50.9338 N  61  55.4510 W   0.5       11.1       10.4        8.2       16.7 
100901  140317  46  50.9337 N  61  55.4509 W   0.4       11.1       10.4        8.2       16.7 
100901  140318  46  50.9336 N  61  55.4508 W   0.4       11.1       10.4        2.0*      16.7 
100901  140319  46  50.9335 N  61  55.4507 W   0.4       11.1       10.4        2.0       16.7 
100901  140320  46  50.9334 N  61  55.4507 W   0.4       11.1       10.4        2.0       16.7 
100901  140321  46  50.9334 N  61  55.4506 W   0.4       11.1       10.4        2.0       16.7 
100901  140322  46  50.9333 N  61  55.4506 W   0.4       11.1        2.5*       2.0       16.7 
100901  140323  46  50.9333 N  61  55.4506 W   0.4       11.1        2.5        7.4*      16.7 
100901  140324  46  50.9332 N  61  55.4505 W   0.4       11.1        2.5        7.4       16.7 
100901  140325  46  50.9331 N  61  55.4504 W   0.3       11.1        2.5        7.4       16.7 
100901  140326  46  50.9330 N  61  55.4504 W   0.3       11.1        2.5        7.4       54.1*
100901  140327  46  50.9329 N  61  55.4504 W   0.3       11.1        2.5        7.4       54.1 
100901  140328  46  50.9329 N  61  55.4502 W   0.3       11.1        2.5        1.9*      54.1 
100901  140329  46  50.9328 N  61  55.4501 W   0.3        5.6*       2.5        1.9       54.1 
100901  140330  46  50.9327 N  61  55.4501 W   0.3        5.6        2.5        1.9       54.1 
100901  140331  46  50.9327 N  61  55.4501 W   0.3        5.6        2.5        1.9       54.1 
100901  140332  46  50.9326 N  61  55.4501 W   0.3        5.6        2.5        1.9       98.1*
100901  140333  46  50.9325 N  61  55.4500 W   0.3        5.6        2.5        8.1*      98.1 
100901  140334  46  50.9325 N  61  55.4500 W   0.3        5.6        2.5        8.1       98.1 
100901  140335  46  50.9324 N  61  55.4499 W   0.3        5.6        2.5        8.1       98.1 
100901  140336  46  50.9323 N  61  55.4498 W   0.3        5.6        2.5        8.1       98.1 
100901  140337  46  50.9323 N  61  55.4498 W   0.2        5.6        2.5        8.1       35.2*
100901  140338  46  50.9322 N  61  55.4497 W   0.2        5.6        2.5        3.5*      35.2 
100901  140339  46  50.9322 N  61  55.4497 W   0.2        5.6        2.5        3.5       35.2 
100901  140340  46  50.9321 N  61  55.4497 W   0.2        5.6        2.5        3.5       35.2 
100901  140341  46  50.9320 N  61  55.4496 W   0.2        5.6        2.5        3.5       35.2 
100901  140342  46  50.9320 N  61  55.4496 W   0.2        5.6       13.2*       3.5       66.0*
100901  140343  46  50.9319 N  61  55.4496 W   0.2        5.6       13.2        3.5       66.0 
100901  140344  46  50.9319 N  61  55.4496 W   0.2        5.6       13.2       18.6*      66.0 
100901  140345  46  50.9319 N  61  55.4496 W   0.2        5.6       13.2       18.6       66.0 
100901  140346  46  50.9319 N  61  55.4496 W   0.2        5.6       13.2       18.6       66.0 
100901  140347  46  50.9319 N  61  55.4496 W   0.2        5.6       13.2       18.6       66.0 
100901  140348  46  50.9319 N  61  55.4495 W   0.2        5.6        3.9*      18.6       33.4*
100901  140349  46  50.9319 N  61  55.4495 W   0.2        5.6        3.9       18.6       33.4 
100901  140350  46  50.9319 N  61  55.4495 W   0.2        5.6        3.9       18.6       33.4 
100901  140351  46  50.9318 N  61  55.4494 W   0.2        5.6        3.9       18.6       33.4 
100901  140352  46  50.9318 N  61  55.4494 W   0.2        5.6        3.9       18.6       33.4 
100901  140353  46  50.9317 N  61  55.4494 W   0.2        5.6        3.9       18.6       67.7*
100901  140354  46  50.9318 N  61  55.4494 W   0.2        5.6        3.9        1.3*      67.7 
100901  140355  46  50.9317 N  61  55.4494 W   0.2        3.0*       3.9        1.3       67.7 
100901  140356  46  50.9316 N  61  55.4493 W   0.2        3.0        3.9        1.3       67.7 
100901  140357  46  50.9316 N  61  55.4493 W   0.2        3.0        3.9        1.3       67.7 
100901  140358  46  50.9315 N  61  55.4493 W   0.2        3.0        3.9        1.3       77.0*
100901  140359  46  50.9315 N  61  55.4492 W   0.2        3.0        3.9        1.3       77.0 
100901  140400  46  50.9314 N  61  55.4492 W   0.2        3.0        3.9       10.2*      77.0 
100901  140401  46  50.9315 N  61  55.4492 W   0.2        3.0        3.9       10.2       77.0 
100901  140402  46  50.9315 N  61  55.4492 W   0.2        3.0        3.9       10.2       77.0 
100901  140403  46  50.9314 N  61  55.4491 W   0.2        3.0        3.9       10.2       77.0 
100901  140404  46  50.9313 N  61  55.4490 W   0.2        3.0        3.9       10.2       14.1*
100901  140405  46  50.9313 N  61  55.4491 W   0.2        3.0        3.9       10.2       14.1 
100901  140406  46  50.9313 N  61  55.4490 W   0.1        3.0        3.9       10.2       14.1 
100901  140407  46  50.9312 N  61  55.4490 W   0.2        3.0        3.9       10.2       14.1 
100901  140408  46  50.9312 N  61  55.4490 W   0.2        2.2*       3.9       10.2       14.1 
100901  140409  46  50.9312 N  61  55.4490 W   0.1        2.2        3.9       10.2       14.1 
100901  140410  46  50.9311 N  61  55.4489 W   0.2        2.2        3.9        9.1*      14.1 
100901  140411  46  50.9311 N  61  55.4489 W   0.2        2.2        3.9        9.1       14.1 
100901  140412  46  50.9311 N  61  55.4488 W   0.2        2.2        3.9        9.1       14.1 
100901  140413  46  50.9311 N  61  55.4488 W   0.2        2.2        3.9        9.1       14.1 
100901  140414  46  50.9311 N  61  55.4488 W   0.2        2.2        3.9        9.1       14.1 
100901  140415  46  50.9310 N  61  55.4488 W   0.2        2.2        3.9        9.4*      14.1 
100901  140416  46  50.9310 N  61  55.4487 W   0.2        2.2        3.9        9.4       14.1 
100901  140417  46  50.9310 N  61  55.4487 W   0.2        2.2        3.9        9.4       14.1 
100901  140418  46  50.9309 N  61  55.4487 W   0.2        2.2        3.9        9.4       14.1 
100901  140419  46  50.9309 N  61  55.4487 W   0.2        2.2        3.9        9.4       14.1 
100901  140420  46  50.9308 N  61  55.4487 W   0.2        2.2        3.9        9.4       38.3*
100901  140421  46  50.9308 N  61  55.4486 W   0.2        2.2*       3.9        9.4       38.3 
100901  140422  46  50.9307 N  61  55.4486 W   0.2        2.2        3.9        9.4       38.3 
100901  140423  46  50.9307 N  61  55.4486 W   0.2        2.2        3.9        9.4       38.3 
100901  140424  46  50.9307 N  61  55.4486 W   0.2        2.2        3.9        9.4       38.3 
100901  140425  46  50.9306 N  61  55.4486 W   0.2        2.2        3.9        9.4       40.5*
100901  140426  46  50.9305 N  61  55.4486 W   0.2        2.2        3.9        9.4       40.5 
100901  140427  46  50.9305 N  61  55.4485 W   0.2        2.2        3.9        9.4       40.5 
100901  140428  46  50.9304 N  61  55.4485 W   0.2        2.2        3.9        9.4       40.5 
100901  140429  46  50.9304 N  61  55.4484 W   0.3        2.2        3.9        9.4       40.5 
100901  140430  46  50.9303 N  61  55.4483 W   0.3        2.2        3.9        9.4       64.7*
100901  140431  46  50.9302 N  61  55.4483 W   0.3        2.2        3.9       84.6*      64.7 
100901  140432  46  50.9301 N  61  55.4482 W   0.3        2.2        3.9       84.6       64.7 
100901  140433  46  50.9300 N  61  55.4481 W   0.3        2.2        3.9       84.6       64.7 
100901  140434  46  50.9299 N  61  55.4480 W   0.4        2.2*       3.9       84.6       64.7 
100901  140435  46  50.9299 N  61  55.4479 W   0.4        2.2        3.9       84.6       22.0*
100901  140436  46  50.9297 N  61  55.4477 W   0.4        2.2        3.9        0.4*      22.0 
100901  140437  46  50.9296 N  61  55.4476 W   0.5        2.2        3.9        0.4       22.0 
100901  140438  46  50.9295 N  61  55.4474 W   0.5        2.2        3.9        0.4       22.0 
100901  140439  46  50.9293 N  61  55.4472 W   0.5        2.2        3.9        0.4       22.0 
100901  140440  46  50.9292 N  61  55.4470 W   0.6        2.2        3.9        0.4       22.0 
100901  140441  46  50.9290 N  61  55.4468 W   0.6        2.2        3.9        4.1*       1.8*
100901  140442  46  50.9287 N  61  55.4466 W   0.7        2.2        3.9        4.1        1.8 
100901  140443  46  50.9286 N  61  55.4463 W   0.7        2.2        3.9        4.1        1.8 
100901  140444  46  50.9283 N  61  55.4460 W   0.8        2.2        3.9        4.1        1.8 
100901  140445  46  50.9281 N  61  55.4457 W   0.8        2.2        3.9        4.1        1.8 
100901  140446  46  50.9279 N  61  55.4454 W   0.9        2.2        3.9        4.1       30.8*
100901  140447  46  50.9277 N  61  55.4450 W   0.9        2.2       12.9*       4.1       30.8 
