FileName: C:\TESTNE~1\GP201F.TXT
Local Time: Wed Aug 11 06:53:41 2010

Ship: August 11, 2010 Trip: GP201F Tow: 02
Comments: Zone 12 nord banc bradelle
 Date    Time     Latitude       Longitude    Speed    Primary  Secondary DoorSpread      Depth 
100811  095341  47  55.1725 N  62  54.2736 W   7.6       12.6*      10.3*     103.1*     687.1*
100811  095342  47  55.1710 N  62  54.2719 W   7.5       12.6       10.3      103.1      687.1 
100811  095343  47  55.1696 N  62  54.2702 W   7.3       12.6       10.3      103.1      687.1 
100811  095344  47  55.1683 N  62  54.2685 W   7.1       12.6       10.3      103.1      687.1 
100811  095345  47  55.1671 N  62  54.2670 W   6.9       12.6       10.3      103.1      687.1 
100811  095346  47  55.1659 N  62  54.2654 W   6.7       12.6       10.3      103.1      687.1 
100811  095347  47  55.1647 N  62  54.2639 W   6.5       12.6       10.3      103.1      687.1 
100811  095348  47  55.1635 N  62  54.2625 W   6.3       12.6       10.3      103.1      687.1 
100811  095349  47  55.1625 N  62  54.2611 W   6.1       12.6       10.3      103.1      687.1 
100811  095350  47  55.1614 N  62  54.2598 W   6.0       12.6       10.3      103.1      687.1 
100811  095351  47  55.1604 N  62  54.2585 W   5.8       12.6       10.3      103.1      687.1 
100811  095352  47  55.1594 N  62  54.2572 W   5.6       12.6       10.3      103.1      687.1 
100811  095353  47  55.1584 N  62  54.2560 W   5.4       12.6       10.3      103.1      687.1 
100811  095354  47  55.1575 N  62  54.2548 W   5.3       12.6       10.3      103.1      687.1 
100811  095355  47  55.1566 N  62  54.2536 W   5.1       12.6       10.3      103.1      687.1 
100811  095356  47  55.1558 N  62  54.2525 W   5.0       12.6       10.3      103.1      687.1 
100811  095357  47  55.1549 N  62  54.2514 W   4.8       12.6       10.3      103.1      687.1 
100811  095358  47  55.1541 N  62  54.2503 W   4.7       12.6       10.3      103.1      687.1 
100811  095359  47  55.1533 N  62  54.2492 W   4.6       12.6       10.3      103.1      687.1 
100811  095400  47  55.1524 N  62  54.2482 W   4.5       12.6       10.3      103.1      687.1 
100811  095401  47  55.1516 N  62  54.2472 W   4.4       12.6       10.3        4.8*     687.1 
100811  095402  47  55.1509 N  62  54.2461 W   4.3       12.6       10.3        4.8      276.7*
100811  095403  47  55.1501 N  62  54.2451 W   4.2       12.6       10.3        4.8      276.7 
100811  095404  47  55.1494 N  62  54.2440 W   4.1       12.6       10.3        4.8      276.7 
100811  095405  47  55.1486 N  62  54.2431 W   4.0       12.6       10.3        4.8      276.7 
100811  095406  47  55.1479 N  62  54.2421 W   4.0       12.6       10.3        2.1*     276.7 
100811  095407  47  55.1471 N  62  54.2411 W   3.9       12.6       10.3        2.1      276.7 
100811  095408  47  55.1464 N  62  54.2402 W   3.8       12.6       10.3        2.1      276.7 
100811  095409  47  55.1457 N  62  54.2392 W   3.8       12.6       10.3        2.1      276.7 
100811  095410  47  55.1450 N  62  54.2382 W   3.7       12.6       10.3        2.1      276.7 
100811  095411  47  55.1443 N  62  54.2373 W   3.7       12.6       10.3        3.2*     276.7 
100811  095412  47  55.1436 N  62  54.2364 W   3.6       12.6       10.3        3.2      276.7 
100811  095413  47  55.1429 N  62  54.2355 W   3.6       12.6       10.3        3.2      276.7 
100811  095414  47  55.1422 N  62  54.2345 W   3.5       12.6       10.3        3.2      276.7 
100811  095415  47  55.1415 N  62  54.2336 W   3.5       12.6       10.3        3.2      276.7 
100811  095416  47  55.1409 N  62  54.2327 W   3.4       12.6       10.3        2.9*     276.7 
100811  095417  47  55.1402 N  62  54.2318 W   3.4       12.6       10.3        2.9       28.2*
100811  095418  47  55.1396 N  62  54.2308 W   3.4       12.6       10.3        2.9       28.2 
100811  095419  47  55.1389 N  62  54.2300 W   3.3       12.6       10.3        2.9       28.2 
100811  095420  47  55.1383 N  62  54.2291 W   3.3       12.6       10.3        2.9       28.2 
100811  095421  47  55.1376 N  62  54.2283 W   3.3       12.6       10.3        2.9       28.2 
100811  095422  47  55.1370 N  62  54.2273 W   3.3       12.6       10.3        3.6*      28.2 
100811  095423  47  55.1364 N  62  54.2265 W   3.2       12.6       10.3        3.6      230.9*
100811  095424  47  55.1357 N  62  54.2256 W   3.2       12.6       10.3        3.6      230.9 
100811  095425  47  55.1351 N  62  54.2248 W   3.2       12.6       10.3        3.6      230.9 
100811  095426  47  55.1344 N  62  54.2239 W   3.2       12.6       10.3        3.6      230.9 
100811  095427  47  55.1338 N  62  54.2231 W   3.1       12.6       10.3        3.5*     230.9 
100811  095428  47  55.1332 N  62  54.2222 W   3.1       12.6       10.3        3.5       17.6*
100811  095429  47  55.1326 N  62  54.2213 W   3.1       12.6       10.3        3.5       17.6 
100811  095430  47  55.1320 N  62  54.2205 W   3.1       12.6       10.3        3.5       17.6 
100811  095431  47  55.1314 N  62  54.2196 W   3.1       12.6       10.3        3.5       17.6 
100811  095432  47  55.1309 N  62  54.2188 W   3.0       12.6       10.3        3.7*      17.6 
100811  095433  47  55.1302 N  62  54.2180 W   3.0       12.6       10.3        3.7        9.2*
100811  095434  47  55.1297 N  62  54.2172 W   3.0       12.6       10.3        3.7        9.2 
100811  095435  47  55.1291 N  62  54.2164 W   3.0       12.6       10.3        3.7        9.2 
100811  095436  47  55.1285 N  62  54.2155 W   3.0       12.6       10.3        3.7        9.2 
100811  095437  47  55.1279 N  62  54.2147 W   3.0       12.6       10.3        4.1*       9.2 
100811  095438  47  55.1273 N  62  54.2138 W   3.0       12.6       10.3        4.1       11.9*
100811  095439  47  55.1267 N  62  54.2130 W   3.0       12.6       10.3        4.1       11.9 
100811  095440  47  55.1261 N  62  54.2121 W   3.0       12.6       10.3        4.1       11.9 
100811  095441  47  55.1255 N  62  54.2113 W   3.0       12.6       10.3        4.1       11.9 
100811  095442  47  55.1249 N  62  54.2104 W   3.0       12.6       10.3        4.2*      11.9 
100811  095443  47  55.1244 N  62  54.2095 W   3.0       12.6       10.3        4.2       15.8*
100811  095444  47  55.1237 N  62  54.2087 W   3.0       12.6       10.3        4.2       15.8 
100811  095445  47  55.1231 N  62  54.2078 W   3.0       12.6       10.3        4.2       15.8 
100811  095446  47  55.1225 N  62  54.2070 W   3.0       12.6       10.3        4.2       15.8 
100811  095447  47  55.1219 N  62  54.2062 W   3.0       12.6       10.3        4.2       15.8 
100811  095448  47  55.1213 N  62  54.2053 W   3.0       12.6       10.3        2.9*      15.8 
100811  095449  47  55.1208 N  62  54.2045 W   3.0       12.6       10.3        2.9       14.5*
100811  095450  47  55.1201 N  62  54.2036 W   3.0       12.6       10.3        2.9       14.5 
100811  095451  47  55.1195 N  62  54.2028 W   3.0       12.6       10.3        2.9       14.5 
100811  095452  47  55.1189 N  62  54.2020 W   3.0       12.6       10.3        2.9       14.5 
100811  095453  47  55.1183 N  62  54.2012 W   2.9       12.6       10.3        2.3*      14.5 
100811  095454  47  55.1177 N  62  54.2003 W   2.9       12.6       10.3        2.3       18.9*
100811  095455  47  55.1172 N  62  54.1995 W   2.9       12.6        2.3*       2.3       18.9 
100811  095456  47  55.1165 N  62  54.1986 W   2.9       12.6        2.3        2.3       18.9 
100811  095457  47  55.1160 N  62  54.1979 W   2.9       12.6        2.3        2.3       18.9 
100811  095458  47  55.1154 N  62  54.1971 W   2.9       12.6        2.3        2.6*      18.9 
100811  095459  47  55.1148 N  62  54.1963 W   2.9       12.6        2.3        2.6       16.3*
100811  095500  47  55.1142 N  62  54.1954 W   2.9       12.6        2.3        2.6       16.3 
100811  095501  47  55.1135 N  62  54.1945 W   3.0       12.6        2.3        2.6       16.3 
100811  095502  47  55.1128 N  62  54.1936 W   3.0        3.1*       2.3        2.6       16.3 
100811  095503  47  55.1121 N  62  54.1925 W   3.1        3.1        2.3        2.6*      16.3 
100811  095504  47  55.1112 N  62  54.1915 W   3.3        3.1        2.3        2.6       17.2*
100811  095505  47  55.1103 N  62  54.1903 W   3.4        3.1        2.3        2.6       17.2 
100811  095506  47  55.1094 N  62  54.1891 W   3.6        3.1        2.3        2.6       17.2 
100811  095507  47  55.1083 N  62  54.1878 W   3.8        3.1        2.3        2.6       17.2 
100811  095508  47  55.1072 N  62  54.1864 W   4.0        3.1        2.2*       3.4*      17.2 
100811  095509  47  55.1060 N  62  54.1849 W   4.3        3.1        2.2        3.4       17.2 
100811  095510  47  55.1048 N  62  54.1834 W   4.5        3.1        2.2        3.4       18.5*
100811  095511  47  55.1036 N  62  54.1817 W   4.7        3.1        2.2        3.4       18.5 
100811  095512  47  55.1022 N  62  54.1801 W   5.0        3.1        2.2        3.4       18.5 
100811  095513  47  55.1008 N  62  54.1784 W   5.2        3.1        2.2        3.4       18.5 
100811  095514  47  55.0993 N  62  54.1766 W   5.5        3.1        2.2        3.4       18.5 
100811  095515  47  55.0979 N  62  54.1748 W   5.7        3.1        2.2        3.4       19.8*
100811  095516  47  55.0964 N  62  54.1729 W   5.9        3.1        2.2        3.4       19.8 
100811  095517  47  55.0949 N  62  54.1710 W   6.1        3.1        2.2        3.4       19.8 
100811  095518  47  55.0934 N  62  54.1690 W   6.2        3.1        2.2        3.4       19.8 
100811  095519  47  55.0918 N  62  54.1671 W   6.4        3.1        2.2        3.4       19.8 
100811  095520  47  55.0903 N  62  54.1651 W   6.5        3.1        2.2        3.4       19.8 
100811  095521  47  55.0886 N  62  54.1631 W   6.7        3.1        2.2        3.4       19.8 
100811  095522  47  55.0871 N  62  54.1611 W   6.8        3.1        2.2        3.4       19.8 
100811  095523  47  55.0854 N  62  54.1590 W   6.9        3.1        2.2        3.4       19.8 
100811  095524  47  55.0838 N  62  54.1570 W   7.0        3.1        2.2        3.4       19.8 
100811  095525  47  55.0821 N  62  54.1550 W   7.1        3.1        2.2        3.4       19.8 
100811  095526  47  55.0805 N  62  54.1529 W   7.2        3.1        2.2        3.4       19.8 
100811  095527  47  55.0789 N  62  54.1509 W   7.3        3.1        2.2        3.4       19.8 
100811  095528  47  55.0772 N  62  54.1488 W   7.4        3.1        2.2        3.4       19.8 
100811  095529  47  55.0755 N  62  54.1467 W   7.4        3.1        2.2        3.4       19.8 
100811  095530  47  55.0737 N  62  54.1445 W   7.5        3.1        2.2        3.4       19.8 
100811  095531  47  55.0720 N  62  54.1423 W   7.6        3.1        2.2        3.4       19.8 
100811  095532  47  55.0704 N  62  54.1402 W   7.7        3.1        2.2        3.4       19.8 
100811  095533  47  55.0687 N  62  54.1380 W   7.7        3.1        2.2        3.4       19.8 
100811  095534  47  55.0671 N  62  54.1358 W   7.7        3.1        2.2        3.4      272.7*
100811  095535  47  55.0655 N  62  54.1335 W   7.7        3.1        2.2        3.4      272.7 
100811  095536  47  55.0639 N  62  54.1312 W   7.8        3.1        2.2        3.4      272.7 
100811  095537  47  55.0623 N  62  54.1289 W   7.8        3.1        2.2        3.4      272.7 
100811  095538  47  55.0607 N  62  54.1266 W   7.8        3.1       10.8*       3.4      272.7 
100811  095539  47  55.0591 N  62  54.1243 W   7.8        3.1       10.8        3.4      272.7 
100811  095540  47  55.0575 N  62  54.1220 W   7.9        3.1       10.8        3.4      272.7 
100811  095541  47  55.0560 N  62  54.1196 W   7.9        3.1       10.8        3.4      272.7 
100811  095542  47  55.0544 N  62  54.1173 W   7.9        3.1       10.8        3.4      272.7 
100811  095543  47  55.0528 N  62  54.1150 W   7.9        3.1       10.8        3.4      272.7 
100811  095544  47  55.0513 N  62  54.1128 W   7.9        3.1       10.8        3.4      272.7 
100811  095545  47  55.0498 N  62  54.1105 W   7.9        3.1       10.8        3.4      272.7 
100811  095546  47  55.0484 N  62  54.1082 W   7.9        3.1       10.8        3.4      272.7 
100811  095547  47  55.0469 N  62  54.1059 W   7.9        3.1       10.8        3.4      272.7 
100811  095548  47  55.0455 N  62  54.1036 W   7.9        3.1       10.8        3.4      272.7 
100811  095549  47  55.0440 N  62  54.1012 W   8.0        3.1       10.8        3.4      272.7 
100811  095550  47  55.0426 N  62  54.0988 W   8.0        3.1       10.8        3.4      272.7 
100811  095551  47  55.0410 N  62  54.0965 W   8.0        3.1       10.8        3.4      272.7 
100811  095552  47  55.0395 N  62  54.0940 W   8.0        3.1       10.8        3.4      272.7 
100811  095553  47  55.0380 N  62  54.0915 W   8.0        3.1       10.8        3.4      272.7 
100811  095554  47  55.0364 N  62  54.0890 W   8.0        3.1       10.8        3.4      272.7 
100811  095555  47  55.0349 N  62  54.0865 W   8.0        3.1       10.8        3.4      272.7 
100811  095556  47  55.0334 N  62  54.0840 W   8.0        3.1       10.8        3.4      272.7 
100811  095557  47  55.0319 N  62  54.0815 W   8.0        3.1       10.8        3.4      272.7 
100811  095558  47  55.0304 N  62  54.0789 W   8.0        3.1       10.8        3.4      272.7 
100811  095559  47  55.0289 N  62  54.0764 W   8.0        3.1       10.8        3.4      272.7 
100811  095600  47  55.0273 N  62  54.0738 W   8.0        3.1       10.8        3.4      272.7 
100811  095601  47  55.0258 N  62  54.0711 W   8.0        3.1       10.8        3.4      272.7 
100811  095602  47  55.0243 N  62  54.0685 W   8.0        3.1       10.8        3.4      272.7 
100811  095603  47  55.0229 N  62  54.0658 W   8.0        3.1       10.8        3.4      272.7 
100811  095604  47  55.0214 N  62  54.0632 W   8.0        3.1       10.8      129.8*     272.7 
100811  095605  47  55.0200 N  62  54.0606 W   8.0        3.1       10.8      129.8      272.7 
100811  095606  47  55.0186 N  62  54.0579 W   8.0        3.1       10.8      129.8      272.7 
100811  095607  47  55.0171 N  62  54.0553 W   8.0        3.1       10.8      129.8      272.7 
100811  095608  47  55.0157 N  62  54.0526 W   8.0        3.1       10.8      129.8      272.7 
100811  095609  47  55.0143 N  62  54.0499 W   8.0        3.1       10.8      129.8      272.7 
100811  095610  47  55.0129 N  62  54.0473 W   8.0        3.1       10.8      129.8      272.7 
100811  095611  47  55.0115 N  62  54.0446 W   8.0        3.1       10.8      129.8      272.7 
100811  095612  47  55.0100 N  62  54.0420 W   8.0        3.1       10.8      129.8      272.7 
100811  095613  47  55.0086 N  62  54.0394 W   8.0        3.1       10.8      129.8      272.7 
100811  095614  47  55.0073 N  62  54.0368 W   8.0        3.1       10.8      129.8      272.7 
100811  095615  47  55.0060 N  62  54.0341 W   8.0        3.1       10.8      129.8      272.7 
100811  095616  47  55.0047 N  62  54.0315 W   8.0        3.1       10.8      129.8      272.7 
100811  095617  47  55.0033 N  62  54.0289 W   8.0        3.1       10.8      129.8      272.7 
100811  095618  47  55.0019 N  62  54.0262 W   8.0        3.1       10.8      129.8      272.7 
100811  095619  47  55.0005 N  62  54.0236 W   8.0        3.1       10.8      129.8      272.7 
100811  095620  47  54.9992 N  62  54.0209 W   7.9        3.1       10.8      129.8      272.7 
100811  095621  47  54.9980 N  62  54.0184 W   7.9        3.1       10.8      129.8      272.7 
100811  095622  47  54.9967 N  62  54.0158 W   7.9        3.1       10.8      129.8      272.7 
100811  095623  47  54.9954 N  62  54.0133 W   7.8        3.1       10.8      129.8      272.7 
100811  095624  47  54.9942 N  62  54.0108 W   7.8        3.1       10.8      129.8      272.7 
100811  095625  47  54.9929 N  62  54.0082 W   7.8        3.1       10.8      129.8      272.7 
100811  095626  47  54.9916 N  62  54.0057 W   7.8        3.1       10.8      129.8      272.7 
100811  095627  47  54.9903 N  62  54.0030 W   7.8        3.1       10.8      129.8      272.7 
100811  095628  47  54.9889 N  62  54.0004 W   7.8        3.1       10.8      129.8      272.7 
100811  095629  47  54.9877 N  62  53.9978 W   7.8        3.1       10.8      129.8      272.7 
100811  095630  47  54.9864 N  62  53.9953 W   7.8        3.1       10.8      129.8      272.7 
100811  095631  47  54.9850 N  62  53.9927 W   7.8        3.1       10.8      129.8      272.7 
100811  095632  47  54.9838 N  62  53.9901 W   7.8        3.1       10.8      129.8      272.7 
100811  095633  47  54.9824 N  62  53.9875 W   7.8        3.1       10.8      129.8      272.7 
100811  095634  47  54.9811 N  62  53.9849 W   7.8        3.1       10.8      129.8      495.3*
100811  095635  47  54.9797 N  62  53.9824 W   7.8        3.1       10.8      129.8      495.3 
100811  095636  47  54.9784 N  62  53.9798 W   7.9        3.1       10.8      129.8      495.3 
100811  095637  47  54.9771 N  62  53.9772 W   7.8        3.1       10.8      129.8      495.3 
100811  095638  47  54.9759 N  62  53.9747 W   7.8        3.1       10.8      129.8      495.3 
100811  095639  47  54.9746 N  62  53.9721 W   7.8        3.1       10.8      129.8      495.3 
100811  095640  47  54.9733 N  62  53.9695 W   7.8        3.1       10.8      129.8      495.3 
100811  095641  47  54.9720 N  62  53.9669 W   7.8        3.1        3.9*     129.8      495.3 
100811  095642  47  54.9708 N  62  53.9644 W   7.8        3.1        3.9      129.8      495.3 
100811  095643  47  54.9695 N  62  53.9618 W   7.8        3.1        3.9      129.8      495.3 
100811  095644  47  54.9682 N  62  53.9591 W   7.8        3.1        3.9      129.8      495.3 
100811  095645  47  54.9669 N  62  53.9566 W   7.8        3.1        3.9      129.8      495.3 
100811  095646  47  54.9657 N  62  53.9540 W   7.8        3.1        3.9      129.8      495.3 
100811  095647  47  54.9644 N  62  53.9514 W   7.8        3.1        3.9      100.2*     495.3 
100811  095648  47  54.9631 N  62  53.9489 W   7.8        3.1        3.9      100.2      495.3 
100811  095649  47  54.9618 N  62  53.9463 W   7.8        3.1        3.9      100.2      495.3 
100811  095650  47  54.9604 N  62  53.9437 W   7.8        3.1        3.9      100.2      495.3 
100811  095651  47  54.9591 N  62  53.9412 W   7.8        3.1        3.9      100.2      495.3 
100811  095652  47  54.9578 N  62  53.9386 W   7.8        3.1        3.9      100.2      495.3 
100811  095653  47  54.9565 N  62  53.9361 W   7.8        3.1        3.9      100.2      495.3 
100811  095654  47  54.9552 N  62  53.9335 W   7.8        3.1        3.9      100.2      495.3 
100811  095655  47  54.9538 N  62  53.9310 W   7.8        3.1        3.9      100.2      495.3 
100811  095656  47  54.9524 N  62  53.9286 W   7.8        3.1        3.9      100.2      495.3 
100811  095657  47  54.9511 N  62  53.9261 W   7.8        3.1        3.9      100.2      495.3 
100811  095658  47  54.9497 N  62  53.9235 W   7.8        3.1        3.9      100.2      495.3 
100811  095659  47  54.9484 N  62  53.9210 W   7.8        3.1        3.9      100.2      495.3 
100811  095700  47  54.9470 N  62  53.9185 W   7.8        3.1        3.9      100.2      495.3 
100811  095701  47  54.9457 N  62  53.9161 W   7.8        3.1        3.9      100.2      495.3 
100811  095702  47  54.9444 N  62  53.9137 W   7.8        3.1        3.9      100.2      495.3 
100811  095703  47  54.9430 N  62  53.9112 W   7.8        3.1        3.9      100.2      495.3 
100811  095704  47  54.9417 N  62  53.9087 W   7.8        3.1        3.9      100.2      495.3 
100811  095705  47  54.9404 N  62  53.9063 W   7.7        3.1        3.9      100.2      495.3 
100811  095706  47  54.9391 N  62  53.9038 W   7.7        3.1        3.9      100.2      495.3 
100811  095707  47  54.9378 N  62  53.9013 W   7.7        3.1        3.9      100.2      495.3 
100811  095708  47  54.9364 N  62  53.8988 W   7.7        3.1        3.9      100.2      495.3 
100811  095709  47  54.9351 N  62  53.8963 W   7.7        3.1        3.9      100.2      495.3 
100811  095710  47  54.9337 N  62  53.8938 W   7.7        3.1        3.9      100.2      495.3 
100811  095711  47  54.9323 N  62  53.8913 W   7.7        3.1        3.9      100.2      495.3 
100811  095712  47  54.9309 N  62  53.8888 W   7.7        3.1        3.9      100.2      495.3 
100811  095713  47  54.9296 N  62  53.8864 W   7.7        3.1        3.9      100.2      495.3 
100811  095714  47  54.9282 N  62  53.8839 W   7.6        3.1        3.9      100.2      495.3 
100811  095715  47  54.9269 N  62  53.8814 W   7.6        3.1        3.9      100.2      495.3 
100811  095716  47  54.9255 N  62  53.8789 W   7.6        3.1        3.9      100.2      495.3 
100811  095717  47  54.9242 N  62  53.8766 W   7.6        3.1        3.9      100.2      333.0*
100811  095718  47  54.9229 N  62  53.8743 W   7.5        3.1        3.9      100.2      333.0 
100811  095719  47  54.9216 N  62  53.8720 W   7.4        3.1        3.9      100.2      333.0 
100811  095720  47  54.9204 N  62  53.8698 W   7.3        3.1        3.9      100.2      333.0 
100811  095721  47  54.9193 N  62  53.8676 W   7.2        3.1        3.9      100.2      333.0 
100811  095722  47  54.9182 N  62  53.8655 W   7.1        3.1        3.9      100.2      333.0 
100811  095723  47  54.9170 N  62  53.8634 W   7.0        3.1        3.9      100.2      333.0 
100811  095724  47  54.9159 N  62  53.8614 W   6.9        3.1        3.9      100.2      333.0 
100811  095725  47  54.9148 N  62  53.8593 W   6.8        3.1        3.9      100.2      333.0 
100811  095726  47  54.9136 N  62  53.8572 W   6.7        3.1        3.9      100.2      333.0 
100811  095727  47  54.9125 N  62  53.8552 W   6.7        3.1        3.9      100.2      333.0 
100811  095728  47  54.9114 N  62  53.8533 W   6.6        3.1        3.9       48.9*     333.0 
100811  095729  47  54.9103 N  62  53.8513 W   6.5        3.1        3.9       48.9      333.0 
100811  095730  47  54.9092 N  62  53.8493 W   6.4        3.1        3.9       48.9      333.0 
100811  095731  47  54.9082 N  62  53.8474 W   6.4        3.1        3.9       48.9      333.0 
100811  095732  47  54.9071 N  62  53.8455 W   6.3        3.1        3.9       48.9      114.8*
100811  095733  47  54.9060 N  62  53.8435 W   6.3        3.1        3.9       48.9      114.8 
100811  095734  47  54.9049 N  62  53.8416 W   6.3        3.1        3.9       48.9      114.8 
100811  095735  47  54.9038 N  62  53.8396 W   6.2        3.1        3.9       48.9      114.8 
100811  095736  47  54.9028 N  62  53.8377 W   6.2        3.1        3.9       48.9      114.8 
100811  095737  47  54.9017 N  62  53.8358 W   6.2        3.1        3.9       48.9      114.8 
100811  095738  47  54.9007 N  62  53.8339 W   6.1        3.1        3.9       48.9       58.5*
100811  095739  47  54.8996 N  62  53.8320 W   6.1        3.1        3.9       48.9       58.5 
100811  095740  47  54.8985 N  62  53.8300 W   6.1        3.1        3.9       48.9       58.5 
100811  095741  47  54.8975 N  62  53.8282 W   6.1        3.1        3.9       48.9       58.5 
100811  095742  47  54.8964 N  62  53.8262 W   6.1        3.1        3.9       48.9       58.5 
100811  095743  47  54.8954 N  62  53.8243 W   6.1        3.1        3.9       48.9       58.9*
100811  095744  47  54.8943 N  62  53.8224 W   6.1        3.1        3.9       48.9       58.9 
100811  095745  47  54.8932 N  62  53.8204 W   6.1        3.1        3.9       48.9       58.9 
100811  095746  47  54.8921 N  62  53.8184 W   6.1        3.1        3.9       48.9       58.9 
100811  095747  47  54.8911 N  62  53.8165 W   6.0        3.1        3.9       48.9       58.9 
100811  095748  47  54.8902 N  62  53.8148 W   5.9        3.1        3.9       48.9       52.8*
100811  095749  47  54.8893 N  62  53.8132 W   5.8        3.1        3.9       48.9       52.8 
100811  095750  47  54.8885 N  62  53.8116 W   5.7        3.1        3.9       48.9       52.8 
100811  095751  47  54.8877 N  62  53.8101 W   5.5        3.1        3.9        8.3*      52.8 
100811  095752  47  54.8870 N  62  53.8087 W   5.3        3.1        3.9        8.3       52.8 
100811  095753  47  54.8862 N  62  53.8074 W   5.1        3.1        3.9        8.3       52.8 
100811  095754  47  54.8855 N  62  53.8061 W   5.0        3.1        3.9        8.3       56.3*
100811  095755  47  54.8849 N  62  53.8049 W   4.8        3.1        3.9        8.3       56.3 
100811  095756  47  54.8842 N  62  53.8038 W   4.6        3.1        3.9        8.3       56.3 
100811  095757  47  54.8836 N  62  53.8026 W   4.4        3.1        3.9        8.7*      56.3 
100811  095758  47  54.8831 N  62  53.8016 W   4.3        3.1        3.9        8.7       56.3 
100811  095759  47  54.8826 N  62  53.8005 W   4.1        3.1        3.9        8.7       57.2*
100811  095800  47  54.8820 N  62  53.7996 W   4.0        3.1        3.9        8.7       57.2 
100811  095801  47  54.8815 N  62  53.7986 W   3.8        3.1        3.9        8.7       57.2 
100811  095802  47  54.8810 N  62  53.7977 W   3.7        3.1        3.9        7.6*      57.2 
100811  095803  47  54.8805 N  62  53.7968 W   3.5        3.1        3.9        7.6       57.2 
100811  095804  47  54.8801 N  62  53.7959 W   3.4        3.1        3.9        7.6       64.7*
100811  095805  47  54.8796 N  62  53.7949 W   3.4        3.1        3.9        7.6       64.7 
100811  095806  47  54.8792 N  62  53.7941 W   3.3        3.1        3.9        7.6       64.7 
100811  095807  47  54.8788 N  62  53.7933 W   3.1        3.1        3.9        9.0*      64.7 
100811  095808  47  54.8784 N  62  53.7925 W   3.1        3.1        3.9        9.0       64.7 
100811  095809  47  54.8779 N  62  53.7916 W   3.0        3.1        3.9        9.0       64.7 
100811  095810  47  54.8775 N  62  53.7908 W   2.9        3.1        3.9        9.0       58.1*
100811  095811  47  54.8771 N  62  53.7900 W   2.9        3.1        3.9        9.0       58.1 
100811  095812  47  54.8767 N  62  53.7892 W   2.8        3.1        3.9        9.0       58.1 
100811  095813  47  54.8763 N  62  53.7885 W   2.7        3.1        3.9        7.2*      58.1 
100811  095814  47  54.8760 N  62  53.7877 W   2.7        3.1        3.9        7.2       58.1 
100811  095815  47  54.8757 N  62  53.7869 W   2.6        3.1        3.9        7.2       59.4*
100811  095816  47  54.8753 N  62  53.7862 W   2.6        3.1        3.9        7.2       59.4 
100811  095817  47  54.8750 N  62  53.7855 W   2.5        3.1        3.9        7.2       59.4 
100811  095818  47  54.8747 N  62  53.7847 W   2.5        3.1        3.9        6.8*      59.4 
100811  095819  47  54.8744 N  62  53.7839 W   2.5        3.1        3.9        6.8       59.4 
100811  095820  47  54.8740 N  62  53.7832 W   2.4        3.1        3.9        6.8       59.4*
100811  095821  47  54.8736 N  62  53.7825 W   2.4        3.1        3.9        6.8       59.4 
100811  095822  47  54.8733 N  62  53.7818 W   2.4        3.1        3.9        6.8       59.4 
100811  095823  47  54.8730 N  62  53.7811 W   2.3        3.1        3.9        6.2*      59.4 
100811  095824  47  54.8727 N  62  53.7803 W   2.3        3.1        3.9        6.2       59.4 
100811  095825  47  54.8723 N  62  53.7796 W   2.3        3.1        3.9        6.2       59.4 
100811  095826  47  54.8720 N  62  53.7790 W   2.3        3.1        3.9        6.2       67.7*
100811  095827  47  54.8717 N  62  53.7783 W   2.2        3.1       11.9*       6.2       67.7 
100811  095828  47  54.8714 N  62  53.7776 W   2.2        3.1       11.9        6.6*      67.7 
100811  095829  47  54.8710 N  62  53.7768 W   2.2        3.1       11.9        6.6       67.7 
100811  095830  47  54.8706 N  62  53.7761 W   2.2        3.1       11.9        6.6       67.7 
100811  095831  47  54.8703 N  62  53.7755 W   2.2        3.1       11.9        6.6       67.3*
100811  095832  47  54.8700 N  62  53.7748 W   2.2        3.1       11.9        6.6       67.3 
100811  095833  47  54.8697 N  62  53.7741 W   2.2        3.1       11.9        6.6       67.3 
100811  095834  47  54.8694 N  62  53.7733 W   2.2        3.1       11.9        6.8*      67.3 
100811  095835  47  54.8691 N  62  53.7727 W   2.1        3.1       11.9        6.8       67.3 
100811  095836  47  54.8688 N  62  53.7721 W   2.1        3.1       11.9        6.8       67.3 
100811  095837  47  54.8685 N  62  53.7714 W   2.1        3.1       11.9        6.8       69.5*
100811  095838  47  54.8681 N  62  53.7706 W   2.1        3.1       11.9        6.8       69.5 
100811  095839  47  54.8679 N  62  53.7700 W   2.1        3.1       11.9*       6.5*      69.5 
100811  095840  47  54.8676 N  62  53.7694 W   2.1        3.1       11.9        6.5       69.5 
100811  095841  47  54.8673 N  62  53.7687 W   2.1        3.1       11.9        6.5       69.5 
100811  095842  47  54.8670 N  62  53.7680 W   2.1        3.1       11.9        6.5       77.4*
100811  095843  47  54.8667 N  62  53.7673 W   2.1        3.1       11.9        6.5       77.4 
100811  095844  47  54.8664 N  62  53.7666 W   2.1        3.1       11.9        7.0*      77.4 
100811  095845  47  54.8661 N  62  53.7660 W   2.1        3.1       11.9        7.0       77.4 
100811  095846  47  54.8658 N  62  53.7653 W   2.0        3.1       11.9        7.0       77.4 
100811  095847  47  54.8655 N  62  53.7646 W   2.1        3.1       11.9        7.0       68.6*
100811  095848  47  54.8652 N  62  53.7640 W   2.0        3.1       11.9        7.0       68.6 
100811  095849  47  54.8649 N  62  53.7633 W   2.0        3.1       11.9        6.9*      68.6 
100811  095850  47  54.8646 N  62  53.7627 W   2.0        3.1       11.9        6.9       68.6 
100811  095851  47  54.8643 N  62  53.7620 W   2.0        3.1       11.9        6.9       68.6 
100811  095852  47  54.8641 N  62  53.7614 W   2.0        3.1       11.9        6.9       68.6 
100811  095853  47  54.8638 N  62  53.7607 W   2.0        3.1       11.9        6.9       73.5*
100811  095854  47  54.8634 N  62  53.7601 W   2.0        3.1       11.9        6.9       73.5 
100811  095855  47  54.8631 N  62  53.7594 W   2.0        3.1       11.9        6.9       73.5 
100811  095856  47  54.8628 N  62  53.7588 W   2.0        3.1       11.9        6.9       73.5 
100811  095857  47  54.8625 N  62  53.7580 W   2.0        3.1        2.8*       6.9       73.5 
100811  095858  47  54.8622 N  62  53.7573 W   2.1        3.1        2.8        6.9       76.5*
100811  095859  47  54.8619 N  62  53.7567 W   2.0        3.1        2.8        6.9       76.5 
100811  095900  47  54.8615 N  62  53.7560 W   2.0        3.1        2.8       32.6*      76.5 
100811  095901  47  54.8612 N  62  53.7553 W   2.0        3.1        2.8       32.6       76.5 
100811  095902  47  54.8609 N  62  53.7545 W   2.1        3.1        2.8       32.6       76.5 
100811  095903  47  54.8605 N  62  53.7538 W   2.1        3.1        2.8       32.6       80.5*
100811  095904  47  54.8602 N  62  53.7532 W   2.1        6.5*       2.8       32.6       80.5 
100811  095905  47  54.8598 N  62  53.7525 W   2.1        6.5        2.8        7.7*      80.5 
100811  095906  47  54.8595 N  62  53.7518 W   2.1        6.5        2.8        7.7       80.5 
100811  095907  47  54.8592 N  62  53.7511 W   2.1        6.5        2.8        7.7       80.5 
100811  095908  47  54.8589 N  62  53.7504 W   2.1        6.5        2.8        7.7       80.5 
100811  095909  47  54.8586 N  62  53.7498 W   2.1        6.5        2.8        7.7       78.7*
100811  095910  47  54.8583 N  62  53.7492 W   2.1        6.5        2.8        7.7       78.7 
100811  095911  47  54.8579 N  62  53.7485 W   2.1        6.5        2.8        7.8*      78.7 
100811  095912  47  54.8576 N  62  53.7477 W   2.1        6.5        2.8        7.8       78.7 
100811  095913  47  54.8573 N  62  53.7469 W   2.1        6.5        2.8        7.8       78.7 
100811  095914  47  54.8570 N  62  53.7463 W   2.1        6.5        2.8        7.8       81.8*
100811  095915  47  54.8567 N  62  53.7457 W   2.0        6.5        2.8        7.8       81.8 
100811  095916  47  54.8564 N  62  53.7451 W   2.1        6.5        2.8        8.0*      81.8 
100811  095917  47  54.8561 N  62  53.7443 W   2.1        6.5        2.8        8.0       81.8 
100811  095918  47  54.8558 N  62  53.7436 W   2.1        6.5        2.8        8.0       81.8 
100811  095919  47  54.8555 N  62  53.7430 W   2.1        6.5        2.8        8.0       81.8 
100811  095920  47  54.8552 N  62  53.7424 W   2.1        6.5        2.8        8.0       81.4*
100811  095921  47  54.8548 N  62  53.7416 W   2.1        6.5        2.8        9.7*      81.4 
100811  095922  47  54.8545 N  62  53.7410 W   2.1        6.5        2.8        9.7       81.4 
100811  095923  47  54.8542 N  62  53.7404 W   2.1        6.5        2.8        9.7       81.4 
100811  095924  47  54.8539 N  62  53.7396 W   2.1        6.5        2.8        9.7       81.4 
100811  095925  47  54.8535 N  62  53.7389 W   2.1        6.5        2.8        9.7       82.3*
100811  095926  47  54.8532 N  62  53.7382 W   2.1        6.5        2.8        7.1*      82.3 
100811  095927  47  54.8528 N  62  53.7375 W   2.1        6.5        2.8        7.1       82.3 
100811  095928  47  54.8525 N  62  53.7368 W   2.0        6.5        2.8        7.1       82.3 
100811  095929  47  54.8521 N  62  53.7360 W   2.1        6.5        2.8        7.1       82.3 
100811  095930  47  54.8517 N  62  53.7353 W   2.1        6.5        2.8        7.1       80.5*
100811  095931  47  54.8514 N  62  53.7347 W   2.1        6.5        2.8        7.1       80.5 
100811  095932  47  54.8511 N  62  53.7340 W   2.1        6.5        2.8        8.5*      80.5 
100811  095933  47  54.8508 N  62  53.7333 W   2.1        6.5        2.8        8.5       80.5 
100811  095934  47  54.8504 N  62  53.7325 W   2.1        6.5        2.8        8.5       80.5 
100811  095935  47  54.8501 N  62  53.7318 W   2.1        6.5        2.8        8.5       80.5 
100811  095936  47  54.8497 N  62  53.7312 W   2.1        6.5        2.8        8.5       84.0*
100811  095937  47  54.8494 N  62  53.7304 W   2.1        6.5        2.8        8.1*      84.0 
100811  095938  47  54.8490 N  62  53.7297 W   2.1        6.5        2.8        8.1       84.0 
100811  095939  47  54.8487 N  62  53.7290 W   2.1        6.5        2.8        8.1       84.0 
100811  095940  47  54.8484 N  62  53.7283 W   2.1        6.5        2.8        8.1       84.0 
100811  095941  47  54.8480 N  62  53.7277 W   2.1        6.5        2.8        8.1       79.6*
100811  095942  47  54.8477 N  62  53.7270 W   2.1        6.5        2.8        8.0*      79.6 
100811  095943  47  54.8473 N  62  53.7263 W   2.1        6.5        2.8        8.0       79.6 
100811  095944  47  54.8470 N  62  53.7256 W   2.1        6.5        2.8        8.0       79.6 
100811  095945  47  54.8466 N  62  53.7248 W   2.1        6.5        2.8        8.0       79.6 
100811  095946  47  54.8462 N  62  53.7241 W   2.1        6.5        2.8        8.0       79.6 
100811  095947  47  54.8459 N  62  53.7234 W   2.1        6.5        2.8        8.1*      84.9*
100811  095948  47  54.8455 N  62  53.7227 W   2.1        6.5        2.8        8.1       84.9 
100811  095949  47  54.8451 N  62  53.7220 W   2.1        6.5        2.8        8.1       84.9 
100811  095950  47  54.8448 N  62  53.7212 W   2.1        6.5        2.8        8.1       84.9 
100811  095951  47  54.8444 N  62  53.7205 W   2.1        6.5        2.8        8.1       84.9 
100811  095952  47  54.8441 N  62  53.7198 W   2.1        6.5       12.3*       8.1       81.8*
100811  095953  47  54.8437 N  62  53.7191 W   2.2        6.5       12.3        8.0*      81.8 
100811  095954  47  54.8433 N  62  53.7184 W   2.2        6.5       12.3        8.0       81.8 
100811  095955  47  54.8430 N  62  53.7176 W   2.1        6.5       12.3        8.0       81.8 
100811  095956  47  54.8427 N  62  53.7169 W   2.1        6.5       12.3        8.0       81.8 
100811  095957  47  54.8423 N  62  53.7162 W   2.1        6.5       12.3        8.0       82.3*
100811  095958  47  54.8420 N  62  53.7155 W   2.1        6.5       12.3       32.9*      82.3 
100811  095959  47  54.8417 N  62  53.7148 W   2.1        6.5       12.3       32.9       82.3 
100811  100000  47  54.8414 N  62  53.7140 W   2.1        6.5       12.3       32.9       82.3 
100811  100001  47  54.8411 N  62  53.7133 W   2.1        6.5       12.3       32.9       82.3 
100811  100002  47  54.8407 N  62  53.7126 W   2.1        6.5       12.3       32.9       82.3 
100811  100003  47  54.8404 N  62  53.7119 W   2.1        6.5       12.3       32.9       80.5*
100811  100004  47  54.8400 N  62  53.7111 W   2.1        6.5       11.0*      32.9       80.5 
100811  100005  47  54.8397 N  62  53.7104 W   2.1        6.5       11.0       32.9       80.5 
100811  100006  47  54.8394 N  62  53.7097 W   2.1        6.5       11.0       32.9       80.5 
100811  100007  47  54.8390 N  62  53.7089 W   2.1        6.5       11.0       32.9       80.5 
100811  100008  47  54.8386 N  62  53.7081 W   2.2        6.5       11.0       32.9       80.5*
100811  100009  47  54.8383 N  62  53.7074 W   2.2        6.5       11.0        8.9*      80.5 
100811  100010  47  54.8379 N  62  53.7067 W   2.2        6.5       11.0        8.9       80.5 
100811  100011  47  54.8376 N  62  53.7059 W   2.2        6.5       11.0        8.9       80.5 
100811  100012  47  54.8372 N  62  53.7051 W   2.2        6.5       11.0        8.9       80.5 
100811  100013  47  54.8368 N  62  53.7043 W   2.2        6.5       11.0        8.9       85.8*
100811  100014  47  54.8365 N  62  53.7036 W   2.2        6.5       11.0        8.4*      85.8 
100811  100015  47  54.8361 N  62  53.7028 W   2.2        6.5       11.0        8.4       85.8 
100811  100016  47  54.8357 N  62  53.7021 W   2.2        6.5       11.0        8.4       85.8 
100811  100017  47  54.8354 N  62  53.7013 W   2.2        6.5       11.0        8.4       85.8 
100811  100018  47  54.8349 N  62  53.7004 W   2.2        6.5       11.0        8.4       85.8 
100811  100019  47  54.8346 N  62  53.6998 W   2.2        6.5       11.0        9.4*      81.4*
100811  100020  47  54.8343 N  62  53.6990 W   2.2        6.5       11.0        9.4       81.4 
100811  100021  47  54.8339 N  62  53.6983 W   2.2        6.5       11.0        9.4       81.4 
100811  100022  47  54.8336 N  62  53.6975 W   2.2        6.5       11.0        9.4       81.4 
100811  100023  47  54.8332 N  62  53.6967 W   2.2        6.5       11.0        9.4       81.4 
100811  100024  47  54.8328 N  62  53.6960 W   2.2        6.5       11.0        8.4*      81.8*
100811  100025  47  54.8325 N  62  53.6953 W   2.2        6.5       11.0        8.4       81.8 
100811  100026  47  54.8321 N  62  53.6945 W   2.2        6.5       11.0        8.4       81.8 
100811  100027  47  54.8318 N  62  53.6936 W   2.2        6.5       11.0        8.4       81.8 
100811  100028  47  54.8314 N  62  53.6929 W   2.2        6.5       10.7*       8.4       81.8 
100811  100029  47  54.8311 N  62  53.6923 W   2.2        6.5       10.7        8.4       81.8 
100811  100030  47  54.8308 N  62  53.6916 W   2.2        6.5       10.7        8.7*      83.1*
100811  100031  47  54.8304 N  62  53.6909 W   2.2        6.5       10.7        8.7       83.1 
100811  100032  47  54.8301 N  62  53.6902 W   2.2        6.5       10.7        8.7       83.1 
100811  100033  47  54.8298 N  62  53.6895 W   2.2        6.5       10.7        8.7       83.1 
100811  100034  47  54.8294 N  62  53.6888 W   2.2        6.5       10.7        8.7       83.1 
100811  100035  47  54.8291 N  62  53.6881 W   2.2        6.5       10.7        7.8*      83.1*
100811  100036  47  54.8287 N  62  53.6874 W   2.2        6.5       10.7        7.8       83.1 
100811  100037  47  54.8284 N  62  53.6866 W   2.2        6.5       10.7        7.8       83.1 
100811  100038  47  54.8281 N  62  53.6858 W   2.2        6.5       10.7        7.8       83.1 
100811  100039  47  54.8277 N  62  53.6851 W   2.2        6.5       10.7        7.8       83.1 
100811  100040  47  54.8273 N  62  53.6844 W   2.2        6.5       11.5*       7.8*      80.9*
100811  100041  47  54.8270 N  62  53.6837 W   2.2        6.5       11.5        7.8       80.9 
100811  100042  47  54.8267 N  62  53.6830 W   2.2        6.5       11.5        7.8       80.9 
100811  100043  47  54.8263 N  62  53.6822 W   2.2        6.5       11.5        7.8       80.9 
100811  100044  47  54.8260 N  62  53.6815 W   2.2        6.5       11.5        7.8       80.9 
100811  100045  47  54.8256 N  62  53.6807 W   2.2        6.5       11.5        7.8       80.9 
100811  100046  47  54.8253 N  62  53.6800 W   2.2        6.5       11.5        8.0*      82.7*
100811  100047  47  54.8249 N  62  53.6792 W   2.2        6.5       11.5        8.0       82.7 
100811  100048  47  54.8246 N  62  53.6784 W   2.2        6.5       11.5        8.0       82.7 
100811  100049  47  54.8242 N  62  53.6777 W   2.2        6.5       11.5        8.0       82.7 
100811  100050  47  54.8238 N  62  53.6770 W   2.2        6.5       11.5        8.0       82.7 
100811  100051  47  54.8235 N  62  53.6763 W   2.2        6.5       11.5        7.4*      81.8*
100811  100052  47  54.8231 N  62  53.6754 W   2.2        6.5       11.3*       7.4       81.8 
100811  100053  47  54.8227 N  62  53.6747 W   2.2        6.5       11.3        7.4       81.8 
100811  100054  47  54.8224 N  62  53.6741 W   2.2        6.5       11.3        7.4       81.8 
100811  100055  47  54.8221 N  62  53.6734 W   2.2        6.5       11.3        7.4       81.8 
100811  100056  47  54.8217 N  62  53.6726 W   2.2        6.5       11.3        7.4*      81.8 
100811  100057  47  54.8214 N  62  53.6718 W   2.2        6.5       11.3        7.4       83.1*
100811  100058  47  54.8210 N  62  53.6711 W   2.2        6.5       11.3        7.4       83.1 
100811  100059  47  54.8206 N  62  53.6705 W   2.2        6.5       11.3        7.4       83.1 
100811  100100  47  54.8202 N  62  53.6697 W   2.2        6.5       11.3        7.4       83.1 
100811  100101  47  54.8199 N  62  53.6690 W   2.2        6.5       11.3        7.1*      83.1 
100811  100102  47  54.8195 N  62  53.6682 W   2.2        6.5       11.3        7.1       81.8*
100811  100103  47  54.8191 N  62  53.6675 W   2.2        6.5       11.3        7.1       81.8 
100811  100104  47  54.8187 N  62  53.6668 W   2.2        6.5       11.3        7.1       81.8 
100811  100105  47  54.8184 N  62  53.6661 W   2.2        6.5       11.3        7.1       81.8 
100811  100106  47  54.8180 N  62  53.6654 W   2.2        6.5       11.3        7.1       81.8 
100811  100107  47  54.8176 N  62  53.6647 W   2.2        6.5       11.3        7.1*      81.4*
100811  100108  47  54.8173 N  62  53.6640 W   2.2        6.5       11.3        7.1       81.4 
100811  100109  47  54.8169 N  62  53.6632 W   2.2        6.5       11.3        7.1       81.4 
100811  100110  47  54.8166 N  62  53.6625 W   2.2        6.5       11.3        7.1       81.4 
100811  100111  47  54.8162 N  62  53.6618 W   2.2        6.5       11.3        7.1       81.4 
100811  100112  47  54.8158 N  62  53.6611 W   2.2        6.5       11.3        7.2*      81.4 
100811  100113  47  54.8155 N  62  53.6604 W   2.1        6.5       11.3        7.2       84.0*
100811  100114  47  54.8152 N  62  53.6597 W   2.1        6.5       11.3        7.2       84.0 
100811  100115  47  54.8148 N  62  53.6590 W   2.2        6.5       11.3        7.2       84.0 
100811  100116  47  54.8144 N  62  53.6582 W   2.2        6.5       11.9*       7.2       84.0 
100811  100117  47  54.8140 N  62  53.6576 W   2.2        6.5       11.9        7.2*      84.0 
100811  100118  47  54.8136 N  62  53.6568 W   2.2        6.5       11.9        7.2       80.9*
100811  100119  47  54.8132 N  62  53.6561 W   2.2        6.5       11.9        7.2       80.9 
100811  100120  47  54.8129 N  62  53.6553 W   2.2        6.5       11.9        7.2       80.9 
100811  100121  47  54.8125 N  62  53.6546 W   2.2        6.5       11.9        7.2       80.9 
100811  100122  47  54.8122 N  62  53.6539 W   2.2        6.5       11.9        6.6*      80.9 
100811  100123  47  54.8118 N  62  53.6532 W   2.2        6.5       11.9        6.6       80.9 
100811  100124  47  54.8114 N  62  53.6524 W   2.2        6.5       11.9        6.6       81.4*
100811  100125  47  54.8110 N  62  53.6517 W   2.2        6.5       11.9        6.6       81.4 
100811  100126  47  54.8107 N  62  53.6510 W   2.1        6.5       11.9        6.6       81.4 
100811  100127  47  54.8104 N  62  53.6503 W   2.2        6.5       11.9        6.6       81.4 
100811  100128  47  54.8100 N  62  53.6495 W   2.2        6.5       11.7*       7.6*      81.4 
100811  100129  47  54.8096 N  62  53.6488 W   2.2        6.5       11.7        7.6       82.7*
100811  100130  47  54.8093 N  62  53.6481 W   2.2        6.5       11.7        7.6       82.7 
100811  100131  47  54.8090 N  62  53.6474 W   2.2        6.5       11.7        7.6       82.7 
100811  100132  47  54.8086 N  62  53.6466 W   2.2        6.5       11.7        7.6       82.7 
100811  100133  47  54.8083 N  62  53.6459 W   2.2        6.5       11.7        6.4*      82.7 
100811  100134  47  54.8080 N  62  53.6452 W   2.2        6.5       11.7        6.4       82.3*
100811  100135  47  54.8076 N  62  53.6444 W   2.2        6.5       11.7        6.4       82.3 
100811  100136  47  54.8073 N  62  53.6437 W   2.2        6.5       11.7        6.4       82.3 
100811  100137  47  54.8069 N  62  53.6430 W   2.2        6.5       11.7        6.4       82.3 
100811  100138  47  54.8065 N  62  53.6423 W   2.2        6.5       11.7        7.0*      82.3 
100811  100139  47  54.8062 N  62  53.6416 W   2.2        6.5       11.1*       7.0       82.3 
100811  100140  47  54.8058 N  62  53.6409 W   2.1        6.5       11.1        7.0       79.6*
100811  100141  47  54.8054 N  62  53.6401 W   2.2        6.5       11.1        7.0       79.6 
100811  100142  47  54.8051 N  62  53.6394 W   2.2        6.5       11.1        7.0       79.6 
100811  100143  47  54.8047 N  62  53.6387 W   2.2        6.5       11.1        6.7*      79.6 
100811  100144  47  54.8044 N  62  53.6380 W   2.2        6.5       11.1        6.7       79.6 
100811  100145  47  54.8041 N  62  53.6372 W   2.2        6.5       11.1        6.7       83.6*
100811  100146  47  54.8038 N  62  53.6365 W   2.2        6.5       11.1        6.7       83.6 
100811  100147  47  54.8034 N  62  53.6358 W   2.2        6.5       11.1        6.7       83.6 
100811  100148  47  54.8030 N  62  53.6352 W   2.1        6.5       11.1        6.7       83.6 
100811  100149  47  54.8027 N  62  53.6344 W   2.1        6.5       11.1        6.5*      83.6 
100811  100150  47  54.8024 N  62  53.6337 W   2.1        6.5       11.1        6.5       83.6 
100811  100151  47  54.8020 N  62  53.6329 W   2.1        6.5       11.3*       6.5       80.9*
100811  100152  47  54.8016 N  62  53.6322 W   2.2        6.5       11.3        6.5       80.9 
100811  100153  47  54.8012 N  62  53.6315 W   2.2        6.5       11.3        6.5       80.9 
100811  100154  47  54.8009 N  62  53.6309 W   2.1        6.5       11.3        6.6*      80.9 
100811  100155  47  54.8006 N  62  53.6301 W   2.1        6.5       11.3        6.6       80.9 
100811  100156  47  54.8002 N  62  53.6293 W   2.2        6.5       11.3        6.6       81.8*
100811  100157  47  54.7999 N  62  53.6287 W   2.2        6.5       11.3        6.6       81.8 
100811  100158  47  54.7995 N  62  53.6280 W   2.1        6.5       11.3        6.6       81.8 
100811  100159  47  54.7992 N  62  53.6273 W   2.1        6.5       11.3        6.6*      81.8 
100811  100200  47  54.7989 N  62  53.6266 W   2.1        6.5       11.3        6.6       81.8 
100811  100201  47  54.7985 N  62  53.6258 W   2.1        6.5       11.3        6.6       80.9*
100811  100202  47  54.7982 N  62  53.6251 W   2.1        6.5       11.3        6.6       80.9 
100811  100203  47  54.7978 N  62  53.6244 W   2.1        6.5       11.5*       6.6       80.9 
100811  100204  47  54.7975 N  62  53.6237 W   2.1        6.5       11.5        6.6       80.9 
100811  100205  47  54.7971 N  62  53.6230 W   2.1        6.5       11.5       15.0*      80.9 
100811  100206  47  54.7967 N  62  53.6222 W   2.1        6.5       11.5       15.0       80.9 
100811  100207  47  54.7964 N  62  53.6215 W   2.1        6.5       11.5       15.0       83.6*
100811  100208  47  54.7961 N  62  53.6209 W   2.1        6.5       11.5       15.0       83.6 
100811  100209  47  54.7957 N  62  53.6202 W   2.1        6.5       11.5       15.0       83.6 
100811  100210  47  54.7954 N  62  53.6194 W   2.1        6.5       11.5       15.0       83.6 
100811  100211  47  54.7950 N  62  53.6188 W   2.1        6.5       11.5       15.0       83.6 
100811  100212  47  54.7946 N  62  53.6181 W   2.1        6.5       11.5       15.0       80.5*
100811  100213  47  54.7942 N  62  53.6174 W   2.1        6.5       11.5       15.0       80.5 
100811  100214  47  54.7938 N  62  53.6166 W   2.1        6.5       11.5       15.0       80.5 
100811  100215  47  54.7935 N  62  53.6159 W   2.1        6.5       11.4*       6.8*      80.5 
100811  100216  47  54.7931 N  62  53.6152 W   2.1        6.5       11.4        6.8       80.5 
100811  100217  47  54.7928 N  62  53.6145 W   2.1        6.5       11.4        6.8       83.1*
100811  100218  47  54.7924 N  62  53.6137 W   2.1        6.5       11.4        6.8       83.1 
100811  100219  47  54.7920 N  62  53.6130 W   2.1        6.5       11.4        6.8       83.1 
100811  100220  47  54.7916 N  62  53.6122 W   2.1        6.5       11.4        7.7*      83.1 
100811  100221  47  54.7912 N  62  53.6114 W   2.1        6.5       11.4        7.7       83.1 
100811  100222  47  54.7908 N  62  53.6106 W   2.1        6.5       11.4        7.7       83.1 
100811  100223  47  54.7905 N  62  53.6099 W   2.1        6.5       11.4        7.7       81.8*
100811  100224  47  54.7902 N  62  53.6092 W   2.1        6.5       11.4        7.7       81.8 
100811  100225  47  54.7898 N  62  53.6084 W   2.1        6.5       11.4        7.7       81.8 
100811  100226  47  54.7894 N  62  53.6077 W   2.1        6.5       11.4        7.1*      81.8 
100811  100227  47  54.7891 N  62  53.6070 W   2.1        6.5       11.7*       7.1       81.8 
100811  100228  47  54.7887 N  62  53.6062 W   2.1        6.5       11.7        7.1       79.2*
100811  100229  47  54.7884 N  62  53.6055 W   2.1        6.5       11.7        7.1       79.2 
100811  100230  47  54.7880 N  62  53.6048 W   2.1        6.5       11.7        7.1       79.2 
100811  100231  47  54.7877 N  62  53.6041 W   2.1        6.5       11.7        7.6*      79.2 
100811  100232  47  54.7874 N  62  53.6034 W   2.1        6.5       11.7        7.6       79.2 
100811  100233  47  54.7871 N  62  53.6027 W   2.1        6.5       11.7        7.6       79.2 
100811  100234  47  54.7868 N  62  53.6019 W   2.1        6.5       11.7        7.6       84.0*
100811  100235  47  54.7864 N  62  53.6012 W   2.1        6.5       11.7        7.6       84.0 
100811  100236  47  54.7861 N  62  53.6004 W   2.1        6.5       11.7        7.5*      84.0 
100811  100237  47  54.7857 N  62  53.5998 W   2.1        6.5       11.7        7.5       84.0 
100811  100238  47  54.7854 N  62  53.5991 W   2.1        6.5       11.7        7.5       84.0 
100811  100239  47  54.7851 N  62  53.5984 W   2.1        6.5       11.6*       7.5       81.8*
100811  100240  47  54.7848 N  62  53.5977 W   2.1        6.5       11.6        7.5       81.8 
100811  100241  47  54.7844 N  62  53.5969 W   2.1        6.5       11.6        6.7*      81.8 
100811  100242  47  54.7841 N  62  53.5961 W   2.1        6.5       11.6        6.7       81.8 
100811  100243  47  54.7837 N  62  53.5953 W   2.1        6.5       11.6        6.7       81.8 
100811  100244  47  54.7834 N  62  53.5945 W   2.1        6.5       11.6        6.7       81.4*
100811  100245  47  54.7830 N  62  53.5938 W   2.1        6.5       11.6        6.7       81.4 
100811  100246  47  54.7826 N  62  53.5932 W   2.1        6.5       11.6        6.7       81.4 
100811  100247  47  54.7823 N  62  53.5924 W   2.1        6.5       11.6        6.5*      81.4 
100811  100248  47  54.7819 N  62  53.5917 W   2.1        6.5       11.6        6.5       81.4 
100811  100249  47  54.7815 N  62  53.5908 W   2.1        6.5       11.6        6.5       81.4 
100811  100250  47  54.7812 N  62  53.5901 W   2.1        6.5       11.6        6.5       82.7*
100811  100251  47  54.7808 N  62  53.5895 W   2.1        6.5       11.6        6.5       82.7 
100811  100252  47  54.7805 N  62  53.5887 W   2.1        6.5       11.6        6.4*      82.7 
100811  100253  47  54.7800 N  62  53.5878 W   2.1        6.5       11.6        6.4       82.7 
100811  100254  47  54.7797 N  62  53.5871 W   2.1        6.5       11.6        6.4       82.7 
100811  100255  47  54.7793 N  62  53.5864 W   2.1        6.5       11.6        6.4       80.5*
100811  100256  47  54.7790 N  62  53.5857 W   2.1        6.5       11.6        6.4       80.5 
100811  100257  47  54.7786 N  62  53.5849 W   2.1        6.5       11.6        7.1*      80.5 
100811  100258  47  54.7782 N  62  53.5842 W   2.1        6.5       11.6        7.1       80.5 
100811  100259  47  54.7779 N  62  53.5836 W   2.1        6.5       11.6        7.1       80.5 
100811  100300  47  54.7776 N  62  53.5829 W   2.1        6.5       11.6        7.1       80.5 
100811  100301  47  54.7772 N  62  53.5822 W   2.1        6.5       11.6        7.1       82.3*
100811  100302  47  54.7769 N  62  53.5814 W   2.1        6.5       11.6        5.9*      82.3 
100811  100303  47  54.7765 N  62  53.5807 W   2.1        6.5       11.4*       5.9       82.3 
100811  100304  47  54.7761 N  62  53.5801 W   2.1        6.5       11.4        5.9       82.3 
100811  100305  47  54.7757 N  62  53.5794 W   2.1        6.5       11.4        5.9       82.3 
100811  100306  47  54.7753 N  62  53.5787 W   2.1        6.5       11.4        5.9       82.7*
100811  100307  47  54.7750 N  62  53.5779 W   2.1        6.5       11.4        5.9       82.7 
100811  100308  47  54.7746 N  62  53.5772 W   2.1        6.5       11.4        6.5*      82.7 
100811  100309  47  54.7743 N  62  53.5765 W   2.1        6.5       11.4        6.5       82.7 
100811  100310  47  54.7739 N  62  53.5758 W   2.1        6.5       11.4        6.5       82.7 
100811  100311  47  54.7735 N  62  53.5751 W   2.1        6.5       11.4        6.5       81.8*
100811  100312  47  54.7732 N  62  53.5745 W   2.1        6.5       11.4        6.5       81.8 
100811  100313  47  54.7728 N  62  53.5738 W   2.1        6.5       11.4        6.1*      81.8 
100811  100314  47  54.7724 N  62  53.5731 W   2.1        6.5       11.4        6.1       81.8 
100811  100315  47  54.7721 N  62  53.5725 W   2.1        6.5       11.4*       6.1       81.8 
100811  100316  47  54.7717 N  62  53.5718 W   2.1        6.5       11.4        6.1       81.8 
100811  100317  47  54.7714 N  62  53.5711 W   2.1        6.5       11.4        6.1       81.4*
100811  100318  47  54.7711 N  62  53.5704 W   2.1        6.5       11.4        6.2*      81.4 
100811  100319  47  54.7707 N  62  53.5698 W   2.1        6.5       11.4        6.2       81.4 
100811  100320  47  54.7704 N  62  53.5691 W   2.1        6.5       11.4        6.2       81.4 
100811  100321  47  54.7700 N  62  53.5685 W   2.1        6.5       11.4        6.2       81.4 
100811  100322  47  54.7697 N  62  53.5677 W   2.1        6.5       11.4        6.2       83.1*
100811  100323  47  54.7693 N  62  53.5671 W   2.1        6.5       11.4        7.0*      83.1 
100811  100324  47  54.7690 N  62  53.5664 W   2.1        6.5       11.4        7.0       83.1 
100811  100325  47  54.7686 N  62  53.5657 W   2.1        6.5       11.4        7.0       83.1 
100811  100326  47  54.7683 N  62  53.5651 W   2.1        6.5       11.4        7.0       83.1 
100811  100327  47  54.7680 N  62  53.5644 W   2.1        6.5        7.6*       7.0       83.1 
100811  100328  47  54.7677 N  62  53.5638 W   2.1        6.5        7.6        7.0       82.3*
100811  100329  47  54.7673 N  62  53.5630 W   2.1        6.5        7.6        7.0*      82.3 
100811  100330  47  54.7670 N  62  53.5624 W   2.1        6.5        7.6        7.0       82.3 
100811  100331  47  54.7667 N  62  53.5617 W   2.1        6.5        7.6        7.0       82.3 
100811  100332  47  54.7663 N  62  53.5610 W   2.1        6.5        7.6        7.0       82.3 
100811  100333  47  54.7660 N  62  53.5603 W   2.1        6.5        7.6        7.0       81.4*
100811  100334  47  54.7657 N  62  53.5596 W   2.1        6.5        7.6        6.5*      81.4 
100811  100335  47  54.7653 N  62  53.5589 W   2.1        6.5        7.6        6.5       81.4 
100811  100336  47  54.7649 N  62  53.5583 W   2.1        6.5        7.6        6.5       81.4 
100811  100337  47  54.7646 N  62  53.5576 W   2.1        6.5        7.6        6.5       81.4 
100811  100338  47  54.7642 N  62  53.5568 W   2.1        6.5        7.6        6.5       79.6*
100811  100339  47  54.7639 N  62  53.5561 W   2.1        6.5       11.6*       6.2*      79.6 
100811  100340  47  54.7635 N  62  53.5555 W   2.1        6.5       11.6        6.2       79.6 
100811  100341  47  54.7632 N  62  53.5549 W   2.1        6.5       11.6        6.2       79.6 
100811  100342  47  54.7629 N  62  53.5541 W   2.1        6.5       11.6        6.2       79.6 
100811  100343  47  54.7626 N  62  53.5534 W   2.1        6.5       11.6        6.2       79.6 
100811  100344  47  54.7622 N  62  53.5527 W   2.1        6.5       11.6        6.2*      83.1*
100811  100345  47  54.7619 N  62  53.5520 W   2.1        6.5       11.6        6.2       83.1 
100811  100346  47  54.7615 N  62  53.5513 W   2.1        6.5       11.6        6.2       83.1 
100811  100347  47  54.7612 N  62  53.5506 W   2.1        6.5       11.6        6.2       83.1 
100811  100348  47  54.7609 N  62  53.5499 W   2.1        6.5       11.6        6.2       83.1 
100811  100349  47  54.7606 N  62  53.5492 W   2.1        6.5       11.6        6.2       82.7*
100811  100350  47  54.7602 N  62  53.5485 W   2.1        6.5       11.6        6.2*      82.7 
100811  100351  47  54.7598 N  62  53.5478 W   2.1        6.5       10.3*       6.2       82.7 
100811  100352  47  54.7595 N  62  53.5471 W   2.1        6.5       10.3        6.2       82.7 
100811  100353  47  54.7592 N  62  53.5464 W   2.1        6.5       10.3        6.2       82.7 
100811  100354  47  54.7588 N  62  53.5458 W   2.1        6.5       10.3        6.2       82.7*
100811  100355  47  54.7585 N  62  53.5451 W   2.1        6.5       10.3        6.5*      82.7 
100811  100356  47  54.7582 N  62  53.5444 W   2.1        6.5       10.3        6.5       82.7 
100811  100357  47  54.7579 N  62  53.5438 W   2.1        6.5       10.3        6.5       82.7 
100811  100358  47  54.7577 N  62  53.5431 W   2.1        6.5       10.3        6.5       82.7 
100811  100359  47  54.7574 N  62  53.5425 W   2.1        6.5       10.3        6.5       82.7 
100811  100400  47  54.7570 N  62  53.5417 W   2.1        6.5       10.3        6.1*      82.7*
100811  100401  47  54.7567 N  62  53.5411 W   2.1        6.5       10.3        6.1       82.7 
100811  100402  47  54.7563 N  62  53.5404 W   2.1        6.5       10.3        6.1       82.7 
100811  100403  47  54.7562 N  62  53.5396 W   2.1        6.5       11.4*       6.1       82.7 
100811  100404  47  54.7559 N  62  53.5389 W   2.1        6.5       11.4        6.1       82.7 
100811  100405  47  54.7555 N  62  53.5382 W   2.1        6.5       11.4        5.6*      80.5*
100811  100406  47  54.7552 N  62  53.5375 W   2.1        6.5       11.4        5.6       80.5 
100811  100407  47  54.7549 N  62  53.5370 W   2.1        6.5       11.4        5.6       80.5 
100811  100408  47  54.7545 N  62  53.5363 W   2.1        6.5       11.4        5.6       80.5 
100811  100409  47  54.7542 N  62  53.5357 W   2.0        6.5       11.4        5.6       80.5 
100811  100410  47  54.7539 N  62  53.5354 W   1.9        6.5       11.4        5.6       80.5 
100811  100411  47  54.7537 N  62  53.5347 W   1.9        6.5       11.4        5.6      133.3*
100811  100412  47  54.7534 N  62  53.5340 W   1.9        6.5       11.4        5.6      133.3 
100811  100413  47  54.7531 N  62  53.5335 W   1.8        6.5       11.4        5.6      133.3 
100811  100414  47  54.7528 N  62  53.5333 W   1.7        6.5       11.4        5.6      133.3 
100811  100415  47  54.7526 N  62  53.5328 W   1.7        6.5       11.4        5.6      133.3 
100811  100416  47  54.7523 N  62  53.5323 W   1.6        6.5       11.4        5.6       68.6*
100811  100417  47  54.7521 N  62  53.5319 W   1.6        6.5       11.4        5.6       68.6 
100811  100418  47  54.7519 N  62  53.5316 W   1.5        6.5       11.4        5.6       68.6 
100811  100419  47  54.7518 N  62  53.5313 W   1.4        6.5       11.4        5.6       68.6 
100811  100420  47  54.7516 N  62  53.5308 W   1.4        6.5       11.4        5.6       68.6 
100811  100421  47  54.7515 N  62  53.5305 W   1.3        6.5       11.4       12.6*      68.6 
100811  100422  47  54.7513 N  62  53.5302 W   1.3        6.5       11.4       12.6       76.5*
100811  100423  47  54.7511 N  62  53.5299 W   1.2        6.5       11.4       12.6       76.5 
100811  100424  47  54.7510 N  62  53.5297 W   1.2        6.5       11.4       12.6       76.5 
100811  100425  47  54.7509 N  62  53.5294 W   1.1        6.5       11.4       12.6       76.5 
100811  100426  47  54.7507 N  62  53.5292 W   1.1        6.5       11.4       12.6       76.5 
100811  100427  47  54.7505 N  62  53.5290 W   1.0        6.5       11.4        0.6*      95.0*
100811  100428  47  54.7504 N  62  53.5289 W   1.0        6.5       11.4        0.6       95.0 
100811  100429  47  54.7503 N  62  53.5286 W   1.0        6.5       11.4        0.6       95.0 
100811  100430  47  54.7501 N  62  53.5283 W   0.9        6.5       11.4        0.6       95.0 
100811  100431  47  54.7499 N  62  53.5281 W   0.9        6.5       11.4        0.6       95.0 
100811  100432  47  54.7497 N  62  53.5280 W   0.9        6.5       11.4        0.6       76.1*
100811  100433  47  54.7496 N  62  53.5278 W   0.8        6.5       11.4        0.6       76.1 
100811  100434  47  54.7494 N  62  53.5276 W   0.8        6.5       11.4        0.6       76.1 
100811  100435  47  54.7493 N  62  53.5274 W   0.8        6.5       11.4        0.6       76.1 
100811  100436  47  54.7492 N  62  53.5273 W   0.8        6.5       11.4        0.6       76.1 
100811  100437  47  54.7490 N  62  53.5272 W   0.7        6.5       11.4        0.6       76.1 
100811  100438  47  54.7489 N  62  53.5270 W   0.7        6.5       11.4        0.6      113.5*
100811  100439  47  54.7488 N  62  53.5268 W   0.7        6.5       12.1*       0.6      113.5 
100811  100440  47  54.7487 N  62  53.5267 W   0.7        6.5       12.1        0.6      113.5 
100811  100441  47  54.7486 N  62  53.5266 W   0.6        6.5       12.1        0.6      113.5 
100811  100442  47  54.7485 N  62  53.5264 W   0.6        6.5       12.1        0.6      113.5 
100811  100443  47  54.7484 N  62  53.5263 W   0.6        6.5       12.1        0.6       89.7*
100811  100444  47  54.7483 N  62  53.5262 W   0.6        6.5       12.1        0.6       89.7 
100811  100445  47  54.7482 N  62  53.5260 W   0.6        6.5       12.1        0.6       89.7 
100811  100446  47  54.7481 N  62  53.5259 W   0.6        6.5       12.1        0.6       89.7 
100811  100447  47  54.7480 N  62  53.5258 W   0.5        6.5       12.1        0.6       89.7 
100811  100448  47  54.7480 N  62  53.5257 W   0.5        6.5       12.1        5.8*      43.1*
100811  100449  47  54.7479 N  62  53.5255 W   0.5        6.5       12.1        5.8       43.1 
100811  100450  47  54.7478 N  62  53.5254 W   0.5        6.5       12.1        5.8       43.1 
100811  100451  47  54.7477 N  62  53.5253 W   0.5        6.5       12.1        5.8       43.1 
100811  100452  47  54.7476 N  62  53.5252 W   0.5        6.5       12.1        5.8       43.1 
100811  100453  47  54.7475 N  62  53.5250 W   0.5        6.5       12.1        7.3*      43.1 
100811  100454  47  54.7474 N  62  53.5249 W   0.5        6.5       12.1        7.3      116.6*
100811  100455  47  54.7474 N  62  53.5248 W   0.5        6.5       12.1        7.3      116.6 
100811  100456  47  54.7473 N  62  53.5247 W   0.5        6.5       12.4*       7.3      116.6 
100811  100457  47  54.7472 N  62  53.5246 W   0.5        6.5       12.4        7.3      116.6 
100811  100458  47  54.7472 N  62  53.5245 W   0.4        6.5       12.4        8.8*     116.6 
100811  100459  47  54.7471 N  62  53.5245 W   0.4        6.5       12.4        8.8       57.6*
100811  100500  47  54.7470 N  62  53.5243 W   0.4        6.5       12.4        8.8       57.6 
100811  100501  47  54.7470 N  62  53.5242 W   0.4        6.5       12.4        8.8       57.6 
100811  100502  47  54.7470 N  62  53.5242 W   0.4        6.5       12.4        8.8       57.6 
100811  100503  47  54.7469 N  62  53.5240 W   0.4        2.7*      12.4        8.8       57.6 
100811  100504  47  54.7469 N  62  53.5240 W   0.4        2.7       12.4        8.8       57.6 
100811  100505  47  54.7468 N  62  53.5239 W   0.4        2.7       12.4        8.8       57.6 
100811  100506  47  54.7467 N  62  53.5238 W   0.4        2.7       12.4        8.8       57.6 
100811  100507  47  54.7466 N  62  53.5237 W   0.4        2.7       12.4        8.8       57.6 
100811  100508  47  54.7465 N  62  53.5236 W   0.4        2.7       12.4        8.8       57.6 
100811  100509  47  54.7465 N  62  53.5236 W   0.4        2.7       12.4       12.2*      57.6 
100811  100510  47  54.7465 N  62  53.5235 W   0.4        2.7       12.4       12.2       57.6 
100811  100511  47  54.7464 N  62  53.5234 W   0.4        2.7       12.4       12.2       57.6 
100811  100512  47  54.7463 N  62  53.5232 W   0.4        2.7       12.4       12.2       57.6 
100811  100513  47  54.7463 N  62  53.5231 W   0.4        2.7       12.4       12.2       57.6 
100811  100514  47  54.7463 N  62  53.5230 W   0.4        2.7       12.4       12.2       57.6 
100811  100515  47  54.7462 N  62  53.5228 W   0.4        2.7       12.4       12.2       70.8*
100811  100516  47  54.7461 N  62  53.5227 W   0.4        2.7       12.4       12.2       70.8 
100811  100517  47  54.7460 N  62  53.5225 W   0.4        2.7       12.4       12.2       70.8 
100811  100518  47  54.7459 N  62  53.5223 W   0.4        2.7       12.4       12.2       70.8 
100811  100519  47  54.7458 N  62  53.5221 W   0.4        2.7       12.4       12.2       70.8 
100811  100520  47  54.7457 N  62  53.5220 W   0.4        2.7       12.4       12.2       70.8 
100811  100521  47  54.7456 N  62  53.5218 W   0.4        2.7       12.4       12.2       70.8 
100811  100522  47  54.7455 N  62  53.5216 W   0.4        2.7       12.4       12.2       70.8 
100811  100523  47  54.7454 N  62  53.5214 W   0.4        2.7       12.4       12.2       70.8 
100811  100524  47  54.7454 N  62  53.5212 W   0.4        2.7       12.4        3.0*      70.8 
100811  100525  47  54.7453 N  62  53.5210 W   0.4        2.7       12.4        3.0       70.8 
100811  100526  47  54.7452 N  62  53.5209 W   0.4        2.7       12.4        3.0       70.8 
100811  100527  47  54.7451 N  62  53.5207 W   0.4        2.7       12.4        3.0       70.8 
100811  100528  47  54.7449 N  62  53.5206 W   0.4        2.7       12.4        3.0       70.8 
100811  100529  47  54.7447 N  62  53.5205 W   0.4        2.7       12.4        3.0       70.8 
100811  100530  47  54.7446 N  62  53.5204 W   0.4        2.7       12.4        6.1*      70.8 
100811  100531  47  54.7445 N  62  53.5202 W   0.4        2.7       12.4        6.1       70.8 
100811  100532  47  54.7443 N  62  53.5202 W   0.4        2.7       12.4        6.1       70.8 
100811  100533  47  54.7441 N  62  53.5200 W   0.4        2.7       12.4        6.1       70.8 
100811  100534  47  54.7440 N  62  53.5199 W   0.4        2.7       12.4        6.1       70.8 
100811  100535  47  54.7440 N  62  53.5198 W   0.4        2.7       12.4       11.3*      70.8 
100811  100536  47  54.7438 N  62  53.5196 W   0.4        2.7       12.4       11.3       70.8 
100811  100537  47  54.7437 N  62  53.5195 W   0.5        2.7       12.4       11.3       70.8 
100811  100538  47  54.7436 N  62  53.5194 W   0.4        2.7       12.4       11.3       70.8 
100811  100539  47  54.7435 N  62  53.5192 W   0.4        2.7       12.4       11.3       70.8 
100811  100540  47  54.7434 N  62  53.5190 W   0.4        2.7       12.4        9.8*      70.8 
100811  100541  47  54.7434 N  62  53.5187 W   0.5        2.7       12.4        9.8       70.8 
100811  100542  47  54.7434 N  62  53.5186 W   0.5        2.7       12.4        9.8       79.6*
100811  100543  47  54.7433 N  62  53.5184 W   0.4        2.7       12.4        9.8       79.6 
100811  100544  47  54.7432 N  62  53.5183 W   0.5        2.7       12.4        9.8       79.6 
100811  100545  47  54.7430 N  62  53.5181 W   0.5        2.7       12.4        4.2*      79.6 
100811  100546  47  54.7430 N  62  53.5180 W   0.4        2.7       12.4        4.2       79.6 
100811  100547  47  54.7429 N  62  53.5178 W   0.4        2.7       12.4        4.2       79.6 
100811  100548  47  54.7429 N  62  53.5177 W   0.4        2.7       12.4        4.2      118.8*
100811  100549  47  54.7427 N  62  53.5176 W   0.5        2.7       12.4        4.2      118.8 
100811  100550  47  54.7427 N  62  53.5175 W   0.4        2.7       12.4        4.2      118.8 
100811  100551  47  54.7426 N  62  53.5174 W   0.4        2.7       12.4        5.7*     118.8 
100811  100552  47  54.7425 N  62  53.5173 W   0.4        2.7       12.4        5.7      118.8 
100811  100553  47  54.7425 N  62  53.5171 W   0.4        2.7       12.4        5.7       44.4*
100811  100554  47  54.7424 N  62  53.5170 W   0.4        2.7       12.4        5.7       44.4 
100811  100555  47  54.7423 N  62  53.5169 W   0.4        2.7       12.4        5.7       44.4 
100811  100556  47  54.7423 N  62  53.5167 W   0.4        2.7       12.4        6.9*      44.4 
100811  100557  47  54.7422 N  62  53.5166 W   0.4        2.7        4.0*       6.9       44.4 
100811  100558  47  54.7421 N  62  53.5165 W   0.4        2.7        4.0        6.9       71.3*
100811  100559  47  54.7421 N  62  53.5164 W   0.4        2.7        4.0        6.9       71.3 
100811  100600  47  54.7420 N  62  53.5162 W   0.4        2.7        4.0        6.9       71.3 
100811  100601  47  54.7419 N  62  53.5161 W   0.4        2.7        4.0        5.6*      71.3 
100811  100602  47  54.7418 N  62  53.5160 W   0.4        2.7        4.0        5.6       71.3 
100811  100603  47  54.7417 N  62  53.5159 W   0.4        2.7        4.0        5.6       71.3 
100811  100604  47  54.7417 N  62  53.5158 W   0.4        2.7        4.0        5.6       89.7*
100811  100605  47  54.7417 N  62  53.5157 W   0.4        2.7        4.0        5.6       89.7 
100811  100606  47  54.7417 N  62  53.5155 W   0.4        2.7        4.0        5.6*      89.7 
100811  100607  47  54.7416 N  62  53.5155 W   0.3        2.7        4.0        5.6       89.7 
100811  100608  47  54.7415 N  62  53.5153 W   0.3        2.7        4.0        5.6       89.7 
100811  100609  47  54.7415 N  62  53.5152 W   0.4        2.7        4.0        5.6      121.0*
100811  100610  47  54.7414 N  62  53.5151 W   0.4        2.7        4.0        5.6      121.0 
100811  100611  47  54.7413 N  62  53.5149 W   0.4        2.7        4.0        5.6      121.0 
100811  100612  47  54.7413 N  62  53.5148 W   0.4        2.7        4.0        5.1*     121.0 
100811  100613  47  54.7412 N  62  53.5147 W   0.3        2.7        4.0        5.1      121.0 
100811  100614  47  54.7412 N  62  53.5146 W   0.3        2.7        4.0        5.1      121.0 
100811  100615  47  54.7411 N  62  53.5145 W   0.3        2.7        4.0        5.1       53.2*
100811  100616  47  54.7411 N  62  53.5144 W   0.3        2.7        4.0        5.1       53.2 
100811  100617  47  54.7411 N  62  53.5143 W   0.3        7.3*       4.0        1.7*      53.2 
100811  100618  47  54.7410 N  62  53.5142 W   0.3        7.3        4.0        1.7       53.2 
100811  100619  47  54.7410 N  62  53.5141 W   0.3        7.3        4.0        1.7       53.2 
100811  100620  47  54.7409 N  62  53.5140 W   0.3        7.3        4.0        1.7       21.6*
100811  100621  47  54.7409 N  62  53.5139 W   0.3        7.3        4.0        1.7       21.6 
100811  100622  47  54.7409 N  62  53.5138 W   0.3        7.3        4.0        1.7       21.6 
100811  100623  47  54.7408 N  62  53.5137 W   0.3        7.3        4.0        1.7       21.6 
100811  100624  47  54.7408 N  62  53.5136 W   0.3        7.3        4.0        1.7       21.6 
100811  100625  47  54.7407 N  62  53.5135 W   0.3        7.3        4.0        1.7      120.1*
100811  100626  47  54.7407 N  62  53.5133 W   0.3        7.3        4.0        1.7      120.1 
100811  100627  47  54.7406 N  62  53.5132 W   0.4        7.3        4.0        1.7      120.1 
100811  100628  47  54.7406 N  62  53.5130 W   0.4        7.3        4.0        1.7      120.1 
100811  100629  47  54.7406 N  62  53.5129 W   0.4        7.3       11.2*       1.7      120.1 
100811  100630  47  54.7406 N  62  53.5129 W   0.4        7.3       11.2        1.7      120.1 
100811  100631  47  54.7405 N  62  53.5128 W   0.4        7.3       11.2        1.7       23.8*
100811  100632  47  54.7404 N  62  53.5126 W   0.4        7.3       11.2        1.7       23.8 
100811  100633  47  54.7404 N  62  53.5124 W   0.4        7.3       11.2        1.9*      23.8 
100811  100634  47  54.7403 N  62  53.5122 W   0.4        7.3       11.2        1.9       23.8 
100811  100635  47  54.7403 N  62  53.5120 W   0.4        7.3       11.2        1.9       23.8 
100811  100636  47  54.7401 N  62  53.5118 W   0.4        7.3       11.2        1.9       52.8*
100811  100637  47  54.7400 N  62  53.5116 W   0.4        7.3       11.2        1.9       52.8 
100811  100638  47  54.7399 N  62  53.5114 W   0.4        7.3       11.2        4.6*      52.8 
100811  100639  47  54.7398 N  62  53.5111 W   0.4        7.3       11.2        4.6       52.8 
100811  100640  47  54.7398 N  62  53.5108 W   0.4        7.3       11.2        4.6       52.8 
100811  100641  47  54.7395 N  62  53.5110 W   0.4        7.3       11.2        4.6       60.3*
100811  100642  47  54.7393 N  62  53.5108 W   0.4        7.3       11.2        4.6       60.3 
100811  100643  47  54.7392 N  62  53.5106 W   0.5        7.3       11.2        4.8*      60.3 
100811  100644  47  54.7390 N  62  53.5104 W   0.5        7.3       11.2        4.8       60.3 
100811  100645  47  54.7390 N  62  53.5102 W   0.5        7.3       11.2        4.8       60.3 
100811  100646  47  54.7390 N  62  53.5101 W   0.5        7.3       11.2        4.8       60.3 
100811  100647  47  54.7389 N  62  53.5099 W   0.5        7.3       11.2        4.8       53.2*
100811  100648  47  54.7388 N  62  53.5096 W   0.5        7.3       11.2        4.3*      53.2 
100811  100649  47  54.7388 N  62  53.5094 W   0.5        7.3       11.2        4.3       53.2 
100811  100650  47  54.7387 N  62  53.5093 W   0.5        7.3       11.2        4.3       53.2 
100811  100651  47  54.7386 N  62  53.5091 W   0.6        7.3       11.2        4.3       53.2 
100811  100652  47  54.7384 N  62  53.5089 W   0.6        7.3       11.2        4.3       25.1*
100811  100653  47  54.7382 N  62  53.5086 W   0.6        7.3       10.6*       0.2*      25.1 
