FileName: C:\TESTNE~1\GP213F.TXT
Local Time: Sun Jul 11 20:48:38 2010

Ship: July 11, 2010 Trip: GP213F Tow: 13
Comments: Zone 12 banc bradelle nord est
 Date    Time     Latitude       Longitude    Speed    Primary  Secondary DoorSpread      Depth 
100711  234839  47  42.5902 N  62  31.9813 W   5.6        8.4*       7.5*     147.3*     334.3*
100711  234840  47  42.5887 N  62  31.9797 W   5.7        8.4        7.5      147.3      334.3 
100711  234841  47  42.5872 N  62  31.9781 W   5.9        8.4        7.5      147.3      334.3 
100711  234842  47  42.5857 N  62  31.9766 W   6.0        8.4        7.5      147.3      334.3 
100711  234843  47  42.5841 N  62  31.9750 W   6.1        8.4        7.5      147.3      334.3 
100711  234844  47  42.5826 N  62  31.9734 W   6.2        8.4        7.5      147.3      334.3 
100711  234845  47  42.5810 N  62  31.9718 W   6.3        8.4        7.5      147.3      334.3 
100711  234846  47  42.5795 N  62  31.9702 W   6.3        8.4        7.5      147.3      334.3 
100711  234847  47  42.5779 N  62  31.9686 W   6.4        8.4        7.5      147.3      334.3 
100711  234848  47  42.5763 N  62  31.9670 W   6.5        8.4        7.5      147.3      334.3 
100711  234849  47  42.5747 N  62  31.9654 W   6.5        8.4        7.5      147.3      334.3 
100711  234850  47  42.5731 N  62  31.9638 W   6.6        8.4        7.5      147.3      334.3 
100711  234851  47  42.5716 N  62  31.9622 W   6.6        8.4        7.5      147.3      334.3 
100711  234852  47  42.5701 N  62  31.9607 W   6.6        8.4        7.5      147.3      334.3 
100711  234853  47  42.5686 N  62  31.9592 W   6.5        8.4        7.5      147.3      334.3 
100711  234854  47  42.5671 N  62  31.9577 W   6.5        8.4        7.5      147.3      334.3 
100711  234855  47  42.5657 N  62  31.9562 W   6.5        8.4        7.5      147.3      334.3 
100711  234856  47  42.5642 N  62  31.9547 W   6.4        8.4        7.5      147.3      334.3 
100711  234857  47  42.5628 N  62  31.9532 W   6.4        8.4        7.5      147.3      334.3 
100711  234858  47  42.5615 N  62  31.9521 W   6.3        8.4        7.5      147.3      334.3 
100711  234859  47  42.5601 N  62  31.9508 W   6.3        8.4        7.5      147.3      334.3 
100711  234900  47  42.5588 N  62  31.9496 W   6.2        8.4        7.5      147.3      334.3 
100711  234901  47  42.5575 N  62  31.9483 W   6.2        8.4        7.5      147.3      334.3 
100711  234902  47  42.5561 N  62  31.9469 W   6.1        8.4        7.5      147.3      334.3 
100711  234903  47  42.5548 N  62  31.9456 W   6.0        8.4        7.5      147.3      334.3 
100711  234904  47  42.5536 N  62  31.9443 W   5.9        8.4        7.5      147.3      334.3 
100711  234905  47  42.5524 N  62  31.9431 W   5.8        8.4        7.5      147.3      334.3 
100711  234906  47  42.5512 N  62  31.9420 W   5.7        8.4        7.5      147.3      334.3 
100711  234907  47  42.5501 N  62  31.9409 W   5.6        8.4        7.5      147.3      334.3 
100711  234908  47  42.5490 N  62  31.9399 W   5.5        8.4        7.5      147.3      334.3 
100711  234909  47  42.5479 N  62  31.9388 W   5.4        8.4        7.5      147.3      334.3 
100711  234910  47  42.5469 N  62  31.9379 W   5.3        8.4        7.5      147.3      334.3 
100711  234911  47  42.5459 N  62  31.9369 W   5.1        8.4        7.5      147.3      334.3 
100711  234912  47  42.5449 N  62  31.9358 W   5.0        8.4        7.5      147.3      334.3 
100711  234913  47  42.5439 N  62  31.9348 W   4.9        8.4        7.5      147.3      334.3 
100711  234914  47  42.5431 N  62  31.9338 W   4.7        8.4        7.5      147.3      334.3 
100711  234915  47  42.5422 N  62  31.9329 W   4.6        8.4        7.5      147.3      334.3 
100711  234916  47  42.5413 N  62  31.9320 W   4.5        8.4        7.5        8.0*     334.3 
100711  234917  47  42.5405 N  62  31.9311 W   4.4        8.4       13.4*       8.0      334.3 
100711  234918  47  42.5397 N  62  31.9302 W   4.2        8.4       13.4        8.0      334.3 
100711  234919  47  42.5390 N  62  31.9293 W   4.1        8.4       13.4        8.0      334.3 
100711  234920  47  42.5382 N  62  31.9284 W   4.0        8.4       13.4        8.0      334.3 
100711  234921  47  42.5375 N  62  31.9276 W   3.9        8.4       13.4        8.0      334.3 
100711  234922  47  42.5368 N  62  31.9268 W   3.8        8.4       13.4        8.0      334.3 
100711  234923  47  42.5360 N  62  31.9259 W   3.7        8.4       13.4        8.0      334.3 
100711  234924  47  42.5354 N  62  31.9251 W   3.6        8.4       13.4        8.0      334.3 
100711  234925  47  42.5347 N  62  31.9243 W   3.5        8.4       13.4        8.0      334.3 
100711  234926  47  42.5341 N  62  31.9235 W   3.4        8.4       13.4        2.3*     334.3 
100711  234927  47  42.5334 N  62  31.9227 W   3.4        8.4       13.4        2.3      334.3 
100711  234928  47  42.5327 N  62  31.9219 W   3.3        8.4       13.4        2.3      334.3 
100711  234929  47  42.5320 N  62  31.9211 W   3.3        8.4       13.4        2.3      334.3 
100711  234930  47  42.5313 N  62  31.9204 W   3.2        2.1*      13.4        2.3      334.3 
100711  234931  47  42.5307 N  62  31.9196 W   3.2        2.1       13.4        2.7*     334.3 
100711  234932  47  42.5301 N  62  31.9189 W   3.1        2.1       13.4        2.7      334.3 
100711  234933  47  42.5294 N  62  31.9181 W   3.1        2.1       13.4        2.7      334.3 
100711  234934  47  42.5287 N  62  31.9174 W   3.1        2.1       13.4        2.7      334.3 
100711  234935  47  42.5281 N  62  31.9167 W   3.0        2.1       13.4        2.7      334.3 
100711  234936  47  42.5275 N  62  31.9160 W   3.0        2.1       13.4        2.7      334.3 
100711  234937  47  42.5269 N  62  31.9153 W   2.9        2.1       13.4        2.0*      10.6*
100711  234938  47  42.5263 N  62  31.9146 W   2.9        2.1       13.4        2.0       10.6 
100711  234939  47  42.5257 N  62  31.9139 W   2.9        2.1       13.4        2.0       10.6 
100711  234940  47  42.5251 N  62  31.9132 W   2.8        2.1       13.4        2.0       10.6 
100711  234941  47  42.5246 N  62  31.9126 W   2.8        2.1       13.4        2.0       10.6 
100711  234942  47  42.5240 N  62  31.9119 W   2.8        2.1       13.4        2.5*       6.6*
100711  234943  47  42.5234 N  62  31.9112 W   2.8        2.1       13.4        2.5        6.6 
100711  234944  47  42.5228 N  62  31.9105 W   2.8        2.1       13.4        2.5        6.6 
100711  234945  47  42.5223 N  62  31.9099 W   2.7        2.1       13.4        2.5        6.6 
100711  234946  47  42.5217 N  62  31.9092 W   2.7        2.1       13.4        2.5        6.6 
100711  234947  47  42.5211 N  62  31.9085 W   2.7        2.1       13.4        3.1*      44.0*
100711  234948  47  42.5205 N  62  31.9078 W   2.7        2.1       13.4        3.1       44.0 
100711  234949  47  42.5200 N  62  31.9072 W   2.7        2.1       13.4        3.1       44.0 
100711  234950  47  42.5193 N  62  31.9064 W   2.7        2.1       13.4        3.1       44.0 
100711  234951  47  42.5187 N  62  31.9055 W   2.8        2.1       13.4        3.1       44.0 
100711  234952  47  42.5180 N  62  31.9047 W   2.9        2.1       13.4        3.0*      44.0 
100711  234953  47  42.5172 N  62  31.9037 W   3.0        2.1       13.4        3.0       44.0 
100711  234954  47  42.5164 N  62  31.9027 W   3.1        2.1       13.4        3.0       44.0 
100711  234955  47  42.5156 N  62  31.9018 W   3.3        2.1        7.5*       3.0       44.0 
100711  234956  47  42.5146 N  62  31.9008 W   3.4        2.1        7.5        3.0       44.0 
100711  234957  47  42.5135 N  62  31.8996 W   3.7        2.1        7.5        3.0       44.0 
100711  234958  47  42.5124 N  62  31.8983 W   3.9        2.1        7.5        2.5*       1.3*
100711  234959  47  42.5112 N  62  31.8969 W   4.1        2.1        7.5        2.5        1.3 
100711  235000  47  42.5100 N  62  31.8955 W   4.4        2.1        7.5        2.5        1.3 
100711  235001  47  42.5086 N  62  31.8940 W   4.6        2.1        7.5        2.5        1.3 
100711  235002  47  42.5072 N  62  31.8924 W   4.9        2.1        7.5        2.5        1.3 
100711  235003  47  42.5058 N  62  31.8908 W   5.1        2.1        7.5        2.5        1.3 
100711  235004  47  42.5043 N  62  31.8892 W   5.3        2.1        7.5        2.5      566.1*
100711  235005  47  42.5029 N  62  31.8877 W   5.5        2.1        7.5        2.5      566.1 
100711  235006  47  42.5014 N  62  31.8862 W   5.7        2.1        7.5        2.5      566.1 
100711  235007  47  42.4999 N  62  31.8845 W   5.9        2.1        7.5        2.5      566.1 
100711  235008  47  42.4983 N  62  31.8828 W   6.0        2.1        7.5        2.5      566.1 
100711  235009  47  42.4968 N  62  31.8813 W   6.1        2.1        7.5        2.5      566.1 
100711  235010  47  42.4953 N  62  31.8795 W   6.3        2.1        7.5        2.5      566.1 
100711  235011  47  42.4936 N  62  31.8778 W   6.4       13.5*       7.5        2.5      566.1 
100711  235012  47  42.4921 N  62  31.8760 W   6.5       13.5        7.5        2.5      566.1 
100711  235013  47  42.4905 N  62  31.8743 W   6.6       13.5        7.5        2.5      566.1 
100711  235014  47  42.4889 N  62  31.8725 W   6.6       13.5        7.5        2.5      566.1 
100711  235015  47  42.4873 N  62  31.8707 W   6.7       13.5        7.5        2.5      566.1 
100711  235016  47  42.4857 N  62  31.8690 W   6.8       13.5        7.5        2.5      566.1 
100711  235017  47  42.4840 N  62  31.8672 W   6.8       13.5        7.5        2.5      566.1 
100711  235018  47  42.4824 N  62  31.8654 W   6.9       13.5        7.5        2.5      566.1 
100711  235019  47  42.4806 N  62  31.8637 W   6.9       13.5        7.5        2.5      566.1 
100711  235020  47  42.4790 N  62  31.8619 W   7.0       13.5        7.5        2.5      566.1 
100711  235021  47  42.4774 N  62  31.8601 W   7.0       13.5        7.5        2.5      566.1 
100711  235022  47  42.4757 N  62  31.8584 W   7.0       13.5        7.5        2.5      566.1 
100711  235023  47  42.4741 N  62  31.8566 W   7.0       13.5        7.5        2.5      566.1 
100711  235024  47  42.4724 N  62  31.8549 W   7.1       13.5        7.5        2.5       40.9*
100711  235025  47  42.4707 N  62  31.8531 W   7.1       13.5        7.5        2.5       40.9 
100711  235026  47  42.4691 N  62  31.8514 W   7.1       13.5        7.5        2.5       40.9 
100711  235027  47  42.4674 N  62  31.8496 W   7.1       13.5        7.5        2.5       40.9 
100711  235028  47  42.4658 N  62  31.8479 W   7.2       13.5        7.5        2.5       40.9 
100711  235029  47  42.4640 N  62  31.8461 W   7.2       13.5        7.5        2.5       40.9 
100711  235030  47  42.4623 N  62  31.8443 W   7.2       13.5        7.5        2.5       40.9 
100711  235031  47  42.4607 N  62  31.8426 W   7.2       13.5        7.5        2.5       40.9 
100711  235032  47  42.4590 N  62  31.8408 W   7.2       13.5        7.5        2.5       40.9 
100711  235033  47  42.4574 N  62  31.8390 W   7.2       13.5        7.5        2.5       40.9 
100711  235034  47  42.4557 N  62  31.8372 W   7.2       13.5        7.5        2.5       40.9 
100711  235035  47  42.4541 N  62  31.8355 W   7.2       13.5        7.5        2.5       40.9 
100711  235036  47  42.4525 N  62  31.8337 W   7.2       13.5        7.5        2.5       40.9 
100711  235037  47  42.4509 N  62  31.8320 W   7.2       13.5        7.5        2.5       40.9 
100711  235038  47  42.4493 N  62  31.8303 W   7.2       13.5        7.5        2.5       40.9 
100711  235039  47  42.4477 N  62  31.8285 W   7.2       13.5        7.5        2.5       40.9 
100711  235040  47  42.4461 N  62  31.8267 W   7.2       13.5        7.5        2.5       40.9 
100711  235041  47  42.4445 N  62  31.8248 W   7.2       13.5        7.5        2.5       40.9 
100711  235042  47  42.4429 N  62  31.8230 W   7.2       13.5        7.5        2.5       40.9 
100711  235043  47  42.4413 N  62  31.8211 W   7.2       13.5        7.5        2.5       40.9 
100711  235044  47  42.4397 N  62  31.8193 W   7.2       13.5        7.5        2.5       40.9 
100711  235045  47  42.4381 N  62  31.8175 W   7.2       13.5        7.5        2.5       40.9 
100711  235046  47  42.4365 N  62  31.8157 W   7.2       13.5        7.5        2.5       40.9 
100711  235047  47  42.4350 N  62  31.8139 W   7.2        2.1*       7.5        2.5       40.9 
100711  235048  47  42.4334 N  62  31.8120 W   7.2        2.1        7.5        2.5       40.9 
100711  235049  47  42.4318 N  62  31.8102 W   7.2        2.1        7.5        2.5       40.9 
100711  235050  47  42.4303 N  62  31.8084 W   7.1        2.1        7.5        2.5       40.9 
100711  235051  47  42.4287 N  62  31.8066 W   7.1        2.1        7.5        2.5       40.9 
100711  235052  47  42.4271 N  62  31.8048 W   7.1        2.1        7.5        2.5       40.9 
100711  235053  47  42.4256 N  62  31.8030 W   7.1        2.1        7.5        2.5       40.9 
100711  235054  47  42.4240 N  62  31.8011 W   7.1        2.1        7.5        2.5       40.9 
100711  235055  47  42.4225 N  62  31.7994 W   7.1        2.1        7.5        2.5       40.9 
100711  235056  47  42.4210 N  62  31.7976 W   7.1        2.1        7.5        2.5       40.9 
100711  235057  47  42.4194 N  62  31.7958 W   7.1        2.1        7.5        2.5       40.9 
100711  235058  47  42.4179 N  62  31.7940 W   7.0        2.1        7.5        2.5       40.9 
100711  235059  47  42.4164 N  62  31.7922 W   7.0        2.1        7.5        2.5       40.9 
100711  235100  47  42.4149 N  62  31.7904 W   7.0        2.1        7.5        7.1*      40.9 
100711  235101  47  42.4133 N  62  31.7887 W   7.0        2.1        7.5        7.1      231.8*
100711  235102  47  42.4118 N  62  31.7869 W   7.0        2.1        7.5        7.1      231.8 
100711  235103  47  42.4103 N  62  31.7850 W   7.0        2.1        7.5        7.1      231.8 
100711  235104  47  42.4088 N  62  31.7832 W   7.0        2.1        7.5        7.1      231.8 
100711  235105  47  42.4073 N  62  31.7815 W   7.0        2.1        7.5        7.1      231.8 
100711  235106  47  42.4057 N  62  31.7797 W   7.0        2.1        7.5        7.1       29.9*
100711  235107  47  42.4042 N  62  31.7779 W   7.0        2.1        7.5        7.1       29.9 
100711  235108  47  42.4026 N  62  31.7761 W   7.0        2.1        7.5        7.1       29.9 
100711  235109  47  42.4011 N  62  31.7743 W   7.0        2.1        7.5        7.1       29.9 
100711  235110  47  42.3996 N  62  31.7725 W   7.0        2.1        7.5        7.1       29.9 
100711  235111  47  42.3981 N  62  31.7707 W   7.0        2.1        7.5        7.1       23.3*
100711  235112  47  42.3966 N  62  31.7689 W   7.0        2.1        7.5        7.1       23.3 
100711  235113  47  42.3950 N  62  31.7671 W   7.0        4.2*       7.5        7.1       23.3 
100711  235114  47  42.3936 N  62  31.7653 W   7.0        4.2        7.5        7.1       23.3 
100711  235115  47  42.3920 N  62  31.7635 W   7.0        4.2        7.5        7.1       23.3 
100711  235116  47  42.3905 N  62  31.7617 W   7.0        4.2        7.5        7.1       25.1*
100711  235117  47  42.3890 N  62  31.7599 W   7.0        4.2        7.5        7.1       25.1 
100711  235118  47  42.3875 N  62  31.7581 W   7.0        4.2        7.5        7.1       25.1 
100711  235119  47  42.3860 N  62  31.7563 W   7.0        4.2        7.5        7.1       25.1 
100711  235120  47  42.3845 N  62  31.7545 W   7.0        4.2        7.5        7.1       25.1 
100711  235121  47  42.3829 N  62  31.7527 W   7.0        4.2        7.5        7.1       25.1 
100711  235122  47  42.3814 N  62  31.7510 W   7.0        4.2        7.5        7.1       25.1 
100711  235123  47  42.3798 N  62  31.7492 W   7.0        4.2        7.5        7.1       25.1 
100711  235124  47  42.3783 N  62  31.7476 W   7.0        4.2        7.5        7.1       25.1 
100711  235125  47  42.3767 N  62  31.7458 W   7.0        4.2        7.5        7.1       25.1 
100711  235126  47  42.3752 N  62  31.7441 W   7.0        4.2        7.5        7.1       25.1 
100711  235127  47  42.3737 N  62  31.7425 W   7.0        4.2        7.5        7.1       25.1 
100711  235128  47  42.3722 N  62  31.7410 W   7.0        4.2        7.5        7.1       25.1 
100711  235129  47  42.3706 N  62  31.7392 W   7.0        4.2        7.5        7.1       25.1 
100711  235130  47  42.3691 N  62  31.7375 W   7.0        4.2        7.5        7.1       25.1 
100711  235131  47  42.3675 N  62  31.7357 W   7.0        4.2        7.5       99.1*      25.1 
100711  235132  47  42.3660 N  62  31.7339 W   7.0        4.2        7.5       99.1       25.1 
100711  235133  47  42.3646 N  62  31.7325 W   7.0        4.2        7.5       99.1       25.1 
100711  235134  47  42.3629 N  62  31.7309 W   7.0        4.2        7.5       99.1       25.1 
100711  235135  47  42.3613 N  62  31.7292 W   7.0        4.2        7.5       99.1       25.1 
100711  235136  47  42.3597 N  62  31.7274 W   7.0        4.2        7.5       99.1       25.1 
100711  235137  47  42.3580 N  62  31.7256 W   6.9        4.2        7.5       99.1       27.3*
100711  235138  47  42.3564 N  62  31.7238 W   6.9        4.2        7.5       99.1       27.3 
100711  235139  47  42.3547 N  62  31.7221 W   6.9        4.2        7.5       99.1       27.3 
100711  235140  47  42.3531 N  62  31.7202 W   7.0        4.2        7.5       99.1       27.3 
100711  235141  47  42.3514 N  62  31.7185 W   7.0        4.2        7.5       99.1       27.3 
100711  235142  47  42.3498 N  62  31.7167 W   7.0        4.2        7.5       99.1       27.3 
100711  235143  47  42.3482 N  62  31.7149 W   7.0        4.2        7.5       99.1       27.3 
100711  235144  47  42.3466 N  62  31.7132 W   6.9        4.2        7.5       99.1       27.3 
100711  235145  47  42.3449 N  62  31.7114 W   6.9        4.2        7.5       99.1       27.3 
100711  235146  47  42.3433 N  62  31.7097 W   6.9        4.2        7.5       99.1       27.3 
100711  235147  47  42.3417 N  62  31.7080 W   6.9        4.2        7.5       99.1       27.3 
100711  235148  47  42.3401 N  62  31.7062 W   6.9        4.2        7.5       99.1       27.3 
100711  235149  47  42.3385 N  62  31.7045 W   6.9        4.2        7.5       99.1       27.3 
100711  235150  47  42.3369 N  62  31.7027 W   6.9        4.2        7.5       99.1       27.3 
100711  235151  47  42.3353 N  62  31.7010 W   6.9        4.2        7.5       99.1       27.3 
100711  235152  47  42.3337 N  62  31.6993 W   6.9        4.2        7.5      139.5*      27.3 
100711  235153  47  42.3321 N  62  31.6976 W   6.9        4.2        7.5      139.5      523.0*
100711  235154  47  42.3305 N  62  31.6959 W   6.9        4.2        7.5      139.5      523.0 
100711  235155  47  42.3290 N  62  31.6942 W   6.9        4.2        7.5      139.5      523.0 
100711  235156  47  42.3275 N  62  31.6925 W   6.9        4.2        7.5      139.5      523.0 
100711  235157  47  42.3260 N  62  31.6909 W   6.9        4.2        7.5      139.5      523.0 
100711  235158  47  42.3244 N  62  31.6891 W   6.9        4.2        7.5        7.7*     523.0 
100711  235159  47  42.3228 N  62  31.6873 W   6.9        4.2        7.5        7.7      388.0*
100711  235200  47  42.3213 N  62  31.6857 W   6.9        4.2        7.5        7.7      388.0 
100711  235201  47  42.3196 N  62  31.6839 W   6.9        4.2        7.5        7.7      388.0 
100711  235202  47  42.3180 N  62  31.6822 W   6.9        4.2        7.5        7.7      388.0 
100711  235203  47  42.3166 N  62  31.6805 W   6.9        4.2        7.5        6.1*     388.0 
100711  235204  47  42.3148 N  62  31.6787 W   6.9        4.2        7.5        6.1      388.0 
100711  235205  47  42.3133 N  62  31.6771 W   6.9        4.2        7.5        6.1      388.0 
100711  235206  47  42.3119 N  62  31.6755 W   6.9        4.2        7.5        6.1      388.0 
100711  235207  47  42.3104 N  62  31.6738 W   6.9        4.2        7.5        6.1      388.0 
100711  235208  47  42.3089 N  62  31.6722 W   6.8        4.2        7.5        8.1*     388.0 
100711  235209  47  42.3075 N  62  31.6706 W   6.8        4.2        7.5        8.1      388.0 
100711  235210  47  42.3061 N  62  31.6691 W   6.8        4.2        7.5        8.1      388.0 
100711  235211  47  42.3045 N  62  31.6674 W   6.8        4.2        7.5        8.1      388.0 
100711  235212  47  42.3031 N  62  31.6658 W   6.7        4.2        7.5        8.1      388.0 
100711  235213  47  42.3017 N  62  31.6643 W   6.7        4.2        7.5        8.1      388.0 
100711  235214  47  42.3002 N  62  31.6626 W   6.6        4.2        7.5        8.1      388.0 
100711  235215  47  42.2989 N  62  31.6612 W   6.6        4.2        7.5        8.1      388.0 
100711  235216  47  42.2976 N  62  31.6597 W   6.6        4.2        7.5        8.1      388.0 
100711  235217  47  42.2962 N  62  31.6582 W   6.5        4.2        7.5        8.1      388.0 
100711  235218  47  42.2949 N  62  31.6567 W   6.5        4.2        7.5        8.1      388.0 
100711  235219  47  42.2936 N  62  31.6552 W   6.4        4.2        7.5        8.1      388.0 
100711  235220  47  42.2924 N  62  31.6537 W   6.4        4.2        7.5        8.1      388.0 
100711  235221  47  42.2911 N  62  31.6523 W   6.4        4.2        7.5        8.1      388.0 
100711  235222  47  42.2898 N  62  31.6509 W   6.3        4.2        7.5        8.1      388.0 
100711  235223  47  42.2885 N  62  31.6496 W   6.2        4.2        7.5        8.1      388.0 
100711  235224  47  42.2874 N  62  31.6484 W   6.0        4.2        7.5        5.8*     388.0 
100711  235225  47  42.2863 N  62  31.6471 W   5.8        4.2        7.5        5.8      388.0 
100711  235226  47  42.2853 N  62  31.6460 W   5.7        4.2        7.5        5.8      388.0 
100711  235227  47  42.2844 N  62  31.6449 W   5.5        4.2        7.5        5.8      388.0 
100711  235228  47  42.2835 N  62  31.6439 W   5.2        4.2        7.5        5.8      388.0 
100711  235229  47  42.2826 N  62  31.6430 W   5.0        4.2        7.5        6.5*     388.0 
100711  235230  47  42.2817 N  62  31.6421 W   4.8        4.2        7.5        6.5       47.5*
100711  235231  47  42.2809 N  62  31.6412 W   4.6        2.1*       7.5        6.5       47.5 
100711  235232  47  42.2801 N  62  31.6403 W   4.4        2.1        7.5        6.5       47.5 
100711  235233  47  42.2794 N  62  31.6395 W   4.2        2.1        7.5        6.5       47.5 
100711  235234  47  42.2787 N  62  31.6386 W   4.0        2.1        7.5        6.5*      47.5 
100711  235235  47  42.2780 N  62  31.6378 W   3.9        2.1        7.5        6.5       47.5 
100711  235236  47  42.2774 N  62  31.6370 W   3.7        2.1        7.5        6.5       48.4*
100711  235237  47  42.2768 N  62  31.6363 W   3.6        2.1        7.5        6.5       48.4 
100711  235238  47  42.2762 N  62  31.6355 W   3.4        2.1        7.5        6.5       48.4 
100711  235239  47  42.2757 N  62  31.6348 W   3.3        2.1        7.5        6.5       48.4 
100711  235240  47  42.2751 N  62  31.6340 W   3.2        2.1        7.5        6.7*      48.4 
100711  235241  47  42.2746 N  62  31.6334 W   3.1        2.1        7.5        6.7       60.3*
100711  235242  47  42.2741 N  62  31.6327 W   2.9        2.1        7.5        6.7       60.3 
100711  235243  47  42.2736 N  62  31.6321 W   2.8        2.1        7.5        6.7       60.3 
100711  235244  47  42.2732 N  62  31.6314 W   2.8        2.1        7.5        6.7       60.3 
100711  235245  47  42.2728 N  62  31.6308 W   2.7        2.1        7.5        7.4*      60.3 
100711  235246  47  42.2723 N  62  31.6302 W   2.6        2.1        7.5        7.4       50.1*
100711  235247  47  42.2719 N  62  31.6296 W   2.5        2.1        7.5        7.4       50.1 
100711  235248  47  42.2714 N  62  31.6290 W   2.5        2.1        7.5        7.4       50.1 
100711  235249  47  42.2710 N  62  31.6284 W   2.4        2.1        7.5        7.4       50.1 
100711  235250  47  42.2706 N  62  31.6278 W   2.3        2.1        7.5        9.2*      50.1 
100711  235251  47  42.2702 N  62  31.6272 W   2.3        2.1        7.5        9.2       50.1 
100711  235252  47  42.2698 N  62  31.6266 W   2.3        2.1        7.5        9.2       44.4*
100711  235253  47  42.2694 N  62  31.6261 W   2.2        2.1        7.5        9.2       44.4 
100711  235254  47  42.2691 N  62  31.6255 W   2.2        2.1        7.5        9.2       44.4 
100711  235255  47  42.2687 N  62  31.6249 W   2.1        2.1        7.5        9.2       44.4 
100711  235256  47  42.2683 N  62  31.6244 W   2.1        2.1        7.5        2.8*      44.4 
100711  235257  47  42.2679 N  62  31.6237 W   2.1        2.2*       7.5        2.8       55.9*
100711  235258  47  42.2676 N  62  31.6232 W   2.1        2.2        7.5        2.8       55.9 
100711  235259  47  42.2673 N  62  31.6227 W   2.0        2.2        7.5        2.8       55.9 
100711  235300  47  42.2669 N  62  31.6222 W   2.0        2.2        7.5        2.8       55.9 
100711  235301  47  42.2666 N  62  31.6217 W   2.0        2.2        7.5        5.5*      55.9 
100711  235302  47  42.2662 N  62  31.6211 W   2.0        2.2        7.5        5.5       55.0*
100711  235303  47  42.2659 N  62  31.6206 W   2.0        2.2        7.5        5.5       55.0 
100711  235304  47  42.2656 N  62  31.6201 W   1.9        2.2        7.5        5.5       55.0 
100711  235305  47  42.2652 N  62  31.6195 W   1.9        2.2        7.5        5.5       55.0 
100711  235306  47  42.2649 N  62  31.6190 W   1.9        2.2        7.5        4.1*      55.0 
100711  235307  47  42.2645 N  62  31.6184 W   1.9        2.2        7.5        4.1       55.0 
100711  235308  47  42.2642 N  62  31.6179 W   1.9        2.2        7.5        4.1       76.5*
100711  235309  47  42.2638 N  62  31.6173 W   1.9        2.2        7.5        4.1       76.5 
100711  235310  47  42.2635 N  62  31.6167 W   1.9        2.2*       7.5        4.1       76.5 
100711  235311  47  42.2631 N  62  31.6161 W   1.9        2.2        7.5        5.7*      76.5 
100711  235312  47  42.2628 N  62  31.6154 W   1.9        2.2        7.5        5.7       76.5 
100711  235313  47  42.2625 N  62  31.6149 W   1.8        2.2        7.5        5.7       44.9*
100711  235314  47  42.2621 N  62  31.6143 W   1.8        2.2        7.5        5.7       44.9 
100711  235315  47  42.2618 N  62  31.6137 W   1.8        2.2        7.5        5.7       44.9 
100711  235316  47  42.2615 N  62  31.6131 W   1.8        2.2        7.5        5.6*      44.9 
100711  235317  47  42.2612 N  62  31.6125 W   1.8        2.2        7.5        5.6       44.9 
100711  235318  47  42.2608 N  62  31.6119 W   1.8        2.2        7.5        5.6       65.1*
100711  235319  47  42.2605 N  62  31.6112 W   1.8        2.2        7.5        5.6       65.1 
100711  235320  47  42.2602 N  62  31.6106 W   1.8        2.2        7.5        5.6       65.1 
100711  235321  47  42.2598 N  62  31.6100 W   1.8        2.2        7.5        5.6       65.1 
100711  235322  47  42.2595 N  62  31.6094 W   1.9        2.2        7.5        4.4*      65.1 
100711  235323  47  42.2591 N  62  31.6087 W   1.9        2.2        7.5        4.4       65.1 
100711  235324  47  42.2588 N  62  31.6080 W   1.9        2.2        7.5        4.4       68.2*
100711  235325  47  42.2584 N  62  31.6073 W   1.9        2.2        7.5        4.4       68.2 
100711  235326  47  42.2581 N  62  31.6067 W   1.9        2.2        7.5        4.4       68.2 
100711  235327  47  42.2577 N  62  31.6060 W   1.9        2.2        7.5        4.8*      68.2 
100711  235328  47  42.2574 N  62  31.6054 W   1.9        2.2        7.5        4.8       68.2 
100711  235329  47  42.2570 N  62  31.6048 W   2.0        2.2        7.5        4.8       69.1*
100711  235330  47  42.2567 N  62  31.6041 W   2.0        2.2        7.5        4.8       69.1 
100711  235331  47  42.2563 N  62  31.6035 W   2.0        2.2        7.5        4.8       69.1 
100711  235332  47  42.2560 N  62  31.6028 W   2.0        2.2        7.5        5.9*      69.1 
100711  235333  47  42.2556 N  62  31.6021 W   2.0        2.2        7.5        5.9       69.1 
100711  235334  47  42.2553 N  62  31.6014 W   2.0        2.2        7.5        5.9       73.9*
100711  235335  47  42.2549 N  62  31.6008 W   2.0        2.2        7.5        5.9       73.9 
100711  235336  47  42.2545 N  62  31.6001 W   2.0        2.2*       7.5        5.9       73.9 
100711  235337  47  42.2542 N  62  31.5995 W   2.0        2.2        7.5        5.9*      73.9 
100711  235338  47  42.2538 N  62  31.5988 W   2.1        2.2        7.5        5.9       73.9 
100711  235339  47  42.2535 N  62  31.5982 W   2.1        2.2        7.5        5.9       73.9 
100711  235340  47  42.2531 N  62  31.5977 W   2.1        2.2        7.5        5.9       77.0*
100711  235341  47  42.2527 N  62  31.5970 W   2.1        2.2        7.5        5.9       77.0 
100711  235342  47  42.2523 N  62  31.5964 W   2.1        2.2        7.5        5.9       77.0 
100711  235343  47  42.2520 N  62  31.5959 W   2.1        2.2        7.5        5.5*      77.0 
100711  235344  47  42.2516 N  62  31.5952 W   2.1        2.2        7.5        5.5       77.0 
100711  235345  47  42.2512 N  62  31.5946 W   2.1        2.2        7.5        5.5       76.5*
100711  235346  47  42.2509 N  62  31.5940 W   2.1        2.2        7.5        5.5       76.5 
100711  235347  47  42.2505 N  62  31.5934 W   2.1        2.2        7.5        5.5       76.5 
100711  235348  47  42.2501 N  62  31.5928 W   2.1        2.2        7.5        6.5*      76.5 
100711  235349  47  42.2497 N  62  31.5921 W   2.1        2.2*       7.5        6.5       76.5 
100711  235350  47  42.2493 N  62  31.5915 W   2.1        2.2        7.5        6.5       76.5 
100711  235351  47  42.2490 N  62  31.5909 W   2.1        2.2        7.5        6.5       81.8*
100711  235352  47  42.2485 N  62  31.5903 W   2.1        2.2        7.5        6.5       81.8 
100711  235353  47  42.2481 N  62  31.5896 W   2.1        2.2        7.5        6.2*      81.8 
100711  235354  47  42.2477 N  62  31.5890 W   2.1        2.2        7.5        6.2       81.8 
100711  235355  47  42.2474 N  62  31.5883 W   2.1        2.2        7.5        6.2       81.8 
100711  235356  47  42.2470 N  62  31.5877 W   2.1        2.2        7.5        6.2       80.1*
100711  235357  47  42.2466 N  62  31.5870 W   2.1        2.2        7.5        6.2       80.1 
100711  235358  47  42.2462 N  62  31.5864 W   2.1        2.2        7.5        6.6*      80.1 
100711  235359  47  42.2458 N  62  31.5857 W   2.1        2.2        7.5        6.6       80.1 
100711  235400  47  42.2454 N  62  31.5850 W   2.1        2.2        7.5        6.6       80.1 
100711  235401  47  42.2450 N  62  31.5843 W   2.1        2.2        7.5        6.6       84.5*
100711  235402  47  42.2446 N  62  31.5836 W   2.1        2.2*       7.5        6.6       84.5 
100711  235403  47  42.2443 N  62  31.5830 W   2.1        2.2        7.5        6.6       84.5 
100711  235404  47  42.2439 N  62  31.5824 W   2.1        2.2        7.5        7.0*      84.5 
100711  235405  47  42.2435 N  62  31.5817 W   2.1        2.2        7.5        7.0       84.5 
100711  235406  47  42.2431 N  62  31.5811 W   2.1        2.2        7.5        7.0       84.5 
100711  235407  47  42.2428 N  62  31.5804 W   2.1        2.2        7.5        7.0       86.7*
100711  235408  47  42.2424 N  62  31.5798 W   2.1        2.2        2.2*       7.0       86.7 
100711  235409  47  42.2420 N  62  31.5793 W   2.1        2.2        2.2        7.8*      86.7 
100711  235410  47  42.2417 N  62  31.5787 W   2.1        2.2        2.2        7.8       86.7 
100711  235411  47  42.2413 N  62  31.5781 W   2.1        2.2        2.2        7.8       86.7 
100711  235412  47  42.2409 N  62  31.5776 W   2.1        2.2        2.2        7.8       85.8*
100711  235413  47  42.2406 N  62  31.5770 W   2.1        2.2        2.2        7.8       85.8 
100711  235414  47  42.2402 N  62  31.5764 W   2.0        2.2        2.2        8.2*      85.8 
100711  235415  47  42.2398 N  62  31.5758 W   2.0        2.6*       2.2        8.2       85.8 
100711  235416  47  42.2395 N  62  31.5752 W   2.1        2.6        2.2        8.2       85.8 
100711  235417  47  42.2391 N  62  31.5746 W   2.0        2.6        2.2        8.2       85.8 
100711  235418  47  42.2387 N  62  31.5740 W   2.0        2.6        2.2        8.2       84.5*
100711  235419  47  42.2384 N  62  31.5734 W   2.0        2.6        2.2        8.2       84.5 
100711  235420  47  42.2380 N  62  31.5727 W   2.0        2.6        2.2        8.8*      84.5 
100711  235421  47  42.2376 N  62  31.5721 W   2.0        2.6        2.2        8.8       84.5 
100711  235422  47  42.2373 N  62  31.5715 W   2.0        2.6        2.2        8.8       84.5 
100711  235423  47  42.2369 N  62  31.5709 W   2.0        2.6        2.2        8.8       88.0*
100711  235424  47  42.2365 N  62  31.5703 W   2.0        2.6        2.2        8.8       88.0 
100711  235425  47  42.2362 N  62  31.5698 W   2.0        2.6        2.2        9.8*      88.0 
100711  235426  47  42.2359 N  62  31.5692 W   2.0        2.6        2.2        9.8       88.0 
100711  235427  47  42.2355 N  62  31.5684 W   2.0        2.6        2.2        9.8       88.0 
100711  235428  47  42.2351 N  62  31.5680 W   2.0        2.1*       2.2        9.8       85.8*
100711  235429  47  42.2347 N  62  31.5674 W   2.0        2.1        2.2        9.8       85.8 
100711  235430  47  42.2344 N  62  31.5668 W   2.0        2.1        2.2        9.9*      85.8 
100711  235431  47  42.2339 N  62  31.5661 W   2.0        2.1        2.2        9.9       85.8 
100711  235432  47  42.2334 N  62  31.5655 W   2.0        2.1        2.2        9.9       85.8 
100711  235433  47  42.2331 N  62  31.5648 W   2.0        2.1        2.2        9.9       85.8 
100711  235434  47  42.2327 N  62  31.5642 W   2.0        2.1        2.2        9.9       88.0*
100711  235435  47  42.2322 N  62  31.5635 W   2.0        2.1        2.2        9.9*      88.0 
100711  235436  47  42.2318 N  62  31.5629 W   2.0        2.1        2.2        9.9       88.0 
100711  235437  47  42.2314 N  62  31.5623 W   2.0        2.1        2.2        9.9       88.0 
100711  235438  47  42.2311 N  62  31.5617 W   2.0        2.1        2.2        9.9       88.0 
100711  235439  47  42.2307 N  62  31.5610 W   2.0        2.1        2.2        9.9       87.1*
100711  235440  47  42.2304 N  62  31.5605 W   2.0        2.1        2.2        9.9       87.1 
100711  235441  47  42.2301 N  62  31.5599 W   2.0        2.1        2.2        9.3*      87.1 
100711  235442  47  42.2298 N  62  31.5594 W   2.0        2.1        2.2        9.3       87.1 
100711  235443  47  42.2294 N  62  31.5587 W   2.0        2.1        2.2        9.3       87.1 
100711  235444  47  42.2291 N  62  31.5582 W   2.0        2.1        2.2        9.3       87.1 
100711  235445  47  42.2288 N  62  31.5576 W   2.0        2.1        2.2        9.3       85.3*
100711  235446  47  42.2285 N  62  31.5572 W   2.0        2.1        2.2       10.3*      85.3 
100711  235447  47  42.2282 N  62  31.5566 W   2.0        2.1        2.2       10.3       85.3 
100711  235448  47  42.2279 N  62  31.5561 W   2.0        2.1        2.2       10.3       85.3 
100711  235449  47  42.2275 N  62  31.5555 W   2.0        2.1        2.2       10.3       85.3 
100711  235450  47  42.2270 N  62  31.5549 W   2.0        2.1        2.2       10.3       88.0*
100711  235451  47  42.2267 N  62  31.5543 W   2.0        2.1        2.2        9.8*      88.0 
100711  235452  47  42.2263 N  62  31.5538 W   2.0        2.1        2.2        9.8       88.0 
100711  235453  47  42.2259 N  62  31.5532 W   2.0        2.1        2.2        9.8       88.0 
100711  235454  47  42.2256 N  62  31.5526 W   2.0        2.1        2.2        9.8       88.0 
100711  235455  47  42.2252 N  62  31.5520 W   2.0        2.1        2.2        9.8       88.4*
100711  235456  47  42.2248 N  62  31.5514 W   2.1        2.1        2.2        9.8       88.4 
100711  235457  47  42.2243 N  62  31.5508 W   2.1        2.1        2.2        9.8*      88.4 
100711  235458  47  42.2240 N  62  31.5503 W   2.1        2.1        2.2        9.8       88.4 
100711  235459  47  42.2235 N  62  31.5496 W   2.0        2.1        2.2        9.8       88.4 
100711  235500  47  42.2231 N  62  31.5489 W   2.1        2.1        2.2        9.8       88.4 
100711  235501  47  42.2226 N  62  31.5483 W   2.1        2.1        2.2        9.8       84.5*
100711  235502  47  42.2223 N  62  31.5477 W   2.1        2.1        2.2        9.7*      84.5 
100711  235503  47  42.2219 N  62  31.5471 W   2.1        2.1        2.2        9.7       84.5 
100711  235504  47  42.2215 N  62  31.5465 W   2.1        2.1        2.2        9.7       84.5 
100711  235505  47  42.2212 N  62  31.5459 W   2.1        2.1        2.2        9.7       84.5 
100711  235506  47  42.2206 N  62  31.5452 W   2.0        2.1        2.2        9.7       86.7*
100711  235507  47  42.2201 N  62  31.5445 W   2.1        2.2*       2.2       11.0*      86.7 
100711  235508  47  42.2196 N  62  31.5438 W   2.1        2.2        2.2       11.0       86.7 
100711  235509  47  42.2193 N  62  31.5432 W   2.1        2.2        2.2       11.0       86.7 
100711  235510  47  42.2188 N  62  31.5426 W   2.0        2.2        2.2       11.0       86.7 
100711  235511  47  42.2183 N  62  31.5419 W   2.1        2.2        2.2       11.0       86.7 
100711  235512  47  42.2178 N  62  31.5413 W   2.1        2.2        2.2       11.0       86.2*
100711  235513  47  42.2174 N  62  31.5406 W   2.1        2.2        2.2        9.8*      86.2 
100711  235514  47  42.2169 N  62  31.5399 W   2.1        2.2        2.2        9.8       86.2 
100711  235515  47  42.2166 N  62  31.5394 W   2.1        2.2        2.2        9.8       86.2 
100711  235516  47  42.2163 N  62  31.5388 W   2.1        2.2        2.2        9.8       86.2 
100711  235517  47  42.2160 N  62  31.5382 W   2.0        2.2        2.2        9.8       87.5*
100711  235518  47  42.2156 N  62  31.5376 W   2.1        2.2        2.2       10.2*      87.5 
100711  235519  47  42.2152 N  62  31.5370 W   2.1        2.2        2.2       10.2       87.5 
100711  235520  47  42.2148 N  62  31.5364 W   2.0        4.3*       2.2       10.2       87.5 
100711  235521  47  42.2144 N  62  31.5357 W   2.1        4.3        2.2       10.2       87.5 
100711  235522  47  42.2141 N  62  31.5350 W   2.0        4.3        2.2       10.2       88.0*
100711  235523  47  42.2136 N  62  31.5344 W   2.0        4.3        2.2       11.1*      88.0 
100711  235524  47  42.2133 N  62  31.5338 W   2.0        4.3        2.2       11.1       88.0 
100711  235525  47  42.2128 N  62  31.5332 W   2.0        4.3        2.2       11.1       88.0 
100711  235526  47  42.2124 N  62  31.5326 W   2.0        4.3        2.2       11.1       88.0 
100711  235527  47  42.2120 N  62  31.5319 W   2.0        4.3        2.2       11.1       88.0 
100711  235528  47  42.2116 N  62  31.5312 W   2.0        4.3        2.2       11.0*      87.5*
100711  235529  47  42.2111 N  62  31.5306 W   2.0        4.3        2.2       11.0       87.5 
100711  235530  47  42.2107 N  62  31.5300 W   2.0        4.3        2.2       11.0       87.5 
100711  235531  47  42.2103 N  62  31.5294 W   2.0        4.3        2.2       11.0       87.5 
100711  235532  47  42.2098 N  62  31.5287 W   2.1        4.3        2.2       11.0       87.5 
100711  235533  47  42.2094 N  62  31.5281 W   2.1        2.2*       2.2       11.0       87.1*
100711  235534  47  42.2090 N  62  31.5275 W   2.1        2.2        2.2       10.2*      87.1 
100711  235535  47  42.2086 N  62  31.5268 W   2.1        2.2        2.2       10.2       87.1 
100711  235536  47  42.2081 N  62  31.5262 W   2.1        2.2        2.2       10.2       87.1 
100711  235537  47  42.2077 N  62  31.5256 W   2.1        2.2        2.2       10.2       87.1 
100711  235538  47  42.2073 N  62  31.5250 W   2.0        2.2        2.2       10.2       87.1 
100711  235539  47  42.2069 N  62  31.5244 W   2.1        2.2        2.2       10.4*      99.4*
100711  235540  47  42.2065 N  62  31.5237 W   2.1        2.2        2.2       10.4       99.4 
100711  235541  47  42.2061 N  62  31.5232 W   2.1        2.2        2.2       10.4       99.4 
100711  235542  47  42.2056 N  62  31.5226 W   2.0        2.2        2.2       10.4       99.4 
100711  235543  47  42.2052 N  62  31.5219 W   2.1        2.2        2.2       10.4       99.4 
100711  235544  47  42.2048 N  62  31.5212 W   2.1        2.2        2.2       11.8*      77.4*
100711  235545  47  42.2045 N  62  31.5207 W   2.0        2.2        2.2       11.8       77.4 
100711  235546  47  42.2040 N  62  31.5201 W   2.0        2.2        2.2       11.8       77.4 
100711  235547  47  42.2036 N  62  31.5195 W   2.1        2.2        2.2       11.8       77.4 
100711  235548  47  42.2032 N  62  31.5189 W   2.1        2.2        2.2       11.8       77.4 
100711  235549  47  42.2028 N  62  31.5183 W   2.0        2.2        2.2       11.8       86.7*
100711  235550  47  42.2024 N  62  31.5177 W   2.0        2.2        2.2       10.6*      86.7 
100711  235551  47  42.2020 N  62  31.5171 W   2.1        2.2        2.2       10.6       86.7 
100711  235552  47  42.2016 N  62  31.5165 W   2.1       11.8*       2.2       10.6       86.7 
100711  235553  47  42.2013 N  62  31.5159 W   2.1       11.8        2.2       10.6       86.7 
100711  235554  47  42.2009 N  62  31.5153 W   2.0       11.8        2.2       10.6       86.7 
100711  235555  47  42.2005 N  62  31.5146 W   2.1       11.8        2.2       10.9*      88.4*
100711  235556  47  42.2001 N  62  31.5140 W   2.1       11.8        2.2       10.9       88.4 
100711  235557  47  42.1997 N  62  31.5134 W   2.1       11.8        2.2       10.9       88.4 
100711  235558  47  42.1993 N  62  31.5127 W   2.0       11.8        2.2       10.9       88.4 
100711  235559  47  42.1989 N  62  31.5121 W   2.0       11.8        2.2       10.9       88.4 
100711  235600  47  42.1985 N  62  31.5115 W   2.1       11.8        2.2       10.7*      87.5*
100711  235601  47  42.1982 N  62  31.5109 W   2.0       11.8        2.2       10.7       87.5 
100711  235602  47  42.1978 N  62  31.5103 W   2.0       11.8        2.2       10.7       87.5 
100711  235603  47  42.1974 N  62  31.5097 W   2.0       11.8        2.2       10.7       87.5 
100711  235604  47  42.1970 N  62  31.5090 W   2.0       11.8        2.2       10.7       87.5 
100711  235605  47  42.1966 N  62  31.5084 W   2.0       11.8        2.2       10.7       87.5 
100711  235606  47  42.1963 N  62  31.5078 W   2.0       11.8        2.2       13.5*      87.5 
100711  235607  47  42.1959 N  62  31.5072 W   2.1       11.8        2.2       13.5       87.5 
100711  235608  47  42.1955 N  62  31.5066 W   2.1       11.8        2.2       13.5       87.5 
100711  235609  47  42.1951 N  62  31.5060 W   2.0       11.8        2.2       13.5       87.5 
100711  235610  47  42.1947 N  62  31.5054 W   2.0       11.8        2.2       13.5       87.5 
100711  235611  47  42.1943 N  62  31.5047 W   2.1       11.8        2.2        7.3*      87.5 
100711  235612  47  42.1939 N  62  31.5040 W   2.1        2.2*       2.2        7.3       87.5 
100711  235613  47  42.1936 N  62  31.5034 W   2.0        2.2        2.2        7.3       87.5 
100711  235614  47  42.1932 N  62  31.5028 W   2.0        2.2        2.2        7.3       87.5 
100711  235615  47  42.1927 N  62  31.5021 W   2.1        2.2        2.2        7.3       87.5 
100711  235616  47  42.1924 N  62  31.5015 W   2.1        2.2        2.2       10.6*      89.3*
100711  235617  47  42.1920 N  62  31.5009 W   2.0        2.2        2.2       10.6       89.3 
100711  235618  47  42.1916 N  62  31.5003 W   2.0        2.2        2.2       10.6       89.3 
100711  235619  47  42.1912 N  62  31.4997 W   2.0        2.2        2.2       10.6       89.3 
100711  235620  47  42.1909 N  62  31.4990 W   2.0        2.2        2.2       10.6       89.3 
100711  235621  47  42.1905 N  62  31.4984 W   2.0        2.2        2.2       10.6       89.3 
100711  235622  47  42.1901 N  62  31.4978 W   2.0        2.2        2.2       10.2*      85.8*
100711  235623  47  42.1897 N  62  31.4972 W   2.0        2.2        2.2       10.2       85.8 
100711  235624  47  42.1893 N  62  31.4966 W   2.0        2.2*       2.2       10.2       85.8 
100711  235625  47  42.1889 N  62  31.4959 W   2.0        2.2        2.2       10.2       85.8 
100711  235626  47  42.1885 N  62  31.4954 W   2.0        2.2        2.2       10.2       85.8 
100711  235627  47  42.1881 N  62  31.4947 W   2.0        2.2        2.2       10.7*      88.4*
100711  235628  47  42.1878 N  62  31.4941 W   2.0        2.2        2.2       10.7       88.4 
100711  235629  47  42.1874 N  62  31.4934 W   2.0        2.2        2.2       10.7       88.4 
100711  235630  47  42.1870 N  62  31.4927 W   2.0        2.2        2.2       10.7       88.4 
100711  235631  47  42.1867 N  62  31.4922 W   2.0        2.2        2.2       10.7       88.4 
100711  235632  47  42.1863 N  62  31.4916 W   2.0        2.2        2.2       10.8*      88.4 
100711  235633  47  42.1859 N  62  31.4911 W   2.0        2.2        2.2       10.8       85.3*
100711  235634  47  42.1855 N  62  31.4904 W   2.0        2.2        2.2       10.8       85.3 
100711  235635  47  42.1851 N  62  31.4897 W   2.0        2.2        2.2       10.8       85.3 
100711  235636  47  42.1848 N  62  31.4892 W   2.0        2.2        2.2       10.8       85.3 
100711  235637  47  42.1844 N  62  31.4885 W   2.0        2.2*       2.2       10.8       85.3 
100711  235638  47  42.1841 N  62  31.4879 W   2.0        2.2        2.2       11.5*      89.3*
100711  235639  47  42.1837 N  62  31.4873 W   2.0        2.2        2.2       11.5       89.3 
100711  235640  47  42.1834 N  62  31.4868 W   2.0        2.2        2.2       11.5       89.3 
100711  235641  47  42.1830 N  62  31.4861 W   2.0        2.2        2.2       11.5       89.3 
100711  235642  47  42.1827 N  62  31.4855 W   2.0        2.2        2.2       11.5       89.3 
100711  235643  47  42.1823 N  62  31.4849 W   2.0        2.2        2.2       12.0*      86.2*
100711  235644  47  42.1820 N  62  31.4843 W   2.0        2.2        2.2       12.0       86.2 
100711  235645  47  42.1816 N  62  31.4836 W   2.0        2.2        2.2       12.0       86.2 
100711  235646  47  42.1813 N  62  31.4829 W   2.0        2.2        2.2       12.0       86.2 
100711  235647  47  42.1809 N  62  31.4824 W   2.0        2.2        2.2       12.0       86.2 
100711  235648  47  42.1805 N  62  31.4817 W   2.0        2.2        2.2       11.6*      86.2 
100711  235649  47  42.1802 N  62  31.4810 W   2.0        2.2        2.2       11.6       89.3*
100711  235650  47  42.1798 N  62  31.4803 W   2.0        2.2*       2.2       11.6       89.3 
100711  235651  47  42.1795 N  62  31.4798 W   2.0        2.2        2.2       11.6       89.3 
100711  235652  47  42.1791 N  62  31.4793 W   2.0        2.2        2.2       11.6       89.3 
100711  235653  47  42.1787 N  62  31.4786 W   2.0        2.2        2.2       11.6       89.3 
100711  235654  47  42.1783 N  62  31.4779 W   2.0        2.2        2.2       10.9*      87.1*
100711  235655  47  42.1779 N  62  31.4772 W   2.0        2.2        2.2       10.9       87.1 
100711  235656  47  42.1775 N  62  31.4765 W   2.0        2.2        2.2       10.9       87.1 
100711  235657  47  42.1771 N  62  31.4759 W   2.0        2.2        2.2       10.9       87.1 
100711  235658  47  42.1768 N  62  31.4752 W   2.0        2.2        2.2       10.9       87.1 
100711  235659  47  42.1764 N  62  31.4746 W   2.0        2.2        2.2       10.7*      87.1 
100711  235700  47  42.1761 N  62  31.4741 W   2.0        2.2        2.2       10.7       86.2*
100711  235701  47  42.1757 N  62  31.4734 W   2.0        2.2        2.2       10.7       86.2 
100711  235702  47  42.1753 N  62  31.4728 W   2.0        2.2        2.2       10.7       86.2 
100711  235703  47  42.1750 N  62  31.4722 W   2.0        2.1*       2.2       10.7       86.2 
100711  235704  47  42.1746 N  62  31.4715 W   2.0        2.1        2.2       10.8*      86.2 
100711  235705  47  42.1742 N  62  31.4709 W   2.0        2.1        2.2       10.8       90.2*
100711  235706  47  42.1738 N  62  31.4703 W   2.0        2.1        2.2       10.8       90.2 
100711  235707  47  42.1735 N  62  31.4697 W   2.0        2.1        2.2       10.8       90.2 
100711  235708  47  42.1731 N  62  31.4690 W   2.0        2.1        2.2       10.8       90.2 
100711  235709  47  42.1727 N  62  31.4683 W   2.0        2.1        2.2       11.1*      90.2 
100711  235710  47  42.1723 N  62  31.4676 W   2.0        2.1        2.2       11.1       90.2 
100711  235711  47  42.1719 N  62  31.4671 W   2.0        2.1        2.2       11.1       92.8*
100711  235712  47  42.1716 N  62  31.4665 W   2.0        2.1        2.2       11.1       92.8 
100711  235713  47  42.1712 N  62  31.4657 W   2.0        2.1        2.2       11.1       92.8 
100711  235714  47  42.1708 N  62  31.4651 W   2.0        2.1        2.2       11.1       92.8 
100711  235715  47  42.1705 N  62  31.4644 W   2.0        2.1        2.2       12.0*      92.8 
100711  235716  47  42.1701 N  62  31.4638 W   2.0        2.2*       2.2       12.0       82.3*
100711  235717  47  42.1697 N  62  31.4633 W   2.0        2.2        2.2       12.0       82.3 
100711  235718  47  42.1693 N  62  31.4627 W   2.0        2.2        2.2       12.0       82.3 
100711  235719  47  42.1689 N  62  31.4621 W   2.0        2.2        2.2       12.0       82.3 
100711  235720  47  42.1685 N  62  31.4614 W   2.0        2.2        2.2       11.3*      82.3 
100711  235721  47  42.1681 N  62  31.4606 W   2.0        2.2        2.2       11.3       82.3 
100711  235722  47  42.1677 N  62  31.4600 W   2.0        2.2        2.2       11.3       82.3 
100711  235723  47  42.1673 N  62  31.4594 W   2.0        2.2        2.2       11.3       82.3 
100711  235724  47  42.1670 N  62  31.4589 W   2.0        2.2        2.2       11.3       82.3 
100711  235725  47  42.1667 N  62  31.4582 W   2.0        2.2        2.2       11.6*      82.3 
100711  235726  47  42.1663 N  62  31.4578 W   2.0        2.2        2.2       11.6       82.3 
100711  235727  47  42.1660 N  62  31.4571 W   2.0        2.2        2.2       11.6      208.5*
100711  235728  47  42.1656 N  62  31.4565 W   2.0        2.2        2.2       11.6      208.5 
100711  235729  47  42.1652 N  62  31.4558 W   2.0        2.2        2.2       11.6      208.5 
100711  235730  47  42.1649 N  62  31.4552 W   2.0        2.2        2.2       11.6      208.5 
100711  235731  47  42.1645 N  62  31.4546 W   2.0        2.2        2.2       11.6*     208.5 
100711  235732  47  42.1642 N  62  31.4539 W   2.0        2.2        2.2       11.6       88.4*
100711  235733  47  42.1638 N  62  31.4532 W   2.0        2.2        2.2       11.6       88.4 
100711  235734  47  42.1635 N  62  31.4528 W   2.0        2.2        2.2       11.6       88.4 
100711  235735  47  42.1630 N  62  31.4521 W   2.0        2.2        2.2       11.6       88.4 
100711  235736  47  42.1626 N  62  31.4515 W   2.0        2.2        2.2       10.3*      88.4 
100711  235737  47  42.1623 N  62  31.4509 W   2.0        2.2        2.2       10.3       86.2*
100711  235738  47  42.1620 N  62  31.4503 W   2.0        2.2        2.2       10.3       86.2 
100711  235739  47  42.1616 N  62  31.4496 W   2.0        2.2        2.2       10.3       86.2 
100711  235740  47  42.1612 N  62  31.4490 W   2.0        2.2        2.2       10.3       86.2 
100711  235741  47  42.1607 N  62  31.4483 W   2.0        2.2        2.2       11.0*      86.2 
100711  235742  47  42.1602 N  62  31.4477 W   2.0        2.2        2.2       11.0       86.2 
100711  235743  47  42.1598 N  62  31.4471 W   2.0        2.2        2.2       11.0       89.3*
100711  235744  47  42.1593 N  62  31.4464 W   2.0        2.2        2.2       11.0       89.3 
100711  235745  47  42.1590 N  62  31.4459 W   2.0        2.2        2.2       11.0       89.3 
100711  235746  47  42.1587 N  62  31.4453 W   2.0        2.2        2.2       11.0       89.3 
100711  235747  47  42.1583 N  62  31.4447 W   2.0        2.2        2.2       11.1*      89.3 
100711  235748  47  42.1580 N  62  31.4441 W   2.0        2.2        2.2       11.1       87.5*
100711  235749  47  42.1575 N  62  31.4435 W   2.0        2.2        2.2       11.1       87.5 
100711  235750  47  42.1571 N  62  31.4429 W   2.0        2.2        2.2       11.1       87.5 
100711  235751  47  42.1566 N  62  31.4423 W   2.0        2.2        2.2       11.1       87.5 
100711  235752  47  42.1563 N  62  31.4417 W   2.0        2.2        2.2       11.2*      87.5 
100711  235753  47  42.1559 N  62  31.4410 W   2.0        2.2        2.2       11.2       87.5 
100711  235754  47  42.1555 N  62  31.4404 W   2.0        2.2        2.2       11.2       88.4*
100711  235755  47  42.1552 N  62  31.4398 W   2.0        2.2*       2.2       11.2       88.4 
100711  235756  47  42.1548 N  62  31.4392 W   2.0        2.2        2.2       11.2       88.4 
100711  235757  47  42.1544 N  62  31.4386 W   2.0        2.2        2.2       11.6*      88.4 
100711  235758  47  42.1541 N  62  31.4380 W   2.0        2.2        2.2       11.6       88.4 
100711  235759  47  42.1537 N  62  31.4374 W   2.0        2.2        2.2       11.6       88.4*
100711  235800  47  42.1533 N  62  31.4368 W   2.0        2.2        2.2       11.6       88.4 
100711  235801  47  42.1529 N  62  31.4362 W   2.0        2.2        2.2       11.6       88.4 
100711  235802  47  42.1525 N  62  31.4355 W   2.0        2.2        2.2       11.6       88.4 
100711  235803  47  42.1522 N  62  31.4347 W   2.0        2.2        2.2       11.4*      88.4 
100711  235804  47  42.1518 N  62  31.4341 W   2.0        2.2        2.2       11.4       88.4 
100711  235805  47  42.1515 N  62  31.4334 W   2.0        2.2        2.2       11.4       85.8*
100711  235806  47  42.1510 N  62  31.4327 W   2.0        2.2        2.2       11.4       85.8 
100711  235807  47  42.1506 N  62  31.4321 W   2.0        2.2        4.4*      11.4       85.8 
100711  235808  47  42.1501 N  62  31.4314 W   2.0        2.2        4.4       11.1*      85.8 
100711  235809  47  42.1498 N  62  31.4307 W   2.0        2.2        4.4       11.1       85.8 
100711  235810  47  42.1494 N  62  31.4301 W   2.0        2.2        4.4       11.1       89.3*
100711  235811  47  42.1490 N  62  31.4295 W   2.0        2.2        4.4       11.1       89.3 
100711  235812  47  42.1486 N  62  31.4287 W   2.0        2.2        4.4       11.1       89.3 
100711  235813  47  42.1483 N  62  31.4281 W   2.0        2.2        4.4       10.4*      89.3 
100711  235814  47  42.1478 N  62  31.4275 W   2.0        2.2       10.9*      10.4       89.3 
100711  235815  47  42.1474 N  62  31.4268 W   2.0        2.2       10.9       10.4       87.5*
100711  235816  47  42.1470 N  62  31.4261 W   2.0        2.2       10.9       10.4       87.5 
100711  235817  47  42.1465 N  62  31.4255 W   2.0        2.2       10.9       10.4       87.5 
100711  235818  47  42.1463 N  62  31.4250 W   2.0        2.2       10.9       10.4       87.5 
100711  235819  47  42.1459 N  62  31.4243 W   2.0        2.2       10.9       10.4*      87.5 
100711  235820  47  42.1454 N  62  31.4236 W   2.0        2.2       10.9       10.4       87.5 
100711  235821  47  42.1450 N  62  31.4229 W   2.0        2.1*      10.9       10.4       86.7*
100711  235822  47  42.1445 N  62  31.4223 W   2.0        2.1       10.9       10.4       86.7 
100711  235823  47  42.1441 N  62  31.4217 W   2.0        2.1       10.9       10.4       86.7 
100711  235824  47  42.1437 N  62  31.4210 W   2.0        2.1       10.9       10.6*      86.7 
100711  235825  47  42.1433 N  62  31.4204 W   2.0        2.1       10.9       10.6       86.7 
100711  235826  47  42.1428 N  62  31.4198 W   2.0        2.1       10.9       10.6       87.1*
100711  235827  47  42.1425 N  62  31.4191 W   2.0        2.1       10.9       10.6       87.1 
100711  235828  47  42.1420 N  62  31.4185 W   2.0        2.1       10.9       10.6       87.1 
100711  235829  47  42.1416 N  62  31.4178 W   2.0        2.1       10.9       10.8*      87.1 
100711  235830  47  42.1412 N  62  31.4171 W   2.0        2.1       10.9       10.8       87.1 
100711  235831  47  42.1407 N  62  31.4164 W   2.0        2.1       10.9       10.8       87.1 
100711  235832  47  42.1403 N  62  31.4157 W   2.0        2.1       10.9       10.8       88.9*
100711  235833  47  42.1399 N  62  31.4150 W   2.0        2.1       10.9       10.8       88.9 
100711  235834  47  42.1395 N  62  31.4144 W   2.0        2.1*      10.9       10.8       88.9 
100711  235835  47  42.1391 N  62  31.4137 W   2.0        2.1       10.9       10.8       88.9 
100711  235836  47  42.1387 N  62  31.4133 W   2.0        2.1       10.9       10.8       88.9 
100711  235837  47  42.1383 N  62  31.4126 W   2.0        2.1       10.9       10.8       88.4*
100711  235838  47  42.1379 N  62  31.4120 W   2.0        2.1       10.9       10.8       88.4 
100711  235839  47  42.1375 N  62  31.4115 W   2.0        2.1       10.9       39.5*      88.4 
100711  235840  47  42.1371 N  62  31.4109 W   2.0        2.1       10.9       39.5       88.4 
100711  235841  47  42.1367 N  62  31.4102 W   2.0        2.1       10.9       39.5       88.4 
100711  235842  47  42.1363 N  62  31.4095 W   2.0        2.1       10.9       39.5       86.7*
100711  235843  47  42.1359 N  62  31.4088 W   2.0        2.1       10.9       39.5       86.7 
100711  235844  47  42.1355 N  62  31.4082 W   2.0        2.1       10.9       39.5       86.7 
100711  235845  47  42.1352 N  62  31.4076 W   2.0        2.1       10.9       63.7*      86.7 
100711  235846  47  42.1348 N  62  31.4069 W   2.0        2.1       10.9       63.7       86.7 
100711  235847  47  42.1344 N  62  31.4062 W   2.0        2.3*      10.9       63.7       86.7 
100711  235848  47  42.1340 N  62  31.4055 W   2.0        2.3       10.9       63.7       88.4*
100711  235849  47  42.1336 N  62  31.4049 W   2.0        2.3       10.9       63.7       88.4 
100711  235850  47  42.1333 N  62  31.4042 W   2.0        2.3       10.9       63.7       88.4 
100711  235851  47  42.1329 N  62  31.4036 W   2.0        2.3       10.9       11.2*      88.4 
100711  235852  47  42.1325 N  62  31.4029 W   2.0        2.3       10.9       11.2       88.4 
100711  235853  47  42.1321 N  62  31.4022 W   2.0        2.3       10.9       11.2       88.9*
100711  235854  47  42.1318 N  62  31.4016 W   2.0        2.3       10.9       11.2       88.9 
100711  235855  47  42.1314 N  62  31.4009 W   2.0        2.3       10.9       11.2       88.9 
100711  235856  47  42.1310 N  62  31.4003 W   2.0        2.3       10.9       10.7*      88.9 
100711  235857  47  42.1307 N  62  31.3997 W   2.0        2.3       10.9       10.7       88.9 
100711  235858  47  42.1303 N  62  31.3991 W   2.0        2.3       10.9       10.7       88.9 
100711  235859  47  42.1300 N  62  31.3984 W   2.0        2.3       10.9       10.7       85.8*
100711  235900  47  42.1296 N  62  31.3978 W   2.0        2.1*      10.9       10.7       85.8 
100711  235901  47  42.1292 N  62  31.3972 W   2.0        2.1       10.9       11.4*      85.8 
100711  235902  47  42.1289 N  62  31.3966 W   2.0        2.1       10.9       11.4       85.8 
100711  235903  47  42.1285 N  62  31.3960 W   2.0        2.1       10.9       11.4       85.8 
100711  235904  47  42.1282 N  62  31.3954 W   2.0        2.1       10.9       11.4       88.9*
100711  235905  47  42.1279 N  62  31.3949 W   2.0        2.1       10.9       11.4       88.9 
100711  235906  47  42.1275 N  62  31.3943 W   2.0        2.1       10.9       11.8*      88.9 
100711  235907  47  42.1272 N  62  31.3936 W   2.0        2.1       10.9       11.8       88.9 
100711  235908  47  42.1268 N  62  31.3929 W   2.0        2.1       10.9       11.8       88.9 
100711  235909  47  42.1264 N  62  31.3923 W   2.0        2.1       10.9       11.8       87.5*
100711  235910  47  42.1260 N  62  31.3916 W   2.0        2.1       10.9       11.8       87.5 
100711  235911  47  42.1256 N  62  31.3909 W   2.0        2.1       10.9       11.8       87.5 
100711  235912  47  42.1253 N  62  31.3903 W   2.0        2.1       10.9       11.5*      87.5 
100711  235913  47  42.1250 N  62  31.3896 W   2.0        2.1*      10.9       11.5       87.5 
100711  235914  47  42.1246 N  62  31.3889 W   2.0        2.1       10.9       11.5       87.5 
100711  235915  47  42.1243 N  62  31.3886 W   2.0        2.1       10.9       11.5       89.7*
100711  235916  47  42.1240 N  62  31.3880 W   2.0        2.1       10.9       11.5       89.7 
100711  235917  47  42.1236 N  62  31.3874 W   2.0        2.1       10.9       23.0*      89.7 
100711  235918  47  42.1233 N  62  31.3869 W   1.9        2.1       10.9       23.0       89.7 
100711  235919  47  42.1231 N  62  31.3863 W   1.9        2.1        3.2*      23.0       89.7 
100711  235920  47  42.1228 N  62  31.3857 W   1.8        2.1        3.2       23.0      104.7*
100711  235921  47  42.1226 N  62  31.3852 W   1.8        2.1        3.2       23.0      104.7 
100711  235922  47  42.1225 N  62  31.3846 W   1.7        2.1        3.2       23.0      104.7 
100711  235923  47  42.1223 N  62  31.3842 W   1.6        2.1        3.2        6.8*     104.7 
100711  235924  47  42.1223 N  62  31.3838 W   1.5        2.1        3.2        6.8      104.7 
100711  235925  47  42.1222 N  62  31.3835 W   1.5        2.1        3.2        6.8      104.7 
100711  235926  47  42.1222 N  62  31.3832 W   1.4        2.1        3.2        6.8      104.7 
100711  235927  47  42.1221 N  62  31.3828 W   1.3        2.1        3.2        6.8      104.7 
100711  235928  47  42.1221 N  62  31.3825 W   1.3        2.1        3.2        6.8      104.7 
100711  235929  47  42.1220 N  62  31.3822 W   1.2        2.1        3.2        6.8      104.7 
100711  235930  47  42.1220 N  62  31.3819 W   1.1        2.1        3.2        6.8      104.7 
100711  235931  47  42.1220 N  62  31.3816 W   1.1        2.1        3.2        6.8      104.7 
100711  235932  47  42.1220 N  62  31.3813 W   1.0        2.1        3.2        6.8      104.7 
100711  235933  47  42.1221 N  62  31.3810 W   0.9        2.1        3.2       74.0*     104.7 
100711  235934  47  42.1220 N  62  31.3808 W   0.9        2.1        3.2       74.0      104.7 
100711  235935  47  42.1220 N  62  31.3805 W   0.8        2.1        3.2       74.0      104.7 
100711  235936  47  42.1220 N  62  31.3803 W   0.8        2.1        3.2       74.0       89.7*
100711  235937  47  42.1221 N  62  31.3801 W   0.7        2.1        3.2       74.0       89.7 
100711  235938  47  42.1221 N  62  31.3799 W   0.7        2.1        3.2        6.5*      89.7 
100711  235939  47  42.1222 N  62  31.3797 W   0.7        2.1        3.2        6.5       89.7 
100711  235940  47  42.1222 N  62  31.3795 W   0.6        2.1        3.2        6.5       89.7 
100711  235941  47  42.1222 N  62  31.3793 W   0.6        2.1        3.2        6.5       89.7 
100711  235942  47  42.1223 N  62  31.3792 W   0.6        2.1        3.2        6.5      128.0*
100711  235943  47  42.1224 N  62  31.3791 W   0.5        2.1        3.2        6.5      128.0 
100711  235944  47  42.1225 N  62  31.3789 W   0.5        2.1        3.2        7.1*     128.0 
100711  235945  47  42.1225 N  62  31.3788 W   0.5        2.1        3.2        7.1      128.0 
100711  235946  47  42.1226 N  62  31.3786 W   0.5        2.1        3.2        7.1      128.0 
100711  235947  47  42.1227 N  62  31.3784 W   0.5        2.1        3.2        7.1       41.8*
100711  235948  47  42.1228 N  62  31.3783 W   0.5        2.1        3.2        7.1       41.8 
100711  235949  47  42.1228 N  62  31.3781 W   0.5        2.1        3.2        8.3*      41.8 
100711  235950  47  42.1229 N  62  31.3780 W   0.4        2.1        3.2        8.3       41.8 
100711  235951  47  42.1230 N  62  31.3778 W   0.4        2.1        3.2        8.3       41.8 
100711  235952  47  42.1230 N  62  31.3777 W   0.4        2.1        3.2        8.3       41.8 
100711  235953  47  42.1231 N  62  31.3776 W   0.4        2.1        3.2        8.3      117.0*
100711  235954  47  42.1232 N  62  31.3775 W   0.4        2.1        3.2        7.0*     117.0 
100711  235955  47  42.1233 N  62  31.3774 W   0.4        2.1        3.2        7.0      117.0 
100711  235956  47  42.1234 N  62  31.3773 W   0.4        2.1        3.2        7.0      117.0 
100711  235957  47  42.1235 N  62  31.3772 W   0.4        2.1        3.2        7.0      117.0 
100711  235958  47  42.1235 N  62  31.3770 W   0.4        2.1        3.2        7.0      117.0 
100711  235959  47  42.1236 N  62  31.3770 W   0.4        2.1        3.2        4.3*     117.0 
100712  000000  47  42.1236 N  62  31.3769 W   0.4        2.1        3.2        4.3      117.0 
100712  000001  47  42.1237 N  62  31.3769 W   0.4        2.1        3.2        4.3      117.0 
100712  000002  47  42.1237 N  62  31.3768 W   0.4        2.1        3.2        4.3      117.0 
100712  000003  47  42.1238 N  62  31.3767 W   0.4        2.1        3.2        4.3      117.0 
100712  000004  47  42.1239 N  62  31.3766 W   0.4        2.1        3.2        4.3      117.0 
100712  000005  47  42.1240 N  62  31.3766 W   0.4        2.2*       3.2        3.8*     117.0 
100712  000006  47  42.1240 N  62  31.3765 W   0.4        2.2        3.2        3.8      117.0 
100712  000007  47  42.1241 N  62  31.3764 W   0.4        2.2        3.2        3.8      117.0 
100712  000008  47  42.1242 N  62  31.3761 W   0.4        2.2        3.2        3.8      117.0 
100712  000009  47  42.1243 N  62  31.3760 W   0.4        2.2        3.2        3.8      117.0 
100712  000010  47  42.1244 N  62  31.3760 W   0.4        2.2        3.2        2.1*     117.0 
100712  000011  47  42.1245 N  62  31.3762 W   0.4        2.2        3.2        2.1      117.0 
100712  000012  47  42.1246 N  62  31.3761 W   0.4        2.2        3.2        2.1      117.0 
100712  000013  47  42.1246 N  62  31.3760 W   0.4        2.2        3.2        2.1      117.0 
100712  000014  47  42.1247 N  62  31.3759 W   0.4        2.2        3.2        2.1      117.0 
100712  000015  47  42.1248 N  62  31.3758 W   0.4        2.2        3.2       10.7*     117.0 
100712  000016  47  42.1249 N  62  31.3757 W   0.4        2.2        3.2       10.7      117.0 
100712  000017  47  42.1249 N  62  31.3755 W   0.4        2.2        3.2       10.7      117.0 
100712  000018  47  42.1250 N  62  31.3754 W   0.4        2.2        3.2       10.7      117.0 
100712  000019  47  42.1251 N  62  31.3753 W   0.4        2.2        3.2       10.7      117.0 
100712  000020  47  42.1251 N  62  31.3752 W   0.4        2.2        3.2        7.0*      79.2*
100712  000021  47  42.1252 N  62  31.3750 W   0.4        2.2        3.2        7.0       79.2 
100712  000022  47  42.1253 N  62  31.3749 W   0.4        2.2        3.2        7.0       79.2 
100712  000023  47  42.1254 N  62  31.3748 W   0.4        2.2        3.2        7.0       79.2 
100712  000024  47  42.1254 N  62  31.3748 W   0.4        2.2        3.2        7.0       79.2 
100712  000025  47  42.1255 N  62  31.3747 W   0.4        2.2        3.2        7.0      101.6*
100712  000026  47  42.1256 N  62  31.3746 W   0.4        2.2        3.2        0.2*     101.6 
100712  000027  47  42.1258 N  62  31.3745 W   0.4        2.2        3.2        0.2      101.6 
100712  000028  47  42.1259 N  62  31.3744 W   0.4        2.2        3.2        0.2      101.6 
100712  000029  47  42.1259 N  62  31.3744 W   0.4        2.2        3.2        0.2      101.6 
100712  000030  47  42.1260 N  62  31.3743 W   0.4        2.2        3.2        0.2      101.6 
100712  000031  47  42.1261 N  62  31.3742 W   0.4        2.2        3.2        5.4*     101.6 
100712  000032  47  42.1262 N  62  31.3741 W   0.4        2.2        3.2        5.4      101.6 
100712  000033  47  42.1263 N  62  31.3740 W   0.4        2.2        3.2        5.4      101.6 
100712  000034  47  42.1264 N  62  31.3738 W   0.4        2.2        3.2        5.4      101.6 
100712  000035  47  42.1265 N  62  31.3737 W   0.4        2.2        3.2        5.4      101.6 
100712  000036  47  42.1265 N  62  31.3737 W   0.4        2.2        3.2       10.4*     101.6 
100712  000037  47  42.1266 N  62  31.3735 W   0.4        2.2        3.2       10.4      101.6 
100712  000038  47  42.1267 N  62  31.3734 W   0.4        2.2        3.2       10.4      101.6 
100712  000039  47  42.1267 N  62  31.3733 W   0.4        2.2        3.2       10.4      101.6 
100712  000040  47  42.1268 N  62  31.3733 W   0.4        2.2        3.2       10.4      101.6 
100712  000041  47  42.1269 N  62  31.3732 W   0.4        2.2        3.2        5.2*     101.6 
100712  000042  47  42.1269 N  62  31.3731 W   0.3        2.2        3.2        5.2      101.6 
100712  000043  47  42.1270 N  62  31.3730 W   0.3        2.2        3.2        5.2      101.6 
100712  000044  47  42.1271 N  62  31.3729 W   0.3        2.3*       3.2        5.2      101.6 
100712  000045  47  42.1271 N  62  31.3728 W   0.3        2.3        3.2        5.2      101.6 
100712  000046  47  42.1272 N  62  31.3726 W   0.4        2.3        3.2        5.2      101.6 
100712  000047  47  42.1272 N  62  31.3725 W   0.4        2.3        3.2        5.2      101.6 
100712  000048  47  42.1273 N  62  31.3724 W   0.3        2.3        3.2        5.2      101.6 
100712  000049  47  42.1273 N  62  31.3723 W   0.3        2.3        3.2        5.2      101.6 
100712  000050  47  42.1274 N  62  31.3722 W   0.3        2.3        2.2*       5.2      101.6 
100712  000051  47  42.1275 N  62  31.3721 W   0.4        2.3        2.2        5.2      101.6 
100712  000052  47  42.1275 N  62  31.3720 W   0.3        2.3        2.2        5.2      101.6 
100712  000053  47  42.1275 N  62  31.3719 W   0.3        2.3        2.2        5.2      101.6 
100712  000054  47  42.1276 N  62  31.3717 W   0.3        2.3        2.2        5.2      101.6 
100712  000055  47  42.1276 N  62  31.3716 W   0.3        2.3        2.2        5.2      101.6 
100712  000056  47  42.1276 N  62  31.3715 W   0.3        2.3        2.2        5.2      101.6 
100712  000057  47  42.1276 N  62  31.3714 W   0.3        2.3       13.0*       6.4*     435.9*
100712  000058  47  42.1277 N  62  31.3713 W   0.3        2.3       13.0        6.4      435.9 
100712  000059  47  42.1277 N  62  31.3712 W   0.3        2.3       13.0        6.4      435.9 
100712  000100  47  42.1277 N  62  31.3711 W   0.3        2.3       13.0        6.4      435.9 
100712  000101  47  42.1277 N  62  31.3710 W   0.3        2.3       13.0        6.4      435.9 
100712  000102  47  42.1277 N  62  31.3708 W   0.3        2.3       13.0       13.7*     435.9 
100712  000103  47  42.1277 N  62  31.3707 W   0.3        2.3       13.0       13.7       26.4*
100712  000104  47  42.1277 N  62  31.3706 W   0.3        2.3       13.0       13.7       26.4 
100712  000105  47  42.1277 N  62  31.3705 W   0.3        2.3       13.0       13.7       26.4 
100712  000106  47  42.1277 N  62  31.3704 W   0.3        2.3       13.0       13.7       26.4 
100712  000107  47  42.1277 N  62  31.3703 W   0.3        2.3       13.0        0.1*      26.4 
100712  000108  47  42.1277 N  62  31.3701 W   0.3        2.3       13.0        0.1       69.5*
100712  000109  47  42.1277 N  62  31.3701 W   0.3        2.3       13.0        0.1       69.5 
100712  000110  47  42.1277 N  62  31.3699 W   0.3        2.3       13.0        0.1       69.5 
100712  000111  47  42.1277 N  62  31.3698 W   0.3        2.3       13.0        0.1       69.5 
100712  000112  47  42.1277 N  62  31.3696 W   0.3        2.3       13.0        0.1       69.5 
100712  000113  47  42.1277 N  62  31.3694 W   0.3        2.3       13.0        1.6*      54.5*
100712  000114  47  42.1277 N  62  31.3694 W   0.3        2.3       13.0        1.6       54.5 
100712  000115  47  42.1277 N  62  31.3692 W   0.3        2.3       13.0        1.6       54.5 
100712  000116  47  42.1277 N  62  31.3690 W   0.3        2.3       13.0        1.6       54.5 
100712  000117  47  42.1277 N  62  31.3689 W   0.3        2.3       13.0        1.6       54.5 
100712  000118  47  42.1277 N  62  31.3687 W   0.3        2.3       13.0        4.9*      54.5 
100712  000119  47  42.1277 N  62  31.3686 W   0.3        2.3       13.0        4.9       57.6*
100712  000120  47  42.1277 N  62  31.3684 W   0.3        2.3       13.0        4.9       57.6 
100712  000121  47  42.1277 N  62  31.3683 W   0.3        2.3       13.0        4.9       57.6 
100712  000122  47  42.1277 N  62  31.3681 W   0.3        2.3       13.0        4.9       57.6 
100712  000123  47  42.1277 N  62  31.3680 W   0.3        2.3       13.0        4.2*      57.6 
100712  000124  47  42.1277 N  62  31.3678 W   0.4        2.3       13.0        4.2      103.4*
100712  000125  47  42.1276 N  62  31.3676 W   0.4        2.3       13.0        4.2      103.4 
100712  000126  47  42.1277 N  62  31.3675 W   0.4        2.3       13.0        4.2      103.4 
100712  000127  47  42.1277 N  62  31.3673 W   0.4        2.3       13.0        4.2      103.4 
100712  000128  47  42.1277 N  62  31.3671 W   0.4        2.3        2.3*       4.2      103.4 
100712  000129  47  42.1276 N  62  31.3669 W   0.4        2.3        2.3        4.2        6.2*
100712  000130  47  42.1276 N  62  31.3668 W   0.3        2.3        2.3        4.2        6.2 
100712  000131  47  42.1276 N  62  31.3667 W   0.4        2.3        2.3        4.2        6.2 
100712  000132  47  42.1276 N  62  31.3664 W   0.4        2.3        2.3        4.2        6.2 
100712  000133  47  42.1275 N  62  31.3662 W   0.4        2.3        2.3        4.2        6.2 
100712  000134  47  42.1275 N  62  31.3660 W   0.4        2.3        2.3        4.2        6.2 
