FileName: C:\TESTNE~1\G325F.TXT
Local Time: Sat Jul 10 13:36:41 2010

Ship: July 10, 2010 Trip: GP325F Tow: 9
Comments: Zone E sud est des grenades sous marines
 Date    Time     Latitude       Longitude    Speed    Primary  Secondary DoorSpread      Depth 
100710  163643  48   8.8437 N  61  39.5487 W   5.9        6.1*      11.7*      82.9*     124.0*
100710  163644  48   8.8438 N  61  39.5460 W   6.0        6.1       11.7       82.9      124.0 
100710  163645  48   8.8438 N  61  39.5433 W   6.1        6.1       11.7       82.9      124.0 
100710  163646  48   8.8436 N  61  39.5407 W   6.2        6.1       11.7       82.9      124.0 
100710  163647  48   8.8435 N  61  39.5380 W   6.2        6.1       11.7       82.9      124.0 
100710  163648  48   8.8433 N  61  39.5354 W   6.2        6.1       11.7       82.9      124.0 
100710  163649  48   8.8432 N  61  39.5327 W   6.3        6.1       11.7       82.9      124.0 
100710  163650  48   8.8431 N  61  39.5299 W   6.4        6.1       11.7       82.9      124.0 
100710  163651  48   8.8431 N  61  39.5273 W   6.3        6.1       11.7       82.9      124.0 
100710  163652  48   8.8431 N  61  39.5246 W   6.3        6.1       11.7       82.9      124.0 
100710  163653  48   8.8431 N  61  39.5219 W   6.4        6.1       11.7       82.9      124.0 
100710  163654  48   8.8430 N  61  39.5192 W   6.4        6.1       11.7       82.9      124.0 
100710  163655  48   8.8429 N  61  39.5167 W   6.3        6.1       11.7       82.9      124.0 
100710  163656  48   8.8428 N  61  39.5141 W   6.3        6.1       11.7       82.9      124.0 
100710  163657  48   8.8428 N  61  39.5114 W   6.4        6.1       11.7       82.9      124.0 
100710  163658  48   8.8428 N  61  39.5088 W   6.3        6.1       11.7       82.9      124.0 
100710  163659  48   8.8428 N  61  39.5063 W   6.3        6.1       11.7       82.9      124.0 
100710  163700  48   8.8427 N  61  39.5037 W   6.3        6.1       11.7       82.9      124.0 
100710  163701  48   8.8425 N  61  39.5013 W   6.2        6.1       11.7       82.9      124.0 
100710  163702  48   8.8424 N  61  39.4991 W   6.0        6.1       11.7       82.9      124.0 
100710  163703  48   8.8424 N  61  39.4969 W   5.9        6.1       11.7       82.9      124.0 
100710  163704  48   8.8423 N  61  39.4948 W   5.9        6.1       11.7       82.9      124.0 
100710  163705  48   8.8422 N  61  39.4928 W   5.7        6.1       11.7       82.9      124.0 
100710  163706  48   8.8421 N  61  39.4911 W   5.5        6.1       11.7       82.9      124.0 
100710  163707  48   8.8421 N  61  39.4893 W   5.4        6.1       11.7       82.9      124.0 
100710  163708  48   8.8420 N  61  39.4874 W   5.2        6.1       11.7       82.9      124.0 
100710  163709  48   8.8420 N  61  39.4857 W   5.1        6.1       11.7       82.9      124.0 
100710  163710  48   8.8420 N  61  39.4843 W   4.9        6.1       11.7       82.9      124.0 
100710  163711  48   8.8420 N  61  39.4828 W   4.7        3.5*      11.7       82.9      124.0 
100710  163712  48   8.8419 N  61  39.4811 W   4.6        3.5       11.7       82.9      124.0 
100710  163713  48   8.8419 N  61  39.4796 W   4.5        3.5       11.7       82.9      124.0 
100710  163714  48   8.8420 N  61  39.4784 W   4.2        3.5       11.7       82.9      124.0 
100710  163715  48   8.8421 N  61  39.4771 W   4.0        3.5       11.7       82.9      124.0 
100710  163716  48   8.8422 N  61  39.4756 W   4.0        3.5       11.7       82.9      124.0 
100710  163717  48   8.8422 N  61  39.4741 W   3.9        3.5       11.7       82.9      124.0 
100710  163718  48   8.8422 N  61  39.4729 W   3.8        3.5       11.7       82.9      124.0 
100710  163719  48   8.8423 N  61  39.4718 W   3.6        3.5       11.7       82.9      124.0 
100710  163720  48   8.8425 N  61  39.4703 W   3.5        3.5       11.7       82.9      124.0 
100710  163721  48   8.8426 N  61  39.4689 W   3.5        3.5       11.7       82.9      124.0 
100710  163722  48   8.8426 N  61  39.4678 W   3.4        3.5       11.7       82.9      124.0 
100710  163723  48   8.8426 N  61  39.4667 W   3.3        3.5       11.0*      82.9      124.0 
100710  163724  48   8.8427 N  61  39.4656 W   3.2        3.5       11.0        4.6*     124.0 
100710  163725  48   8.8428 N  61  39.4647 W   3.1        3.5       11.0        4.6      124.0 
100710  163726  48   8.8427 N  61  39.4636 W   3.0        3.5       11.0        4.6      124.0 
100710  163727  48   8.8426 N  61  39.4625 W   3.0        3.5       11.0        4.6      124.0 
100710  163728  48   8.8428 N  61  39.4614 W   3.0        3.5       11.0        4.6      124.0 
100710  163729  48   8.8431 N  61  39.4604 W   2.9        3.5       11.0        4.6        8.8*
100710  163730  48   8.8431 N  61  39.4594 W   2.8        3.5       11.0        4.6        8.8 
100710  163731  48   8.8430 N  61  39.4583 W   2.8        3.5       11.0        4.6        8.8 
100710  163732  48   8.8430 N  61  39.4572 W   2.8        3.5       11.0        4.6        8.8 
100710  163733  48   8.8432 N  61  39.4561 W   2.8        3.5       11.0        4.6        8.8 
100710  163734  48   8.8434 N  61  39.4552 W   2.7        3.5       11.0        4.6        8.8 
100710  163735  48   8.8435 N  61  39.4541 W   2.7        3.5       12.7*       4.6        8.8 
100710  163736  48   8.8436 N  61  39.4530 W   2.7        3.5       12.7        4.6        8.8 
100710  163737  48   8.8435 N  61  39.4521 W   2.6        3.5       12.7        4.6        8.8 
100710  163738  48   8.8436 N  61  39.4511 W   2.6        3.5       12.7        4.6        8.8 
100710  163739  48   8.8438 N  61  39.4501 W   2.6        3.5       12.7        4.6        8.8 
100710  163740  48   8.8440 N  61  39.4492 W   2.5        3.5       12.7        4.6        8.8 
100710  163741  48   8.8441 N  61  39.4483 W   2.5        3.5       12.7        4.6        8.8 
100710  163742  48   8.8441 N  61  39.4474 W   2.5        3.5       12.7        4.6        8.8 
100710  163743  48   8.8442 N  61  39.4464 W   2.5        3.5       12.7        4.6        8.8 
100710  163744  48   8.8444 N  61  39.4456 W   2.5        3.5       12.7        4.6        8.8 
100710  163745  48   8.8445 N  61  39.4445 W   2.5        3.5       12.7        6.5*       8.8 
100710  163746  48   8.8446 N  61  39.4434 W   2.6        3.5       12.7        6.5        8.8 
100710  163747  48   8.8447 N  61  39.4421 W   2.7        3.5       12.7        6.5        8.8 
100710  163748  48   8.8449 N  61  39.4407 W   2.8        3.5       12.7        6.5        8.8 
100710  163749  48   8.8449 N  61  39.4394 W   2.9        3.5       12.7        6.5        8.8 
100710  163750  48   8.8448 N  61  39.4380 W   3.0        3.5       12.7        6.5        8.8 
100710  163751  48   8.8448 N  61  39.4362 W   3.2        3.5       12.7        6.5        8.8 
100710  163752  48   8.8451 N  61  39.4342 W   3.5        3.5       12.7        6.5        8.8 
100710  163753  48   8.8452 N  61  39.4321 W   3.7        3.5       12.7        6.5        8.8 
100710  163754  48   8.8452 N  61  39.4299 W   3.9        3.5       12.7        6.5        8.8 
100710  163755  48   8.8450 N  61  39.4277 W   4.1        3.5       12.7        6.5        8.8 
100710  163756  48   8.8449 N  61  39.4254 W   4.3        3.5       12.7        6.5        8.8 
100710  163757  48   8.8449 N  61  39.4230 W   4.5        3.5       12.7        6.5        8.8 
100710  163758  48   8.8448 N  61  39.4205 W   4.7        3.5       12.7        6.5        8.8 
100710  163759  48   8.8448 N  61  39.4179 W   5.0        3.5       12.7        6.5        8.8 
100710  163800  48   8.8448 N  61  39.4151 W   5.2        3.5       12.7        6.5        8.8 
100710  163801  48   8.8448 N  61  39.4121 W   5.5        3.5       12.7        6.5        8.8 
100710  163802  48   8.8446 N  61  39.4093 W   5.6        3.5       12.7        6.5        8.8 
100710  163803  48   8.8444 N  61  39.4066 W   5.7        3.5       12.7        6.5        8.8 
100710  163804  48   8.8442 N  61  39.4038 W   5.9        3.5       12.7        6.5        8.8 
100710  163805  48   8.8440 N  61  39.4010 W   6.0        3.5       12.7        6.5        8.8 
100710  163806  48   8.8438 N  61  39.3981 W   6.1        3.5       12.7        6.5        8.8 
100710  163807  48   8.8438 N  61  39.3951 W   6.3        3.5       12.7        6.5        8.8 
100710  163808  48   8.8438 N  61  39.3919 W   6.5        3.5       12.7        6.5        8.8 
100710  163809  48   8.8435 N  61  39.3889 W   6.6        3.5       12.7        6.5        8.8 
100710  163810  48   8.8432 N  61  39.3861 W   6.6        3.5       12.7        6.5        8.8 
100710  163811  48   8.8428 N  61  39.3832 W   6.6        3.5       12.7        6.5        8.8 
100710  163812  48   8.8425 N  61  39.3804 W   6.7        3.5       12.7        6.5        8.8 
100710  163813  48   8.8423 N  61  39.3776 W   6.6        3.5       12.7        6.5        8.8 
100710  163814  48   8.8422 N  61  39.3748 W   6.7        3.5       12.7        6.5        8.8 
100710  163815  48   8.8421 N  61  39.3718 W   6.8        3.5       12.7        6.5        8.8 
100710  163816  48   8.8418 N  61  39.3689 W   6.8        3.5       12.7        6.5        8.8 
100710  163817  48   8.8415 N  61  39.3662 W   6.7        3.5       12.7        6.5        8.8 
100710  163818  48   8.8412 N  61  39.3635 W   6.7        3.5       12.7        6.5        8.8 
100710  163819  48   8.8409 N  61  39.3607 W   6.8        3.5       12.7        6.5        8.8 
100710  163820  48   8.8407 N  61  39.3578 W   6.8        3.5       12.7        6.5        8.8 
100710  163821  48   8.8406 N  61  39.3550 W   6.7        3.5       12.7        6.5        8.8 
100710  163822  48   8.8404 N  61  39.3522 W   6.7        3.5       12.7        6.5        8.8 
100710  163823  48   8.8401 N  61  39.3494 W   6.8        3.5       12.7        6.5        8.8 
100710  163824  48   8.8398 N  61  39.3467 W   6.7        3.5       12.7        6.5        8.8 
100710  163825  48   8.8395 N  61  39.3438 W   6.8        3.5       12.7        6.5        8.8 
100710  163826  48   8.8394 N  61  39.3408 W   6.8        3.5       12.7        6.5        8.8 
100710  163827  48   8.8392 N  61  39.3379 W   6.9        3.5       12.7        6.5        8.8 
100710  163828  48   8.8391 N  61  39.3349 W   6.9        3.5       12.7        6.5        8.8 
100710  163829  48   8.8389 N  61  39.3320 W   6.9        3.5       12.7        6.5        8.8 
100710  163830  48   8.8385 N  61  39.3291 W   6.9        3.5       12.7        6.5        8.8 
100710  163831  48   8.8382 N  61  39.3263 W   6.9        3.5       12.7        6.5        8.8 
100710  163832  48   8.8380 N  61  39.3235 W   6.8        3.5       12.7        6.5        8.8 
100710  163833  48   8.8378 N  61  39.3206 W   6.9        3.5       12.7        6.5        8.8 
100710  163834  48   8.8377 N  61  39.3174 W   7.0        3.5       12.7        6.5        8.8 
100710  163835  48   8.8374 N  61  39.3144 W   7.0        3.5       12.7        6.5        8.8 
100710  163836  48   8.8372 N  61  39.3114 W   7.0        3.5       12.7        6.5        8.8 
100710  163837  48   8.8369 N  61  39.3085 W   7.1        3.5       12.7        6.5        8.8 
100710  163838  48   8.8365 N  61  39.3054 W   7.1        3.5       12.7        6.5        8.8 
100710  163839  48   8.8362 N  61  39.3026 W   7.0        3.5       12.7        6.5        8.8 
100710  163840  48   8.8360 N  61  39.2998 W   7.0        3.5       12.7        6.5        8.8 
100710  163841  48   8.8358 N  61  39.2969 W   7.0        3.5       12.7        6.5        8.8 
100710  163842  48   8.8356 N  61  39.2940 W   7.0        3.5       12.7        6.5        8.8 
100710  163843  48   8.8353 N  61  39.2911 W   7.0        3.5       12.7        6.5        8.8 
100710  163844  48   8.8351 N  61  39.2881 W   7.0        3.5       12.7        6.5        8.8 
100710  163845  48   8.8349 N  61  39.2850 W   7.1        3.5       12.7        6.5        8.8 
100710  163846  48   8.8346 N  61  39.2820 W   7.1        3.5       12.7        6.5        8.8 
100710  163847  48   8.8341 N  61  39.2791 W   7.1        3.5       12.7        8.8*       8.8 
100710  163848  48   8.8338 N  61  39.2762 W   7.1        3.5       12.7        8.8        8.8 
100710  163849  48   8.8336 N  61  39.2732 W   7.1        3.5       12.7        8.8        8.8 
100710  163850  48   8.8334 N  61  39.2702 W   7.1        3.5       12.7        8.8        8.8 
100710  163851  48   8.8332 N  61  39.2673 W   7.1        3.5       12.7        8.8        8.8 
100710  163852  48   8.8329 N  61  39.2644 W   7.1        3.5       12.7        6.8*       8.8 
100710  163853  48   8.8326 N  61  39.2615 W   7.1        3.5       12.7        6.8        8.8 
100710  163854  48   8.8323 N  61  39.2585 W   7.1        3.5       12.7        6.8        8.8 
100710  163855  48   8.8319 N  61  39.2556 W   7.1        3.5       12.7        6.8        8.8 
100710  163856  48   8.8316 N  61  39.2527 W   7.1        3.5       12.7        6.8        8.8 
100710  163857  48   8.8312 N  61  39.2497 W   7.1        3.5       12.7        6.8        8.8 
100710  163858  48   8.8309 N  61  39.2467 W   7.1        3.5       12.7        6.8        8.8 
100710  163859  48   8.8305 N  61  39.2438 W   7.1        3.5       12.7        6.8        8.8 
100710  163900  48   8.8301 N  61  39.2410 W   7.1        3.5       12.7        6.8        8.8 
100710  163901  48   8.8297 N  61  39.2381 W   7.1        3.5       12.7        6.8        8.8 
100710  163902  48   8.8293 N  61  39.2352 W   7.1        3.5       12.7        6.8        8.8 
100710  163903  48   8.8289 N  61  39.2323 W   7.1        3.5       12.7        6.8        8.8 
100710  163904  48   8.8285 N  61  39.2294 W   7.1        3.5       12.7        6.8        8.8 
100710  163905  48   8.8281 N  61  39.2265 W   7.1        3.5       12.7        6.8        8.8 
100710  163906  48   8.8277 N  61  39.2235 W   7.1        3.5       12.7        6.8        8.8 
100710  163907  48   8.8273 N  61  39.2204 W   7.2        3.5       12.7        6.8        8.8 
100710  163908  48   8.8269 N  61  39.2174 W   7.2        3.5       12.7        6.8        8.8 
100710  163909  48   8.8265 N  61  39.2146 W   7.1        3.5       12.7        6.8        8.8 
100710  163910  48   8.8260 N  61  39.2118 W   7.1        3.5       12.7        6.8        8.8 
100710  163911  48   8.8254 N  61  39.2088 W   7.1        3.5       12.7        6.8        8.8 
100710  163912  48   8.8250 N  61  39.2059 W   7.1        3.5       12.7        6.8        8.8 
100710  163913  48   8.8247 N  61  39.2030 W   7.1        3.5       12.7      109.8*       8.8 
100710  163914  48   8.8243 N  61  39.1999 W   7.2        3.5       12.7      109.8        8.8 
100710  163915  48   8.8238 N  61  39.1969 W   7.2        3.5       12.7      109.8        8.8 
100710  163916  48   8.8232 N  61  39.1942 W   7.1        3.5       12.7      109.8        8.8 
100710  163917  48   8.8226 N  61  39.1913 W   7.1        3.5       12.7      109.8        8.8 
100710  163918  48   8.8222 N  61  39.1884 W   7.1        3.5       12.7      109.8      649.3*
100710  163919  48   8.8218 N  61  39.1855 W   7.1        3.5       12.7      109.8      649.3 
100710  163920  48   8.8214 N  61  39.1827 W   7.1        3.5       12.7      109.8      649.3 
100710  163921  48   8.8208 N  61  39.1798 W   7.1        3.5       12.7      109.8      649.3 
100710  163922  48   8.8203 N  61  39.1770 W   7.1        3.5       12.7      109.8      649.3 
100710  163923  48   8.8199 N  61  39.1740 W   7.1        3.5       12.7      109.8      649.3 
100710  163924  48   8.8196 N  61  39.1711 W   7.1        3.5       12.7      109.8      649.3 
100710  163925  48   8.8192 N  61  39.1681 W   7.1        3.5       12.7      109.8      649.3 
100710  163926  48   8.8188 N  61  39.1652 W   7.1        3.5       12.7      109.8      649.3 
100710  163927  48   8.8184 N  61  39.1623 W   7.1        3.5       12.7      109.8      649.3 
100710  163928  48   8.8180 N  61  39.1595 W   7.1        3.5       11.1*     109.8      649.3 
100710  163929  48   8.8176 N  61  39.1565 W   7.1        3.5       11.1      109.8      649.3 
100710  163930  48   8.8173 N  61  39.1537 W   7.0        3.5       11.1      109.8      649.3 
100710  163931  48   8.8170 N  61  39.1507 W   7.0        3.5       11.1      109.8      649.3 
100710  163932  48   8.8168 N  61  39.1477 W   7.1        3.5       11.1      109.8      649.3 
100710  163933  48   8.8165 N  61  39.1447 W   7.1        3.5       11.1      109.8      649.3 
100710  163934  48   8.8162 N  61  39.1419 W   7.1        3.5       11.1      109.8      649.3 
100710  163935  48   8.8157 N  61  39.1390 W   7.1        3.5       11.1      109.8      649.3 
100710  163936  48   8.8153 N  61  39.1360 W   7.1        3.5       11.1      109.8      649.3 
100710  163937  48   8.8150 N  61  39.1331 W   7.1        3.5       11.1      109.8      649.3 
100710  163938  48   8.8148 N  61  39.1300 W   7.1        3.5       11.1      109.8      649.3 
100710  163939  48   8.8146 N  61  39.1269 W   7.2        3.5       11.1        7.2*     649.3 
100710  163940  48   8.8142 N  61  39.1240 W   7.1        3.5       11.1        7.2      649.3 
100710  163941  48   8.8137 N  61  39.1211 W   7.1        3.5       11.1        7.2      649.3 
100710  163942  48   8.8133 N  61  39.1182 W   7.1        3.5       11.1        7.2      649.3 
100710  163943  48   8.8130 N  61  39.1152 W   7.1        3.5       11.1        7.2      649.3 
100710  163944  48   8.8125 N  61  39.1123 W   7.1        3.5       11.1        7.2      649.3 
100710  163945  48   8.8121 N  61  39.1095 W   7.1        3.5       11.1        7.2      649.3 
100710  163946  48   8.8118 N  61  39.1065 W   7.1        3.5       11.1        7.2      649.3 
100710  163947  48   8.8114 N  61  39.1035 W   7.1        3.5       11.1        7.2      649.3 
100710  163948  48   8.8110 N  61  39.1008 W   7.0        3.5       11.1        7.2      649.3 
100710  163949  48   8.8106 N  61  39.0981 W   7.0        3.5       11.1        7.2      649.3 
100710  163950  48   8.8100 N  61  39.0952 W   7.0        3.5       11.1        7.2      649.3 
100710  163951  48   8.8095 N  61  39.0924 W   7.0        3.5       11.1        7.2      649.3 
100710  163952  48   8.8092 N  61  39.0896 W   7.0        3.5       11.1        7.2      649.3 
100710  163953  48   8.8088 N  61  39.0867 W   7.0        3.5       11.1        7.2      649.3 
100710  163954  48   8.8084 N  61  39.0837 W   7.1        3.5       11.1        7.2      649.3 
100710  163955  48   8.8080 N  61  39.0809 W   7.0        3.5       11.1        7.2      649.3 
100710  163956  48   8.8075 N  61  39.0782 W   7.0        3.5       11.1        7.2      649.3 
100710  163957  48   8.8070 N  61  39.0754 W   7.0        3.5       11.1        7.2      649.3 
100710  163958  48   8.8065 N  61  39.0726 W   6.9        3.5       11.1        7.2      649.3 
100710  163959  48   8.8061 N  61  39.0699 W   6.9        3.5       11.1        7.2      649.3 
100710  164000  48   8.8058 N  61  39.0669 W   7.0        3.5       11.1        7.2      649.3 
100710  164001  48   8.8054 N  61  39.0640 W   7.0        3.5       11.1        7.2      649.3 
100710  164002  48   8.8049 N  61  39.0613 W   7.0        3.5       11.1        7.2      649.3 
100710  164003  48   8.8044 N  61  39.0585 W   7.0        3.5       11.1        7.2      649.3 
100710  164004  48   8.8039 N  61  39.0556 W   7.0        3.5       11.1        7.2      649.3 
100710  164005  48   8.8035 N  61  39.0529 W   6.9        3.5       11.1        7.2      649.3 
100710  164006  48   8.8031 N  61  39.0502 W   6.9        3.5       11.1        7.2      649.3 
100710  164007  48   8.8027 N  61  39.0474 W   6.9        3.5       11.1        7.2      649.3 
100710  164008  48   8.8022 N  61  39.0447 W   6.9        3.5       11.1        7.2      649.3 
100710  164009  48   8.8017 N  61  39.0420 W   6.9        3.5       11.1        7.2      649.3 
100710  164010  48   8.8012 N  61  39.0391 W   6.9        3.5       11.1        7.2      649.3 
100710  164011  48   8.8007 N  61  39.0362 W   7.0        3.5       11.1        7.2      649.3 
100710  164012  48   8.8005 N  61  39.0333 W   7.0        3.5       11.1        7.2      649.3 
100710  164013  48   8.8001 N  61  39.0305 W   6.9        3.5       11.1        7.2      649.3 
100710  164014  48   8.7995 N  61  39.0277 W   7.0        3.5       11.1        7.2      649.3 
100710  164015  48   8.7990 N  61  39.0250 W   6.9        3.5       11.1        7.2      649.3 
100710  164016  48   8.7985 N  61  39.0224 W   6.8        3.5       11.1        7.2      649.3 
100710  164017  48   8.7980 N  61  39.0197 W   6.8        3.5       11.1        7.2      649.3 
100710  164018  48   8.7976 N  61  39.0169 W   6.8        3.5       11.1        7.2      649.3 
100710  164019  48   8.7972 N  61  39.0143 W   6.8        3.5       11.1        7.2      649.3 
100710  164020  48   8.7967 N  61  39.0119 W   6.7        3.5       11.1       95.4*     649.3 
100710  164021  48   8.7962 N  61  39.0093 W   6.6        3.5       11.1       95.4      649.3 
100710  164022  48   8.7956 N  61  39.0071 W   6.5        3.5       11.1       95.4      649.3 
100710  164023  48   8.7951 N  61  39.0050 W   6.4        3.5       11.1       95.4      649.3 
100710  164024  48   8.7946 N  61  39.0027 W   6.3        3.5       11.1       95.4      649.3 
100710  164025  48   8.7941 N  61  39.0003 W   6.3        3.5       11.1       31.4*     649.3 
100710  164026  48   8.7939 N  61  38.9979 W   6.2        3.5       11.1       31.4      649.3 
100710  164027  48   8.7937 N  61  38.9956 W   6.1        3.5       11.1       31.4      649.3 
100710  164028  48   8.7932 N  61  38.9933 W   6.1        3.5       11.1       31.4      649.3 
100710  164029  48   8.7928 N  61  38.9911 W   6.0        3.5       11.1       31.4      649.3 
100710  164030  48   8.7924 N  61  38.9889 W   5.9        3.5       11.1       31.4      649.3 
100710  164031  48   8.7921 N  61  38.9866 W   5.9        3.5       11.1       31.4      649.3 
100710  164032  48   8.7919 N  61  38.9843 W   5.8        3.5       11.1      109.7*     649.3 
100710  164033  48   8.7917 N  61  38.9819 W   5.8        3.5       11.1      109.7      649.3 
100710  164034  48   8.7915 N  61  38.9796 W   5.8        3.5       11.1      109.7       88.9*
100710  164035  48   8.7911 N  61  38.9775 W   5.7        2.6*      11.1      109.7       88.9 
100710  164036  48   8.7906 N  61  38.9754 W   5.6        2.6       11.1      109.7       88.9 
100710  164037  48   8.7903 N  61  38.9732 W   5.6        2.6       11.1        8.6*      88.9 
100710  164038  48   8.7901 N  61  38.9711 W   5.6        2.6       11.1        8.6       88.9 
100710  164039  48   8.7899 N  61  38.9688 W   5.6        2.6       11.1        8.6       69.5*
100710  164040  48   8.7897 N  61  38.9665 W   5.6        2.6       11.1        8.6       69.5 
100710  164041  48   8.7893 N  61  38.9643 W   5.6        2.6       11.1        8.6       69.5 
100710  164042  48   8.7889 N  61  38.9621 W   5.6        2.6       11.1        9.6*      69.5 
100710  164043  48   8.7885 N  61  38.9600 W   5.5        2.6       11.1        9.6       69.5 
100710  164044  48   8.7882 N  61  38.9580 W   5.5        2.6       11.1        9.6       69.5 
100710  164045  48   8.7879 N  61  38.9558 W   5.5        2.6       11.1        9.6       79.2*
100710  164046  48   8.7876 N  61  38.9535 W   5.5        2.6       11.1        9.6       79.2 
100710  164047  48   8.7873 N  61  38.9514 W   5.5        2.6       11.1        9.6       79.2 
100710  164048  48   8.7869 N  61  38.9492 W   5.5        2.6       11.1        9.4*      79.2 
100710  164049  48   8.7865 N  61  38.9469 W   5.5        2.6       11.1        9.4       79.2 
100710  164050  48   8.7861 N  61  38.9448 W   5.5        2.6       11.1        9.4       77.0*
100710  164051  48   8.7858 N  61  38.9427 W   5.5        2.6       11.1        9.4       77.0 
100710  164052  48   8.7854 N  61  38.9405 W   5.5        2.6       11.1        9.4       77.0 
100710  164053  48   8.7850 N  61  38.9383 W   5.5        2.6       11.1        9.0*      77.0 
100710  164054  48   8.7846 N  61  38.9361 W   5.5        2.6       11.1        9.0       77.0 
100710  164055  48   8.7844 N  61  38.9339 W   5.5        2.6       11.1        9.0       78.3*
100710  164056  48   8.7840 N  61  38.9316 W   5.5        2.6       11.1        9.0       78.3 
100710  164057  48   8.7837 N  61  38.9294 W   5.5        2.6       11.1        9.0       78.3 
100710  164058  48   8.7833 N  61  38.9273 W   5.5        2.6       11.1       10.4*      78.3 
100710  164059  48   8.7829 N  61  38.9251 W   5.5        2.6       11.1       10.4       78.3 
100710  164100  48   8.7825 N  61  38.9230 W   5.5        2.6       11.1       10.4       78.3 
100710  164101  48   8.7821 N  61  38.9207 W   5.5        2.6       11.1       10.4       74.8*
100710  164102  48   8.7817 N  61  38.9185 W   5.5        2.6       11.1       10.4       74.8 
100710  164103  48   8.7814 N  61  38.9163 W   5.5        2.6       11.1       10.4       74.8 
100710  164104  48   8.7810 N  61  38.9140 W   5.5        2.6       11.1       10.4       74.8 
100710  164105  48   8.7806 N  61  38.9119 W   5.5        2.6       11.1       10.4       74.8 
100710  164106  48   8.7801 N  61  38.9099 W   5.5        2.6       11.1       10.4       73.5*
100710  164107  48   8.7796 N  61  38.9077 W   5.5       11.5*      11.1       10.4       73.5 
100710  164108  48   8.7792 N  61  38.9054 W   5.6       11.5       11.1       10.4       73.5 
100710  164109  48   8.7789 N  61  38.9031 W   5.6       11.5       11.1       64.3*      73.5 
100710  164110  48   8.7785 N  61  38.9008 W   5.6       11.5       11.1       64.3       73.5 
100710  164111  48   8.7780 N  61  38.8986 W   5.6       11.5       11.1       64.3       73.5 
100710  164112  48   8.7774 N  61  38.8964 W   5.6       11.5       11.1       64.3       73.5 
100710  164113  48   8.7769 N  61  38.8944 W   5.6       11.5       11.1       64.3       73.5 
100710  164114  48   8.7763 N  61  38.8923 W   5.6       11.5       11.1        7.5*      73.5 
100710  164115  48   8.7759 N  61  38.8900 W   5.6       11.5       11.1        7.5       73.5 
100710  164116  48   8.7756 N  61  38.8877 W   5.6       11.5       11.1        7.5       73.5 
100710  164117  48   8.7752 N  61  38.8854 W   5.7       11.5       11.1        7.5       73.5 
100710  164118  48   8.7746 N  61  38.8833 W   5.6       11.5       11.1        7.5       73.5 
100710  164119  48   8.7740 N  61  38.8813 W   5.6       11.5       11.1        9.0*      73.5 
100710  164120  48   8.7734 N  61  38.8791 W   5.6       11.5       11.1        9.0       73.5 
100710  164121  48   8.7731 N  61  38.8768 W   5.6       11.5       11.1        9.0       73.5 
100710  164122  48   8.7728 N  61  38.8746 W   5.6       11.5        3.6*       9.0      389.7*
100710  164123  48   8.7724 N  61  38.8724 W   5.6       11.5        3.6        9.0      389.7 
100710  164124  48   8.7718 N  61  38.8702 W   5.6       11.5        3.6        9.0      389.7 
100710  164125  48   8.7712 N  61  38.8681 W   5.6       11.5        3.6        9.0      389.7 
100710  164126  48   8.7707 N  61  38.8659 W   5.6       11.5        3.6        9.0      389.7 
100710  164127  48   8.7704 N  61  38.8638 W   5.6       11.5        3.6        9.0      389.7 
100710  164128  48   8.7701 N  61  38.8613 W   5.6       11.5        3.6        9.0       63.3*
100710  164129  48   8.7697 N  61  38.8591 W   5.6       11.5        3.6       20.7*      63.3 
100710  164130  48   8.7691 N  61  38.8570 W   5.6       11.5        3.6       20.7       63.3 
100710  164131  48   8.7684 N  61  38.8549 W   5.6       11.5        3.6       20.7       63.3 
100710  164132  48   8.7679 N  61  38.8528 W   5.6       11.5        3.6       20.7       63.3 
100710  164133  48   8.7677 N  61  38.8507 W   5.5       11.5        3.6       20.7       70.8*
100710  164134  48   8.7673 N  61  38.8486 W   5.5       11.5        3.6       20.7       70.8 
100710  164135  48   8.7669 N  61  38.8463 W   5.5        2.3*       3.6       67.6*      70.8 
100710  164136  48   8.7663 N  61  38.8442 W   5.5        2.3        3.6       67.6       70.8 
100710  164137  48   8.7658 N  61  38.8421 W   5.5        2.3        3.6       67.6       70.8 
100710  164138  48   8.7654 N  61  38.8399 W   5.5        2.3        3.6       67.6       67.7*
100710  164139  48   8.7650 N  61  38.8377 W   5.5        2.3        3.6       67.6       67.7 
100710  164140  48   8.7647 N  61  38.8356 W   5.4        2.3        3.6       67.6       67.7 
100710  164141  48   8.7643 N  61  38.8336 W   5.4        2.3        3.6        8.3*      67.7 
100710  164142  48   8.7637 N  61  38.8315 W   5.4        2.3        3.6        8.3       67.7 
100710  164143  48   8.7632 N  61  38.8294 W   5.4        2.3        3.6        8.3       67.7 
100710  164144  48   8.7630 N  61  38.8272 W   5.4        2.3        3.6        8.3       78.3*
100710  164145  48   8.7627 N  61  38.8248 W   5.4        2.3        3.6        8.3       78.3 
100710  164146  48   8.7625 N  61  38.8226 W   5.5        2.3        3.6        9.1*      78.3 
100710  164147  48   8.7620 N  61  38.8205 W   5.4        2.3        3.6        9.1       78.3 
100710  164148  48   8.7615 N  61  38.8185 W   5.4        2.3        3.6        9.1       78.3 
100710  164149  48   8.7611 N  61  38.8164 W   5.4        2.3        3.6        9.1       66.4*
100710  164150  48   8.7608 N  61  38.8142 W   5.4        2.3        3.6        9.1       66.4 
100710  164151  48   8.7605 N  61  38.8119 W   5.4        2.3        3.6        8.3*      66.4 
100710  164152  48   8.7602 N  61  38.8097 W   5.4        2.3        3.6        8.3       66.4 
100710  164153  48   8.7597 N  61  38.8076 W   5.4        2.3        3.6        8.3       66.4 
100710  164154  48   8.7593 N  61  38.8054 W   5.4        2.3        3.6        8.3       66.4 
100710  164155  48   8.7588 N  61  38.8032 W   5.5       12.8*       3.6        8.3       66.4 
100710  164156  48   8.7585 N  61  38.8010 W   5.5       12.8        3.6       10.4*      66.4 
100710  164157  48   8.7580 N  61  38.7988 W   5.5       12.8        3.6       10.4       66.4 
100710  164158  48   8.7576 N  61  38.7966 W   5.5       12.8        3.6       10.4       66.4 
100710  164159  48   8.7571 N  61  38.7944 W   5.5       12.8        3.6       10.4       66.4 
100710  164200  48   8.7566 N  61  38.7923 W   5.5       12.8        3.6       10.4       66.4 
100710  164201  48   8.7562 N  61  38.7902 W   5.5       12.8        3.6       10.4       66.4 
100710  164202  48   8.7556 N  61  38.7879 W   5.5       12.8        3.6        5.9*      66.4 
100710  164203  48   8.7552 N  61  38.7857 W   5.6       12.8        3.6        5.9       66.4 
100710  164204  48   8.7548 N  61  38.7835 W   5.5       12.8        3.6        5.9       66.4 
100710  164205  48   8.7544 N  61  38.7813 W   5.6       12.8        3.6        5.9       66.4 
100710  164206  48   8.7538 N  61  38.7790 W   5.6       12.8        3.6        5.9       66.4 
100710  164207  48   8.7533 N  61  38.7768 W   5.6       12.8        3.6        8.6*      66.4 
100710  164208  48   8.7530 N  61  38.7746 W   5.6       12.8        3.6        8.6       66.4 
100710  164209  48   8.7525 N  61  38.7724 W   5.6       12.8        3.6        8.6       66.4 
100710  164210  48   8.7520 N  61  38.7702 W   5.6       12.8        3.6        8.6       66.4 
100710  164211  48   8.7515 N  61  38.7680 W   5.6       12.8        3.6        8.6       66.4 
100710  164212  48   8.7511 N  61  38.7656 W   5.6       12.8        3.6        7.3*      66.4 
100710  164213  48   8.7507 N  61  38.7633 W   5.6       12.8        3.6        7.3       66.4 
100710  164214  48   8.7502 N  61  38.7612 W   5.6       12.8        3.6        7.3       66.4 
100710  164215  48   8.7496 N  61  38.7591 W   5.6       12.8        3.6        7.3       66.4 
100710  164216  48   8.7491 N  61  38.7571 W   5.6       12.8        3.6        7.3       66.4 
100710  164217  48   8.7487 N  61  38.7550 W   5.6       12.8        3.6        7.3       66.4 
100710  164218  48   8.7482 N  61  38.7527 W   5.6       12.8        3.6        7.3       66.4 
100710  164219  48   8.7477 N  61  38.7504 W   5.6       12.8        3.6      101.1*      66.4 
100710  164220  48   8.7472 N  61  38.7481 W   5.6       12.8        3.6      101.1       66.4 
100710  164221  48   8.7469 N  61  38.7458 W   5.6       12.8        3.6      101.1       79.6*
100710  164222  48   8.7464 N  61  38.7435 W   5.6       12.8        3.6      101.1       79.6 
100710  164223  48   8.7459 N  61  38.7414 W   5.6       12.8        3.6      101.1       79.6 
100710  164224  48   8.7453 N  61  38.7395 W   5.5       12.8        3.6      101.1       79.6 
100710  164225  48   8.7449 N  61  38.7377 W   5.3       12.8        3.6      101.1       79.6 
100710  164226  48   8.7445 N  61  38.7358 W   5.2       12.8        3.6      101.1       46.2*
100710  164227  48   8.7443 N  61  38.7339 W   5.1       12.8        3.6      101.1       46.2 
100710  164228  48   8.7440 N  61  38.7322 W   5.0       12.8        3.6      101.1       46.2 
100710  164229  48   8.7436 N  61  38.7308 W   4.8       12.8        3.6      101.1       46.2 
100710  164230  48   8.7433 N  61  38.7294 W   4.6       12.8        3.6      101.1       46.2 
100710  164231  48   8.7429 N  61  38.7282 W   4.4       12.8        3.6      101.1       46.2 
100710  164232  48   8.7427 N  61  38.7270 W   4.2       12.8        3.6      101.1       68.2*
100710  164233  48   8.7425 N  61  38.7258 W   4.0       12.8        3.6        8.8*      68.2 
100710  164234  48   8.7423 N  61  38.7245 W   3.9       12.8        3.6        8.8       68.2 
100710  164235  48   8.7420 N  61  38.7233 W   3.8       12.8       11.9*       8.8       68.2 
100710  164236  48   8.7418 N  61  38.7223 W   3.6       12.8       11.9        8.8       68.2 
100710  164237  48   8.7417 N  61  38.7214 W   3.4       12.8       11.9        8.8       66.0*
100710  164238  48   8.7415 N  61  38.7204 W   3.2       12.8       11.9        8.8       66.0 
100710  164239  48   8.7413 N  61  38.7194 W   3.1       12.8       11.9        8.8*      66.0 
100710  164240  48   8.7411 N  61  38.7185 W   3.0       12.8       11.9        8.8       66.0 
100710  164241  48   8.7410 N  61  38.7176 W   2.9       12.8       11.9        8.8       66.0 
100710  164242  48   8.7410 N  61  38.7166 W   2.8       12.8       11.9        8.8       66.0 
100710  164243  48   8.7409 N  61  38.7156 W   2.7       12.8       11.9        8.8       69.1*
100710  164244  48   8.7407 N  61  38.7147 W   2.7       12.8       11.9       11.0*      69.1 
100710  164245  48   8.7407 N  61  38.7139 W   2.6       12.8       11.9       11.0       69.1 
100710  164246  48   8.7406 N  61  38.7132 W   2.5       12.8       11.9       11.0       69.1 
100710  164247  48   8.7406 N  61  38.7122 W   2.4       12.8       11.9       11.0       69.1 
100710  164248  48   8.7406 N  61  38.7113 W   2.4       12.8       11.9       11.0       77.9*
100710  164249  48   8.7406 N  61  38.7105 W   2.3       12.8       11.9        8.7*      77.9 
100710  164250  48   8.7404 N  61  38.7098 W   2.3       12.8       11.9        8.7       77.9 
100710  164251  48   8.7404 N  61  38.7090 W   2.2       12.8       11.9        8.7       77.9 
100710  164252  48   8.7405 N  61  38.7082 W   2.2       12.8       11.9        8.7       77.9 
100710  164253  48   8.7405 N  61  38.7074 W   2.1       12.8       11.9        8.7       73.5*
100710  164254  48   8.7404 N  61  38.7065 W   2.1       12.8       11.9        8.7       73.5 
100710  164255  48   8.7404 N  61  38.7057 W   2.1       12.8       11.9        8.5*      73.5 
100710  164256  48   8.7404 N  61  38.7049 W   2.1       12.8       11.9        8.5       73.5 
100710  164257  48   8.7404 N  61  38.7041 W   2.1       12.8       11.9        8.5       73.5 
100710  164258  48   8.7404 N  61  38.7033 W   2.0       12.8       11.9        8.5       73.5 
100710  164259  48   8.7403 N  61  38.7026 W   2.0       12.8        9.6*       8.5       69.9*
100710  164300  48   8.7404 N  61  38.7017 W   2.0       12.8        9.6        8.1*      69.9 
100710  164301  48   8.7405 N  61  38.7009 W   2.0       12.8        9.6        8.1       69.9 
100710  164302  48   8.7405 N  61  38.7002 W   2.0       12.8        9.6        8.1       69.9 
100710  164303  48   8.7404 N  61  38.6994 W   2.0       12.8        9.6        8.1       69.9 
100710  164304  48   8.7404 N  61  38.6986 W   2.0       12.8        9.6        8.1       73.9*
100710  164305  48   8.7406 N  61  38.6977 W   2.0       12.8        9.6        7.1*      73.9 
100710  164306  48   8.7406 N  61  38.6969 W   2.0       12.8        9.6        7.1       73.9 
100710  164307  48   8.7405 N  61  38.6961 W   1.9       12.8        9.6        7.1       73.9 
100710  164308  48   8.7405 N  61  38.6954 W   1.9       12.8        9.6        7.1       73.9 
100710  164309  48   8.7406 N  61  38.6945 W   2.0       12.8        9.6        7.1       81.4*
100710  164310  48   8.7406 N  61  38.6936 W   2.0       12.8        9.6        8.9*      81.4 
100710  164311  48   8.7407 N  61  38.6927 W   2.0       12.8        9.6        8.9       81.4 
100710  164312  48   8.7406 N  61  38.6920 W   2.0       12.8        9.6        8.9       81.4 
100710  164313  48   8.7405 N  61  38.6912 W   1.9       12.8        9.6        8.9       81.4 
100710  164314  48   8.7406 N  61  38.6903 W   2.0       12.8        9.6        8.9       81.4 
100710  164315  48   8.7407 N  61  38.6893 W   2.0       12.8        9.6        8.9       75.2*
100710  164316  48   8.7408 N  61  38.6884 W   2.1       12.8        9.6        7.4*      75.2 
100710  164317  48   8.7408 N  61  38.6877 W   2.0       12.8        9.6        7.4       75.2 
100710  164318  48   8.7406 N  61  38.6869 W   2.0       12.8        9.6        7.4       75.2 
100710  164319  48   8.7406 N  61  38.6859 W   2.0       12.8        9.6        7.4       75.2 
100710  164320  48   8.7408 N  61  38.6849 W   2.1       12.8        9.6        7.4       87.1*
100710  164321  48   8.7409 N  61  38.6841 W   2.1       12.8        9.6        6.9*      87.1 
100710  164322  48   8.7408 N  61  38.6832 W   2.0       12.8        9.6        6.9       87.1 
100710  164323  48   8.7407 N  61  38.6824 W   2.1        2.3*       9.6        6.9       87.1 
100710  164324  48   8.7408 N  61  38.6815 W   2.1        2.3        9.6        6.9       87.1 
100710  164325  48   8.7409 N  61  38.6807 W   2.1        2.3        9.6        6.9       87.1 
100710  164326  48   8.7409 N  61  38.6799 W   2.0        2.3        9.6        6.9       87.1 
100710  164327  48   8.7409 N  61  38.6791 W   2.0        2.3        9.6        6.9       87.1 
100710  164328  48   8.7408 N  61  38.6782 W   2.1        2.3        9.6        6.9       87.1 
100710  164329  48   8.7409 N  61  38.6773 W   2.1        2.3        9.6        6.9       87.1 
100710  164330  48   8.7410 N  61  38.6766 W   2.1        2.3        9.6        6.9       87.1 
100710  164331  48   8.7410 N  61  38.6758 W   2.0        2.3        9.6        6.9      347.9*
100710  164332  48   8.7409 N  61  38.6750 W   2.0        2.3        9.6        6.9      347.9 
100710  164333  48   8.7409 N  61  38.6741 W   2.0        2.3        9.6        6.9      347.9 
100710  164334  48   8.7410 N  61  38.6732 W   2.1        2.3        9.6        6.9      347.9 
100710  164335  48   8.7411 N  61  38.6723 W   2.1        2.3        9.6        6.9      347.9 
100710  164336  48   8.7412 N  61  38.6714 W   2.1        2.3        9.6        6.9       88.4*
100710  164337  48   8.7411 N  61  38.6705 W   2.1        2.3        9.6       98.4*      88.4 
100710  164338  48   8.7410 N  61  38.6697 W   2.1        2.3        9.6       98.4       88.4 
100710  164339  48   8.7411 N  61  38.6690 W   2.0        2.3        9.6       98.4       88.4 
100710  164340  48   8.7412 N  61  38.6680 W   2.1        2.3        9.6       98.4       88.4 
100710  164341  48   8.7414 N  61  38.6670 W   2.1        2.3        9.6       98.4       88.4 
100710  164342  48   8.7414 N  61  38.6663 W   2.1        2.3        9.6        7.4*       3.5*
100710  164343  48   8.7413 N  61  38.6654 W   2.1        2.3        9.6        7.4        3.5 
100710  164344  48   8.7412 N  61  38.6646 W   2.1        2.3        9.6        7.4        3.5 
100710  164345  48   8.7414 N  61  38.6638 W   2.0        2.3        9.6        7.4        3.5 
100710  164346  48   8.7416 N  61  38.6629 W   2.0        2.3        9.6        7.4        3.5 
100710  164347  48   8.7416 N  61  38.6620 W   2.1        2.3        9.6        8.5*       3.5 
100710  164348  48   8.7416 N  61  38.6611 W   2.1        2.3        9.6        8.5        3.5 
100710  164349  48   8.7416 N  61  38.6604 W   2.0        2.3        9.6        8.5        3.5 
100710  164350  48   8.7416 N  61  38.6597 W   2.0        2.3        9.6        8.5        3.5 
100710  164351  48   8.7416 N  61  38.6588 W   2.0        2.3        9.6        8.5      205.0*
100710  164352  48   8.7417 N  61  38.6578 W   2.1        2.3        9.6        8.5      205.0 
100710  164353  48   8.7418 N  61  38.6571 W   2.0        2.3        9.6        6.5*     205.0 
100710  164354  48   8.7418 N  61  38.6563 W   2.0        2.3        9.6        6.5      205.0 
100710  164355  48   8.7418 N  61  38.6553 W   2.0        2.3        9.6        6.5      205.0 
100710  164356  48   8.7418 N  61  38.6544 W   2.1        2.3        9.6        6.5      205.0 
100710  164357  48   8.7418 N  61  38.6536 W   2.0        2.3        9.6        6.5      205.0 
100710  164358  48   8.7418 N  61  38.6528 W   2.0        2.3        9.6        7.4*     205.0 
100710  164359  48   8.7419 N  61  38.6518 W   2.1        2.3        9.6        7.4      205.0 
100710  164400  48   8.7420 N  61  38.6510 W   2.1        2.3        9.6        7.4      205.0 
100710  164401  48   8.7420 N  61  38.6502 W   2.0        2.3        9.6        7.4      205.0 
100710  164402  48   8.7419 N  61  38.6494 W   2.0        2.3        9.6        7.4      205.0 
100710  164403  48   8.7418 N  61  38.6484 W   2.1        2.3        9.6        8.0*     205.0 
100710  164404  48   8.7420 N  61  38.6475 W   2.1        2.3        9.6        8.0      105.6*
100710  164405  48   8.7422 N  61  38.6466 W   2.1        2.3        9.6        8.0      105.6 
100710  164406  48   8.7421 N  61  38.6458 W   2.1        2.3        9.6        8.0      105.6 
100710  164407  48   8.7420 N  61  38.6448 W   2.1        2.3        9.6        8.0      105.6 
100710  164408  48   8.7420 N  61  38.6439 W   2.1        2.3        9.6        8.5*     105.6 
100710  164409  48   8.7421 N  61  38.6431 W   2.1        2.3        9.6        8.5      108.2*
100710  164410  48   8.7422 N  61  38.6423 W   2.1        2.3        9.6        8.5      108.2 
100710  164411  48   8.7422 N  61  38.6413 W   2.1        2.3        9.6        8.5      108.2 
100710  164412  48   8.7421 N  61  38.6404 W   2.1        2.3        9.6        8.5      108.2 
100710  164413  48   8.7422 N  61  38.6395 W   2.1        2.3        9.6        8.5      108.2 
100710  164414  48   8.7422 N  61  38.6387 W   2.1        2.3        9.6       10.6*     108.2 
100710  164415  48   8.7422 N  61  38.6379 W   2.1        2.3        9.6       10.6      112.6*
100710  164416  48   8.7421 N  61  38.6370 W   2.1        2.3       11.9*      10.6      112.6 
100710  164417  48   8.7422 N  61  38.6361 W   2.1        2.3       11.9       10.6      112.6 
100710  164418  48   8.7422 N  61  38.6353 W   2.1        2.3       11.9       10.6      112.6 
100710  164419  48   8.7422 N  61  38.6345 W   2.0        2.3       11.9        7.8*     112.6 
100710  164420  48   8.7422 N  61  38.6337 W   2.0        2.3       11.9        7.8      111.3*
100710  164421  48   8.7422 N  61  38.6328 W   2.0        2.3       11.9        7.8      111.3 
100710  164422  48   8.7423 N  61  38.6318 W   2.1        2.3       11.9        7.8      111.3 
100710  164423  48   8.7423 N  61  38.6311 W   2.0        2.1*      11.9        7.8      111.3 
100710  164424  48   8.7422 N  61  38.6304 W   2.0        2.1       11.9        7.8      111.3 
100710  164425  48   8.7422 N  61  38.6295 W   2.0        2.1       11.9        7.8      110.8*
100710  164426  48   8.7423 N  61  38.6287 W   2.0        2.1       11.9        7.8      110.8 
100710  164427  48   8.7423 N  61  38.6279 W   2.0        2.1       11.9        7.8      110.8 
100710  164428  48   8.7423 N  61  38.6271 W   2.0        2.1       11.9        7.8      110.8 
100710  164429  48   8.7423 N  61  38.6263 W   2.0        2.1       11.9       10.6*     110.8 
100710  164430  48   8.7424 N  61  38.6254 W   2.0        2.1       11.9       10.6      110.8 
100710  164431  48   8.7424 N  61  38.6245 W   2.0        2.1       11.9       10.6      110.8 
100710  164432  48   8.7425 N  61  38.6237 W   2.0        2.1       11.9       10.6      110.8 
100710  164433  48   8.7425 N  61  38.6229 W   2.0        2.1       11.9       10.6      110.8 
100710  164434  48   8.7424 N  61  38.6220 W   2.0        2.1       11.9       10.6      110.8 
100710  164435  48   8.7425 N  61  38.6211 W   2.0        2.1       11.9       10.8*     110.8 
100710  164436  48   8.7427 N  61  38.6203 W   2.0        2.1       11.9       10.8      264.8*
100710  164437  48   8.7427 N  61  38.6194 W   2.0        2.1       11.9       10.8      264.8 
100710  164438  48   8.7426 N  61  38.6184 W   2.1        2.1       11.9       10.8      264.8 
100710  164439  48   8.7427 N  61  38.6174 W   2.1        2.1       11.9       10.8      264.8 
100710  164440  48   8.7428 N  61  38.6165 W   2.1        2.1       11.9       10.8      264.8 
100710  164441  48   8.7428 N  61  38.6156 W   2.1        2.1       11.9       10.8      264.8 
100710  164442  48   8.7427 N  61  38.6145 W   2.1        2.1       11.9       10.8      113.9*
100710  164443  48   8.7428 N  61  38.6135 W   2.2        2.1       11.9       10.8      113.9 
100710  164444  48   8.7430 N  61  38.6126 W   2.2        2.1       11.9       10.8      113.9 
100710  164445  48   8.7430 N  61  38.6117 W   2.2        2.1       11.9       76.8*     113.9 
100710  164446  48   8.7429 N  61  38.6108 W   2.2        2.1       11.9       76.8      113.9 
100710  164447  48   8.7429 N  61  38.6097 W   2.2        2.1       11.9       76.8      108.2*
100710  164448  48   8.7431 N  61  38.6087 W   2.3        2.1       11.9       76.8      108.2 
100710  164449  48   8.7432 N  61  38.6077 W   2.2        2.1       11.9       76.8      108.2 
100710  164450  48   8.7431 N  61  38.6069 W   2.2        2.1       11.9       76.8      108.2 
100710  164451  48   8.7430 N  61  38.6059 W   2.2        2.1       11.9       10.5*     108.2 
100710  164452  48   8.7430 N  61  38.6050 W   2.2        2.1       11.9       10.5      108.2 
100710  164453  48   8.7432 N  61  38.6040 W   2.2        2.1       11.9       10.5      110.8*
100710  164454  48   8.7432 N  61  38.6031 W   2.2        2.1       11.9       10.5      110.8 
100710  164455  48   8.7432 N  61  38.6021 W   2.2        2.1       11.9       10.5      110.8 
100710  164456  48   8.7432 N  61  38.6013 W   2.2        2.1       11.9       11.3*     110.8 
100710  164457  48   8.7433 N  61  38.6004 W   2.1        2.1       11.9       11.3      110.8 
100710  164458  48   8.7434 N  61  38.5994 W   2.2        2.1       11.9       11.3      111.3*
100710  164459  48   8.7433 N  61  38.5985 W   2.2        2.1       11.9       11.3      111.3 
100710  164500  48   8.7433 N  61  38.5978 W   2.1        2.1       11.9       11.3      111.3 
100710  164501  48   8.7434 N  61  38.5970 W   2.1        2.1       11.9       11.0*     111.3 
100710  164502  48   8.7434 N  61  38.5960 W   2.1        2.1       11.9       11.0      111.3 
100710  164503  48   8.7434 N  61  38.5950 W   2.1        2.1       11.9       11.0      111.3 
100710  164504  48   8.7434 N  61  38.5942 W   2.1        2.1       11.9       11.0      113.9*
100710  164505  48   8.7434 N  61  38.5934 W   2.1        2.1       11.9       11.0      113.9 
100710  164506  48   8.7434 N  61  38.5925 W   2.1        2.1       11.9       11.0      113.9 
100710  164507  48   8.7435 N  61  38.5917 W   2.0        2.1       11.9       10.7*     113.9 
100710  164508  48   8.7435 N  61  38.5908 W   2.1        2.1       11.9       10.7      113.9 
100710  164509  48   8.7434 N  61  38.5899 W   2.0        2.1       11.9       10.7      110.4*
100710  164510  48   8.7434 N  61  38.5892 W   2.0        2.1       11.9       10.7      110.4 
100710  164511  48   8.7436 N  61  38.5883 W   2.0        2.1       11.9       10.7      110.4 
100710  164512  48   8.7437 N  61  38.5873 W   2.1        2.1       11.9       10.7      110.4 
100710  164513  48   8.7436 N  61  38.5864 W   2.1        2.1       11.9       10.7      110.4 
100710  164514  48   8.7435 N  61  38.5856 W   2.1        2.1       11.9       10.7      110.4 
100710  164515  48   8.7436 N  61  38.5848 W   2.0        2.1       11.9       10.7      112.2*
100710  164516  48   8.7438 N  61  38.5839 W   2.1        2.1       11.9       10.7      112.2 
100710  164517  48   8.7438 N  61  38.5828 W   2.1        2.1       11.9       10.7      112.2 
100710  164518  48   8.7438 N  61  38.5819 W   2.1        2.1       11.9       10.7      112.2 
100710  164519  48   8.7438 N  61  38.5812 W   2.1        2.1       11.9       10.7      112.2 
100710  164520  48   8.7439 N  61  38.5804 W   2.0        2.1       11.9       10.7      110.4*
100710  164521  48   8.7440 N  61  38.5794 W   2.1        2.1       11.9       10.7      110.4 
100710  164522  48   8.7440 N  61  38.5786 W   2.1        2.1       11.9       10.1*     110.4 
100710  164523  48   8.7440 N  61  38.5779 W   2.0        2.1       12.0*      10.1      110.4 
100710  164524  48   8.7441 N  61  38.5770 W   2.0        2.1       12.0       10.1      110.4 
100710  164525  48   8.7442 N  61  38.5760 W   2.1        2.1       12.0       10.1      110.4*
100710  164526  48   8.7443 N  61  38.5752 W   2.1        2.1       12.0       10.1      110.4 
100710  164527  48   8.7443 N  61  38.5744 W   2.0        2.1       12.0       10.1      110.4 
100710  164528  48   8.7443 N  61  38.5736 W   2.0        2.1       12.0       10.4*     110.4 
100710  164529  48   8.7444 N  61  38.5729 W   2.0        2.1       12.0       10.4      110.4 
100710  164530  48   8.7445 N  61  38.5719 W   2.0        2.1       12.0       10.4      110.4 
100710  164531  48   8.7446 N  61  38.5710 W   2.1        2.1       12.0       10.4      110.4*
100710  164532  48   8.7445 N  61  38.5701 W   2.1        2.1       12.0       10.4      110.4 
100710  164533  48   8.7445 N  61  38.5694 W   2.0        2.1       12.0       10.2*     110.4 
100710  164534  48   8.7447 N  61  38.5686 W   2.0        2.1       12.0       10.2      110.4 
100710  164535  48   8.7449 N  61  38.5675 W   2.1        2.1       12.0       10.2      110.4 
100710  164536  48   8.7449 N  61  38.5667 W   2.1        2.1       12.0       10.2      113.0*
100710  164537  48   8.7449 N  61  38.5660 W   2.0        2.1       12.0       10.2      113.0 
100710  164538  48   8.7449 N  61  38.5651 W   2.0        2.1       12.0        9.8*     113.0 
100710  164539  48   8.7450 N  61  38.5642 W   2.1        2.1       12.0        9.8      113.0 
100710  164540  48   8.7452 N  61  38.5634 W   2.1        2.1       12.0        9.8      113.0 
100710  164541  48   8.7453 N  61  38.5626 W   2.0        2.1       12.0        9.8      113.0 
100710  164542  48   8.7452 N  61  38.5617 W   2.0        2.1       12.0        9.8      112.2*
100710  164543  48   8.7452 N  61  38.5609 W   2.0        2.1       12.0        9.8      112.2 
100710  164544  48   8.7453 N  61  38.5599 W   2.1        2.1       12.0        9.4*     112.2 
100710  164545  48   8.7456 N  61  38.5591 W   2.1        2.1       12.0        9.4      112.2 
100710  164546  48   8.7456 N  61  38.5581 W   2.1        2.1       11.0*       9.4      112.2 
100710  164547  48   8.7455 N  61  38.5573 W   2.1        2.1       11.0        9.4      110.0*
100710  164548  48   8.7455 N  61  38.5565 W   2.1        2.1       11.0        9.4      110.0 
100710  164549  48   8.7456 N  61  38.5555 W   2.1        2.1       11.0        9.6*     110.0 
100710  164550  48   8.7458 N  61  38.5545 W   2.1        2.1       11.0        9.6      110.0 
100710  164551  48   8.7459 N  61  38.5536 W   2.1        2.1       11.0        9.6      110.0 
100710  164552  48   8.7458 N  61  38.5529 W   2.1        2.1       11.0        9.6      110.0 
100710  164553  48   8.7458 N  61  38.5521 W   2.1        2.1       11.0        9.6      112.6*
100710  164554  48   8.7459 N  61  38.5512 W   2.1        2.1       11.0        9.1*     112.6 
100710  164555  48   8.7460 N  61  38.5503 W   2.1        2.1       11.0        9.1      112.6 
100710  164556  48   8.7461 N  61  38.5495 W   2.1        2.1       11.0        9.1      112.6 
100710  164557  48   8.7462 N  61  38.5487 W   2.1        2.1       11.0        9.1      112.6 
100710  164558  48   8.7462 N  61  38.5477 W   2.1        2.1       11.0        9.1      110.4*
100710  164559  48   8.7462 N  61  38.5469 W   2.1        2.1       11.0        9.1      110.4 
100710  164600  48   8.7463 N  61  38.5461 W   2.1        2.1       11.0        9.4*     110.4 
100710  164601  48   8.7464 N  61  38.5452 W   2.1        2.1       11.0        9.4      110.4 
100710  164602  48   8.7465 N  61  38.5443 W   2.1        2.1       11.0        9.4      110.4 
100710  164603  48   8.7466 N  61  38.5435 W   2.1        2.1       11.0        9.4      110.4 
100710  164604  48   8.7465 N  61  38.5427 W   2.0        2.1       11.0        9.4      110.4*
100710  164605  48   8.7464 N  61  38.5420 W   2.1        2.1       11.0        2.6*     110.4 
100710  164606  48   8.7465 N  61  38.5411 W   2.1        2.1       11.0        2.6      110.4 
100710  164607  48   8.7467 N  61  38.5403 W   2.1        2.1       11.0        2.6      110.4 
100710  164608  48   8.7467 N  61  38.5394 W   2.2        2.1       11.0        2.6      110.4 
100710  164609  48   8.7466 N  61  38.5386 W   2.1        2.1       11.0        2.6      111.7*
100710  164610  48   8.7465 N  61  38.5378 W   2.1        2.1       11.0        2.6      111.7 
100710  164611  48   8.7466 N  61  38.5370 W   2.1        2.1       11.0        2.6      111.7 
100710  164612  48   8.7467 N  61  38.5361 W   2.2        2.1       11.0        2.6      111.7 
100710  164613  48   8.7468 N  61  38.5351 W   2.2        2.1       11.0        2.6      111.7 
100710  164614  48   8.7468 N  61  38.5342 W   2.2        2.1       11.0        2.6      111.7 
100710  164615  48   8.7467 N  61  38.5334 W   2.1        2.1       11.0       52.7*     112.2*
100710  164616  48   8.7467 N  61  38.5325 W   2.2        2.1       11.0       52.7      112.2 
100710  164617  48   8.7468 N  61  38.5315 W   2.2        2.1        8.1*      52.7      112.2 
100710  164618  48   8.7470 N  61  38.5306 W   2.2        2.1        8.1       52.7      112.2 
100710  164619  48   8.7471 N  61  38.5298 W   2.2        2.1        8.1       52.7      112.2 
100710  164620  48   8.7470 N  61  38.5289 W   2.2        2.1        8.1       52.7      110.4*
100710  164621  48   8.7470 N  61  38.5279 W   2.2        2.1        8.1        8.7*     110.4 
100710  164622  48   8.7473 N  61  38.5270 W   2.2        2.1        8.1        8.7      110.4 
100710  164623  48   8.7474 N  61  38.5261 W   2.2        2.1        8.1        8.7      110.4 
100710  164624  48   8.7473 N  61  38.5254 W   2.1        2.1        8.1        8.7      110.4 
100710  164625  48   8.7472 N  61  38.5246 W   2.1        2.1        8.1        8.7      109.1*
100710  164626  48   8.7474 N  61  38.5237 W   2.1        2.1        8.1        8.6*     109.1 
100710  164627  48   8.7477 N  61  38.5228 W   2.2        2.1        8.1        8.6      109.1 
100710  164628  48   8.7477 N  61  38.5220 W   2.1        2.1        8.1        8.6      109.1 
100710  164629  48   8.7476 N  61  38.5213 W   2.1        2.1        8.1        8.6      109.1 
100710  164630  48   8.7476 N  61  38.5206 W   2.0        2.1        8.1        8.6      109.1 
100710  164631  48   8.7476 N  61  38.5198 W   2.0        2.1        8.1        8.8*     109.5*
100710  164632  48   8.7478 N  61  38.5188 W   2.1        2.1        8.1        8.8      109.5 
100710  164633  48   8.7479 N  61  38.5180 W   2.1        2.1        8.1        8.8      109.5 
100710  164634  48   8.7480 N  61  38.5174 W   2.0        2.1       11.5*       8.8      109.5 
100710  164635  48   8.7480 N  61  38.5166 W   2.0        2.1       11.5        8.8      109.5 
100710  164636  48   8.7479 N  61  38.5156 W   2.0        2.1       11.5        8.8      112.6*
100710  164637  48   8.7480 N  61  38.5148 W   2.0        2.1       11.5        8.7*     112.6 
100710  164638  48   8.7481 N  61  38.5140 W   2.0        2.1       11.5        8.7      112.6 
100710  164639  48   8.7484 N  61  38.5132 W   2.0        2.1       11.5        8.7      112.6 
100710  164640  48   8.7485 N  61  38.5126 W   2.0        2.1       11.5        8.7      112.6 
100710  164641  48   8.7485 N  61  38.5118 W   2.0        2.1       11.5        8.7      112.6 
100710  164642  48   8.7485 N  61  38.5110 W   2.0        2.1       11.5       33.5*     110.0*
100710  164643  48   8.7485 N  61  38.5104 W   1.9        2.1       11.5       33.5      110.0 
100710  164644  48   8.7486 N  61  38.5099 W   1.8        2.1       11.5       33.5      110.0 
100710  164645  48   8.7488 N  61  38.5093 W   1.9        2.1       11.5       33.5      110.0 
100710  164646  48   8.7489 N  61  38.5085 W   1.9        2.1       11.3*      33.5      110.0 
100710  164647  48   8.7490 N  61  38.5079 W   1.9        2.1       11.3       33.5      110.0*
100710  164648  48   8.7492 N  61  38.5073 W   1.8        2.1       11.3       33.5      110.0 
100710  164649  48   8.7492 N  61  38.5066 W   1.8        2.1       11.3       33.5      110.0 
100710  164650  48   8.7492 N  61  38.5059 W   1.8        2.1       11.3       33.5      110.0 
100710  164651  48   8.7494 N  61  38.5053 W   1.8        2.1       11.3       33.5      110.0 
100710  164652  48   8.7497 N  61  38.5046 W   1.8        2.1       11.3       33.5      110.0 
100710  164653  48   8.7499 N  61  38.5039 W   1.8        2.1       11.3       27.8*     110.0 
100710  164654  48   8.7499 N  61  38.5033 W   1.8        2.1       11.3       27.8      110.0 
100710  164655  48   8.7498 N  61  38.5027 W   1.7        2.1       11.3       27.8      110.0 
100710  164656  48   8.7500 N  61  38.5019 W   1.8        2.1       11.3       27.8      110.0 
100710  164657  48   8.7503 N  61  38.5011 W   1.9        2.1       11.3       27.8      110.0 
100710  164658  48   8.7505 N  61  38.5004 W   1.9        2.1       11.3       27.8      110.0 
100710  164659  48   8.7505 N  61  38.4997 W   1.8        2.1       11.3       27.8      110.0 
100710  164700  48   8.7504 N  61  38.4990 W   1.8        2.1       11.3       27.8      110.0 
100710  164701  48   8.7505 N  61  38.4981 W   1.9        2.1       11.3       27.8      110.0 
100710  164702  48   8.7508 N  61  38.4972 W   2.0        2.1       11.3       27.8      110.0 
100710  164703  48   8.7510 N  61  38.4963 W   2.0        2.1        6.5*      27.8      110.0 
100710  164704  48   8.7510 N  61  38.4955 W   1.9        2.1        6.5       27.8      110.0*
100710  164705  48   8.7511 N  61  38.4946 W   2.0        2.1        6.5       27.8      110.0 
100710  164706  48   8.7513 N  61  38.4935 W   2.0        2.1        6.5       27.8      110.0 
100710  164707  48   8.7515 N  61  38.4925 W   2.1        2.1        6.5       27.8      110.0 
100710  164708  48   8.7517 N  61  38.4916 W   2.1        2.1        6.5       27.8      110.0 
100710  164709  48   8.7518 N  61  38.4907 W   2.1        2.1        6.5       27.8      112.2*
100710  164710  48   8.7518 N  61  38.4898 W   2.1        2.2*       6.5       27.8      112.2 
100710  164711  48   8.7518 N  61  38.4890 W   2.1        2.2        6.5       27.8      112.2 
100710  164712  48   8.7518 N  61  38.4880 W   2.1        2.2        6.5       27.8      112.2 
100710  164713  48   8.7520 N  61  38.4871 W   2.1        2.2        6.5       27.8      112.2 
100710  164714  48   8.7521 N  61  38.4861 W   2.2        2.2        6.5       76.0*     112.2 
100710  164715  48   8.7522 N  61  38.4851 W   2.2        2.2        6.5       76.0      110.8*
100710  164716  48   8.7522 N  61  38.4843 W   2.2        2.2        6.5       76.0      110.8 
100710  164717  48   8.7522 N  61  38.4834 W   2.1        2.2        6.5       76.0      110.8 
100710  164718  48   8.7522 N  61  38.4825 W   2.1        2.2        6.5       76.0      110.8 
100710  164719  48   8.7522 N  61  38.4816 W   2.2        2.2        6.5        8.4*     110.8 
100710  164720  48   8.7524 N  61  38.4807 W   2.2        2.2        6.5        8.4      107.3*
100710  164721  48   8.7525 N  61  38.4798 W   2.2        2.2        6.5        8.4      107.3 
100710  164722  48   8.7526 N  61  38.4788 W   2.2        2.2        6.5        8.4      107.3 
100710  164723  48   8.7524 N  61  38.4779 W   2.2        2.2        6.5        8.4      107.3 
100710  164724  48   8.7523 N  61  38.4771 W   2.2        2.2        6.5        8.8*     107.3 
100710  164725  48   8.7524 N  61  38.4763 W   2.2        2.2        6.5        8.8      107.3 
100710  164726  48   8.7526 N  61  38.4753 W   2.2        2.2        6.5        8.8      112.6*
100710  164727  48   8.7528 N  61  38.4743 W   2.3        2.2        6.5        8.8      112.6 
100710  164728  48   8.7527 N  61  38.4736 W   2.2        2.2        6.5        8.8      112.6 
100710  164729  48   8.7526 N  61  38.4728 W   2.1        2.2        6.5        8.7*     112.6 
100710  164730  48   8.7526 N  61  38.4718 W   2.2        2.2        6.5        8.7      112.6 
100710  164731  48   8.7528 N  61  38.4709 W   2.1        2.2        6.5        8.7      109.5*
100710  164732  48   8.7529 N  61  38.4702 W   2.1        2.2        6.5        8.7      109.5 
100710  164733  48   8.7529 N  61  38.4692 W   2.1        2.2        6.5        8.7      109.5 
100710  164734  48   8.7530 N  61  38.4682 W   2.2        2.2       11.4*       8.7      109.5 
100710  164735  48   8.7531 N  61  38.4674 W   2.2        2.2       11.4        8.5*     109.5 
100710  164736  48   8.7531 N  61  38.4667 W   2.1        2.2       11.4        8.5      112.2*
100710  164737  48   8.7531 N  61  38.4659 W   2.0        2.2       11.4        8.5      112.2 
100710  164738  48   8.7531 N  61  38.4650 W   2.0        2.2       11.4        8.5      112.2 
100710  164739  48   8.7533 N  61  38.4642 W   2.0        2.2       11.4        8.5      112.2 
100710  164740  48   8.7536 N  61  38.4632 W   2.0        2.2       11.4        7.6*     112.2 
100710  164741  48   8.7538 N  61  38.4623 W   2.1        2.2       11.4        7.6      112.2 
100710  164742  48   8.7538 N  61  38.4614 W   2.1        2.2       11.4        7.6      110.0*
100710  164743  48   8.7539 N  61  38.4606 W   2.0        2.2       11.4        7.6      110.0 
100710  164744  48   8.7541 N  61  38.4597 W   2.0        2.2       11.4        7.6      110.0 
100710  164745  48   8.7543 N  61  38.4589 W   2.0        2.2       11.4        8.2*     110.0 
100710  164746  48   8.7544 N  61  38.4582 W   2.0        2.2       11.4*       8.2      110.0 
100710  164747  48   8.7543 N  61  38.4574 W   2.0        2.2       11.4        8.2      110.4*
100710  164748  48   8.7544 N  61  38.4565 W   2.0        2.2       11.4        8.2      110.4 
100710  164749  48   8.7546 N  61  38.4555 W   2.0        2.2       11.4        8.2      110.4 
100710  164750  48   8.7547 N  61  38.4548 W   2.0        2.2       11.4        8.2      110.4 
100710  164751  48   8.7547 N  61  38.4540 W   2.0        2.2       11.4        8.6*     110.4 
100710  164752  48   8.7547 N  61  38.4531 W   2.0        2.2       11.4        8.6      110.4 
100710  164753  48   8.7549 N  61  38.4522 W   2.0        2.2       11.4        8.6      110.4 
100710  164754  48   8.7551 N  61  38.4515 W   2.0        2.2       11.4        8.6      110.4 
100710  164755  48   8.7552 N  61  38.4507 W   2.0        2.2       11.4        8.6      110.4 
100710  164756  48   8.7551 N  61  38.4499 W   2.0        2.2       11.4        8.4*     110.4 
100710  164757  48   8.7551 N  61  38.4490 W   2.0        2.2       11.4        8.4      110.4 
100710  164758  48   8.7553 N  61  38.4483 W   2.0        2.2       11.4        8.4      493.1*
100710  164759  48   8.7554 N  61  38.4476 W   2.0        2.2       11.4        8.4      493.1 
100710  164800  48   8.7555 N  61  38.4467 W   2.0        2.2       11.4        8.4      493.1 
100710  164801  48   8.7556 N  61  38.4458 W   2.1        2.2       11.4        8.3*     493.1 
100710  164802  48   8.7557 N  61  38.4450 W   2.0        2.2       11.4        8.3      493.1 
100710  164803  48   8.7556 N  61  38.4443 W   2.0        2.2        6.9*       8.3      493.1 
100710  164804  48   8.7557 N  61  38.4435 W   2.0        2.2        6.9        8.3      109.5*
100710  164805  48   8.7559 N  61  38.4426 W   2.1        2.2        6.9        8.3      109.5 
100710  164806  48   8.7560 N  61  38.4417 W   2.1        2.2        6.9        8.9*     109.5 
100710  164807  48   8.7560 N  61  38.4410 W   2.0        2.2        6.9        8.9      109.5 
100710  164808  48   8.7560 N  61  38.4401 W   2.0        2.2        6.9        8.9      109.5 
100710  164809  48   8.7561 N  61  38.4391 W   2.1        2.2        6.9        8.9      107.3*
100710  164810  48   8.7562 N  61  38.4382 W   2.1        2.2*       6.9        8.9      107.3 
100710  164811  48   8.7563 N  61  38.4374 W   2.1        2.2        6.9        8.9      107.3 
100710  164812  48   8.7564 N  61  38.4365 W   2.1        2.2        6.9        9.1*     107.3 
100710  164813  48   8.7564 N  61  38.4356 W   2.1        2.2        6.9        9.1      107.3 
100710  164814  48   8.7564 N  61  38.4346 W   2.1        2.2        6.9        9.1      107.3 
100710  164815  48   8.7565 N  61  38.4338 W   2.1        2.2        6.9        9.1      111.7*
100710  164816  48   8.7566 N  61  38.4329 W   2.1        2.2        6.9        9.1      111.7 
100710  164817  48   8.7566 N  61  38.4320 W   2.1        2.2        6.9        8.0*     111.7 
100710  164818  48   8.7567 N  61  38.4310 W   2.1        2.2        6.9        8.0      111.7 
100710  164819  48   8.7568 N  61  38.4301 W   2.1        2.2        6.9        8.0      111.7 
100710  164820  48   8.7568 N  61  38.4291 W   2.2        2.2        6.9        8.0      108.6*
100710  164821  48   8.7570 N  61  38.4282 W   2.2        2.2        6.9        8.0      108.6 
100710  164822  48   8.7569 N  61  38.4277 W   2.1        2.2        6.9        8.3*     108.6 
100710  164823  48   8.7568 N  61  38.4267 W   2.1        2.2        6.9        8.3      108.6 
100710  164824  48   8.7568 N  61  38.4258 W   2.2        2.2        6.9        8.3      108.6 
100710  164825  48   8.7570 N  61  38.4248 W   2.2        2.2        6.9        8.3      108.6 
100710  164826  48   8.7572 N  61  38.4239 W   2.2        2.2        6.9        8.3      110.4*
100710  164827  48   8.7572 N  61  38.4230 W   2.2        8.1*       6.9        8.3      110.4 
100710  164828  48   8.7570 N  61  38.4221 W   2.2        8.1        6.9        8.8*     110.4 
100710  164829  48   8.7570 N  61  38.4212 W   2.2        8.1        6.9        8.8      110.4 
100710  164830  48   8.7571 N  61  38.4203 W   2.2        8.1        6.9        8.8      110.4 
100710  164831  48   8.7573 N  61  38.4194 W   2.2        8.1        6.9        8.8      109.5*
100710  164832  48   8.7574 N  61  38.4184 W   2.2        8.1        6.9        8.8      109.5 
100710  164833  48   8.7574 N  61  38.4175 W   2.2        8.1        6.9        8.3*     109.5 
100710  164834  48   8.7574 N  61  38.4166 W   2.2        2.2*       6.9        8.3      109.5 
100710  164835  48   8.7576 N  61  38.4155 W   2.2        2.2        6.9        8.3      109.5 
100710  164836  48   8.7576 N  61  38.4147 W   2.2        2.2        6.9        8.3      109.5*
100710  164837  48   8.7577 N  61  38.4139 W   2.1        2.2        6.9        8.3      109.5 
100710  164838  48   8.7578 N  61  38.4130 W   2.1        2.2        6.9        8.4*     109.5 
100710  164839  48   8.7579 N  61  38.4121 W   2.1        2.2        6.9        8.4      109.5 
100710  164840  48   8.7579 N  61  38.4111 W   2.2        2.2        6.9        8.4      109.5 
100710  164841  48   8.7579 N  61  38.4102 W   2.2        2.2        6.9        8.4      109.5 
100710  164842  48   8.7580 N  61  38.4095 W   2.1        2.2        6.9        8.4      110.8*
100710  164843  48   8.7581 N  61  38.4087 W   2.1        2.2        6.9        8.6*     110.8 
100710  164844  48   8.7581 N  61  38.4076 W   2.1        2.2        6.9        8.6      110.8 
100710  164845  48   8.7582 N  61  38.4068 W   2.1        2.2        6.9        8.6      110.8 
100710  164846  48   8.7583 N  61  38.4060 W   2.1        2.2       12.1*       8.6      110.8 
100710  164847  48   8.7583 N  61  38.4050 W   2.1        2.2       12.1        8.6      107.8*
100710  164848  48   8.7584 N  61  38.4040 W   2.2        2.2       12.1        8.6      107.8 
100710  164849  48   8.7586 N  61  38.4031 W   2.2        2.2       12.1        8.5*     107.8 
100710  164850  48   8.7587 N  61  38.4024 W   2.1        2.2       12.1        8.5      107.8 
100710  164851  48   8.7587 N  61  38.4016 W   2.1        2.2       12.1        8.5      107.8 
100710  164852  48   8.7587 N  61  38.4007 W   2.1        2.2       12.1        8.5      107.8 
100710  164853  48   8.7589 N  61  38.3998 W   2.1        2.2       12.1        8.5      111.7*
100710  164854  48   8.7592 N  61  38.3988 W   2.2        2.2       12.1        9.0*     111.7 
100710  164855  48   8.7593 N  61  38.3979 W   2.1        2.2       12.1        9.0      111.7 
100710  164856  48   8.7592 N  61  38.3972 W   2.1        2.2       12.1        9.0      111.7 
100710  164857  48   8.7592 N  61  38.3964 W   2.1        2.2       12.1        9.0      111.7 
100710  164858  48   8.7594 N  61  38.3956 W   2.1        2.2        9.7*       9.0      108.6*
100710  164859  48   8.7596 N  61  38.3948 W   2.1        2.2        9.7        8.7*     108.6 
100710  164900  48   8.7597 N  61  38.3938 W   2.1        2.2        9.7        8.7      108.6 
100710  164901  48   8.7597 N  61  38.3930 W   2.1        2.2        9.7        8.7      108.6 
100710  164902  48   8.7597 N  61  38.3922 W   2.1        2.2        9.7        8.7      108.6 
100710  164903  48   8.7598 N  61  38.3914 W   2.1        2.2        9.7        8.7      108.6 
100710  164904  48   8.7599 N  61  38.3906 W   2.1        2.2        9.7        8.7      110.4*
100710  164905  48   8.7600 N  61  38.3898 W   2.1        2.2        9.7        8.7      110.4 
100710  164906  48   8.7600 N  61  38.3890 W   2.1        2.2        9.7        8.7      110.4 
100710  164907  48   8.7602 N  61  38.3881 W   2.1        2.2        9.7        8.7      110.4 
100710  164908  48   8.7602 N  61  38.3873 W   2.1        2.2        9.7        8.7      110.4 
100710  164909  48   8.7603 N  61  38.3865 W   2.1        2.2        9.7        8.7      109.5*
100710  164910  48   8.7603 N  61  38.3857 W   2.0        2.2        9.7       30.3*     109.5 
100710  164911  48   8.7604 N  61  38.3849 W   2.0        2.2        9.7       30.3      109.5 
100710  164912  48   8.7605 N  61  38.3839 W   2.1        2.2        9.7       30.3      109.5 
100710  164913  48   8.7606 N  61  38.3831 W   2.1        2.2        9.7       30.3      109.5 
100710  164914  48   8.7607 N  61  38.3822 W   2.0        2.2        9.7       30.3      109.5 
100710  164915  48   8.7607 N  61  38.3814 W   2.1        2.2        9.7       18.2*     109.5 
100710  164916  48   8.7609 N  61  38.3805 W   2.1        2.2        9.7       18.2      109.5 
100710  164917  48   8.7611 N  61  38.3798 W   2.0        2.2        9.7       18.2      109.5 
100710  164918  48   8.7611 N  61  38.3792 W   1.9        2.2        9.7       18.2      109.5 
100710  164919  48   8.7611 N  61  38.3785 W   1.9        2.2        9.7       18.2      109.5 
100710  164920  48   8.7612 N  61  38.3778 W   1.9        2.2        9.7       18.2      109.5 
100710  164921  48   8.7614 N  61  38.3772 W   1.9        2.2        9.7       18.2      109.5 
100710  164922  48   8.7615 N  61  38.3766 W   1.8        2.2       12.3*      18.2      109.5 
100710  164923  48   8.7616 N  61  38.3760 W   1.7        2.2       12.3       18.2      109.5 
100710  164924  48   8.7617 N  61  38.3753 W   1.7        2.2       12.3       18.2      109.5 
100710  164925  48   8.7618 N  61  38.3747 W   1.7        2.2       12.3       18.2      109.5 
100710  164926  48   8.7620 N  61  38.3742 W   1.6        2.2       12.3       18.2      109.5 
100710  164927  48   8.7621 N  61  38.3737 W   1.6        2.2       12.3       18.2      109.5 
100710  164928  48   8.7622 N  61  38.3731 W   1.6        2.2       12.3       18.2      109.5 
100710  164929  48   8.7623 N  61  38.3725 W   1.5        2.2       12.3       18.2      109.5 
100710  164930  48   8.7625 N  61  38.3720 W   1.4        2.2       12.3       18.2      109.5 
100710  164931  48   8.7627 N  61  38.3715 W   1.4        2.2       12.3       10.4*     109.5 
100710  164932  48   8.7628 N  61  38.3710 W   1.4        2.2       12.3       10.4      109.5 
100710  164933  48   8.7629 N  61  38.3706 W   1.4        2.2       12.3       10.4      109.5 
100710  164934  48   8.7630 N  61  38.3702 W   1.3        2.2       12.3       10.4      109.5 
100710  164935  48   8.7630 N  61  38.3696 W   1.3        2.2       12.3       10.4      109.5 
100710  164936  48   8.7631 N  61  38.3692 W   1.3        2.2       12.3       10.4      109.5 
100710  164937  48   8.7634 N  61  38.3688 W   1.2        2.2       12.3       20.0*     109.5 
100710  164938  48   8.7635 N  61  38.3684 W   1.2        2.2       12.3       20.0      109.5 
100710  164939  48   8.7636 N  61  38.3678 W   1.2        2.2       12.3       20.0      109.5 
100710  164940  48   8.7637 N  61  38.3672 W   1.2        2.2       12.3       20.0      109.5 
100710  164941  48   8.7639 N  61  38.3668 W   1.2        2.2       12.3       20.0      109.5 
100710  164942  48   8.7640 N  61  38.3664 W   1.2        2.2       12.3       20.0       33.4*
100710  164943  48   8.7640 N  61  38.3661 W   1.2        2.2       12.3       20.0       33.4 
100710  164944  48   8.7641 N  61  38.3658 W   1.2        2.2       12.3       20.0       33.4 
100710  164945  48   8.7641 N  61  38.3655 W   1.1        2.2       12.3       20.0       33.4 
100710  164946  48   8.7642 N  61  38.3652 W   1.1        2.2       12.3       20.0       33.4 
100710  164947  48   8.7644 N  61  38.3648 W   1.1        2.2       12.3       14.5*      62.9*
100710  164948  48   8.7645 N  61  38.3645 W   1.1        2.2       12.3       14.5       62.9 
100710  164949  48   8.7647 N  61  38.3642 W   1.1        2.2       12.3       14.5       62.9 
100710  164950  48   8.7648 N  61  38.3638 W   1.1        2.2       12.3       14.5       62.9 
100710  164951  48   8.7648 N  61  38.3633 W   1.1        2.2       12.3       14.5       62.9 
100710  164952  48   8.7650 N  61  38.3630 W   1.0        2.2       12.3        7.4*      62.9 
100710  164953  48   8.7653 N  61  38.3626 W   1.1        2.2       12.3        7.4       83.1*
100710  164954  48   8.7654 N  61  38.3622 W   1.1        2.2       12.3        7.4       83.1 
100710  164955  48   8.7655 N  61  38.3619 W   1.1        2.2       12.3        7.4       83.1 
100710  164956  48   8.7656 N  61  38.3617 W   1.1        2.2       12.3        7.4       83.1 
100710  164957  48   8.7657 N  61  38.3615 W   1.0        2.2       12.3        7.4       83.1 
100710  164958  48   8.7659 N  61  38.3610 W   1.1        2.2       12.3        2.6*     111.7*
100710  164959  48   8.7661 N  61  38.3605 W   1.1        2.2       12.3        2.6      111.7 
100710  165000  48   8.7663 N  61  38.3602 W   1.1        2.2       12.3        2.6      111.7 
100710  165001  48   8.7665 N  61  38.3600 W   1.0        2.2       12.3        2.6      111.7 
100710  165002  48   8.7666 N  61  38.3597 W   1.0        2.2       12.3        2.6      111.7 
100710  165003  48   8.7667 N  61  38.3593 W   1.1        2.2       12.3        2.6      111.7 
100710  165004  48   8.7669 N  61  38.3591 W   1.1        2.2       12.3        2.6       66.4*
100710  165005  48   8.7670 N  61  38.3589 W   1.0        2.2       12.3        2.6       66.4 
100710  165006  48   8.7671 N  61  38.3586 W   1.0        2.2       12.3        2.6       66.4 
100710  165007  48   8.7672 N  61  38.3584 W   1.0        2.2       12.3        2.6       66.4 
100710  165008  48   8.7674 N  61  38.3583 W   1.0        2.2       12.3        2.6       66.4 
100710  165009  48   8.7676 N  61  38.3582 W   1.0        2.2       12.3        2.6      157.5*
100710  165010  48   8.7677 N  61  38.3578 W   1.0        2.2       12.3        2.6      157.5 
100710  165011  48   8.7678 N  61  38.3575 W   1.0        2.2       12.3        2.6      157.5 
100710  165012  48   8.7680 N  61  38.3572 W   0.9        2.2       12.3        2.6      157.5 
100710  165013  48   8.7684 N  61  38.3569 W   1.0        2.2       12.3       17.3*     157.5 
100710  165014  48   8.7686 N  61  38.3566 W   1.1        2.2       12.3       17.3      157.5 
100710  165015  48   8.7687 N  61  38.3564 W   1.0        2.2       12.3       17.3      157.5 
100710  165016  48   8.7687 N  61  38.3561 W   0.9        2.2       12.3       17.3      157.5 
100710  165017  48   8.7689 N  61  38.3558 W   0.9        2.2       12.3       17.3      157.5 
100710  165018  48   8.7692 N  61  38.3557 W   1.0        2.2       12.3        8.9*     157.5 
100710  165019  48   8.7694 N  61  38.3557 W   1.1        2.2       12.3        8.9      157.5 
100710  165020  48   8.7695 N  61  38.3554 W   1.0        2.2       12.3        8.9      157.5 
100710  165021  48   8.7695 N  61  38.3552 W   0.9        2.2       12.3        8.9      157.5 
100710  165022  48   8.7696 N  61  38.3551 W   0.9        2.2       12.3        8.9      157.5 
100710  165023  48   8.7700 N  61  38.3549 W   1.0        2.2       12.3        0.6*     157.5 
100710  165024  48   8.7702 N  61  38.3547 W   1.0        2.2       12.3        0.6      157.5 
100710  165025  48   8.7703 N  61  38.3544 W   0.9        2.2       12.3        0.6      157.5 
100710  165026  48   8.7704 N  61  38.3541 W   0.9        2.2       12.3        0.6      106.4*
100710  165027  48   8.7705 N  61  38.3540 W   0.9        2.2       12.3        0.6      106.4 
100710  165028  48   8.7706 N  61  38.3538 W   0.9        2.2       12.3        0.6      106.4 
100710  165029  48   8.7707 N  61  38.3538 W   0.9        2.2       12.3       16.7*     106.4 
100710  165030  48   8.7709 N  61  38.3535 W   0.9        2.2       12.3       16.7      106.4 
100710  165031  48   8.7710 N  61  38.3531 W   0.9        2.2       12.3       16.7       93.3*
100710  165032  48   8.7712 N  61  38.3527 W   0.9        2.2       12.3       16.7       93.3 
100710  165033  48   8.7713 N  61  38.3524 W   0.8        2.2       12.3       16.7       93.3 
100710  165034  48   8.7715 N  61  38.3522 W   0.8        2.2       12.3        1.4*      93.3 
100710  165035  48   8.7717 N  61  38.3517 W   0.8        2.2       12.3        1.4       93.3 
100710  165036  48   8.7720 N  61  38.3514 W   0.9        2.2       12.3        1.4       77.0*
100710  165037  48   8.7722 N  61  38.3511 W   0.9        2.2       12.3        1.4       77.0 
100710  165038  48   8.7722 N  61  38.3507 W   0.8        2.2       12.3        1.4       77.0 
100710  165039  48   8.7723 N  61  38.3503 W   0.9        2.2       12.3        1.4       77.0 
100710  165040  48   8.7726 N  61  38.3499 W   0.9        2.2       12.3        1.4       77.0 
100710  165041  48   8.7730 N  61  38.3496 W   1.0        2.2       12.3        1.4       77.0 
100710  165042  48   8.7732 N  61  38.3493 W   1.0        2.2       12.3        1.4      124.0*
100710  165043  48   8.7733 N  61  38.3489 W   0.9        2.2       12.3        1.4      124.0 
100710  165044  48   8.7734 N  61  38.3484 W   0.9        2.2       12.3        1.4      124.0 
100710  165045  48   8.7737 N  61  38.3481 W   1.0        2.2       12.3        1.4      124.0 
100710  165046  48   8.7739 N  61  38.3480 W   0.9        2.2       12.3        1.4      124.0 
100710  165047  48   8.7741 N  61  38.3478 W   0.9        2.2       12.3        1.4      128.4*
100710  165048  48   8.7743 N  61  38.3474 W   0.9        2.2       12.3        1.4      128.4 
100710  165049  48   8.7744 N  61  38.3471 W   0.9        2.2       12.3        1.4      128.4 
100710  165050  48   8.7747 N  61  38.3466 W   0.9        2.2       12.3        9.8*     128.4 
100710  165051  48   8.7749 N  61  38.3463 W   0.9        2.2       12.3        9.8      128.4 
100710  165052  48   8.7751 N  61  38.3461 W   0.9        2.2       12.3        9.8      128.4 
100710  165053  48   8.7751 N  61  38.3461 W   0.8        2.2        6.6*       9.8       83.1*
100710  165054  48   8.7754 N  61  38.3457 W   0.9        2.2        6.6        9.8       83.1 
100710  165055  48   8.7758 N  61  38.3451 W   1.0        2.2        6.6        0.5*      83.1 
100710  165056  48   8.7761 N  61  38.3447 W   1.1        2.2        6.6        0.5       83.1 
100710  165057  48   8.7762 N  61  38.3444 W   1.0        2.2        6.6        0.5       83.1 
100710  165058  48   8.7763 N  61  38.3442 W   0.9        2.2        6.6        0.5       83.1 
100710  165059  48   8.7766 N  61  38.3436 W   1.0        2.2        6.6        0.5       83.1 
100710  165100  48   8.7769 N  61  38.3431 W   1.2        6.1*       6.6        8.1*      83.1 
100710  165101  48   8.7773 N  61  38.3427 W   1.2        6.1        6.6        8.1       83.1 
100710  165102  48   8.7774 N  61  38.3423 W   1.2        6.1        6.6        8.1       83.1 
100710  165103  48   8.7776 N  61  38.3418 W   1.2        6.1        6.6        8.1       83.1 
100710  165104  48   8.7778 N  61  38.3413 W   1.2        6.1        6.6        8.1       83.1 
100710  165105  48   8.7781 N  61  38.3409 W   1.2        6.1        6.6        8.1       83.1 
100710  165106  48   8.7783 N  61  38.3406 W   1.2        6.1        6.6       10.1*      83.1 
100710  165107  48   8.7786 N  61  38.3403 W   1.2        6.1        6.6       10.1       83.1 
100710  165108  48   8.7788 N  61  38.3398 W   1.2        6.1        6.6       10.1       83.1 
100710  165109  48   8.7789 N  61  38.3395 W   1.1        6.1        6.6       10.1       83.1 
100710  165110  48   8.7790 N  61  38.3392 W   1.1        6.1        6.6       10.1      358.1*
100710  165111  48   8.7792 N  61  38.3389 W   1.1        6.1        6.6       10.1      358.1 
100710  165112  48   8.7794 N  61  38.3386 W   1.1        6.1        6.6       10.1      358.1 
100710  165113  48   8.7796 N  61  38.3384 W   1.1       10.5*       6.6       10.1      358.1 
100710  165114  48   8.7798 N  61  38.3381 W   1.1       10.5        6.6       10.1      358.1 
100710  165115  48   8.7799 N  61  38.3377 W   1.0       10.5        6.6       10.1      358.1 
100710  165116  48   8.7801 N  61  38.3375 W   1.0       10.5        6.6       34.5*     358.1 
100710  165117  48   8.7803 N  61  38.3372 W   1.0       10.5        6.6       34.5      358.1 
100710  165118  48   8.7804 N  61  38.3369 W   1.0       10.5        6.6       34.5      358.1 
100710  165119  48   8.7807 N  61  38.3365 W   1.1       10.5        6.6       34.5      358.1 
100710  165120  48   8.7810 N  61  38.3361 W   1.1       10.5        6.6       34.5       53.2*
100710  165121  48   8.7810 N  61  38.3359 W   1.0       10.5        6.6       34.5       53.2 
100710  165122  48   8.7812 N  61  38.3354 W   1.0       10.5        6.6        5.6*      53.2 
100710  165123  48   8.7815 N  61  38.3348 W   1.1       10.5        6.6        5.6       53.2 
100710  165124  48   8.7819 N  61  38.3346 W   1.1       10.5        6.6        5.6       53.2 
100710  165125  48   8.7822 N  61  38.3345 W   1.1       10.5       12.5*       5.6       53.2 
100710  165126  48   8.7823 N  61  38.3341 W   1.1       10.5       12.5        5.6       53.2 
100710  165127  48   8.7823 N  61  38.3338 W   1.1       10.5       12.5       16.1*      53.2 
100710  165128  48   8.7826 N  61  38.3335 W   1.1       10.5       12.5       16.1       53.2 
100710  165129  48   8.7829 N  61  38.3333 W   1.1       10.5       12.5       16.1       53.2 
100710  165130  48   8.7831 N  61  38.3330 W   1.1       10.5       12.5       16.1       53.2 
100710  165131  48   8.7832 N  61  38.3327 W   1.1       10.5       12.5       16.1       53.2 
100710  165132  48   8.7834 N  61  38.3323 W   1.1       10.5       12.5       16.1       53.2 
100710  165133  48   8.7836 N  61  38.3320 W   1.0       10.5       12.5       16.1       53.2 
100710  165134  48   8.7838 N  61  38.3318 W   1.0       10.5       12.5       16.1       53.2 
100710  165135  48   8.7840 N  61  38.3315 W   1.0       10.5       12.5       16.1       53.2 
100710  165136  48   8.7842 N  61  38.3312 W   1.0       10.5       12.5       16.1       57.6*
100710  165137  48   8.7844 N  61  38.3308 W   1.0       10.5       12.5        8.0*      57.6 
100710  165138  48   8.7845 N  61  38.3305 W   1.0       10.5       12.5        8.0       57.6 
100710  165139  48   8.7846 N  61  38.3304 W   0.9       10.5       12.5        8.0       57.6 
100710  165140  48   8.7848 N  61  38.3302 W   0.9       10.5       12.5        8.0       57.6 
100710  165141  48   8.7849 N  61  38.3299 W   0.9       10.5       12.5        8.0       57.6 
100710  165142  48   8.7851 N  61  38.3294 W   1.0       10.5       12.5        8.0       57.6 
100710  165143  48   8.7853 N  61  38.3293 W   0.9       10.5       12.5        4.1*      57.6 
100710  165144  48   8.7854 N  61  38.3291 W   0.9       10.5       12.5        4.1       57.6 
100710  165145  48   8.7855 N  61  38.3287 W   0.9       10.5       12.5        4.1       57.6 
100710  165146  48   8.7857 N  61  38.3284 W   0.9       10.5       12.5        4.1       57.6 
100710  165147  48   8.7859 N  61  38.3282 W   0.9       10.5       12.5        4.1      355.0*
100710  165148  48   8.7861 N  61  38.3280 W   0.9       10.5       12.5       11.3*     355.0 
100710  165149  48   8.7862 N  61  38.3277 W   0.9       10.5       12.5       11.3      355.0 
100710  165150  48   8.7863 N  61  38.3273 W   0.9       10.5       12.5       11.3      355.0 
100710  165151  48   8.7864 N  61  38.3269 W   0.9       10.5       12.5       11.3      355.0 
100710  165152  48   8.7867 N  61  38.3266 W   0.9       10.5       12.5       11.3       69.1*
100710  165153  48   8.7869 N  61  38.3263 W   0.9       10.5       12.5        8.3*      69.1 
100710  165154  48   8.7872 N  61  38.3258 W   1.0       10.5       12.5        8.3       69.1 
100710  165155  48   8.7875 N  61  38.3255 W   1.0       10.5       12.5        8.3       69.1 
100710  165156  48   8.7877 N  61  38.3252 W   0.9       10.5       12.5        8.3       69.1 
100710  165157  48   8.7879 N  61  38.3247 W   0.9       10.5       12.5        8.3       62.5*
100710  165158  48   8.7882 N  61  38.3240 W   1.1       10.5       12.5        4.3*      62.5 
100710  165159  48   8.7887 N  61  38.3233 W   1.1       10.5       12.5        4.3       62.5 
100710  165200  48   8.7890 N  61  38.3230 W   1.2       10.5       12.5        4.3       62.5 
100710  165201  48   8.7891 N  61  38.3227 W   1.2       10.5       10.4*       4.3       62.5 
100710  165202  48   8.7893 N  61  38.3222 W   1.2       10.5       10.4        4.3       62.5 
100710  165203  48   8.7896 N  61  38.3216 W   1.2       10.5       10.4        4.3       66.9*
100710  165204  48   8.7899 N  61  38.3211 W   1.3       10.5       10.4        7.4*      66.9 
100710  165205  48   8.7903 N  61  38.3206 W   1.3       10.5       10.4        7.4       66.9 
100710  165206  48   8.7907 N  61  38.3201 W   1.3       10.5       10.4        7.4       66.9 
100710  165207  48   8.7908 N  61  38.3197 W   1.3       10.5       10.4        7.4       66.9 
100710  165208  48   8.7909 N  61  38.3193 W   1.2       10.5       10.4        7.4       56.7*
100710  165209  48   8.7911 N  61  38.3190 W   1.2       10.5       10.4       11.3*      56.7 
100710  165210  48   8.7914 N  61  38.3185 W   1.3       10.5       10.4       11.3       56.7 
100710  165211  48   8.7918 N  61  38.3179 W   1.3       10.5       10.4       11.3       56.7 
100710  165212  48   8.7920 N  61  38.3174 W   1.3       10.5       10.4       11.3       56.7 
100710  165213  48   8.7921 N  61  38.3171 W   1.2       10.5       11.7*      11.3       51.5*
100710  165214  48   8.7924 N  61  38.3166 W   1.2       10.5       11.7        8.0*      51.5 
100710  165215  48   8.7927 N  61  38.3161 W   1.3       10.5       11.7        8.0       51.5 
100710  165216  48   8.7930 N  61  38.3157 W   1.3       10.5       11.7        8.0       51.5 
100710  165217  48   8.7931 N  61  38.3154 W   1.2       10.5       11.7        8.0       51.5 
100710  165218  48   8.7932 N  61  38.3151 W   1.2       10.5       11.7        8.0       51.5 
100710  165219  48   8.7934 N  61  38.3145 W   1.2       10.5       11.7        8.0       56.3*
100710  165220  48   8.7937 N  61  38.3140 W   1.3       10.5       11.7        8.0       56.3 
100710  165221  48   8.7940 N  61  38.3136 W   1.3       10.5       11.7        8.0       56.3 
100710  165222  48   8.7942 N  61  38.3133 W   1.2       10.5       11.7        8.0       56.3 
100710  165223  48   8.7943 N  61  38.3128 W   1.2       10.5       11.7        8.0       56.3 
100710  165224  48   8.7945 N  61  38.3124 W   1.2       10.5       11.7        8.0       44.9*
100710  165225  48   8.7948 N  61  38.3120 W   1.2       10.5       11.7       28.7*      44.9 
100710  165226  48   8.7950 N  61  38.3117 W   1.2       10.5       11.7       28.7       44.9 
100710  165227  48   8.7951 N  61  38.3113 W   1.2       10.5       11.7       28.7       44.9 
100710  165228  48   8.7952 N  61  38.3109 W   1.2       10.5       11.7       28.7       44.9 
100710  165229  48   8.7955 N  61  38.3103 W   1.2       10.5       11.7       28.7       38.7*
100710  165230  48   8.7956 N  61  38.3099 W   1.2       10.5       11.7       28.7       38.7 
100710  165231  48   8.7958 N  61  38.3095 W   1.2       10.5       11.7       28.7       38.7 
100710  165232  48   8.7960 N  61  38.3088 W   1.2       10.5       11.7       28.7       38.7 
100710  165233  48   8.7962 N  61  38.3085 W   1.3       10.5       11.7       28.7       38.7 
100710  165234  48   8.7964 N  61  38.3080 W   1.3       10.5       11.7       28.7       38.7 
100710  165235  48   8.7966 N  61  38.3073 W   1.3       10.5       11.7        4.8*      38.7 
