FileName: C:\TRAWLS~1\FALL\GP067F.TXT
Local Time: Sat Aug 15 19:11:25 2009

Ship: August 15, 2009 Trip: GP067F Tow: 12
Comments: zone 12 sud ouest du banc orphelin
 Date    Time     Latitude       Longitude    Speed    Primary  Secondary DoorSpread      Depth 
090815  221125  48  15.5770 N  63  21.2947 W   5.2        3.5*       5.2*     124.1*      17.6*
090815  221126  48  15.5786 N  63  21.2946 W   5.3        3.5        5.2      124.1       17.6 
090815  221127  48  15.5803 N  63  21.2946 W   5.4        3.5        5.2      124.1       17.6 
090815  221128  48  15.5820 N  63  21.2945 W   5.5        3.5        5.2      124.1       17.6 
090815  221129  48  15.5837 N  63  21.2944 W   5.6        3.5        5.2      124.1       17.6 
090815  221130  48  15.5854 N  63  21.2944 W   5.6        3.5        5.2      124.1       17.6 
090815  221131  48  15.5872 N  63  21.2944 W   5.7        3.5        5.2      124.1       17.6 
090815  221132  48  15.5889 N  63  21.2943 W   5.8        3.5        5.2      124.1       17.6 
090815  221133  48  15.5906 N  63  21.2940 W   5.9        3.5        5.2      124.1       17.6 
090815  221134  48  15.5923 N  63  21.2939 W   5.9        3.5        5.2      124.1       17.6 
090815  221135  48  15.5940 N  63  21.2940 W   5.9        3.5        5.2      124.1       17.6 
090815  221136  48  15.5957 N  63  21.2939 W   5.9        3.5        5.2      124.1       17.6 
090815  221137  48  15.5974 N  63  21.2935 W   5.9        3.5        5.2      124.1       17.6 
090815  221138  48  15.5991 N  63  21.2933 W   5.9        3.5        5.2      124.1       17.6 
090815  221139  48  15.6007 N  63  21.2933 W   5.9        3.5        5.2      124.1       17.6 
090815  221140  48  15.6023 N  63  21.2933 W   5.8        3.5        5.2      124.1       17.6 
090815  221141  48  15.6038 N  63  21.2931 W   5.7        3.5        5.2      124.1       17.6 
090815  221142  48  15.6051 N  63  21.2928 W   5.6        3.5        5.2      124.1       17.6 
090815  221143  48  15.6065 N  63  21.2928 W   5.4        3.5        5.2      124.1       17.6 
090815  221144  48  15.6078 N  63  21.2929 W   5.3        3.5        5.2      124.1       17.6 
090815  221145  48  15.6091 N  63  21.2929 W   5.2        3.5        5.2      124.1       17.6 
090815  221146  48  15.6102 N  63  21.2927 W   5.0        3.5        5.2      124.1       17.6 
090815  221147  48  15.6113 N  63  21.2926 W   4.8        3.5        5.2      124.1       17.6 
090815  221148  48  15.6123 N  63  21.2927 W   4.6        3.5        5.2      124.1       17.6 
090815  221149  48  15.6133 N  63  21.2928 W   4.4        3.5        5.2      124.1       17.6 
090815  221150  48  15.6143 N  63  21.2927 W   4.3        3.5        5.2      124.1       17.6 
090815  221151  48  15.6152 N  63  21.2926 W   4.1        3.5        5.2      124.1       17.6 
090815  221152  48  15.6160 N  63  21.2927 W   3.9        3.5        5.2      124.1       17.6 
090815  221153  48  15.6169 N  63  21.2928 W   3.8        3.5        5.2      124.1       17.6 
090815  221154  48  15.6178 N  63  21.2929 W   3.7        3.5        5.2      124.1       17.6 
090815  221155  48  15.6186 N  63  21.2929 W   3.6        3.5        5.2      124.1       17.6 
090815  221156  48  15.6194 N  63  21.2929 W   3.4        3.5        5.2      124.1       17.6 
090815  221157  48  15.6202 N  63  21.2929 W   3.3        3.5        5.2      124.1       17.6 
090815  221158  48  15.6209 N  63  21.2931 W   3.2        3.5        5.2      124.1       17.6 
090815  221159  48  15.6217 N  63  21.2932 W   3.1        3.5        5.2      124.1       17.6 
090815  221200  48  15.6223 N  63  21.2932 W   3.0        3.5        5.2      124.1       17.6 
090815  221201  48  15.6229 N  63  21.2932 W   2.9        3.5        5.2      124.1       17.6 
090815  221202  48  15.6236 N  63  21.2932 W   2.8        3.5        5.2      124.1       17.6 
090815  221203  48  15.6242 N  63  21.2933 W   2.7        3.5        5.2      124.1       17.6 
090815  221204  48  15.6248 N  63  21.2934 W   2.6        3.5        5.2        2.9*      17.6 
090815  221205  48  15.6254 N  63  21.2934 W   2.6        3.5        5.2        2.9      477.7*
090815  221206  48  15.6260 N  63  21.2934 W   2.5        3.5        5.2        2.9      477.7 
090815  221207  48  15.6265 N  63  21.2935 W   2.4        3.5        5.2        2.9      477.7 
090815  221208  48  15.6271 N  63  21.2935 W   2.4        3.5        5.2        2.9      477.7 
090815  221209  48  15.6276 N  63  21.2934 W   2.3        3.5        5.2        2.9      477.7 
090815  221210  48  15.6282 N  63  21.2935 W   2.2        3.5        5.2        2.9      477.7 
090815  221211  48  15.6287 N  63  21.2936 W   2.2        3.5        5.2        2.9      477.7 
090815  221212  48  15.6293 N  63  21.2935 W   2.1        3.5        5.2        2.9      477.7 
090815  221213  48  15.6298 N  63  21.2935 W   2.1        3.5        5.2        2.9      477.7 
090815  221214  48  15.6304 N  63  21.2935 W   2.1        3.5        5.2        2.9      477.7 
090815  221215  48  15.6310 N  63  21.2936 W   2.1        3.5        5.2        2.9      477.7 
090815  221216  48  15.6317 N  63  21.2936 W   2.2        3.5        5.2        2.9      477.7 
090815  221217  48  15.6325 N  63  21.2935 W   2.3        3.5        5.2        2.9      477.7 
090815  221218  48  15.6333 N  63  21.2934 W   2.4        3.5        5.2        2.9      477.7 
090815  221219  48  15.6342 N  63  21.2934 W   2.5        3.5        5.2        2.9      477.7 
090815  221220  48  15.6352 N  63  21.2935 W   2.7        3.5        5.2        2.9      477.7 
090815  221221  48  15.6363 N  63  21.2934 W   2.9        3.5        5.2        2.9      477.7 
090815  221222  48  15.6375 N  63  21.2932 W   3.1        3.5        5.2        2.9      477.7 
090815  221223  48  15.6387 N  63  21.2930 W   3.3        3.5        5.2        2.9      477.7 
090815  221224  48  15.6401 N  63  21.2930 W   3.6        3.5        5.2        2.9      477.7 
090815  221225  48  15.6414 N  63  21.2929 W   3.8        3.5        5.2        2.9      477.7 
090815  221226  48  15.6429 N  63  21.2927 W   4.0        3.5        5.2        2.9      477.7 
090815  221227  48  15.6444 N  63  21.2924 W   4.2        3.5        5.2        2.9      477.7 
090815  221228  48  15.6459 N  63  21.2922 W   4.4        3.5        5.2        2.9      477.7 
090815  221229  48  15.6474 N  63  21.2922 W   4.6        3.5        5.2        2.9      477.7 
090815  221230  48  15.6490 N  63  21.2922 W   4.8        3.5        5.2        2.9      477.7 
090815  221231  48  15.6506 N  63  21.2920 W   5.0        2.5*       5.2        2.9      477.7 
090815  221232  48  15.6523 N  63  21.2917 W   5.1        2.5        5.2        2.9      477.7 
090815  221233  48  15.6539 N  63  21.2916 W   5.2        2.5        5.2        2.9      477.7 
090815  221234  48  15.6557 N  63  21.2915 W   5.4        2.5        5.2        2.9      477.7 
090815  221235  48  15.6574 N  63  21.2913 W   5.5        2.5        5.2        3.2*     477.7 
090815  221236  48  15.6591 N  63  21.2911 W   5.6        2.5        5.2        3.2      603.5*
090815  221237  48  15.6609 N  63  21.2909 W   5.7        2.5        5.2        3.2      603.5 
090815  221238  48  15.6626 N  63  21.2907 W   5.8        2.5        5.2        3.2      603.5 
090815  221239  48  15.6643 N  63  21.2905 W   5.9        2.5        5.2        3.2      603.5 
090815  221240  48  15.6660 N  63  21.2903 W   5.9        2.5        5.2        3.2      603.5 
090815  221241  48  15.6678 N  63  21.2898 W   6.0        2.5        5.2        3.2      603.5 
090815  221242  48  15.6697 N  63  21.2893 W   6.1        2.5        5.2        3.2      603.5 
090815  221243  48  15.6715 N  63  21.2890 W   6.2        2.5        5.2        3.2      603.5 
090815  221244  48  15.6733 N  63  21.2887 W   6.2        2.5        5.2        3.2      603.5 
090815  221245  48  15.6751 N  63  21.2884 W   6.3        2.5        5.2        3.2      603.5 
090815  221246  48  15.6769 N  63  21.2882 W   6.3        2.5        5.2        3.2      603.5 
090815  221247  48  15.6787 N  63  21.2881 W   6.3        2.5        5.2        3.2      603.5 
090815  221248  48  15.6805 N  63  21.2881 W   6.3        2.5        5.2        3.2      603.5 
090815  221249  48  15.6823 N  63  21.2878 W   6.4        2.5        5.2        3.2      603.5 
090815  221250  48  15.6842 N  63  21.2874 W   6.4        2.5        5.2        3.2      603.5 
090815  221251  48  15.6860 N  63  21.2870 W   6.5        2.5        5.2        3.7*     603.5 
090815  221252  48  15.6879 N  63  21.2866 W   6.5        2.5        5.2        3.7      603.5 
090815  221253  48  15.6897 N  63  21.2863 W   6.5        2.5        5.2        3.7      603.5 
090815  221254  48  15.6916 N  63  21.2860 W   6.5        2.5        5.2        3.7      603.5 
090815  221255  48  15.6934 N  63  21.2858 W   6.5        2.5        5.2        3.7      603.5 
090815  221256  48  15.6952 N  63  21.2857 W   6.5        2.5        5.2        3.7      603.5 
090815  221257  48  15.6971 N  63  21.2855 W   6.6        2.5        5.2        3.7      603.5 
090815  221258  48  15.6990 N  63  21.2853 W   6.6        2.5        5.2        3.7      603.5 
090815  221259  48  15.7009 N  63  21.2850 W   6.7        2.5        5.2        3.7      603.5 
090815  221300  48  15.7029 N  63  21.2847 W   6.7        2.5        5.2        3.7      603.5 
090815  221301  48  15.7048 N  63  21.2844 W   6.7        2.5        5.2        3.7      603.5 
090815  221302  48  15.7067 N  63  21.2841 W   6.7        2.5        5.2        3.7      603.5 
090815  221303  48  15.7085 N  63  21.2838 W   6.7        2.5        5.2        3.7      603.5 
090815  221304  48  15.7103 N  63  21.2836 W   6.7        2.5        5.2        3.7      603.5 
090815  221305  48  15.7122 N  63  21.2835 W   6.7        2.5        5.2        3.7      603.5 
090815  221306  48  15.7141 N  63  21.2834 W   6.7        2.5        5.2        3.7      603.5 
090815  221307  48  15.7160 N  63  21.2832 W   6.7        2.5        5.2        3.7      603.5 
090815  221308  48  15.7180 N  63  21.2829 W   6.8        2.5        5.2        3.7       15.0*
090815  221309  48  15.7200 N  63  21.2827 W   6.8        3.2*       5.2        3.7       15.0 
090815  221310  48  15.7219 N  63  21.2825 W   6.8        3.2        5.2        3.7       15.0 
090815  221311  48  15.7238 N  63  21.2822 W   6.8        3.2        5.2        3.7       15.0 
090815  221312  48  15.7256 N  63  21.2821 W   6.7        3.2        5.2        3.7       15.0 
090815  221313  48  15.7274 N  63  21.2818 W   6.7        3.2        5.2        3.7       15.0 
090815  221314  48  15.7293 N  63  21.2814 W   6.7        3.2        5.2        3.7       15.0 
090815  221315  48  15.7312 N  63  21.2810 W   6.7        3.2        5.2        3.7       15.0 
090815  221316  48  15.7332 N  63  21.2806 W   6.8        3.2        5.2        3.7       15.0 
090815  221317  48  15.7351 N  63  21.2802 W   6.8        3.2        5.2        3.7       15.0 
090815  221318  48  15.7371 N  63  21.2799 W   6.8        3.2        5.2        3.7       15.0 
090815  221319  48  15.7390 N  63  21.2796 W   6.8        3.2        5.2        3.7       15.0 
090815  221320  48  15.7409 N  63  21.2794 W   6.8        3.2        5.2        3.7       15.0 
090815  221321  48  15.7428 N  63  21.2791 W   6.8        3.2        5.2        3.7       15.0 
090815  221322  48  15.7447 N  63  21.2788 W   6.8        3.2        5.2        3.7       15.0 
090815  221323  48  15.7465 N  63  21.2784 W   6.8        3.2        5.2        3.7       15.0 
090815  221324  48  15.7484 N  63  21.2780 W   6.8        3.2        5.2        3.7       15.0 
090815  221325  48  15.7502 N  63  21.2776 W   6.8        3.2        5.2        3.7       15.0 
090815  221326  48  15.7521 N  63  21.2772 W   6.8        3.2        5.2        3.7       15.0 
090815  221327  48  15.7541 N  63  21.2769 W   6.8        3.2        5.2        3.7       15.0 
090815  221328  48  15.7560 N  63  21.2766 W   6.8        3.2        5.2        3.7       15.0 
090815  221329  48  15.7578 N  63  21.2764 W   6.8        3.2        5.2        3.7       15.0 
090815  221330  48  15.7597 N  63  21.2763 W   6.8        3.2        5.2        3.7       15.0 
090815  221331  48  15.7617 N  63  21.2760 W   6.8        3.2        5.2        3.7       15.0 
090815  221332  48  15.7636 N  63  21.2756 W   6.8        3.2        5.2        3.7       15.0 
090815  221333  48  15.7655 N  63  21.2752 W   6.8        3.2        5.2        3.7       15.0 
090815  221334  48  15.7673 N  63  21.2748 W   6.8        3.2        5.2        3.7       15.0 
090815  221335  48  15.7692 N  63  21.2745 W   6.8        3.2        5.2        3.7       15.0 
090815  221336  48  15.7710 N  63  21.2744 W   6.7        3.2        5.2        3.7       15.0 
090815  221337  48  15.7729 N  63  21.2742 W   6.7        3.2        5.2        3.7       15.0 
090815  221338  48  15.7748 N  63  21.2739 W   6.8        3.2        5.2        3.7       15.0 
090815  221339  48  15.7768 N  63  21.2735 W   6.8        3.2        5.2        3.7       15.0 
090815  221340  48  15.7787 N  63  21.2731 W   6.8        3.2        5.2        3.7       15.0 
090815  221341  48  15.7806 N  63  21.2728 W   6.8        3.2        5.2        3.7       15.0 
090815  221342  48  15.7824 N  63  21.2726 W   6.8        3.2        5.2        3.7       15.0 
090815  221343  48  15.7843 N  63  21.2723 W   6.8        3.2        5.2        3.7       15.0 
090815  221344  48  15.7861 N  63  21.2719 W   6.8        3.2        5.2        3.7       15.0 
090815  221345  48  15.7880 N  63  21.2714 W   6.8        3.2        5.2        3.7       15.0 
090815  221346  48  15.7899 N  63  21.2709 W   6.8        3.2        5.2        3.7       15.0 
090815  221347  48  15.7918 N  63  21.2706 W   6.8        3.2        5.2        3.7       15.0 
090815  221348  48  15.7937 N  63  21.2704 W   6.8        3.2        5.2        3.7       15.0 
090815  221349  48  15.7955 N  63  21.2702 W   6.7        3.2        5.2        3.7       15.0 
090815  221350  48  15.7973 N  63  21.2699 W   6.7        3.2        5.2        3.7       15.0 
090815  221351  48  15.7991 N  63  21.2696 W   6.7        3.2        5.2        3.7       15.0 
090815  221352  48  15.8010 N  63  21.2692 W   6.7        3.2        5.2        3.7       15.0 
090815  221353  48  15.8029 N  63  21.2688 W   6.7        3.2        5.2        3.7       15.0 
090815  221354  48  15.8047 N  63  21.2681 W   6.7        3.2        5.2        3.7       15.0 
090815  221355  48  15.8066 N  63  21.2674 W   6.7        3.2        5.2        3.7       15.0 
090815  221356  48  15.8084 N  63  21.2669 W   6.8        3.2        5.2        3.7       15.0 
090815  221357  48  15.8103 N  63  21.2665 W   6.7        3.2        5.2        3.7       15.0 
090815  221358  48  15.8121 N  63  21.2661 W   6.7        3.2        5.2        3.7       15.0 
090815  221359  48  15.8140 N  63  21.2658 W   6.7        3.2        5.2        3.7       15.0 
090815  221400  48  15.8158 N  63  21.2655 W   6.7        3.2        5.2        3.7       15.0 
090815  221401  48  15.8177 N  63  21.2653 W   6.7        3.2        5.2        3.7       15.0 
090815  221402  48  15.8196 N  63  21.2650 W   6.7        3.2        5.2        3.7       15.0 
090815  221403  48  15.8214 N  63  21.2646 W   6.7        3.2        5.2        3.7       15.0 
090815  221404  48  15.8233 N  63  21.2642 W   6.7        3.2        5.2        3.7       15.0 
090815  221405  48  15.8251 N  63  21.2638 W   6.7        3.2        5.2        3.7       15.0 
090815  221406  48  15.8270 N  63  21.2634 W   6.7        3.2        5.2        3.7       15.0 
090815  221407  48  15.8287 N  63  21.2629 W   6.7        3.2        5.2        3.7       15.0 
090815  221408  48  15.8306 N  63  21.2625 W   6.7        3.2        5.2        3.7       15.0 
090815  221409  48  15.8324 N  63  21.2622 W   6.6        3.2        5.2        3.7       15.0 
090815  221410  48  15.8342 N  63  21.2620 W   6.6        3.2        5.2        3.7       15.0 
090815  221411  48  15.8360 N  63  21.2615 W   6.6        3.2        5.2        3.7       28.6*
090815  221412  48  15.8378 N  63  21.2611 W   6.6        3.2        5.2        3.7       28.6 
090815  221413  48  15.8397 N  63  21.2607 W   6.6        3.2        5.2        3.7       28.6 
090815  221414  48  15.8415 N  63  21.2603 W   6.6        3.2        5.2        3.7       28.6 
090815  221415  48  15.8433 N  63  21.2597 W   6.7        3.2        5.2        3.7       28.6 
090815  221416  48  15.8451 N  63  21.2591 W   6.7        3.2        5.2        3.7       28.6 
090815  221417  48  15.8469 N  63  21.2586 W   6.6        3.2        5.2        3.7       28.6 
090815  221418  48  15.8487 N  63  21.2584 W   6.6        3.2        5.2        3.7       28.6 
090815  221419  48  15.8506 N  63  21.2581 W   6.6        3.2        5.2        3.7       28.6 
090815  221420  48  15.8524 N  63  21.2576 W   6.7        3.2        5.2        3.7       28.6 
090815  221421  48  15.8542 N  63  21.2571 W   6.7        3.1*       5.2        3.7       28.6 
090815  221422  48  15.8560 N  63  21.2566 W   6.6        3.1        5.2        3.7       28.6 
090815  221423  48  15.8578 N  63  21.2561 W   6.6        3.1        5.2        3.7       28.6 
090815  221424  48  15.8597 N  63  21.2556 W   6.6        3.1        5.2        3.7       28.6 
090815  221425  48  15.8615 N  63  21.2550 W   6.7        3.1        5.2        3.7       28.6 
090815  221426  48  15.8634 N  63  21.2544 W   6.7        3.1        5.2        3.7       28.6 
090815  221427  48  15.8652 N  63  21.2539 W   6.7        3.1        5.2        3.7       28.6 
090815  221428  48  15.8671 N  63  21.2533 W   6.7        3.1        5.2        3.7       28.6 
090815  221429  48  15.8689 N  63  21.2529 W   6.7        3.1        5.2        3.7       28.6 
090815  221430  48  15.8707 N  63  21.2526 W   6.7        3.1        5.2        3.7       28.6 
090815  221431  48  15.8724 N  63  21.2523 W   6.6        3.1        5.2        3.7       28.6 
090815  221432  48  15.8742 N  63  21.2518 W   6.6        3.1        5.2        3.7       28.6 
090815  221433  48  15.8760 N  63  21.2512 W   6.6        3.1        5.2        3.7      166.3*
090815  221434  48  15.8777 N  63  21.2506 W   6.5        3.1        5.2        3.7      166.3 
090815  221435  48  15.8793 N  63  21.2502 W   6.4        3.1        5.2        3.7      166.3 
090815  221436  48  15.8809 N  63  21.2498 W   6.4        3.1        5.2        3.7      166.3 
090815  221437  48  15.8826 N  63  21.2494 W   6.3        3.1        5.2        3.7      166.3 
090815  221438  48  15.8842 N  63  21.2490 W   6.2        3.1        5.2        3.7       55.4*
090815  221439  48  15.8858 N  63  21.2486 W   6.1        3.1        5.2        3.7       55.4 
090815  221440  48  15.8874 N  63  21.2482 W   6.1        3.1        5.2        3.7       55.4 
090815  221441  48  15.8890 N  63  21.2479 W   6.0        3.1        5.2        3.7       55.4 
090815  221442  48  15.8905 N  63  21.2476 W   5.9        3.1        5.2        3.7       55.4 
090815  221443  48  15.8920 N  63  21.2473 W   5.8        3.1        5.2        3.7       55.4 
090815  221444  48  15.8935 N  63  21.2470 W   5.7        3.1        5.2        3.7       55.4 
090815  221445  48  15.8950 N  63  21.2465 W   5.7        3.1        5.2        3.7       55.4 
090815  221446  48  15.8965 N  63  21.2460 W   5.7        3.1        5.2        3.7       55.4 
090815  221447  48  15.8979 N  63  21.2456 W   5.6        3.1        5.2        3.7       55.4 
090815  221448  48  15.8994 N  63  21.2452 W   5.5        3.1        5.2        3.7       55.4 
090815  221449  48  15.9008 N  63  21.2450 W   5.5        3.1        5.2        3.7       55.4 
090815  221450  48  15.9023 N  63  21.2447 W   5.5        3.1        5.2        3.7       55.4 
090815  221451  48  15.9037 N  63  21.2442 W   5.4        3.1        5.2        3.7       55.4 
090815  221452  48  15.9051 N  63  21.2438 W   5.4        3.1        5.2        3.7       55.4 
090815  221453  48  15.9066 N  63  21.2434 W   5.4        3.1        5.2        3.7       55.4 
090815  221454  48  15.9080 N  63  21.2430 W   5.4        3.1        5.2        3.7       67.7*
090815  221455  48  15.9094 N  63  21.2427 W   5.3        3.1        5.2        3.7       67.7 
090815  221456  48  15.9107 N  63  21.2423 W   5.3        3.1        5.2        8.8*      67.7 
090815  221457  48  15.9121 N  63  21.2419 W   5.2        3.1        5.2        8.8       67.7 
090815  221458  48  15.9135 N  63  21.2415 W   5.2        3.1        5.2        8.8       67.7 
090815  221459  48  15.9149 N  63  21.2411 W   5.2        3.1        5.2        8.8       59.4*
090815  221500  48  15.9164 N  63  21.2407 W   5.2        3.1        5.2        8.8       59.4 
090815  221501  48  15.9178 N  63  21.2403 W   5.2        3.1        5.2        8.8       59.4 
090815  221502  48  15.9192 N  63  21.2398 W   5.2        3.1        5.2        8.8       59.4 
090815  221503  48  15.9206 N  63  21.2394 W   5.2        3.1        5.2        8.8       59.4 
090815  221504  48  15.9220 N  63  21.2391 W   5.2        3.1        5.2        8.8       59.4 
090815  221505  48  15.9234 N  63  21.2388 W   5.2        3.1        5.2        8.8       63.8*
090815  221506  48  15.9248 N  63  21.2384 W   5.2        3.1        5.2        8.8       63.8 
090815  221507  48  15.9263 N  63  21.2379 W   5.3        3.1        5.2        8.8       63.8 
090815  221508  48  15.9277 N  63  21.2373 W   5.3        3.1        5.2        8.8       63.8 
090815  221509  48  15.9290 N  63  21.2369 W   5.2        3.1        5.2        8.8       63.8 
090815  221510  48  15.9304 N  63  21.2366 W   5.2        3.1        5.2        8.8       69.5*
090815  221511  48  15.9318 N  63  21.2362 W   5.2        3.1        5.2        8.8       69.5 
090815  221512  48  15.9332 N  63  21.2356 W   5.2        3.1        5.2        8.8       69.5 
090815  221513  48  15.9346 N  63  21.2349 W   5.2        3.1        5.2        8.8       69.5 
090815  221514  48  15.9359 N  63  21.2345 W   5.2        3.1        5.2        8.8       69.5 
090815  221515  48  15.9373 N  63  21.2341 W   5.2        3.1        5.2        8.8       58.9*
090815  221516  48  15.9387 N  63  21.2337 W   5.2        3.1        5.2        8.8       58.9 
090815  221517  48  15.9401 N  63  21.2333 W   5.2        3.1        5.2      119.6*      58.9 
090815  221518  48  15.9414 N  63  21.2327 W   5.2        3.1        5.2      119.6       58.9 
090815  221519  48  15.9428 N  63  21.2322 W   5.2        3.1        5.2      119.6       58.9 
090815  221520  48  15.9442 N  63  21.2318 W   5.2        3.1        5.2      119.6       58.9 
090815  221521  48  15.9456 N  63  21.2314 W   5.2        3.1        5.2      119.6       58.9 
090815  221522  48  15.9470 N  63  21.2310 W   5.2        3.1        5.2      119.6       58.9 
090815  221523  48  15.9484 N  63  21.2305 W   5.2        3.1        5.2      119.6       58.9 
090815  221524  48  15.9498 N  63  21.2300 W   5.2        3.1        5.2      119.6       58.9 
090815  221525  48  15.9512 N  63  21.2296 W   5.2        3.1        5.2      119.6       58.9 
090815  221526  48  15.9526 N  63  21.2293 W   5.2        3.1        5.2      119.6       58.9 
090815  221527  48  15.9540 N  63  21.2288 W   5.2        3.1        5.2      119.6       58.9 
090815  221528  48  15.9554 N  63  21.2282 W   5.2        3.1        5.2      119.6       58.9 
090815  221529  48  15.9568 N  63  21.2277 W   5.2        3.1        5.2      119.6       58.9 
090815  221530  48  15.9582 N  63  21.2273 W   5.2        3.1        5.2      119.6       58.9 
090815  221531  48  15.9596 N  63  21.2269 W   5.3        3.1        5.2      119.6       56.3*
090815  221532  48  15.9610 N  63  21.2265 W   5.2        3.1        5.2      119.6       56.3 
090815  221533  48  15.9624 N  63  21.2259 W   5.2        2.2*       5.2      119.6       56.3 
090815  221534  48  15.9638 N  63  21.2255 W   5.2        2.2        5.2      119.6       56.3 
090815  221535  48  15.9652 N  63  21.2251 W   5.2        2.2        5.2      119.6       56.3 
090815  221536  48  15.9666 N  63  21.2244 W   5.2        2.2        5.2      119.6       56.3 
090815  221537  48  15.9680 N  63  21.2238 W   5.2        2.2        5.2      119.6       69.1*
090815  221538  48  15.9694 N  63  21.2233 W   5.2        2.2        5.2      119.6       69.1 
090815  221539  48  15.9708 N  63  21.2228 W   5.3        2.2        5.2        6.2*      69.1 
090815  221540  48  15.9722 N  63  21.2222 W   5.3        2.2        5.2        6.2       69.1 
090815  221541  48  15.9737 N  63  21.2217 W   5.3        2.2        5.2        6.2       69.1 
090815  221542  48  15.9751 N  63  21.2213 W   5.2        2.2        5.2        6.2       59.8*
090815  221543  48  15.9765 N  63  21.2208 W   5.3        2.2        5.2        6.2       59.8 
090815  221544  48  15.9780 N  63  21.2201 W   5.3        2.2        5.2        9.1*      59.8 
090815  221545  48  15.9793 N  63  21.2194 W   5.2        2.2        5.2        9.1       59.8 
090815  221546  48  15.9807 N  63  21.2190 W   5.2        2.2        5.2        9.1       59.8 
090815  221547  48  15.9821 N  63  21.2185 W   5.2        2.2        5.2        9.1       59.8 
090815  221548  48  15.9836 N  63  21.2178 W   5.2        2.2        5.2        9.1       59.8 
090815  221549  48  15.9849 N  63  21.2171 W   5.2        2.2        5.2        6.9*      59.8 
090815  221550  48  15.9862 N  63  21.2165 W   5.2        2.2        5.2        6.9       59.8 
090815  221551  48  15.9876 N  63  21.2160 W   5.2        2.2        5.2        6.9       59.8 
090815  221552  48  15.9890 N  63  21.2155 W   5.2        2.2        5.2        6.9       59.8 
090815  221553  48  15.9904 N  63  21.2148 W   5.2        2.2        5.2        6.9       59.8 
090815  221554  48  15.9917 N  63  21.2141 W   5.2        2.2        5.2        6.9       59.8 
090815  221555  48  15.9931 N  63  21.2135 W   5.2        2.2        5.2        6.9       59.8 
090815  221556  48  15.9946 N  63  21.2129 W   5.2        2.2        5.2        6.9       59.8 
090815  221557  48  15.9960 N  63  21.2123 W   5.2        2.2        5.2        6.9       59.8 
090815  221558  48  15.9974 N  63  21.2116 W   5.2        2.2        5.2        6.9       59.8 
090815  221559  48  15.9987 N  63  21.2109 W   5.2        2.2        5.2        6.9       59.8 
090815  221600  48  16.0001 N  63  21.2102 W   5.2        2.2        5.2        6.9       59.8 
090815  221601  48  16.0015 N  63  21.2095 W   5.2        2.2        5.2        6.9       59.8 
090815  221602  48  16.0029 N  63  21.2089 W   5.2        2.2        5.2        6.9       59.8 
090815  221603  48  16.0043 N  63  21.2082 W   5.2        2.2        5.2        6.9       59.8 
090815  221604  48  16.0057 N  63  21.2075 W   5.2        2.2        5.2        6.9       59.8 
090815  221605  48  16.0071 N  63  21.2068 W   5.2        2.2        5.2        6.9       59.8 
090815  221606  48  16.0084 N  63  21.2061 W   5.2        2.2        5.2        6.9       59.8 
090815  221607  48  16.0097 N  63  21.2054 W   5.2        2.2        5.2        6.9       59.8 
090815  221608  48  16.0111 N  63  21.2048 W   5.2        2.2        5.2        6.9       59.8 
090815  221609  48  16.0126 N  63  21.2041 W   5.2        2.2        5.2        6.9       59.8 
090815  221610  48  16.0140 N  63  21.2033 W   5.3        2.2        5.2        6.9       59.8 
090815  221611  48  16.0153 N  63  21.2025 W   5.3        2.2        5.2        6.9       59.8 
090815  221612  48  16.0167 N  63  21.2018 W   5.3        2.2        5.2        6.9       59.8 
090815  221613  48  16.0181 N  63  21.2012 W   5.3        2.2        5.2        6.9       59.8 
090815  221614  48  16.0195 N  63  21.2005 W   5.3        2.2        5.2        6.9       59.8 
090815  221615  48  16.0209 N  63  21.1997 W   5.3        2.2        5.2        6.9       59.8 
090815  221616  48  16.0223 N  63  21.1989 W   5.3        2.2        5.2        6.9       59.8 
090815  221617  48  16.0236 N  63  21.1981 W   5.3        2.2        5.2        6.9       59.8 
090815  221618  48  16.0250 N  63  21.1975 W   5.3        2.2        5.2        6.9       59.8 
090815  221619  48  16.0264 N  63  21.1968 W   5.3        2.2        5.2        6.9       59.8 
090815  221620  48  16.0278 N  63  21.1961 W   5.3        2.2        5.2        6.9       59.8 
090815  221621  48  16.0291 N  63  21.1954 W   5.2        2.2        5.2        6.9       59.8 
090815  221622  48  16.0304 N  63  21.1947 W   5.2        2.2        5.2        6.9       59.8 
090815  221623  48  16.0317 N  63  21.1940 W   5.2        2.2        5.2        6.9       59.8 
090815  221624  48  16.0329 N  63  21.1933 W   5.1        2.2        5.2        6.9       59.8 
090815  221625  48  16.0340 N  63  21.1928 W   4.9        2.2        5.2        6.9       59.8 
090815  221626  48  16.0350 N  63  21.1922 W   4.8        2.2        5.2        6.9       59.8 
090815  221627  48  16.0359 N  63  21.1917 W   4.6        2.2        5.2        6.9       59.8 
090815  221628  48  16.0368 N  63  21.1913 W   4.4        2.2        5.2        6.9       59.8 
090815  221629  48  16.0377 N  63  21.1909 W   4.2        2.2        5.2        6.9       59.8 
090815  221630  48  16.0384 N  63  21.1903 W   4.0        2.2        5.2        6.9       59.8 
090815  221631  48  16.0391 N  63  21.1899 W   3.8        2.2        5.2        6.9       59.8 
090815  221632  48  16.0398 N  63  21.1896 W   3.6        2.2        5.2        6.9       59.8 
090815  221633  48  16.0406 N  63  21.1892 W   3.5        2.2        5.2        6.9       59.8 
090815  221634  48  16.0412 N  63  21.1888 W   3.4        2.2        5.2        6.9       59.8 
090815  221635  48  16.0417 N  63  21.1883 W   3.2        2.2        5.2        6.9       59.8 
090815  221636  48  16.0422 N  63  21.1880 W   3.0        2.2        5.2        6.9       39.1*
090815  221637  48  16.0428 N  63  21.1877 W   2.9        2.2        5.2        6.9       39.1 
090815  221638  48  16.0433 N  63  21.1874 W   2.8        2.2        5.2        6.9       39.1 
090815  221639  48  16.0438 N  63  21.1871 W   2.6        2.2        5.2        6.9       39.1 
090815  221640  48  16.0443 N  63  21.1870 W   2.5        2.2        5.2        6.9       39.1 
090815  221641  48  16.0448 N  63  21.1868 W   2.4        2.2        5.2        6.9       73.0*
090815  221642  48  16.0453 N  63  21.1864 W   2.4        2.2        5.2        4.0*      73.0 
090815  221643  48  16.0457 N  63  21.1862 W   2.2        2.2        5.2        4.0       73.0 
090815  221644  48  16.0461 N  63  21.1861 W   2.1        2.2        5.2        4.0       73.0 
090815  221645  48  16.0466 N  63  21.1860 W   2.1        2.2        5.2        4.0       73.0 
090815  221646  48  16.0470 N  63  21.1857 W   2.0        2.2        5.2        4.0       73.5*
090815  221647  48  16.0473 N  63  21.1855 W   1.9        2.2        5.2        4.0       73.5 
090815  221648  48  16.0476 N  63  21.1853 W   1.9        2.2        5.2        4.0       73.5 
090815  221649  48  16.0481 N  63  21.1852 W   1.8        2.2        5.2        4.0       73.5 
090815  221650  48  16.0485 N  63  21.1851 W   1.8        2.2        5.2        4.0       73.5 
090815  221651  48  16.0488 N  63  21.1848 W   1.7        2.2        5.2        4.0       73.5 
090815  221652  48  16.0491 N  63  21.1846 W   1.7        2.2        5.2        4.0       68.6*
090815  221653  48  16.0495 N  63  21.1846 W   1.6        2.2        5.2        4.0       68.6 
090815  221654  48  16.0499 N  63  21.1846 W   1.6        2.2        5.2        4.0       68.6 
090815  221655  48  16.0503 N  63  21.1844 W   1.6        2.2        5.2        4.0       68.6 
090815  221656  48  16.0506 N  63  21.1841 W   1.5        2.2        5.2        4.0       68.6 
090815  221657  48  16.0509 N  63  21.1840 W   1.5        2.2        5.2        4.0       68.6 
090815  221658  48  16.0514 N  63  21.1840 W   1.5        2.2        5.2        4.0       68.6 
090815  221659  48  16.0519 N  63  21.1838 W   1.6        2.2        5.2        4.0       68.6 
090815  221700  48  16.0522 N  63  21.1836 W   1.6        2.2        5.2        4.0       68.6 
090815  221701  48  16.0526 N  63  21.1834 W   1.5        2.2        5.2        4.0       68.6 
090815  221702  48  16.0531 N  63  21.1834 W   1.6        2.2        5.2        4.0       68.6 
090815  221703  48  16.0537 N  63  21.1832 W   1.6        2.2        5.2        4.0       68.6 
090815  221704  48  16.0541 N  63  21.1830 W   1.6        2.2        5.2        4.0       68.6 
090815  221705  48  16.0545 N  63  21.1828 W   1.6        2.2        5.2        4.0       68.6 
090815  221706  48  16.0550 N  63  21.1828 W   1.6        2.2        5.2        4.0       68.6 
090815  221707  48  16.0555 N  63  21.1828 W   1.6        2.2        5.2        4.0       68.6 
090815  221708  48  16.0560 N  63  21.1826 W   1.7        2.2        5.2        4.0       68.6 
090815  221709  48  16.0564 N  63  21.1825 W   1.7        2.1*       5.2        4.0       68.6 
090815  221710  48  16.0568 N  63  21.1824 W   1.6        2.1        5.2        4.0       68.6 
090815  221711  48  16.0573 N  63  21.1824 W   1.7        2.1        5.2        4.0       68.6 
090815  221712  48  16.0579 N  63  21.1824 W   1.7        2.1        5.2        4.0       68.6 
090815  221713  48  16.0584 N  63  21.1822 W   1.7        2.1        5.2        4.0       93.3*
090815  221714  48  16.0588 N  63  21.1821 W   1.7        2.1        5.2        4.0       93.3 
090815  221715  48  16.0593 N  63  21.1821 W   1.7        2.1        3.3*       4.0       93.3 
090815  221716  48  16.0598 N  63  21.1822 W   1.8        2.1        3.3        4.0       93.3 
090815  221717  48  16.0603 N  63  21.1821 W   1.8        2.1        3.3        4.0       93.3 
090815  221718  48  16.0608 N  63  21.1820 W   1.8        2.1        3.3        4.0       93.3 
090815  221719  48  16.0613 N  63  21.1819 W   1.8        2.1        3.3        4.0       68.6*
090815  221720  48  16.0618 N  63  21.1820 W   1.8        2.1        3.3        4.0       68.6 
090815  221721  48  16.0623 N  63  21.1821 W   1.8        2.1        3.3        4.0       68.6 
090815  221722  48  16.0628 N  63  21.1820 W   1.8        2.1        3.3        4.0       68.6 
090815  221723  48  16.0632 N  63  21.1819 W   1.7       10.9*       3.3        4.0       68.6 
090815  221724  48  16.0637 N  63  21.1819 W   1.7       10.9        3.3        4.0       68.6 
090815  221725  48  16.0643 N  63  21.1820 W   1.8       10.9        3.3        4.0       68.6 
090815  221726  48  16.0648 N  63  21.1820 W   1.8       10.9        3.3        4.0       68.6 
090815  221727  48  16.0652 N  63  21.1820 W   1.7       10.9        3.3        4.0       68.6 
090815  221728  48  16.0657 N  63  21.1819 W   1.7       10.9        3.3        4.0       68.6 
090815  221729  48  16.0662 N  63  21.1820 W   1.8       10.9        3.3        6.5*      68.6 
090815  221730  48  16.0667 N  63  21.1821 W   1.8       10.9        3.3        6.5       68.6 
090815  221731  48  16.0671 N  63  21.1820 W   1.8       10.9        3.3        6.5       68.6 
090815  221732  48  16.0675 N  63  21.1818 W   1.7       10.9        3.3        6.5       68.6 
090815  221733  48  16.0680 N  63  21.1818 W   1.7       10.9        3.3        6.5       68.6 
090815  221734  48  16.0686 N  63  21.1820 W   1.8       10.9        3.3        2.7*      68.6 
090815  221735  48  16.0691 N  63  21.1820 W   1.8       10.9        3.3        2.7       89.7*
090815  221736  48  16.0695 N  63  21.1817 W   1.7       10.9        3.3        2.7       89.7 
090815  221737  48  16.0700 N  63  21.1815 W   1.7       10.9        3.3        2.7       89.7 
090815  221738  48  16.0705 N  63  21.1816 W   1.8       10.9        3.3        2.7       89.7 
090815  221739  48  16.0710 N  63  21.1816 W   1.8       10.9        3.3        2.7       89.7 
090815  221740  48  16.0715 N  63  21.1814 W   1.8       10.9        3.3        2.7       94.6*
090815  221741  48  16.0719 N  63  21.1813 W   1.8       10.9        3.3        2.7       94.6 
090815  221742  48  16.0724 N  63  21.1813 W   1.7       10.9        3.3        2.7       94.6 
090815  221743  48  16.0728 N  63  21.1813 W   1.7       10.9        3.3        2.7       94.6 
090815  221744  48  16.0733 N  63  21.1813 W   1.8       10.9        3.3        2.7       94.6 
090815  221745  48  16.0740 N  63  21.1812 W   1.8       10.9        3.3        2.7       94.6 
090815  221746  48  16.0745 N  63  21.1811 W   1.8       10.9        3.3        2.7       91.1*
090815  221747  48  16.0750 N  63  21.1810 W   1.8       10.9        3.3        2.7       91.1 
090815  221748  48  16.0755 N  63  21.1811 W   1.8       10.9        3.3        2.7       91.1 
090815  221749  48  16.0761 N  63  21.1811 W   1.9       10.9        3.3        2.7       91.1 
090815  221750  48  16.0767 N  63  21.1810 W   1.9       10.9        3.3        2.7       91.1 
090815  221751  48  16.0773 N  63  21.1809 W   1.9       10.9        3.3        2.7       93.3*
090815  221752  48  16.0778 N  63  21.1809 W   1.9       10.9        3.3        2.7       93.3 
090815  221753  48  16.0783 N  63  21.1808 W   1.9       10.9        3.3        2.7       93.3 
090815  221754  48  16.0789 N  63  21.1809 W   1.9       10.9        3.3        2.7       93.3 
090815  221755  48  16.0795 N  63  21.1809 W   2.0       10.9        3.3        2.7       93.3 
090815  221756  48  16.0802 N  63  21.1808 W   2.1       10.9        3.3        2.7       93.3 
090815  221757  48  16.0807 N  63  21.1807 W   2.0       10.9        3.3        2.7       89.3*
090815  221758  48  16.0813 N  63  21.1808 W   2.0       10.9        3.3        2.7       89.3 
090815  221759  48  16.0820 N  63  21.1809 W   2.1       10.9        3.3        2.7       89.3 
090815  221800  48  16.0826 N  63  21.1809 W   2.1       10.9        3.3        2.7       89.3 
090815  221801  48  16.0832 N  63  21.1806 W   2.1       10.9        3.3        2.7       89.3 
090815  221802  48  16.0838 N  63  21.1805 W   2.1       10.9        3.3        2.7       99.0*
090815  221803  48  16.0844 N  63  21.1806 W   2.1       10.9        3.3        2.7       99.0 
090815  221804  48  16.0850 N  63  21.1808 W   2.1       10.9        3.3        2.7       99.0 
090815  221805  48  16.0856 N  63  21.1806 W   2.1       10.9        3.3        2.7       99.0 
090815  221806  48  16.0863 N  63  21.1805 W   2.1       10.9        3.3        2.7       99.0 
090815  221807  48  16.0869 N  63  21.1805 W   2.2       10.9        3.3        2.7       99.0 
090815  221808  48  16.0875 N  63  21.1806 W   2.1       10.9        3.3        2.7       94.6*
090815  221809  48  16.0881 N  63  21.1806 W   2.2       10.9        3.3        2.7       94.6 
090815  221810  48  16.0888 N  63  21.1805 W   2.2       10.9        3.3        2.7       94.6 
090815  221811  48  16.0894 N  63  21.1804 W   2.2       10.9        3.3        2.7       94.6 
090815  221812  48  16.0899 N  63  21.1804 W   2.1       10.9        3.3        2.7       94.6 
090815  221813  48  16.0905 N  63  21.1806 W   2.1       10.9        3.3        2.7      106.0*
090815  221814  48  16.0913 N  63  21.1806 W   2.2       10.9        3.3        2.7      106.0 
090815  221815  48  16.0919 N  63  21.1803 W   2.2       10.9        3.3        2.7      106.0 
090815  221816  48  16.0924 N  63  21.1802 W   2.1       10.9        3.3        2.7      106.0 
090815  221817  48  16.0930 N  63  21.1803 W   2.1       10.9        3.3        2.7      106.0 
090815  221818  48  16.0937 N  63  21.1804 W   2.1       10.9        3.3        2.7       79.2*
090815  221819  48  16.0943 N  63  21.1802 W   2.1       10.9        3.3        2.7       79.2 
090815  221820  48  16.0949 N  63  21.1801 W   2.1       10.9        3.3        2.7       79.2 
090815  221821  48  16.0954 N  63  21.1800 W   2.1       10.9        3.3        2.7       79.2 
090815  221822  48  16.0960 N  63  21.1801 W   2.1       10.9        3.3        2.7       79.2 
090815  221823  48  16.0966 N  63  21.1802 W   2.1       10.9        3.3        2.7       79.2 
090815  221824  48  16.0972 N  63  21.1801 W   2.1       10.9        3.3        2.7       96.3*
090815  221825  48  16.0978 N  63  21.1800 W   2.1       10.9        3.3        2.7       96.3 
090815  221826  48  16.0983 N  63  21.1800 W   2.0       10.9        3.3        2.7       96.3 
090815  221827  48  16.0989 N  63  21.1801 W   2.0       10.9        3.3        2.7       96.3 
090815  221828  48  16.0995 N  63  21.1802 W   2.0       10.9        3.3        2.7       96.3 
090815  221829  48  16.1001 N  63  21.1800 W   2.1       10.9        3.3        2.7       95.9*
090815  221830  48  16.1007 N  63  21.1799 W   2.0       10.9        3.3        2.7       95.9 
090815  221831  48  16.1012 N  63  21.1800 W   2.0       10.9        3.3        2.7       95.9 
090815  221832  48  16.1018 N  63  21.1802 W   2.0       10.9        3.3        2.7       95.9 
090815  221833  48  16.1024 N  63  21.1801 W   2.0       10.9        3.3        2.7       95.9 
090815  221834  48  16.1030 N  63  21.1799 W   2.0       10.9        3.3        2.7       95.9 
090815  221835  48  16.1035 N  63  21.1799 W   2.0       10.9        3.3        2.7       97.7*
090815  221836  48  16.1040 N  63  21.1801 W   2.0        2.2*       3.3        2.7       97.7 
090815  221837  48  16.1046 N  63  21.1801 W   2.0        2.2        3.3        2.7       97.7 
090815  221838  48  16.1052 N  63  21.1800 W   2.0        2.2        3.3        2.7       97.7 
090815  221839  48  16.1058 N  63  21.1799 W   2.0        2.2        3.3        2.7       97.7 
090815  221840  48  16.1064 N  63  21.1799 W   2.0        2.2        3.3        2.7       97.7 
090815  221841  48  16.1070 N  63  21.1800 W   2.0        2.2        3.3        2.7       97.7 
090815  221842  48  16.1076 N  63  21.1801 W   2.0        2.2        3.3        2.7       97.7 
090815  221843  48  16.1081 N  63  21.1800 W   2.0        2.2        3.3        2.7       97.7 
090815  221844  48  16.1088 N  63  21.1799 W   2.1        2.2        3.3        2.7       97.7 
090815  221845  48  16.1094 N  63  21.1799 W   2.0        2.2        3.3        2.7       97.7 
090815  221846  48  16.1098 N  63  21.1801 W   2.0        2.2        3.3        2.7       97.7 
090815  221847  48  16.1102 N  63  21.1801 W   2.0        2.2        3.3        2.7       97.7 
090815  221848  48  16.1108 N  63  21.1801 W   2.0        2.2        3.3        2.7       97.7 
090815  221849  48  16.1113 N  63  21.1802 W   2.0        2.2        3.3        2.7       97.7 
090815  221850  48  16.1119 N  63  21.1803 W   2.0        2.2        3.3        2.7       97.7 
090815  221851  48  16.1124 N  63  21.1803 W   2.0        2.2        3.3        2.7       99.9*
090815  221852  48  16.1130 N  63  21.1803 W   2.0        2.2        3.3        2.7       99.9 
090815  221853  48  16.1135 N  63  21.1804 W   2.0        2.2        3.3        2.7       99.9 
090815  221854  48  16.1141 N  63  21.1805 W   2.1        2.2        3.3        2.7       99.9 
090815  221855  48  16.1147 N  63  21.1804 W   2.1        2.2        3.3        2.7       99.9 
090815  221856  48  16.1153 N  63  21.1802 W   2.1        2.2        3.3        2.7       85.8*
090815  221857  48  16.1158 N  63  21.1803 W   2.0        2.2        3.3        2.7       85.8 
090815  221858  48  16.1164 N  63  21.1805 W   2.1        2.2        3.3        2.7       85.8 
090815  221859  48  16.1170 N  63  21.1806 W   2.1        2.2        3.3        2.7       85.8 
090815  221900  48  16.1176 N  63  21.1805 W   2.1        2.2        3.3        2.7       85.8 
090815  221901  48  16.1181 N  63  21.1805 W   2.1        2.2        3.3        2.7       85.8 
090815  221902  48  16.1187 N  63  21.1807 W   2.0        2.2        3.3        2.7      118.3*
090815  221903  48  16.1192 N  63  21.1808 W   2.0        2.2        3.3        2.7      118.3 
090815  221904  48  16.1199 N  63  21.1807 W   2.1        2.2        3.3        2.7      118.3 
090815  221905  48  16.1205 N  63  21.1807 W   2.1        2.2        3.3        2.7      118.3 
090815  221906  48  16.1211 N  63  21.1808 W   2.0        2.2        3.3        2.7      118.3 
090815  221907  48  16.1217 N  63  21.1809 W   2.0        2.2        3.3        2.7       80.5*
090815  221908  48  16.1223 N  63  21.1809 W   2.1        2.2        3.3        2.7       80.5 
090815  221909  48  16.1228 N  63  21.1809 W   2.0        2.2        3.3        2.7       80.5 
090815  221910  48  16.1234 N  63  21.1810 W   2.0        2.2        3.3        2.7       80.5 
090815  221911  48  16.1240 N  63  21.1812 W   2.1        2.2        3.3        2.7       80.5 
090815  221912  48  16.1247 N  63  21.1812 W   2.1        2.2        3.3        2.7       80.5 
090815  221913  48  16.1252 N  63  21.1811 W   2.1        2.2        3.3        2.7       80.5 
090815  221914  48  16.1258 N  63  21.1811 W   2.0        2.2        3.3        2.7       80.5 
090815  221915  48  16.1264 N  63  21.1812 W   2.1        2.2        3.3        2.7       80.5 
090815  221916  48  16.1270 N  63  21.1813 W   2.1        2.2        3.3        2.7       80.5 
090815  221917  48  16.1276 N  63  21.1812 W   2.1        2.2        3.3        2.7       80.5 
090815  221918  48  16.1281 N  63  21.1812 W   2.0        2.2        3.3        2.7       80.5 
090815  221919  48  16.1287 N  63  21.1812 W   2.0        2.2        3.3        2.7       80.5 
090815  221920  48  16.1292 N  63  21.1813 W   2.0        2.2        3.3        2.7       80.5 
090815  221921  48  16.1298 N  63  21.1814 W   2.0        2.2        3.3        2.7       80.5 
090815  221922  48  16.1304 N  63  21.1813 W   2.0        2.2        3.3        2.7       80.5 
090815  221923  48  16.1309 N  63  21.1813 W   2.0        2.2        3.3        2.7      108.2*
090815  221924  48  16.1315 N  63  21.1814 W   2.0        2.2        3.3        2.7      108.2 
090815  221925  48  16.1320 N  63  21.1815 W   2.0        2.2        3.3        2.7      108.2 
090815  221926  48  16.1325 N  63  21.1816 W   2.0        2.2        3.3        2.7      108.2 
090815  221927  48  16.1331 N  63  21.1816 W   2.0        2.2        3.3        2.7      108.2 
090815  221928  48  16.1336 N  63  21.1816 W   2.0        2.2        3.3        2.7      108.2 
090815  221929  48  16.1342 N  63  21.1817 W   2.0        2.2        3.3        2.7      108.2 
090815  221930  48  16.1348 N  63  21.1818 W   2.0        2.2        3.3        2.7      108.2 
090815  221931  48  16.1354 N  63  21.1818 W   2.0        2.2        3.3        2.7      108.2 
090815  221932  48  16.1359 N  63  21.1817 W   2.0        2.2        3.3        2.7      108.2 
090815  221933  48  16.1365 N  63  21.1817 W   2.0        2.2        3.3        2.7      108.2 
090815  221934  48  16.1371 N  63  21.1818 W   2.1        2.2        3.3        2.7      108.2 
090815  221935  48  16.1377 N  63  21.1818 W   2.1        2.2        3.3        2.7      108.2 
090815  221936  48  16.1383 N  63  21.1818 W   2.1        2.2        3.3        2.7      108.2 
090815  221937  48  16.1388 N  63  21.1818 W   2.1        2.2        3.3        2.7      108.2 
090815  221938  48  16.1394 N  63  21.1818 W   2.1        2.2        3.3        2.7      108.2 
090815  221939  48  16.1401 N  63  21.1818 W   2.1        2.2        3.3        2.7      108.2 
090815  221940  48  16.1407 N  63  21.1819 W   2.1        2.2        3.3        2.7       63.3*
090815  221941  48  16.1413 N  63  21.1819 W   2.1        2.2        3.3        2.7       63.3 
090815  221942  48  16.1419 N  63  21.1818 W   2.1        2.2        3.3        2.7       63.3 
090815  221943  48  16.1426 N  63  21.1817 W   2.1        2.2        3.3        2.7       63.3 
090815  221944  48  16.1432 N  63  21.1818 W   2.1        2.2        3.3        2.7       63.3 
090815  221945  48  16.1437 N  63  21.1819 W   2.1        2.2        3.3        2.7       98.1*
090815  221946  48  16.1443 N  63  21.1818 W   2.1        2.2        3.3        2.7       98.1 
090815  221947  48  16.1449 N  63  21.1817 W   2.1        2.2        3.3        2.7       98.1 
090815  221948  48  16.1455 N  63  21.1817 W   2.1        2.2        3.3        2.7       98.1 
090815  221949  48  16.1461 N  63  21.1817 W   2.1        2.2        3.3        2.7       98.1 
090815  221950  48  16.1467 N  63  21.1817 W   2.1        2.2        3.3        2.7       94.1*
090815  221951  48  16.1472 N  63  21.1817 W   2.0        2.2        3.3        2.7       94.1 
090815  221952  48  16.1478 N  63  21.1815 W   2.1        2.2        3.3        2.7       94.1 
090815  221953  48  16.1484 N  63  21.1816 W   2.1        2.2        3.3        2.7       94.1 
090815  221954  48  16.1489 N  63  21.1817 W   2.0        2.2        3.3        2.7       94.1 
090815  221955  48  16.1494 N  63  21.1816 W   2.0        2.2        3.3        2.7       94.1 
090815  221956  48  16.1500 N  63  21.1814 W   2.0        2.2        3.3        2.7      118.8*
090815  221957  48  16.1506 N  63  21.1815 W   2.0        2.2        3.3        2.7      118.8 
090815  221958  48  16.1511 N  63  21.1815 W   2.0        2.2        3.3        2.7      118.8 
090815  221959  48  16.1515 N  63  21.1813 W   1.9        2.9*       3.3        2.7      118.8 
090815  222000  48  16.1521 N  63  21.1813 W   1.9        2.9        3.3        2.7      118.8 
090815  222001  48  16.1526 N  63  21.1813 W   1.9        2.9        3.3        2.7       93.7*
090815  222002  48  16.1531 N  63  21.1813 W   1.9        2.9        3.3        2.7       93.7 
090815  222003  48  16.1536 N  63  21.1812 W   1.9        2.9        3.3        2.7       93.7 
090815  222004  48  16.1541 N  63  21.1811 W   1.9        2.9        3.3        2.7       93.7 
090815  222005  48  16.1547 N  63  21.1811 W   1.9        2.9        3.3        2.7       93.7 
090815  222006  48  16.1553 N  63  21.1811 W   1.9        2.9        3.3        2.7       93.7 
090815  222007  48  16.1558 N  63  21.1810 W   1.9        2.9        3.3        2.7       93.7 
090815  222008  48  16.1563 N  63  21.1809 W   1.9        2.9        3.3        2.7       93.7 
090815  222009  48  16.1568 N  63  21.1809 W   1.9        2.9        3.3        2.7       93.7 
090815  222010  48  16.1574 N  63  21.1809 W   1.9        2.9        3.3        2.7       93.7 
090815  222011  48  16.1579 N  63  21.1809 W   1.9        2.9        3.3        2.7       93.7 
090815  222012  48  16.1584 N  63  21.1808 W   1.9        2.9        3.3        2.7       93.7 
090815  222013  48  16.1589 N  63  21.1807 W   1.9        2.9        3.3        2.7       93.7 
090815  222014  48  16.1595 N  63  21.1807 W   1.9        2.9        3.3        2.7       93.7 
090815  222015  48  16.1600 N  63  21.1807 W   1.9        2.9        3.3        2.7       93.7 
090815  222016  48  16.1605 N  63  21.1806 W   1.9        2.9        3.3        2.7       93.7 
090815  222017  48  16.1611 N  63  21.1806 W   1.9        2.9        3.3        2.7       93.7 
090815  222018  48  16.1616 N  63  21.1806 W   1.9        2.9        3.3        2.7       93.7 
090815  222019  48  16.1622 N  63  21.1805 W   2.0        2.9        3.3        2.7       93.7 
090815  222020  48  16.1628 N  63  21.1805 W   2.0        2.9        3.3        2.7       93.7 
090815  222021  48  16.1633 N  63  21.1805 W   2.0        2.9        3.3        2.7       93.7 
090815  222022  48  16.1639 N  63  21.1803 W   2.0        2.9        3.3        2.7       93.7 
090815  222023  48  16.1644 N  63  21.1802 W   2.0        2.9        3.3        2.7       93.7 
090815  222024  48  16.1651 N  63  21.1803 W   2.1        2.9        3.3        2.7       93.7 
090815  222025  48  16.1656 N  63  21.1804 W   2.1        2.9        3.3        2.7       93.7 
090815  222026  48  16.1662 N  63  21.1802 W   2.1        2.9        3.3        2.7       93.7 
090815  222027  48  16.1668 N  63  21.1801 W   2.1        2.9        3.3        2.7       93.7 
090815  222028  48  16.1674 N  63  21.1801 W   2.1        2.9        3.3        2.7       96.3*
090815  222029  48  16.1680 N  63  21.1802 W   2.1        2.9        3.3        2.7       96.3 
090815  222030  48  16.1686 N  63  21.1802 W   2.2        2.9        3.3        2.7       96.3 
090815  222031  48  16.1692 N  63  21.1802 W   2.2        2.9        3.3        2.7       96.3 
090815  222032  48  16.1697 N  63  21.1801 W   2.1        2.9        3.3        2.7       96.3 
090815  222033  48  16.1703 N  63  21.1802 W   2.1        2.9        3.3        2.7       96.3 
090815  222034  48  16.1710 N  63  21.1802 W   2.2        2.9        3.3        2.7       94.1*
090815  222035  48  16.1716 N  63  21.1802 W   2.2        2.9        3.3        2.7       94.1 
090815  222036  48  16.1722 N  63  21.1802 W   2.2        2.9        3.3        2.7       94.1 
090815  222037  48  16.1727 N  63  21.1801 W   2.1        2.9        3.3        2.7       94.1 
090815  222038  48  16.1733 N  63  21.1800 W   2.1        2.9        3.3        2.7       94.1 
090815  222039  48  16.1739 N  63  21.1801 W   2.2        2.9        3.3        2.7      104.3*
090815  222040  48  16.1745 N  63  21.1802 W   2.2        2.9        3.3        2.7      104.3 
090815  222041  48  16.1751 N  63  21.1801 W   2.2        2.9        3.3        2.7      104.3 
090815  222042  48  16.1756 N  63  21.1799 W   2.1        2.9        3.3        2.7      104.3 
090815  222043  48  16.1762 N  63  21.1798 W   2.1        2.9        3.3        2.7      104.3 
090815  222044  48  16.1768 N  63  21.1799 W   2.1        2.9        3.3        2.7      104.3 
090815  222045  48  16.1774 N  63  21.1800 W   2.1        2.9        3.3        2.7       92.4*
090815  222046  48  16.1780 N  63  21.1799 W   2.1        2.9        3.3        2.7       92.4 
090815  222047  48  16.1786 N  63  21.1797 W   2.1        2.9        3.3        2.7       92.4 
090815  222048  48  16.1791 N  63  21.1796 W   2.1        2.9        3.3        2.7       92.4 
090815  222049  48  16.1797 N  63  21.1798 W   2.1        2.9        3.3        2.7       92.4 
090815  222050  48  16.1803 N  63  21.1797 W   2.2        2.9        3.3        2.7       88.0*
090815  222051  48  16.1809 N  63  21.1795 W   2.1        2.9        3.3        2.7       88.0 
090815  222052  48  16.1814 N  63  21.1792 W   2.1        2.9        3.3        2.7       88.0 
090815  222053  48  16.1820 N  63  21.1792 W   2.1        2.9        3.3        2.7       88.0 
090815  222054  48  16.1826 N  63  21.1791 W   2.1        2.9        3.3        2.7       88.0 
090815  222055  48  16.1832 N  63  21.1790 W   2.1        2.9        3.3        2.7       93.3*
090815  222056  48  16.1838 N  63  21.1790 W   2.1        2.9        3.3        2.7       93.3 
090815  222057  48  16.1843 N  63  21.1789 W   2.1        2.9        3.3        2.7       93.3 
090815  222058  48  16.1849 N  63  21.1788 W   2.1        2.9        3.3        2.7       93.3 
090815  222059  48  16.1856 N  63  21.1788 W   2.1        2.9        3.3        2.7       93.3 
090815  222100  48  16.1862 N  63  21.1787 W   2.2        2.9        3.3        2.7       93.3 
090815  222101  48  16.1868 N  63  21.1787 W   2.1        2.9        3.3        2.7       93.3 
090815  222102  48  16.1873 N  63  21.1785 W   2.1        2.9        3.3        2.7       93.3 
090815  222103  48  16.1879 N  63  21.1784 W   2.1        2.9        3.3        2.7       93.3 
090815  222104  48  16.1886 N  63  21.1784 W   2.1        2.9        3.3        2.7       93.3 
090815  222105  48  16.1893 N  63  21.1784 W   2.2        2.9        3.3        2.7       93.3 
090815  222106  48  16.1898 N  63  21.1782 W   2.1        2.9        3.3        2.7       93.3 
090815  222107  48  16.1903 N  63  21.1781 W   2.1        2.9        3.3        2.7       93.3 
090815  222108  48  16.1910 N  63  21.1781 W   2.1        2.9        3.3        2.7       93.3 
090815  222109  48  16.1916 N  63  21.1780 W   2.1        2.9        3.3        2.7       93.3 
090815  222110  48  16.1922 N  63  21.1778 W   2.1        2.9        3.3        2.7       93.3 
090815  222111  48  16.1927 N  63  21.1777 W   2.1        2.6*       3.3        2.7       93.3 
090815  222112  48  16.1933 N  63  21.1777 W   2.1        2.6        3.3        2.7       65.5*
090815  222113  48  16.1939 N  63  21.1777 W   2.1        2.6        3.3        2.7       65.5 
090815  222114  48  16.1944 N  63  21.1775 W   2.1        2.6        3.3        2.7       65.5 
090815  222115  48  16.1950 N  63  21.1775 W   2.0        2.6        3.3        2.7       65.5 
090815  222116  48  16.1956 N  63  21.1775 W   2.0        2.6        3.3        2.7       65.5 
090815  222117  48  16.1962 N  63  21.1774 W   2.1        2.6        3.3        2.7      121.4*
090815  222118  48  16.1967 N  63  21.1772 W   2.0        2.6        3.3        2.7      121.4 
090815  222119  48  16.1972 N  63  21.1771 W   2.0        2.6        3.3        2.7      121.4 
090815  222120  48  16.1978 N  63  21.1772 W   2.0        2.6        3.3        2.7      121.4 
090815  222121  48  16.1984 N  63  21.1772 W   2.0        2.6        3.3        2.7      121.4 
090815  222122  48  16.1989 N  63  21.1770 W   2.0        2.6        3.3        2.7      121.4 
090815  222123  48  16.1994 N  63  21.1769 W   2.0        2.6        3.3        2.7       69.5*
090815  222124  48  16.2000 N  63  21.1768 W   2.0        2.6        3.3        2.7       69.5 
090815  222125  48  16.2005 N  63  21.1769 W   2.0        2.6        3.3        2.7       69.5 
090815  222126  48  16.2010 N  63  21.1768 W   2.0        2.6        3.3        2.7       69.5 
090815  222127  48  16.2016 N  63  21.1766 W   2.0        2.6        3.3        2.7       69.5 
090815  222128  48  16.2021 N  63  21.1766 W   2.0        2.6        3.3        2.7       94.1*
090815  222129  48  16.2026 N  63  21.1766 W   2.0        2.6        3.3        2.7       94.1 
090815  222130  48  16.2032 N  63  21.1766 W   2.0        2.6        3.3        2.7       94.1 
090815  222131  48  16.2037 N  63  21.1765 W   2.0        2.6        3.3        2.7       94.1 
090815  222132  48  16.2043 N  63  21.1763 W   2.0        2.6        3.3        2.7       94.1 
090815  222133  48  16.2048 N  63  21.1763 W   2.0        2.6        3.3        2.7       95.0*
090815  222134  48  16.2053 N  63  21.1763 W   1.9        2.6        3.3        2.7       95.0 
090815  222135  48  16.2059 N  63  21.1763 W   1.9        2.6        3.3        2.7       95.0 
090815  222136  48  16.2064 N  63  21.1763 W   2.0        2.6        3.3        2.7       95.0 
090815  222137  48  16.2070 N  63  21.1762 W   1.9        2.6        3.3        2.7       95.0 
090815  222138  48  16.2074 N  63  21.1761 W   1.9        2.6        3.3        2.7       95.0 
090815  222139  48  16.2080 N  63  21.1760 W   1.9        2.6        3.3        2.7       94.1*
090815  222140  48  16.2086 N  63  21.1760 W   2.0        2.6        3.3        2.7       94.1 
090815  222141  48  16.2092 N  63  21.1760 W   2.0        2.6        3.3        2.7       94.1 
090815  222142  48  16.2096 N  63  21.1759 W   1.9        2.6        3.3        2.7       94.1 
090815  222143  48  16.2102 N  63  21.1758 W   1.9        2.6        3.3        2.7       94.1 
090815  222144  48  16.2108 N  63  21.1757 W   2.0        2.6        3.3        2.7       93.3*
090815  222145  48  16.2114 N  63  21.1757 W   2.0        2.6        3.3        2.7       93.3 
090815  222146  48  16.2119 N  63  21.1755 W   2.0        2.6        3.3        2.7       93.3 
090815  222147  48  16.2125 N  63  21.1755 W   2.0        2.6        3.3        2.7       93.3 
090815  222148  48  16.2130 N  63  21.1754 W   2.0        2.6        3.3        2.7       93.3 
090815  222149  48  16.2136 N  63  21.1753 W   2.0        2.6        3.3        2.7       97.2*
090815  222150  48  16.2142 N  63  21.1752 W   2.0        2.6        3.3        2.7       97.2 
090815  222151  48  16.2148 N  63  21.1752 W   2.0        2.6        3.3        2.7       97.2 
090815  222152  48  16.2154 N  63  21.1751 W   2.1        2.6        3.3        2.7       97.2 
090815  222153  48  16.2160 N  63  21.1750 W   2.1        2.6        3.3        2.7       97.2 
090815  222154  48  16.2166 N  63  21.1749 W   2.1        2.6        3.3        2.7       97.2 
090815  222155  48  16.2172 N  63  21.1750 W   2.1        2.6        3.3        2.7       94.1*
090815  222156  48  16.2178 N  63  21.1750 W   2.1        2.6        3.3        2.7       94.1 
090815  222157  48  16.2184 N  63  21.1748 W   2.1        2.6        3.3        2.7       94.1 
090815  222158  48  16.2189 N  63  21.1747 W   2.1        2.6        3.3        2.7       94.1 
090815  222159  48  16.2196 N  63  21.1747 W   2.1        2.6        3.3        2.7       94.1 
090815  222200  48  16.2202 N  63  21.1747 W   2.2        2.6        3.3        2.7       95.5*
090815  222201  48  16.2208 N  63  21.1747 W   2.2        2.6        3.3        2.7       95.5 
090815  222202  48  16.2214 N  63  21.1745 W   2.2        2.6        3.3        2.7       95.5 
090815  222203  48  16.2221 N  63  21.1744 W   2.2        2.6        3.3        2.7       95.5 
090815  222204  48  16.2227 N  63  21.1744 W   2.2        2.6        3.3        2.7       95.5 
090815  222205  48  16.2233 N  63  21.1745 W   2.2        2.6        3.3        2.7       95.5 
090815  222206  48  16.2240 N  63  21.1744 W   2.3        2.6        3.3        2.7       96.3*
090815  222207  48  16.2246 N  63  21.1742 W   2.2        2.6        3.3        2.7       96.3 
090815  222208  48  16.2251 N  63  21.1741 W   2.2        2.6        3.3        2.7       96.3 
090815  222209  48  16.2257 N  63  21.1741 W   2.2        2.6        3.3        2.7       96.3 
090815  222210  48  16.2264 N  63  21.1741 W   2.2        2.6        3.3        2.7       96.3 
090815  222211  48  16.2271 N  63  21.1741 W   2.3        2.6        3.3        2.7       92.8*
090815  222212  48  16.2277 N  63  21.1739 W   2.2        2.6        3.3        2.7       92.8 
090815  222213  48  16.2283 N  63  21.1737 W   2.2        2.6        3.3        2.7       92.8 
090815  222214  48  16.2289 N  63  21.1738 W   2.2        2.6        3.3        2.7       92.8 
090815  222215  48  16.2295 N  63  21.1739 W   2.2        2.6        3.3        2.7       92.8 
090815  222216  48  16.2301 N  63  21.1737 W   2.2        2.6        3.3        2.7       92.8 
090815  222217  48  16.2308 N  63  21.1735 W   2.2        2.6        3.3        2.7       92.8 
090815  222218  48  16.2313 N  63  21.1734 W   2.2        2.6        3.3        2.7       92.8 
090815  222219  48  16.2319 N  63  21.1734 W   2.2        2.6        3.3        2.7       92.8 
090815  222220  48  16.2325 N  63  21.1735 W   2.1        2.6        3.3        2.7       92.8 
090815  222221  48  16.2331 N  63  21.1734 W   2.2        2.6        3.3        2.7       92.8 
090815  222222  48  16.2337 N  63  21.1732 W   2.2        2.6        3.3        2.7       92.8 
090815  222223  48  16.2343 N  63  21.1732 W   2.1        2.6        3.3        2.7       92.8 
090815  222224  48  16.2348 N  63  21.1731 W   2.1        2.6        3.3        2.7       92.8 
090815  222225  48  16.2355 N  63  21.1732 W   2.1        2.6        3.3        2.7       92.8 
090815  222226  48  16.2361 N  63  21.1731 W   2.2        2.6        3.3        2.7       92.8 
090815  222227  48  16.2367 N  63  21.1730 W   2.1        2.6        3.3        2.7       92.8 
090815  222228  48  16.2372 N  63  21.1728 W   2.1        2.6        3.3        2.7      105.1*
090815  222229  48  16.2378 N  63  21.1729 W   2.1        2.6        3.3        2.7      105.1 
090815  222230  48  16.2384 N  63  21.1729 W   2.1        2.6        3.3        2.7      105.1 
090815  222231  48  16.2389 N  63  21.1728 W   2.1        2.6        3.3        2.7      105.1 
090815  222232  48  16.2395 N  63  21.1726 W   2.1        2.6        3.3        2.7      105.1 
090815  222233  48  16.2401 N  63  21.1726 W   2.1        2.6        3.3        2.7       58.9*
090815  222234  48  16.2406 N  63  21.1726 W   2.1        2.6        3.3        2.7       58.9 
090815  222235  48  16.2412 N  63  21.1726 W   2.1        2.6        3.3        2.7       58.9 
090815  222236  48  16.2418 N  63  21.1726 W   2.1        2.6        3.3        2.7       58.9 
090815  222237  48  16.2423 N  63  21.1723 W   2.1        2.6        3.3        2.7       58.9 
090815  222238  48  16.2428 N  63  21.1723 W   2.0        2.6        3.3        2.7       93.3*
090815  222239  48  16.2434 N  63  21.1723 W   2.0        2.6        3.3        2.7       93.3 
090815  222240  48  16.2441 N  63  21.1722 W   2.1        2.6        3.3        2.7       93.3 
090815  222241  48  16.2446 N  63  21.1720 W   2.1        2.6        3.3        2.7       93.3 
090815  222242  48  16.2452 N  63  21.1719 W   2.0        2.6        3.3        2.7       93.3 
090815  222243  48  16.2457 N  63  21.1719 W   2.0        2.6        3.3        2.7       93.3 
090815  222244  48  16.2463 N  63  21.1719 W   2.0        2.6        3.3        2.7       95.0*
090815  222245  48  16.2468 N  63  21.1718 W   2.0        2.6        3.3        2.7       95.0 
090815  222246  48  16.2474 N  63  21.1717 W   2.0        2.6        3.3        2.7       95.0 
090815  222247  48  16.2480 N  63  21.1716 W   2.0        2.6        3.3        2.7       95.0 
090815  222248  48  16.2486 N  63  21.1715 W   2.0        2.6        3.3        2.7       95.0 
090815  222249  48  16.2492 N  63  21.1716 W   2.0        2.6        3.3        2.7       94.6*
090815  222250  48  16.2497 N  63  21.1715 W   2.0        2.6        3.3        2.7       94.6 
090815  222251  48  16.2501 N  63  21.1712 W   2.0        2.6        3.3        2.7       94.6 
090815  222252  48  16.2506 N  63  21.1709 W   1.9        2.6        3.3        2.7       94.6 
090815  222253  48  16.2510 N  63  21.1708 W   1.9        2.6        3.3        2.7       94.6 
090815  222254  48  16.2514 N  63  21.1709 W   1.9        2.6        3.3        2.7       94.6 
090815  222255  48  16.2517 N  63  21.1707 W   1.8        2.6        3.3        2.7       94.6 
090815  222256  48  16.2521 N  63  21.1704 W   1.7        2.6        3.3        2.7       94.6 
090815  222257  48  16.2524 N  63  21.1702 W   1.6        2.6        3.3        2.7       94.6 
090815  222258  48  16.2527 N  63  21.1702 W   1.6        2.6        3.3        2.7       94.6 
090815  222259  48  16.2530 N  63  21.1702 W   1.5        2.6        3.3        2.7       94.6 
090815  222300  48  16.2533 N  63  21.1701 W   1.5        2.6        3.3        2.7       94.6 
090815  222301  48  16.2536 N  63  21.1699 W   1.4        2.6        3.3        2.7       94.6 
090815  222302  48  16.2539 N  63  21.1698 W   1.4        2.6        3.3        2.7       94.6 
090815  222303  48  16.2542 N  63  21.1698 W   1.4        2.6        3.3        2.7       94.6 
090815  222304  48  16.2545 N  63  21.1698 W   1.3        2.6        3.3        2.7       94.6 
090815  222305  48  16.2548 N  63  21.1697 W   1.3        2.6        3.3        2.7       94.6 
090815  222306  48  16.2550 N  63  21.1695 W   1.3        2.6        3.3        2.7       94.6 
090815  222307  48  16.2553 N  63  21.1695 W   1.2        2.6        3.3        2.7       94.6 
090815  222308  48  16.2555 N  63  21.1696 W   1.2        2.6        3.3        2.7       94.6 
090815  222309  48  16.2558 N  63  21.1695 W   1.2        2.6        3.3        2.7       94.6 
090815  222310  48  16.2561 N  63  21.1694 W   1.2        2.6        3.3        2.7       94.6 
090815  222311  48  16.2563 N  63  21.1693 W   1.1        2.6        3.3        2.7       94.6 
090815  222312  48  16.2565 N  63  21.1693 W   1.1        2.6        3.3        2.7       94.6 
090815  222313  48  16.2568 N  63  21.1692 W   1.1        2.6        3.3        2.7       94.6 
090815  222314  48  16.2571 N  63  21.1692 W   1.1        2.6        3.3        2.7       94.6 
090815  222315  48  16.2573 N  63  21.1692 W   1.0        2.6        3.3        2.7       94.6 
090815  222316  48  16.2575 N  63  21.1691 W   1.0        2.6        3.3        2.7       94.6 
090815  222317  48  16.2578 N  63  21.1690 W   1.0        2.6        3.3        2.7       94.6 
090815  222318  48  16.2581 N  63  21.1691 W   1.0        2.6        3.3        2.7       94.6 
090815  222319  48  16.2583 N  63  21.1691 W   1.0        2.6        3.3        2.7       94.6 
090815  222320  48  16.2584 N  63  21.1690 W   0.9        2.6        3.3        2.7       94.6 
090815  222321  48  16.2586 N  63  21.1687 W   0.9        2.6        3.3        2.7       94.6 
090815  222322  48  16.2586 N  63  21.1687 W   0.9        2.6        3.3        2.7       94.6 
090815  222323  48  16.2588 N  63  21.1689 W   0.9        2.6        3.3        2.7       94.6 
090815  222324  48  16.2589 N  63  21.1687 W   0.9        2.6        3.3        2.7       94.6 
090815  222325  48  16.2590 N  63  21.1683 W   0.8        2.6        3.3        2.7       94.6 
090815  222326  48  16.2591 N  63  21.1682 W   0.8        2.6        3.3        2.7       94.6 
090815  222327  48  16.2595 N  63  21.1683 W   0.8        2.6        3.3        2.7       94.6 
090815  222328  48  16.2597 N  63  21.1682 W   0.8        2.6        3.3        2.7       94.6 
090815  222329  48  16.2597 N  63  21.1679 W   0.8        2.6        3.3        2.7       94.6 
090815  222330  48  16.2597 N  63  21.1676 W   0.8        2.6        3.3        2.7       94.6 
090815  222331  48  16.2599 N  63  21.1676 W   0.8        2.6        3.3        2.7       94.6 
090815  222332  48  16.2601 N  63  21.1676 W   0.8        2.6        3.3        2.7       94.6 
090815  222333  48  16.2602 N  63  21.1674 W   0.7        2.6        3.3        2.7       84.0*
090815  222334  48  16.2604 N  63  21.1672 W   0.8        2.6        3.3        2.7       84.0 
090815  222335  48  16.2606 N  63  21.1671 W   0.8        2.6        3.3        2.7       84.0 
090815  222336  48  16.2608 N  63  21.1671 W   0.8        2.6        3.3        2.7       84.0 
090815  222337  48  16.2610 N  63  21.1670 W   0.8        2.6        3.3        2.7       84.0 
090815  222338  48  16.2612 N  63  21.1670 W   0.8        2.6        3.3        2.7       84.0 
090815  222339  48  16.2614 N  63  21.1668 W   0.8        2.6        3.3        2.7       84.0 
090815  222340  48  16.2616 N  63  21.1667 W   0.8        2.6        3.3        2.7       84.0 
090815  222341  48  16.2617 N  63  21.1668 W   0.7        2.6        3.3        2.7       84.0 
090815  222342  48  16.2619 N  63  21.1667 W   0.7        2.6        3.3        2.7       84.0 
090815  222343  48  16.2622 N  63  21.1666 W   0.8        2.6        3.3        2.7       84.0 
090815  222344  48  16.2624 N  63  21.1665 W   0.8        2.6        3.3        2.7       84.0 
090815  222345  48  16.2625 N  63  21.1665 W   0.7        2.6        3.3        2.7       84.0 
090815  222346  48  16.2626 N  63  21.1666 W   0.7        2.6        3.3        2.7       84.0 
090815  222347  48  16.2629 N  63  21.1665 W   0.8        2.6        3.3        2.7       84.0 
090815  222348  48  16.2632 N  63  21.1664 W   0.8        2.6        3.3        2.7       84.0 
090815  222349  48  16.2633 N  63  21.1664 W   0.7        2.6        3.3        2.7       84.0 
090815  222350  48  16.2635 N  63  21.1665 W   0.7        2.6        3.3        2.7       84.0 
090815  222351  48  16.2637 N  63  21.1665 W   0.7        2.6        3.3        2.7       84.0 
090815  222352  48  16.2640 N  63  21.1663 W   0.8        2.6        3.3        2.7       84.0 
090815  222353  48  16.2641 N  63  21.1662 W   0.7        2.6        3.3        2.7       84.0 
090815  222354  48  16.2642 N  63  21.1663 W   0.7        2.6        3.3        2.7       84.0 
090815  222355  48  16.2644 N  63  21.1663 W   0.7        2.6        3.3        2.7       84.0 
090815  222356  48  16.2646 N  63  21.1662 W   0.7        2.6        3.3        2.7       84.0 
090815  222357  48  16.2648 N  63  21.1661 W   0.7        2.6        3.3        2.7       84.0 
090815  222358  48  16.2648 N  63  21.1661 W   0.7        2.6        3.3        2.7       84.0 
090815  222359  48  16.2650 N  63  21.1662 W   0.7        2.6        3.3        2.7       84.0 
090815  222400  48  16.2651 N  63  21.1661 W   0.7        2.6        3.3        2.7       84.0 
090815  222401  48  16.2653 N  63  21.1659 W   0.6        2.6        3.3        2.7       84.0 
090815  222402  48  16.2654 N  63  21.1659 W   0.6        2.6        3.3        2.7       84.0 
090815  222403  48  16.2656 N  63  21.1660 W   0.6        2.6        3.3        2.7       84.0 
090815  222404  48  16.2657 N  63  21.1660 W   0.6        2.6        3.3        2.7       84.0 
090815  222405  48  16.2658 N  63  21.1659 W   0.6        2.6        3.3        2.7       84.0 
090815  222406  48  16.2661 N  63  21.1659 W   0.6        2.6        3.3        2.7       84.0 
090815  222407  48  16.2663 N  63  21.1660 W   0.6        2.6        3.3        2.7       84.0 
090815  222408  48  16.2664 N  63  21.1660 W   0.6        2.6        3.3        2.7       84.0 
090815  222409  48  16.2665 N  63  21.1658 W   0.6        2.6        3.3        2.7       84.0 
090815  222410  48  16.2667 N  63  21.1658 W   0.6        2.6        3.3        2.7       84.0 
090815  222411  48  16.2670 N  63  21.1659 W   0.6        2.6        3.3        2.7       84.0 
090815  222412  48  16.2673 N  63  21.1660 W   0.6        2.6        3.3        2.7       84.0 
090815  222413  48  16.2675 N  63  21.1660 W   0.6        2.6        3.3        2.7       84.0 
090815  222414  48  16.2677 N  63  21.1658 W   0.6        2.6        3.3        2.7       84.0 
090815  222415  48  16.2677 N  63  21.1657 W   0.6        2.6        3.3        2.7       84.0 
090815  222416  48  16.2678 N  63  21.1658 W   0.6        2.6        3.3        2.7       84.0 
090815  222417  48  16.2679 N  63  21.1658 W   0.6        2.6        3.3        2.7       84.0 
090815  222418  48  16.2681 N  63  21.1657 W   0.6        2.6        3.3        2.7       84.0 
090815  222419  48  16.2683 N  63  21.1656 W   0.6        2.6        3.3        2.7       84.0 
090815  222420  48  16.2684 N  63  21.1655 W   0.6        2.6        3.3        2.7       84.0 
090815  222421  48  16.2685 N  63  21.1656 W   0.6        2.6        3.3        2.7       84.0 
090815  222422  48  16.2689 N  63  21.1658 W   0.6        2.6        3.3        2.7       84.0 
090815  222423  48  16.2692 N  63  21.1658 W   0.7        2.6        3.3        2.7       84.0 
090815  222424  48  16.2694 N  63  21.1657 W   0.6        5.1*       3.3        2.7       84.0 
090815  222425  48  16.2694 N  63  21.1656 W   0.6        5.1        3.3        2.7       84.0 
090815  222426  48  16.2695 N  63  21.1656 W   0.6        5.1        3.3        2.7       84.0 
090815  222427  48  16.2696 N  63  21.1656 W   0.6        5.1        3.3        2.7       84.0 
090815  222428  48  16.2698 N  63  21.1656 W   0.7        5.1        3.3        2.7       84.0 
090815  222429  48  16.2700 N  63  21.1654 W   0.6        5.1        3.3        2.7       84.0 
090815  222430  48  16.2702 N  63  21.1654 W   0.6        5.1        3.3        2.7       84.0 
090815  222431  48  16.2704 N  63  21.1655 W   0.6        5.1        3.3        2.7       84.0 
090815  222432  48  16.2707 N  63  21.1656 W   0.6        5.1        3.3        2.7       84.0 
090815  222433  48  16.2708 N  63  21.1655 W   0.6        5.1        3.3        2.7       84.0 
090815  222434  48  16.2710 N  63  21.1653 W   0.6        5.1        3.3        2.7       84.0 
090815  222435  48  16.2712 N  63  21.1652 W   0.6        5.1        3.3        2.7       84.0 
090815  222436  48  16.2715 N  63  21.1652 W   0.7        5.1        3.3        2.7       84.0 
090815  222437  48  16.2715 N  63  21.1651 W   0.6        5.1        3.3        2.7       84.0 
090815  222438  48  16.2717 N  63  21.1650 W   0.6        5.1        3.3        2.7       84.0 
090815  222439  48  16.2720 N  63  21.1649 W   0.7        5.1        3.3        2.7       84.0 
090815  222440  48  16.2723 N  63  21.1649 W   0.7        5.1        3.3        2.7       84.0 
090815  222441  48  16.2725 N  63  21.1648 W   0.7        5.1        3.3        2.7       84.0 
090815  222442  48  16.2727 N  63  21.1647 W   0.7        5.1        3.3        2.7       84.0 
090815  222443  48  16.2730 N  63  21.1646 W   0.7        5.1        3.3        2.7       84.0 
090815  222444  48  16.2733 N  63  21.1645 W   0.8        5.1        3.3        2.7       84.0 
090815  222445  48  16.2734 N  63  21.1645 W   0.7        5.1        3.3        2.7       84.0 
090815  222446  48  16.2736 N  63  21.1644 W   0.7        5.1        3.3        2.7       84.0 
090815  222447  48  16.2739 N  63  21.1643 W   0.7        5.1        3.3        2.7       84.0 
090815  222448  48  16.2741 N  63  21.1642 W   0.8        5.1        3.3        2.7       84.0 
090815  222449  48  16.2743 N  63  21.1642 W   0.8        5.1        3.3        2.7       84.0 
090815  222450  48  16.2745 N  63  21.1643 W   0.7        5.1        3.3        2.7       84.0 
090815  222451  48  16.2746 N  63  21.1643 W   0.7        5.1        3.3        2.7       84.0 
090815  222452  48  16.2749 N  63  21.1641 W   0.8        5.1        3.3        2.7       84.0 
090815  222453  48  16.2752 N  63  21.1641 W   0.8        5.1        3.3        2.7       84.0 
090815  222454  48  16.2754 N  63  21.1641 W   0.8        5.1        3.3        2.7       84.0 
090815  222455  48  16.2756 N  63  21.1642 W   0.7        5.1        3.3        2.7       84.0 
090815  222456  48  16.2758 N  63  21.1642 W   0.8        5.1        3.3        2.7       84.0 
090815  222457  48  16.2761 N  63  21.1642 W   0.8        5.1        3.3        2.7       84.0 
090815  222458  48  16.2763 N  63  21.1642 W   0.8        5.1        3.3        0.6*      84.0 
090815  222459  48  16.2764 N  63  21.1641 W   0.8        5.1        3.3        0.6       84.0 
090815  222500  48  16.2767 N  63  21.1642 W   0.8        5.1        3.3        0.6       84.0 
090815  222501  48  16.2769 N  63  21.1641 W   0.8        5.1        3.3        0.6       84.0 
090815  222502  48  16.2771 N  63  21.1640 W   0.8        5.1        3.3        0.6       84.0 
090815  222503  48  16.2771 N  63  21.1640 W   0.7        5.1        3.3        0.6       84.0 
090815  222504  48  16.2775 N  63  21.1639 W   0.7        5.1        3.3        0.6       84.0 
090815  222505  48  16.2778 N  63  21.1639 W   0.8        5.1        3.3        0.6       84.0 
090815  222506  48  16.2780 N  63  21.1639 W   0.8        5.1        3.3        0.6       84.0 
090815  222507  48  16.2781 N  63  21.1640 W   0.7        5.1        3.3        0.6       84.0 
090815  222508  48  16.2785 N  63  21.1640 W   0.7        5.1        3.3        0.6       84.0 
090815  222509  48  16.2787 N  63  21.1639 W   0.7        5.1        3.3        0.6       84.0 
090815  222510  48  16.2789 N  63  21.1638 W   0.7        5.1        3.3        0.6       84.0 
090815  222511  48  16.2790 N  63  21.1639 W   0.7        5.1        3.3        0.6       84.0 
090815  222512  48  16.2793 N  63  21.1639 W   0.7        5.1        3.3        0.6       84.0 
090815  222513  48  16.2795 N  63  21.1637 W   0.7        5.1        3.3        0.6       84.0 
090815  222514  48  16.2796 N  63  21.1635 W   0.7        5.1        3.3        0.6       84.0 
090815  222515  48  16.2798 N  63  21.1635 W   0.7        5.1        3.3        0.6       66.0*
090815  222516  48  16.2801 N  63  21.1637 W   0.8        5.1        3.3        0.6       66.0 
090815  222517  48  16.2804 N  63  21.1636 W   0.8        5.1        3.3        0.6       66.0 
090815  222518  48  16.2806 N  63  21.1634 W   0.8        5.1        3.3        0.6       66.0 
090815  222519  48  16.2807 N  63  21.1633 W   0.8        5.1        3.3        0.6       66.0 
090815  222520  48  16.2810 N  63  21.1634 W   0.8        5.1        3.3        0.6       51.0*
090815  222521  48  16.2812 N  63  21.1635 W   0.8        5.1        3.3        0.6       51.0 
090815  222522  48  16.2814 N  63  21.1635 W   0.8        5.1        3.3        0.6       51.0 
090815  222523  48  16.2815 N  63  21.1634 W   0.8        5.1        3.3        0.6       51.0 
090815  222524  48  16.2817 N  63  21.1632 W   0.8        5.1        3.3        0.6       51.0 
090815  222525  48  16.2820 N  63  21.1634 W   0.8        5.1        3.3        0.6       51.0 
090815  222526  48  16.2823 N  63  21.1636 W   0.8        5.1        3.3        0.6       65.1*
090815  222527  48  16.2825 N  63  21.1635 W   0.8        5.1        3.3        0.6       65.1 
090815  222528  48  16.2827 N  63  21.1634 W   0.8        5.1        3.3        0.6       65.1 
090815  222529  48  16.2829 N  63  21.1633 W   0.8        5.1        3.3        0.6       65.1 
090815  222530  48  16.2833 N  63  21.1634 W   0.8        5.1        3.3        0.6       65.1 
090815  222531  48  16.2836 N  63  21.1635 W   0.8        5.1        3.3        0.6       29.9*
090815  222532  48  16.2838 N  63  21.1633 W   0.8        5.1        3.3        0.6       29.9 
090815  222533  48  16.2840 N  63  21.1632 W   0.8        5.1        3.3        0.6       29.9 
090815  222534  48  16.2844 N  63  21.1633 W   0.8        5.1        3.3        0.6       29.9 
090815  222535  48  16.2847 N  63  21.1635 W   0.9        5.1       13.3*       1.4*      29.9 
090815  222536  48  16.2850 N  63  21.1634 W   0.8        5.1       13.3        1.4       48.4*
090815  222537  48  16.2853 N  63  21.1634 W   0.9        5.1       13.3        1.4       48.4 
090815  222538  48  16.2857 N  63  21.1634 W   0.9        5.1       13.3        1.4       48.4 
090815  222539  48  16.2861 N  63  21.1635 W   1.0        5.1       13.3        1.4       48.4 
090815  222540  48  16.2864 N  63  21.1633 W   1.0        5.1       13.3        4.4*      48.4 
090815  222541  48  16.2868 N  63  21.1632 W   1.1        5.1       13.3        4.4       48.4 
090815  222542  48  16.2872 N  63  21.1632 W   1.2        5.1       13.3        4.4       48.4 
090815  222543  48  16.2877 N  63  21.1632 W   1.3        5.1       13.3        4.4       48.4 
090815  222544  48  16.2882 N  63  21.1632 W   1.3        5.1       13.3        4.4       48.4 
