FileName: C:\TRAWLS~1\FALL\GP190F.TXT
Local Time: Wed Aug 12 08:52:03 2009

Ship: August 12, 2009 Trip: GP190F Tow: 4
Comments: zone 12 sud-ouest des grenades sous-marines
 Date    Time     Latitude       Longitude    Speed    Primary  Secondary DoorSpread      Depth 
090812  115202  48   3.1585 N  62  23.0124 W   6.8       11.1*      13.3*      79.9*     561.3*
090812  115203  48   3.1565 N  62  23.0116 W   6.8       11.1       13.3       79.9      561.3 
090812  115204  48   3.1546 N  62  23.0108 W   6.9       11.1       13.3       79.9      561.3 
090812  115205  48   3.1527 N  62  23.0101 W   6.9       11.1       13.3       79.9      561.3 
090812  115206  48   3.1508 N  62  23.0093 W   6.9       11.1       13.3       79.9      561.3 
090812  115207  48   3.1490 N  62  23.0086 W   6.9       11.1       13.3       79.9      561.3 
090812  115208  48   3.1472 N  62  23.0079 W   6.8       11.1       13.3       79.9      561.3 
090812  115209  48   3.1455 N  62  23.0072 W   6.7       11.1       13.3       79.9      561.3 
090812  115210  48   3.1438 N  62  23.0065 W   6.6       11.1       13.3       79.9      561.3 
090812  115211  48   3.1422 N  62  23.0059 W   6.5       11.1       13.3       79.9      561.3 
090812  115212  48   3.1407 N  62  23.0053 W   6.3       11.1       13.3       79.9      561.3 
090812  115213  48   3.1393 N  62  23.0048 W   6.2       11.1       13.3       79.9      561.3 
090812  115214  48   3.1379 N  62  23.0043 W   6.0       11.1       13.3       79.9      561.3 
090812  115215  48   3.1365 N  62  23.0037 W   5.8       11.1       13.3       79.9      561.3 
090812  115216  48   3.1352 N  62  23.0033 W   5.7       11.1       13.3       79.9      561.3 
090812  115217  48   3.1340 N  62  23.0028 W   5.5       11.1       13.3       79.9      561.3 
090812  115218  48   3.1328 N  62  23.0024 W   5.3       11.1       13.3       79.9      561.3 
090812  115219  48   3.1317 N  62  23.0019 W   5.1       11.1       13.3       79.9      561.3 
090812  115220  48   3.1306 N  62  23.0014 W   5.0       11.1       13.3       79.9      561.3 
090812  115221  48   3.1295 N  62  23.0010 W   4.8       11.1       13.3       79.9      561.3 
090812  115222  48   3.1284 N  62  23.0005 W   4.7       11.1       13.3       79.9      561.3 
090812  115223  48   3.1274 N  62  23.0001 W   4.5       11.1       13.3       79.9      561.3 
090812  115224  48   3.1264 N  62  22.9997 W   4.4       11.1       13.3       79.9      561.3 
090812  115225  48   3.1255 N  62  22.9993 W   4.2       11.1       13.3       79.9      561.3 
090812  115226  48   3.1246 N  62  22.9990 W   4.1       11.1       13.3       79.9      561.3 
090812  115227  48   3.1237 N  62  22.9987 W   4.0       11.1       13.3        8.1*     561.3 
090812  115228  48   3.1229 N  62  22.9984 W   3.8       11.1       13.3        8.1      561.3 
090812  115229  48   3.1221 N  62  22.9981 W   3.7       11.1       13.3        8.1      561.3 
090812  115230  48   3.1213 N  62  22.9977 W   3.6       11.1       13.3        8.1      561.3 
090812  115231  48   3.1205 N  62  22.9974 W   3.5       11.1       13.3        8.1       17.2*
090812  115232  48   3.1198 N  62  22.9971 W   3.4        2.9*      13.3        8.1       17.2 
090812  115233  48   3.1190 N  62  22.9967 W   3.3        2.9       13.3        8.1       17.2 
090812  115234  48   3.1182 N  62  22.9964 W   3.2        2.9       13.3        8.1       17.2 
090812  115235  48   3.1175 N  62  22.9960 W   3.1        2.9       13.3        8.1       17.2 
090812  115236  48   3.1168 N  62  22.9958 W   3.1        2.9       13.3        8.1       13.2*
090812  115237  48   3.1161 N  62  22.9955 W   3.0        2.9       13.3        5.9*      13.2 
090812  115238  48   3.1153 N  62  22.9952 W   3.0        2.9       13.3        5.9       13.2 
090812  115239  48   3.1145 N  62  22.9948 W   3.0        2.9       13.3        5.9       13.2 
090812  115240  48   3.1137 N  62  22.9945 W   3.0        2.9       13.3        5.9       13.2 
090812  115241  48   3.1127 N  62  22.9940 W   3.1        2.9       13.3        5.9       13.2 
090812  115242  48   3.1117 N  62  22.9936 W   3.2        2.9       13.3        5.9       13.2 
090812  115243  48   3.1106 N  62  22.9931 W   3.4        2.9       13.3        5.9       13.2 
090812  115244  48   3.1095 N  62  22.9927 W   3.5        2.9       13.3        5.9       13.2 
090812  115245  48   3.1082 N  62  22.9921 W   3.7        2.3*      13.3        5.9       13.2 
090812  115246  48   3.1069 N  62  22.9915 W   3.9        2.3       13.3        5.9       13.2 
090812  115247  48   3.1055 N  62  22.9909 W   4.1        2.3       13.3        5.9       13.2 
090812  115248  48   3.1040 N  62  22.9902 W   4.3        2.3       13.3        5.9       13.2 
090812  115249  48   3.1026 N  62  22.9895 W   4.5        2.3       13.3        5.9       13.2 
090812  115250  48   3.1010 N  62  22.9888 W   4.7        2.3       13.3        5.9       13.2 
090812  115251  48   3.0994 N  62  22.9881 W   4.9        2.3       13.3        5.9       13.2 
090812  115252  48   3.0978 N  62  22.9874 W   5.1        2.3       13.3        5.9       13.2 
090812  115253  48   3.0961 N  62  22.9866 W   5.3        2.3       13.3        5.9       13.2 
090812  115254  48   3.0945 N  62  22.9859 W   5.4        2.3       13.3        5.9       13.2 
090812  115255  48   3.0927 N  62  22.9851 W   5.6        2.3       13.3        5.9       13.2 
090812  115256  48   3.0910 N  62  22.9843 W   5.7        2.3       13.3        5.9       13.2 
090812  115257  48   3.0892 N  62  22.9836 W   5.8        2.3       13.3        5.9       13.2 
090812  115258  48   3.0874 N  62  22.9828 W   6.0        2.3       13.3        5.9       13.2 
090812  115259  48   3.0856 N  62  22.9821 W   6.1        2.3       13.3        5.9       13.2 
090812  115300  48   3.0837 N  62  22.9813 W   6.2        2.3       13.3        5.9       13.2 
090812  115301  48   3.0819 N  62  22.9805 W   6.3        2.3       13.3        5.9       13.2 
090812  115302  48   3.0801 N  62  22.9797 W   6.4        2.3       13.3        5.9       13.2 
090812  115303  48   3.0782 N  62  22.9790 W   6.5        2.3       13.3        5.9       13.2 
090812  115304  48   3.0764 N  62  22.9781 W   6.5        2.3       13.3        5.9       13.2 
090812  115305  48   3.0745 N  62  22.9773 W   6.6        2.3       13.3        5.9       13.2 
090812  115306  48   3.0726 N  62  22.9765 W   6.6        2.3       13.3        5.9       13.2 
090812  115307  48   3.0707 N  62  22.9757 W   6.7        2.3       13.3        5.9       13.2 
090812  115308  48   3.0688 N  62  22.9749 W   6.7        2.3       13.3        5.9       13.2 
090812  115309  48   3.0669 N  62  22.9741 W   6.8        2.3       13.3        5.9       13.2 
090812  115310  48   3.0650 N  62  22.9733 W   6.8        2.3       13.3        5.9       13.2 
090812  115311  48   3.0631 N  62  22.9725 W   6.9        2.3       13.3        5.9       13.2 
090812  115312  48   3.0612 N  62  22.9717 W   6.9        2.3       13.3        5.9       13.2 
090812  115313  48   3.0593 N  62  22.9709 W   6.9        2.3       13.3        5.9       13.2 
090812  115314  48   3.0574 N  62  22.9700 W   7.0        2.3       13.3        5.9       13.2 
090812  115315  48   3.0555 N  62  22.9692 W   7.0        2.3       13.3        5.9       13.2 
090812  115316  48   3.0535 N  62  22.9684 W   7.0        2.3       13.3        5.9       13.2 
090812  115317  48   3.0516 N  62  22.9675 W   7.0        2.3       13.3        5.9       13.2 
090812  115318  48   3.0497 N  62  22.9667 W   7.1        2.3       13.3        5.9       13.2 
090812  115319  48   3.0477 N  62  22.9660 W   7.1        2.3       13.3        5.9       13.2 
090812  115320  48   3.0458 N  62  22.9651 W   7.1        2.3       13.3        5.9       13.2 
090812  115321  48   3.0439 N  62  22.9642 W   7.1        2.3       13.3        5.9       13.2 
090812  115322  48   3.0419 N  62  22.9633 W   7.1        2.3       13.3        5.9       13.2 
090812  115323  48   3.0400 N  62  22.9624 W   7.1        2.3       13.3        5.9       13.2 
090812  115324  48   3.0381 N  62  22.9616 W   7.1        2.3       13.3        5.9       13.2 
090812  115325  48   3.0361 N  62  22.9607 W   7.1        2.3       13.3        5.9       13.2 
090812  115326  48   3.0342 N  62  22.9599 W   7.2        2.3       13.3        5.9       13.2 
090812  115327  48   3.0322 N  62  22.9590 W   7.2        2.3       13.3        5.9       13.2 
090812  115328  48   3.0303 N  62  22.9581 W   7.2        2.3       13.3        5.9       13.2 
090812  115329  48   3.0283 N  62  22.9573 W   7.2        2.3       13.3        5.9       13.2 
090812  115330  48   3.0264 N  62  22.9563 W   7.2        2.3       13.3        5.9       13.2 
090812  115331  48   3.0245 N  62  22.9554 W   7.2        2.3       13.3        5.9       13.2 
090812  115332  48   3.0226 N  62  22.9544 W   7.2        2.3       13.3        5.9       13.2 
090812  115333  48   3.0207 N  62  22.9535 W   7.2        2.3       13.3        5.9       13.2 
090812  115334  48   3.0187 N  62  22.9525 W   7.2        2.3       13.3        5.9       13.2 
090812  115335  48   3.0169 N  62  22.9514 W   7.2        2.3       13.3        5.9       13.2 
090812  115336  48   3.0150 N  62  22.9505 W   7.2        2.3       13.3        5.9       13.2 
090812  115337  48   3.0131 N  62  22.9495 W   7.2        2.3       13.3        5.9       13.2 
090812  115338  48   3.0112 N  62  22.9486 W   7.2        2.3       13.3        5.9       13.2 
090812  115339  48   3.0093 N  62  22.9476 W   7.2        2.3       13.3        5.9       13.2 
090812  115340  48   3.0074 N  62  22.9466 W   7.2        2.3       13.3        5.9       13.2 
090812  115341  48   3.0055 N  62  22.9456 W   7.2        2.3       13.3        5.9       13.2 
090812  115342  48   3.0036 N  62  22.9447 W   7.2        2.3       13.3        5.9       13.2 
090812  115343  48   3.0017 N  62  22.9436 W   7.2        2.3       13.3        5.9       13.2 
090812  115344  48   2.9998 N  62  22.9426 W   7.2        2.3       13.3        5.9       13.2 
090812  115345  48   2.9980 N  62  22.9415 W   7.2        2.3       13.3        5.9       13.2 
090812  115346  48   2.9961 N  62  22.9405 W   7.2        2.3       13.3        5.9       13.2 
090812  115347  48   2.9943 N  62  22.9394 W   7.2        2.3       13.3        5.9       13.2 
090812  115348  48   2.9924 N  62  22.9384 W   7.2        2.3       13.3        5.9       13.2 
090812  115349  48   2.9905 N  62  22.9374 W   7.2        2.3       13.3        5.9       13.2 
090812  115350  48   2.9886 N  62  22.9364 W   7.2        2.3       13.3        5.9       13.2 
090812  115351  48   2.9867 N  62  22.9354 W   7.2        2.3       13.3        5.9       13.2 
090812  115352  48   2.9849 N  62  22.9344 W   7.2        2.3       13.3        5.9       13.2 
090812  115353  48   2.9830 N  62  22.9334 W   7.2        2.3       13.3        5.9       13.2 
090812  115354  48   2.9812 N  62  22.9324 W   7.2        2.3       13.3        5.9       13.2 
090812  115355  48   2.9793 N  62  22.9315 W   7.2        2.3       13.3        5.9       13.2 
090812  115356  48   2.9775 N  62  22.9305 W   7.2        2.3       13.3        5.9       13.2 
090812  115357  48   2.9757 N  62  22.9295 W   7.2        2.3       13.3        5.9       13.2 
090812  115358  48   2.9739 N  62  22.9284 W   7.2        2.3       13.3        5.9       13.2 
090812  115359  48   2.9721 N  62  22.9274 W   7.2        2.3       13.3        5.9       13.2 
090812  115400  48   2.9702 N  62  22.9264 W   7.2        2.3       13.3        5.9       13.2 
090812  115401  48   2.9683 N  62  22.9255 W   7.2        2.3       13.3        5.9       13.2 
090812  115402  48   2.9665 N  62  22.9245 W   7.2        2.3       13.3        5.9       13.2 
090812  115403  48   2.9646 N  62  22.9235 W   7.2        2.3       13.3        5.9       13.2 
090812  115404  48   2.9627 N  62  22.9225 W   7.2        2.3       13.3        5.9       13.2 
090812  115405  48   2.9609 N  62  22.9214 W   7.2        2.3       13.3        5.9       13.2 
090812  115406  48   2.9590 N  62  22.9204 W   7.2        2.3       13.3        5.9       13.2 
090812  115407  48   2.9572 N  62  22.9193 W   7.3        2.3       13.3        5.9       13.2 
090812  115408  48   2.9553 N  62  22.9182 W   7.3        2.3       13.3        5.9       13.2 
090812  115409  48   2.9534 N  62  22.9172 W   7.3        2.3       13.3        5.9       13.2 
090812  115410  48   2.9515 N  62  22.9161 W   7.3        2.3       13.3        5.9       13.2 
090812  115411  48   2.9496 N  62  22.9152 W   7.3        2.3       13.3        5.9       13.2 
090812  115412  48   2.9477 N  62  22.9142 W   7.3        2.3       13.3        5.9       13.2 
090812  115413  48   2.9458 N  62  22.9133 W   7.3        2.3       13.3        5.9       13.2 
090812  115414  48   2.9439 N  62  22.9123 W   7.3        2.3       13.3        5.9       13.2 
090812  115415  48   2.9420 N  62  22.9113 W   7.3        2.3       13.3        5.9       13.2 
090812  115416  48   2.9400 N  62  22.9103 W   7.3        2.3       13.3        5.9       13.2 
090812  115417  48   2.9382 N  62  22.9093 W   7.3        2.3       13.3        5.9       13.2 
090812  115418  48   2.9363 N  62  22.9082 W   7.3        2.3       13.3        5.9       13.2 
090812  115419  48   2.9344 N  62  22.9072 W   7.3        2.3       13.3        5.9       13.2 
090812  115420  48   2.9326 N  62  22.9061 W   7.3        2.3       13.3        5.9       13.2 
090812  115421  48   2.9307 N  62  22.9051 W   7.3        2.3       13.3        5.9       13.2 
090812  115422  48   2.9288 N  62  22.9041 W   7.3        2.3       13.3        5.9       13.2 
090812  115423  48   2.9269 N  62  22.9031 W   7.3        2.3       13.3        5.9       13.2 
090812  115424  48   2.9250 N  62  22.9021 W   7.3        2.3       13.3        5.9       13.2 
090812  115425  48   2.9231 N  62  22.9011 W   7.3        2.3       13.3        5.9       13.2 
090812  115426  48   2.9212 N  62  22.9001 W   7.3        2.3       13.3        5.9       13.2 
090812  115427  48   2.9194 N  62  22.8991 W   7.2        2.3       13.3        5.9       13.2 
090812  115428  48   2.9175 N  62  22.8980 W   7.2        2.3       13.3        5.9       13.2 
090812  115429  48   2.9157 N  62  22.8970 W   7.2        2.1*      13.3        5.9       13.2 
090812  115430  48   2.9138 N  62  22.8960 W   7.2        2.1       13.3        5.9       13.2 
090812  115431  48   2.9119 N  62  22.8950 W   7.2        2.1       13.3        5.9       13.2 
090812  115432  48   2.9100 N  62  22.8940 W   7.2        2.1       13.3        5.9       13.2 
090812  115433  48   2.9081 N  62  22.8930 W   7.2        2.1       13.3        5.9       13.2 
090812  115434  48   2.9062 N  62  22.8921 W   7.2        2.1       13.3        5.9       13.2 
090812  115435  48   2.9043 N  62  22.8911 W   7.2        2.1       13.3        5.9       13.2 
090812  115436  48   2.9024 N  62  22.8901 W   7.2        2.1       13.3        5.9       13.2 
090812  115437  48   2.9006 N  62  22.8892 W   7.2        2.1       13.3        5.9       13.2 
090812  115438  48   2.8988 N  62  22.8882 W   7.2        2.1       13.3        5.9       13.2 
090812  115439  48   2.8969 N  62  22.8872 W   7.1        2.1       13.3        5.9       13.2 
090812  115440  48   2.8952 N  62  22.8862 W   7.1        2.1       13.3        5.9       13.2 
090812  115441  48   2.8934 N  62  22.8852 W   7.0        2.1       13.3        5.9       13.2 
090812  115442  48   2.8917 N  62  22.8844 W   6.9        2.1       13.3        7.7*      13.2 
090812  115443  48   2.8900 N  62  22.8836 W   6.9        2.1       13.3        7.7       13.2 
090812  115444  48   2.8883 N  62  22.8828 W   6.8        2.1       13.3        7.7       13.2 
090812  115445  48   2.8866 N  62  22.8820 W   6.7        2.1       13.3        7.7       13.2 
090812  115446  48   2.8850 N  62  22.8812 W   6.7        2.1       13.3        7.7       13.2 
090812  115447  48   2.8833 N  62  22.8804 W   6.6        2.1       13.3        7.7       13.2 
090812  115448  48   2.8817 N  62  22.8796 W   6.5        2.1       13.3        6.9*      13.2 
090812  115449  48   2.8801 N  62  22.8788 W   6.4        2.1       13.3        6.9       53.7*
090812  115450  48   2.8786 N  62  22.8780 W   6.3        2.1       13.3        6.9       53.7 
090812  115451  48   2.8771 N  62  22.8772 W   6.3        2.1       13.3        6.9       53.7 
090812  115452  48   2.8755 N  62  22.8765 W   6.2        2.1       13.3        6.9       53.7 
090812  115453  48   2.8740 N  62  22.8757 W   6.1        2.1       13.3        8.4*      53.7 
090812  115454  48   2.8725 N  62  22.8750 W   6.1        2.1       13.3        8.4       53.7 
090812  115455  48   2.8710 N  62  22.8742 W   6.0        2.1*      13.3        8.4       53.7 
090812  115456  48   2.8695 N  62  22.8734 W   6.0        2.1       13.3        8.4       53.7 
090812  115457  48   2.8680 N  62  22.8727 W   6.0        2.1       13.3        8.4       53.7 
090812  115458  48   2.8665 N  62  22.8719 W   5.9        2.1       13.3        0.9*      53.7 
090812  115459  48   2.8650 N  62  22.8711 W   5.9        2.1       13.3        0.9       53.7 
090812  115500  48   2.8635 N  62  22.8703 W   5.9        2.1       13.3        0.9       53.7 
090812  115501  48   2.8620 N  62  22.8696 W   5.8        2.1       13.3        0.9       53.7 
090812  115502  48   2.8605 N  62  22.8688 W   5.8        2.1       13.3        0.9       53.7 
090812  115503  48   2.8591 N  62  22.8681 W   5.8        2.1       13.3       17.1*      53.7 
090812  115504  48   2.8576 N  62  22.8673 W   5.8        2.1       13.3       17.1       53.7 
090812  115505  48   2.8560 N  62  22.8666 W   5.8        2.1       13.3       17.1       53.7 
090812  115506  48   2.8545 N  62  22.8659 W   5.8        2.1       13.3       17.1       60.3*
090812  115507  48   2.8529 N  62  22.8652 W   5.8        2.1       13.3       17.1       60.3 
090812  115508  48   2.8514 N  62  22.8645 W   5.8        2.1*      13.3       17.1       60.3 
090812  115509  48   2.8499 N  62  22.8638 W   5.8        2.1       13.3       17.1       60.3 
090812  115510  48   2.8484 N  62  22.8631 W   5.8        2.1       13.3       17.1       60.3 
090812  115511  48   2.8469 N  62  22.8624 W   5.8        2.1       13.3       17.1       60.3*
090812  115512  48   2.8453 N  62  22.8617 W   5.8        2.1       13.3       17.1       60.3 
090812  115513  48   2.8438 N  62  22.8610 W   5.8        2.1       13.3       17.1       60.3 
090812  115514  48   2.8423 N  62  22.8603 W   5.7        2.1       13.3       17.1       60.3 
090812  115515  48   2.8408 N  62  22.8596 W   5.7        2.1       13.3       17.1       60.3 
090812  115516  48   2.8393 N  62  22.8589 W   5.7        2.1       13.3       17.1       51.0*
090812  115517  48   2.8377 N  62  22.8582 W   5.7        2.1       13.3       17.1       51.0 
090812  115518  48   2.8362 N  62  22.8575 W   5.7        2.1       13.3       17.1       51.0 
090812  115519  48   2.8347 N  62  22.8568 W   5.7        2.1       13.3       17.1       51.0 
090812  115520  48   2.8331 N  62  22.8561 W   5.7        2.1       13.3       17.1       51.0 
090812  115521  48   2.8316 N  62  22.8554 W   5.7        2.1       13.3       17.1       51.0 
090812  115522  48   2.8302 N  62  22.8547 W   5.7        2.1       13.3       17.1      113.9*
090812  115523  48   2.8287 N  62  22.8541 W   5.6        2.1       13.3       17.1      113.9 
090812  115524  48   2.8274 N  62  22.8535 W   5.5        2.1       13.3       17.1      113.9 
090812  115525  48   2.8262 N  62  22.8529 W   5.4        2.1       13.3        8.2*     113.9 
090812  115526  48   2.8250 N  62  22.8524 W   5.2        2.1       13.3        8.2      113.9 
090812  115527  48   2.8239 N  62  22.8519 W   5.1        2.1       13.3        8.2      113.9 
090812  115528  48   2.8228 N  62  22.8514 W   4.9        2.1       13.3        8.2      113.9 
090812  115529  48   2.8218 N  62  22.8509 W   4.7        2.1       13.3        8.2      113.9 
090812  115530  48   2.8209 N  62  22.8505 W   4.5        2.1       13.3        8.2*     113.9 
090812  115531  48   2.8200 N  62  22.8500 W   4.3        2.1       13.3        8.2      113.9 
090812  115532  48   2.8192 N  62  22.8496 W   4.2        2.1       13.3        8.2       59.4*
090812  115533  48   2.8183 N  62  22.8492 W   4.0        2.1       13.3        8.2       59.4 
090812  115534  48   2.8175 N  62  22.8488 W   3.8        2.4*      13.3        8.2       59.4 
090812  115535  48   2.8168 N  62  22.8484 W   3.7        2.4       13.3        6.2*      59.4 
090812  115536  48   2.8160 N  62  22.8480 W   3.6        2.4       13.3        6.2       59.4 
090812  115537  48   2.8153 N  62  22.8476 W   3.4        2.4       13.3        6.2       59.4 
090812  115538  48   2.8146 N  62  22.8472 W   3.3        2.4       13.3        6.2       55.0*
090812  115539  48   2.8140 N  62  22.8468 W   3.2        2.4       13.3        6.2       55.0 
090812  115540  48   2.8133 N  62  22.8464 W   3.1        2.4       13.3        9.3*      55.0 
090812  115541  48   2.8127 N  62  22.8461 W   3.0        2.4       13.3        9.3       55.0 
090812  115542  48   2.8121 N  62  22.8458 W   2.9        2.4       13.3        9.3       55.0 
090812  115543  48   2.8115 N  62  22.8455 W   2.8        2.4       13.3        9.3       67.7*
090812  115544  48   2.8109 N  62  22.8452 W   2.7        2.4       13.3        9.3       67.7 
090812  115545  48   2.8103 N  62  22.8449 W   2.6        2.4       13.3        9.3       67.7 
090812  115546  48   2.8098 N  62  22.8446 W   2.6        2.4       13.3        5.2*      67.7 
090812  115547  48   2.8092 N  62  22.8442 W   2.5        2.4       13.6*       5.2       67.7 
090812  115548  48   2.8086 N  62  22.8439 W   2.4        2.4       13.6        5.2       47.5*
090812  115549  48   2.8081 N  62  22.8437 W   2.4        2.4       13.6        5.2       47.5 
090812  115550  48   2.8076 N  62  22.8434 W   2.3        2.4       13.6        5.2       47.5 
090812  115551  48   2.8070 N  62  22.8431 W   2.3        2.4       13.6        6.7*      47.5 
090812  115552  48   2.8066 N  62  22.8428 W   2.2        2.4       13.6        6.7       47.5 
090812  115553  48   2.8061 N  62  22.8425 W   2.2        2.4       13.6        6.7       47.5 
090812  115554  48   2.8055 N  62  22.8422 W   2.2        2.4       13.6        6.7       69.9*
090812  115555  48   2.8050 N  62  22.8420 W   2.1        2.4       13.6        6.7       69.9 
090812  115556  48   2.8046 N  62  22.8417 W   2.1        2.4       13.6       10.1*      69.9 
090812  115557  48   2.8041 N  62  22.8415 W   2.0        2.4       13.6       10.1       69.9 
090812  115558  48   2.8036 N  62  22.8412 W   2.0        2.4       13.6       10.1       69.9 
090812  115559  48   2.8031 N  62  22.8409 W   2.0        2.4       13.6       10.1       60.7*
090812  115600  48   2.8026 N  62  22.8406 W   2.0        2.3*      13.6       10.1       60.7 
090812  115601  48   2.8021 N  62  22.8404 W   2.0        2.3       13.6       10.1       60.7 
090812  115602  48   2.8016 N  62  22.8401 W   1.9        2.3       13.6        4.9*      60.7 
090812  115603  48   2.8012 N  62  22.8398 W   1.9        2.3       13.6        4.9       60.7 
090812  115604  48   2.8007 N  62  22.8396 W   1.9        2.3       13.6        4.9       60.7 
090812  115605  48   2.8003 N  62  22.8393 W   1.9        2.3       13.6        4.9       52.3*
090812  115606  48   2.7998 N  62  22.8391 W   1.9        2.3       13.6        4.9       52.3 
090812  115607  48   2.7994 N  62  22.8388 W   1.9        2.3       13.6        4.4*      52.3 
090812  115608  48   2.7989 N  62  22.8385 W   1.8        2.3       13.6        4.4       52.3 
090812  115609  48   2.7985 N  62  22.8383 W   1.8        2.3       13.6        4.4       52.3 
090812  115610  48   2.7980 N  62  22.8380 W   1.8        2.3       13.6        4.4       66.9*
090812  115611  48   2.7975 N  62  22.8377 W   1.8        2.3       13.6        4.4       66.9 
090812  115612  48   2.7971 N  62  22.8376 W   1.8        2.3       13.6        4.4       66.9 
090812  115613  48   2.7967 N  62  22.8373 W   1.8        2.3       13.6        4.4       66.9 
090812  115614  48   2.7962 N  62  22.8371 W   1.8        2.3       13.6        4.4       66.9 
090812  115615  48   2.7958 N  62  22.8369 W   1.8        2.3       13.6        4.4       69.1*
090812  115616  48   2.7953 N  62  22.8366 W   1.7        2.3       13.6        4.4       69.1 
090812  115617  48   2.7949 N  62  22.8364 W   1.7        2.3       13.6       76.2*      69.1 
090812  115618  48   2.7944 N  62  22.8362 W   1.7        2.3       13.6       76.2       69.1 
090812  115619  48   2.7940 N  62  22.8359 W   1.7        2.3       13.6       76.2       69.1 
090812  115620  48   2.7935 N  62  22.8357 W   1.7        2.3       13.6       76.2       69.1 
090812  115621  48   2.7931 N  62  22.8355 W   1.7        2.3       13.6       76.2       76.1*
090812  115622  48   2.7926 N  62  22.8352 W   1.7        2.3       13.6        5.9*      76.1 
090812  115623  48   2.7922 N  62  22.8350 W   1.7        2.3       13.6        5.9       76.1 
090812  115624  48   2.7917 N  62  22.8347 W   1.8        2.3       13.6        5.9       76.1 
090812  115625  48   2.7912 N  62  22.8345 W   1.7        2.1*      13.6        5.9       76.1 
090812  115626  48   2.7908 N  62  22.8342 W   1.8        2.1       13.6        5.9       69.1*
090812  115627  48   2.7902 N  62  22.8339 W   1.8        2.1       13.6        5.9       69.1 
090812  115628  48   2.7897 N  62  22.8337 W   1.8        2.1       13.6        5.4*      69.1 
090812  115629  48   2.7893 N  62  22.8334 W   1.8        2.1       13.6        5.4       69.1 
090812  115630  48   2.7888 N  62  22.8331 W   1.8        2.1       13.6        5.4       69.1 
090812  115631  48   2.7882 N  62  22.8328 W   1.9        2.1       13.6        5.4       69.1 
090812  115632  48   2.7877 N  62  22.8325 W   1.9        2.1       13.6        5.4       84.0*
090812  115633  48   2.7872 N  62  22.8323 W   1.9        2.1       13.6        6.5*      84.0 
090812  115634  48   2.7866 N  62  22.8320 W   1.9        2.1       13.6        6.5       84.0 
090812  115635  48   2.7861 N  62  22.8317 W   1.9        2.1       13.6        6.5       84.0 
090812  115636  48   2.7856 N  62  22.8314 W   2.0        2.1       13.6        6.5       84.0 
090812  115637  48   2.7850 N  62  22.8311 W   2.0        2.1       13.6        6.5       75.7*
090812  115638  48   2.7844 N  62  22.8308 W   2.0        2.2*      13.6        5.6*      75.7 
090812  115639  48   2.7839 N  62  22.8305 W   2.0        2.2       13.6        5.6       75.7 
090812  115640  48   2.7833 N  62  22.8302 W   2.0        2.2       13.6        5.6       75.7 
090812  115641  48   2.7827 N  62  22.8298 W   2.1        2.2       13.6        5.6       75.7 
090812  115642  48   2.7821 N  62  22.8295 W   2.1        2.2       13.6        5.6       75.7 
090812  115643  48   2.7816 N  62  22.8292 W   2.1        2.2       13.6        6.2*      80.1*
090812  115644  48   2.7810 N  62  22.8290 W   2.1        2.2       13.6        6.2       80.1 
090812  115645  48   2.7804 N  62  22.8287 W   2.1        2.2       13.6        6.2       80.1 
090812  115646  48   2.7799 N  62  22.8285 W   2.1        2.2       13.6        6.2       80.1 
090812  115647  48   2.7793 N  62  22.8282 W   2.1        2.2       13.6        6.2       80.1 
090812  115648  48   2.7787 N  62  22.8279 W   2.1        2.2       13.6        6.2       97.2*
090812  115649  48   2.7781 N  62  22.8276 W   2.1        2.2       13.6        5.4*      97.2 
090812  115650  48   2.7774 N  62  22.8273 W   2.2        2.2       13.6        5.4       97.2 
090812  115651  48   2.7768 N  62  22.8271 W   2.2        2.1*      13.6        5.4       97.2 
090812  115652  48   2.7763 N  62  22.8268 W   2.2        2.1       13.6        5.4       97.2 
090812  115653  48   2.7756 N  62  22.8265 W   2.2        2.1       13.6        5.4       97.2 
090812  115654  48   2.7750 N  62  22.8262 W   2.2        2.1       13.6        7.7*      79.2*
090812  115655  48   2.7744 N  62  22.8259 W   2.2        2.1       13.6        7.7       79.2 
090812  115656  48   2.7738 N  62  22.8255 W   2.2        2.1       13.6        7.7       79.2 
090812  115657  48   2.7732 N  62  22.8252 W   2.2        2.1       13.6        7.7       79.2 
090812  115658  48   2.7726 N  62  22.8249 W   2.2        2.1       13.6        7.7       79.2 
090812  115659  48   2.7720 N  62  22.8246 W   2.2        2.1       13.6        6.3*      84.9*
090812  115700  48   2.7714 N  62  22.8244 W   2.2        2.1       13.6        6.3       84.9 
090812  115701  48   2.7709 N  62  22.8240 W   2.2        2.1       13.6        6.3       84.9 
090812  115702  48   2.7703 N  62  22.8238 W   2.2        2.1       13.6        6.3       84.9 
090812  115703  48   2.7697 N  62  22.8235 W   2.2        2.1       13.6        6.3       84.9 
090812  115704  48   2.7691 N  62  22.8233 W   2.2        2.1*      13.6        6.7*      92.4*
090812  115705  48   2.7685 N  62  22.8230 W   2.2        2.1       13.6        6.7       92.4 
090812  115706  48   2.7680 N  62  22.8228 W   2.2        2.1       13.6        6.7       92.4 
090812  115707  48   2.7674 N  62  22.8225 W   2.2        2.1       13.6        6.7       92.4 
090812  115708  48   2.7669 N  62  22.8223 W   2.2        2.1       13.6        6.7       92.4 
090812  115709  48   2.7663 N  62  22.8221 W   2.2        2.1       13.6        6.7       92.4 
090812  115710  48   2.7657 N  62  22.8218 W   2.2        2.1       13.6        6.8*      93.7*
090812  115711  48   2.7651 N  62  22.8216 W   2.2        2.1        5.0*       6.8       93.7 
090812  115712  48   2.7646 N  62  22.8214 W   2.1        2.1        5.0        6.8       93.7 
090812  115713  48   2.7640 N  62  22.8211 W   2.1        2.1        5.0        6.8       93.7 
090812  115714  48   2.7635 N  62  22.8209 W   2.1        2.1        5.0        6.8       93.7 
090812  115715  48   2.7629 N  62  22.8207 W   2.1        2.1        5.0        7.0*      95.0*
090812  115716  48   2.7623 N  62  22.8204 W   2.1        2.1        5.0        7.0       95.0 
090812  115717  48   2.7618 N  62  22.8202 W   2.1        2.1        5.0        7.0       95.0 
090812  115718  48   2.7612 N  62  22.8200 W   2.1        5.6*       5.0        7.0       95.0 
090812  115719  48   2.7607 N  62  22.8197 W   2.1        5.6        5.0        7.0       95.0 
090812  115720  48   2.7602 N  62  22.8195 W   2.1        5.6        5.0        7.1*      95.0 
090812  115721  48   2.7597 N  62  22.8193 W   2.1        5.6        5.0        7.1       96.3*
090812  115722  48   2.7592 N  62  22.8191 W   2.0        5.6        5.0        7.1       96.3 
090812  115723  48   2.7586 N  62  22.8189 W   2.0        5.6        5.0        7.1       96.3 
090812  115724  48   2.7581 N  62  22.8186 W   2.0        5.6        5.0        7.1       96.3 
090812  115725  48   2.7576 N  62  22.8184 W   2.0        5.6        5.0        7.1       96.3 
090812  115726  48   2.7571 N  62  22.8182 W   2.0        5.6        5.0        7.5*      93.3*
090812  115727  48   2.7565 N  62  22.8180 W   2.0        5.6        5.0        7.5       93.3 
090812  115728  48   2.7560 N  62  22.8177 W   2.0        5.6        5.0        7.5       93.3 
090812  115729  48   2.7555 N  62  22.8175 W   2.0        5.6        5.0        7.5       93.3 
090812  115730  48   2.7550 N  62  22.8172 W   2.0        5.6        5.0        7.5       93.3 
090812  115731  48   2.7545 N  62  22.8170 W   2.0        2.3*       5.0       10.1*      93.3 
090812  115732  48   2.7539 N  62  22.8168 W   2.0        2.3        5.0       10.1       99.4*
090812  115733  48   2.7535 N  62  22.8166 W   2.0        2.3        5.0       10.1       99.4 
090812  115734  48   2.7529 N  62  22.8164 W   2.0        2.3        5.0       10.1       99.4 
090812  115735  48   2.7524 N  62  22.8161 W   2.0        2.3        5.0       10.1       99.4 
090812  115736  48   2.7518 N  62  22.8159 W   2.0        2.3        5.0        5.7*      99.4 
090812  115737  48   2.7514 N  62  22.8157 W   2.0        2.3        5.0        5.7       97.2*
090812  115738  48   2.7508 N  62  22.8155 W   2.0        2.3        5.0        5.7       97.2 
090812  115739  48   2.7503 N  62  22.8153 W   2.0        2.3        5.0        5.7       97.2 
090812  115740  48   2.7497 N  62  22.8150 W   2.0        2.3        5.0        5.7       97.2 
090812  115741  48   2.7492 N  62  22.8148 W   2.0        2.3        5.0        7.9*      97.2 
090812  115742  48   2.7486 N  62  22.8146 W   2.0        2.3        5.0        7.9       97.2 
090812  115743  48   2.7481 N  62  22.8144 W   2.0        2.3        5.0        7.9       98.5*
090812  115744  48   2.7475 N  62  22.8141 W   2.0        2.3        5.0        7.9       98.5 
090812  115745  48   2.7470 N  62  22.8139 W   2.0        2.3        5.0        7.9       98.5 
090812  115746  48   2.7465 N  62  22.8137 W   2.0        2.3        5.0        7.9       98.5 
090812  115747  48   2.7459 N  62  22.8135 W   2.0        2.3        5.0        7.9*      98.5 
090812  115748  48   2.7453 N  62  22.8132 W   2.0        2.3        5.0        7.9       96.8*
090812  115749  48   2.7448 N  62  22.8130 W   2.0        2.3        5.0        7.9       96.8 
090812  115750  48   2.7443 N  62  22.8128 W   2.0        2.3        5.0        7.9       96.8 
090812  115751  48   2.7438 N  62  22.8126 W   2.0        2.3        5.0        7.9       96.8 
090812  115752  48   2.7432 N  62  22.8123 W   2.0        2.3        5.0        8.3*      96.8 
090812  115753  48   2.7427 N  62  22.8121 W   2.0        2.3        5.0        8.3       96.8 
090812  115754  48   2.7421 N  62  22.8120 W   2.0        2.3        5.0        8.3       96.8*
090812  115755  48   2.7416 N  62  22.8118 W   2.0        2.3        5.0        8.3       96.8 
090812  115756  48   2.7411 N  62  22.8116 W   2.0        2.3        5.0        8.3       96.8 
090812  115757  48   2.7405 N  62  22.8113 W   2.0        2.1*       5.0        8.0*      96.8 
090812  115758  48   2.7400 N  62  22.8111 W   2.0        2.1        5.0        8.0       96.8 
090812  115759  48   2.7395 N  62  22.8109 W   2.0        2.1        5.0        8.0       98.1*
090812  115800  48   2.7389 N  62  22.8107 W   2.0        2.1        5.0        8.0       98.1 
090812  115801  48   2.7384 N  62  22.8105 W   2.0        2.1        5.0        8.0       98.1 
090812  115802  48   2.7378 N  62  22.8103 W   2.0        2.1        5.0        8.2*      98.1 
090812  115803  48   2.7373 N  62  22.8101 W   2.0        2.1        5.0        8.2       98.1 
090812  115804  48   2.7367 N  62  22.8099 W   2.1        2.1        5.0        8.2       96.8*
090812  115805  48   2.7361 N  62  22.8097 W   2.1        2.1        5.0        8.2       96.8 
090812  115806  48   2.7356 N  62  22.8094 W   2.1        2.1        5.0        8.2       96.8 
090812  115807  48   2.7350 N  62  22.8092 W   2.1        2.1        5.0        8.2       96.8 
090812  115808  48   2.7345 N  62  22.8090 W   2.1        2.1        5.0        8.3*      96.8 
090812  115809  48   2.7339 N  62  22.8087 W   2.1        2.1        5.0        8.3       96.8 
090812  115810  48   2.7333 N  62  22.8085 W   2.1        2.2*       5.0        8.3       95.0*
090812  115811  48   2.7328 N  62  22.8083 W   2.1        2.2        5.0        8.3       95.0 
090812  115812  48   2.7323 N  62  22.8080 W   2.1        2.2        5.0        8.3       95.0 
090812  115813  48   2.7317 N  62  22.8078 W   2.1        2.2        5.0        8.0*      95.0 
090812  115814  48   2.7312 N  62  22.8076 W   2.1        2.2        5.0        8.0       95.0 
090812  115815  48   2.7306 N  62  22.8074 W   2.1        2.2        5.0        8.0       99.9*
090812  115816  48   2.7301 N  62  22.8071 W   2.1        2.2        5.0        8.0       99.9 
090812  115817  48   2.7295 N  62  22.8070 W   2.1        2.2        5.0        8.0       99.9 
090812  115818  48   2.7290 N  62  22.8068 W   2.1        2.2        5.0        8.2*      99.9 
090812  115819  48   2.7284 N  62  22.8065 W   2.1        2.2        5.0        8.2       99.9 
090812  115820  48   2.7278 N  62  22.8063 W   2.1        2.2        5.0        8.2       99.9 
090812  115821  48   2.7273 N  62  22.8061 W   2.1        2.2        5.0        8.2       96.8*
090812  115822  48   2.7267 N  62  22.8059 W   2.1        2.2        5.0        8.2       96.8 
090812  115823  48   2.7261 N  62  22.8057 W   2.1        2.2        5.0        8.2       96.8 
090812  115824  48   2.7256 N  62  22.8055 W   2.1        2.2        5.0        8.1*      96.8 
090812  115825  48   2.7250 N  62  22.8052 W   2.1        2.2        5.0        8.1       96.8 
090812  115826  48   2.7244 N  62  22.8050 W   2.1        2.2        5.0        8.1       95.5*
090812  115827  48   2.7239 N  62  22.8048 W   2.1        2.2        5.0        8.1       95.5 
090812  115828  48   2.7233 N  62  22.8046 W   2.1        2.2        5.0        8.1       95.5 
090812  115829  48   2.7228 N  62  22.8044 W   2.1        2.2        5.0        8.9*      95.5 
090812  115830  48   2.7222 N  62  22.8042 W   2.1        2.2        5.0        8.9       95.5 
090812  115831  48   2.7216 N  62  22.8039 W   2.1        2.2        5.0        8.9       95.5 
090812  115832  48   2.7211 N  62  22.8037 W   2.1        2.2        5.0        8.9       98.1*
090812  115833  48   2.7205 N  62  22.8035 W   2.1        2.2        5.0        8.9       98.1 
090812  115834  48   2.7199 N  62  22.8032 W   2.1        2.2        5.0        8.9*      98.1 
090812  115835  48   2.7193 N  62  22.8030 W   2.1        2.2        5.0        8.9       98.1 
090812  115836  48   2.7188 N  62  22.8027 W   2.1        2.2        5.0        8.9       98.1 
090812  115837  48   2.7182 N  62  22.8024 W   2.1        2.2        5.0        8.9       97.2*
090812  115838  48   2.7177 N  62  22.8022 W   2.1        2.2        5.0        8.9       97.2 
090812  115839  48   2.7171 N  62  22.8019 W   2.1        2.2        5.0        8.3*      97.2 
090812  115840  48   2.7166 N  62  22.8016 W   2.1        2.2        5.0        8.3       97.2 
090812  115841  48   2.7160 N  62  22.8013 W   2.1        2.2        5.0        8.3       97.2 
090812  115842  48   2.7154 N  62  22.8010 W   2.1        2.2        5.0        8.3       97.2 
090812  115843  48   2.7149 N  62  22.8007 W   2.1        2.2        5.0        8.3       96.3*
090812  115844  48   2.7143 N  62  22.8005 W   2.1        2.2        5.0        8.3       96.3 
090812  115845  48   2.7137 N  62  22.8002 W   2.1        2.2        5.0        8.6*      96.3 
090812  115846  48   2.7132 N  62  22.7999 W   2.1        2.2        5.0        8.6       96.3 
090812  115847  48   2.7126 N  62  22.7996 W   2.1        2.2        5.0        8.6       96.3 
090812  115848  48   2.7121 N  62  22.7993 W   2.1        2.2        5.0        8.6       95.9*
090812  115849  48   2.7115 N  62  22.7990 W   2.1        2.2        5.0        8.6       95.9 
090812  115850  48   2.7110 N  62  22.7988 W   2.1        2.2        5.0        8.6*      95.9 
090812  115851  48   2.7104 N  62  22.7985 W   2.1        2.2        5.0        8.6       95.9 
090812  115852  48   2.7098 N  62  22.7982 W   2.1        2.2        5.0        8.6       95.9 
090812  115853  48   2.7093 N  62  22.7979 W   2.1        2.2        5.0        8.6       95.9 
090812  115854  48   2.7088 N  62  22.7976 W   2.1        5.2*       5.0        8.6       96.8*
090812  115855  48   2.7082 N  62  22.7973 W   2.1        5.2        5.0        8.7*      96.8 
090812  115856  48   2.7077 N  62  22.7971 W   2.1        5.2        5.0        8.7       96.8 
090812  115857  48   2.7071 N  62  22.7968 W   2.1        5.2        5.0        8.7       96.8 
090812  115858  48   2.7065 N  62  22.7965 W   2.1        5.2        5.0        8.7       96.8 
090812  115859  48   2.7060 N  62  22.7963 W   2.1        5.2        5.0        8.7       97.2*
090812  115900  48   2.7054 N  62  22.7960 W   2.1        5.2        5.0        9.4*      97.2 
090812  115901  48   2.7048 N  62  22.7958 W   2.1        2.1*       5.0        9.4       97.2 
090812  115902  48   2.7043 N  62  22.7955 W   2.1        2.1        5.0        9.4       97.2 
090812  115903  48   2.7037 N  62  22.7952 W   2.1        2.1        5.0        9.4       97.2 
090812  115904  48   2.7031 N  62  22.7950 W   2.1        2.1        5.0        9.4       97.2 
090812  115905  48   2.7026 N  62  22.7947 W   2.1        2.1        5.0        9.4       96.8*
090812  115906  48   2.7020 N  62  22.7945 W   2.1        2.1        5.0        9.2*      96.8 
090812  115907  48   2.7015 N  62  22.7942 W   2.1        2.1        5.0        9.2       96.8 
090812  115908  48   2.7009 N  62  22.7940 W   2.1        2.1        5.0        9.2       96.8 
090812  115909  48   2.7004 N  62  22.7938 W   2.1        2.1        5.0        9.2       96.8 
090812  115910  48   2.6998 N  62  22.7936 W   2.1        2.1        5.0        9.2       98.1*
090812  115911  48   2.6992 N  62  22.7933 W   2.1        2.1        5.0       11.9*      98.1 
090812  115912  48   2.6987 N  62  22.7931 W   2.1        2.1        5.0       11.9       98.1 
090812  115913  48   2.6981 N  62  22.7929 W   2.1        2.1        5.0       11.9       98.1 
090812  115914  48   2.6976 N  62  22.7926 W   2.1        2.1        5.0       11.9       98.1 
090812  115915  48   2.6970 N  62  22.7923 W   2.1        2.1        5.0       11.9       98.1 
090812  115916  48   2.6964 N  62  22.7921 W   2.1        2.1        5.0        5.5*      95.0*
090812  115917  48   2.6959 N  62  22.7919 W   2.1        2.1        5.0        5.5       95.0 
090812  115918  48   2.6953 N  62  22.7917 W   2.1        2.1        5.0        5.5       95.0 
090812  115919  48   2.6947 N  62  22.7914 W   2.1        2.1        5.0        5.5       95.0 
090812  115920  48   2.6942 N  62  22.7911 W   2.1        2.1        5.0        5.5       95.0 
090812  115921  48   2.6936 N  62  22.7909 W   2.1        2.1        5.0        5.5      100.7*
090812  115922  48   2.6931 N  62  22.7906 W   2.1        2.1        5.0        8.5*     100.7 
090812  115923  48   2.6925 N  62  22.7904 W   2.1        2.1        5.0        8.5      100.7 
090812  115924  48   2.6919 N  62  22.7902 W   2.1        2.1        5.0        8.5      100.7 
090812  115925  48   2.6914 N  62  22.7900 W   2.1        2.1        5.0        8.5      100.7 
090812  115926  48   2.6908 N  62  22.7898 W   2.1        2.1        5.0        8.5      100.7 
090812  115927  48   2.6903 N  62  22.7896 W   2.1        2.1        5.0        8.5*      92.8*
090812  115928  48   2.6897 N  62  22.7893 W   2.1        2.1        5.0        8.5       92.8 
090812  115929  48   2.6892 N  62  22.7891 W   2.1        2.1        5.0        8.5       92.8 
090812  115930  48   2.6886 N  62  22.7889 W   2.1        2.1        5.0        8.5       92.8 
090812  115931  48   2.6880 N  62  22.7887 W   2.1        2.1        5.0        8.5       92.8 
090812  115932  48   2.6875 N  62  22.7885 W   2.1        2.1        5.0        8.7*      99.0*
090812  115933  48   2.6869 N  62  22.7882 W   2.1        2.1        5.0        8.7       99.0 
090812  115934  48   2.6863 N  62  22.7880 W   2.1        2.1        5.0        8.7       99.0 
090812  115935  48   2.6858 N  62  22.7878 W   2.1        2.1        5.0        8.7       99.0 
090812  115936  48   2.6852 N  62  22.7876 W   2.1        2.1        5.0        8.7       99.0 
090812  115937  48   2.6846 N  62  22.7874 W   2.1        2.1        5.0        8.7       99.0 
090812  115938  48   2.6841 N  62  22.7872 W   2.1        2.1        5.0        8.9*      97.7*
090812  115939  48   2.6835 N  62  22.7869 W   2.1        2.1        5.0        8.9       97.7 
090812  115940  48   2.6829 N  62  22.7867 W   2.1        2.1        5.0        8.9       97.7 
090812  115941  48   2.6824 N  62  22.7865 W   2.1        2.1        5.0        8.9       97.7 
090812  115942  48   2.6818 N  62  22.7864 W   2.1        2.1        5.0        8.9       97.7 
090812  115943  48   2.6813 N  62  22.7861 W   2.1        2.1        5.0        8.6*      97.2*
090812  115944  48   2.6807 N  62  22.7859 W   2.1        2.1        5.0        8.6       97.2 
090812  115945  48   2.6801 N  62  22.7857 W   2.1        2.1        5.0        8.6       97.2 
090812  115946  48   2.6795 N  62  22.7855 W   2.1        2.1        5.0        8.6       97.2 
090812  115947  48   2.6790 N  62  22.7852 W   2.1        2.1        5.0        8.6       97.2 
090812  115948  48   2.6784 N  62  22.7850 W   2.1        2.1        5.0        8.7*      95.5*
090812  115949  48   2.6779 N  62  22.7848 W   2.1        2.1        5.0        8.7       95.5 
090812  115950  48   2.6773 N  62  22.7846 W   2.1        2.1        5.0        8.7       95.5 
090812  115951  48   2.6767 N  62  22.7844 W   2.1        2.1        5.0        8.7       95.5 
090812  115952  48   2.6762 N  62  22.7842 W   2.1        2.1        5.0        8.7       95.5 
090812  115953  48   2.6756 N  62  22.7840 W   2.1        2.1*       5.0        8.7       95.5 
090812  115954  48   2.6751 N  62  22.7838 W   2.1        2.1        5.0        9.6*      93.3*
090812  115955  48   2.6745 N  62  22.7836 W   2.1        2.1        5.0        9.6       93.3 
090812  115956  48   2.6739 N  62  22.7834 W   2.1        2.1        5.0        9.6       93.3 
090812  115957  48   2.6734 N  62  22.7832 W   2.1        2.1        5.0        9.6       93.3 
090812  115958  48   2.6729 N  62  22.7830 W   2.1        2.1        5.0        9.6       93.3 
090812  115959  48   2.6723 N  62  22.7828 W   2.1        2.1        5.0        8.7*       5.7*
090812  120000  48   2.6717 N  62  22.7826 W   2.1        2.1        5.0        8.7        5.7 
090812  120001  48   2.6712 N  62  22.7824 W   2.1        2.1        5.0        8.7        5.7 
090812  120002  48   2.6706 N  62  22.7822 W   2.1        2.1        5.0        8.7        5.7 
090812  120003  48   2.6701 N  62  22.7820 W   2.1        2.1        5.0        8.7        5.7 
090812  120004  48   2.6695 N  62  22.7818 W   2.1        2.1        5.0        9.1*       5.7 
090812  120005  48   2.6690 N  62  22.7816 W   2.1        2.1        5.0        9.1      189.1*
090812  120006  48   2.6684 N  62  22.7814 W   2.1        2.1*       5.0        9.1      189.1 
090812  120007  48   2.6678 N  62  22.7812 W   2.1        2.1        5.0        9.1      189.1 
090812  120008  48   2.6672 N  62  22.7810 W   2.1        2.1        5.0        9.1      189.1 
090812  120009  48   2.6667 N  62  22.7808 W   2.1        2.1        5.0        8.8*     189.1 
090812  120010  48   2.6661 N  62  22.7806 W   2.1        2.1        5.0        8.8       96.3*
090812  120011  48   2.6655 N  62  22.7803 W   2.1        2.1        5.0        8.8       96.3 
090812  120012  48   2.6650 N  62  22.7802 W   2.1        2.1        5.0        8.8       96.3 
090812  120013  48   2.6644 N  62  22.7799 W   2.1        2.1        5.0        8.8       96.3 
090812  120014  48   2.6639 N  62  22.7798 W   2.1        2.1        5.0        8.8       96.3 
090812  120015  48   2.6633 N  62  22.7796 W   2.1        2.1        5.0        8.9*      96.3 
090812  120016  48   2.6627 N  62  22.7794 W   2.1        2.1        5.0        8.9       98.1*
090812  120017  48   2.6622 N  62  22.7792 W   2.1        2.1        5.0        8.9       98.1 
090812  120018  48   2.6616 N  62  22.7790 W   2.1        2.1        5.0        8.9       98.1 
090812  120019  48   2.6610 N  62  22.7788 W   2.1        2.1*       5.0        8.9       98.1 
090812  120020  48   2.6604 N  62  22.7785 W   2.1        2.1        5.0        9.0*      98.1 
090812  120021  48   2.6599 N  62  22.7783 W   2.1        2.1        5.0        9.0       50.6*
090812  120022  48   2.6593 N  62  22.7781 W   2.1        2.1        5.0        9.0       50.6 
090812  120023  48   2.6587 N  62  22.7780 W   2.1        2.1        5.0        9.0       50.6 
090812  120024  48   2.6582 N  62  22.7777 W   2.1        2.1        5.0        9.0       50.6 
090812  120025  48   2.6576 N  62  22.7775 W   2.1        2.1        5.0        8.7*      50.6 
090812  120026  48   2.6571 N  62  22.7773 W   2.1        2.1        5.0        8.7       50.6 
090812  120027  48   2.6566 N  62  22.7770 W   2.1        2.1        5.0        8.7      143.4*
090812  120028  48   2.6560 N  62  22.7769 W   2.1        2.1        5.0        8.7      143.4 
090812  120029  48   2.6555 N  62  22.7767 W   2.1        2.1        5.0        8.7      143.4 
090812  120030  48   2.6549 N  62  22.7765 W   2.1        2.1        5.0        9.0*     143.4 
090812  120031  48   2.6543 N  62  22.7763 W   2.1        2.1        5.0        9.0      143.4 
090812  120032  48   2.6538 N  62  22.7760 W   2.1        2.1        5.0        9.0       95.5*
090812  120033  48   2.6532 N  62  22.7759 W   2.1        2.1        5.0        9.0       95.5 
090812  120034  48   2.6526 N  62  22.7757 W   2.1        2.1        5.0        9.0       95.5 
090812  120035  48   2.6521 N  62  22.7755 W   2.1        2.1        5.0        9.0       95.5 
090812  120036  48   2.6515 N  62  22.7754 W   2.1        2.1        5.0        9.1*      95.5 
090812  120037  48   2.6509 N  62  22.7752 W   2.1        2.1        5.0        9.1       95.5 
090812  120038  48   2.6504 N  62  22.7749 W   2.1        2.1        5.0        9.1       95.9*
090812  120039  48   2.6498 N  62  22.7748 W   2.1        2.1        5.0        9.1       95.9 
090812  120040  48   2.6492 N  62  22.7746 W   2.1        2.1        5.0        9.1       95.9 
090812  120041  48   2.6486 N  62  22.7744 W   2.1        2.1        5.0        9.2*      95.9 
090812  120042  48   2.6481 N  62  22.7741 W   2.1        2.1        5.0        9.2       95.9 
090812  120043  48   2.6475 N  62  22.7739 W   2.1        2.1        5.0        9.2       95.5*
090812  120044  48   2.6470 N  62  22.7737 W   2.1        2.1        5.0        9.2       95.5 
090812  120045  48   2.6464 N  62  22.7735 W   2.1        2.1*       5.0        9.2       95.5 
090812  120046  48   2.6459 N  62  22.7733 W   2.1        2.1        5.0        8.8*      95.5 
090812  120047  48   2.6453 N  62  22.7732 W   2.1        2.1        5.0        8.8       95.5 
090812  120048  48   2.6447 N  62  22.7729 W   2.1        2.1        5.0        8.8       98.5*
090812  120049  48   2.6442 N  62  22.7727 W   2.1        2.1        5.0        8.8       98.5 
090812  120050  48   2.6436 N  62  22.7725 W   2.1        2.1        5.0        8.8       98.5 
090812  120051  48   2.6431 N  62  22.7723 W   2.1        2.1        5.0        8.8       98.5 
090812  120052  48   2.6425 N  62  22.7721 W   2.1        2.1        5.0        9.5*      98.5 
090812  120053  48   2.6419 N  62  22.7719 W   2.1        2.1        5.0        9.5       98.5 
090812  120054  48   2.6414 N  62  22.7717 W   2.1        2.1        5.0        9.5       95.5*
090812  120055  48   2.6408 N  62  22.7715 W   2.1        2.1        5.0        9.5       95.5 
090812  120056  48   2.6402 N  62  22.7713 W   2.1        2.1        5.0        9.5       95.5 
090812  120057  48   2.6397 N  62  22.7710 W   2.1        2.1        5.0        8.6*      95.5 
090812  120058  48   2.6391 N  62  22.7708 W   2.1        2.1        5.0        8.6       95.5 
090812  120059  48   2.6386 N  62  22.7705 W   2.1        2.1        5.0        8.6       95.5*
090812  120100  48   2.6380 N  62  22.7704 W   2.1        2.1        5.0        8.6       95.5 
090812  120101  48   2.6374 N  62  22.7702 W   2.1        2.1        5.0        8.6       95.5 
090812  120102  48   2.6369 N  62  22.7701 W   2.1        2.1        5.0        8.9*      95.5 
090812  120103  48   2.6363 N  62  22.7698 W   2.1        2.1        5.0        8.9       95.5 
090812  120104  48   2.6357 N  62  22.7696 W   2.1        2.1        5.0        8.9       95.5 
090812  120105  48   2.6351 N  62  22.7694 W   2.1        2.1        5.0        8.9       97.2*
090812  120106  48   2.6346 N  62  22.7692 W   2.1        2.1        5.0        8.9       97.2 
090812  120107  48   2.6340 N  62  22.7690 W   2.1        2.1        5.0        9.2*      97.2 
090812  120108  48   2.6335 N  62  22.7688 W   2.1        2.1        5.0        9.2       97.2 
090812  120109  48   2.6329 N  62  22.7686 W   2.1        2.1        5.0        9.2       97.2 
090812  120110  48   2.6323 N  62  22.7684 W   2.1        2.1        5.0        9.2       96.8*
090812  120111  48   2.6317 N  62  22.7682 W   2.1        2.1        5.0        9.2       96.8 
090812  120112  48   2.6312 N  62  22.7680 W   2.1        2.1        5.0        9.2       96.8 
090812  120113  48   2.6306 N  62  22.7678 W   2.1        2.1        5.0        9.1*      96.8 
090812  120114  48   2.6300 N  62  22.7676 W   2.1        2.1        5.0        9.1       96.8 
090812  120115  48   2.6294 N  62  22.7674 W   2.1        2.1        5.0        9.1       96.8 
090812  120116  48   2.6289 N  62  22.7672 W   2.1        2.1        5.0        9.1       96.3*
090812  120117  48   2.6284 N  62  22.7670 W   2.1        2.1        5.0        9.1       96.3 
090812  120118  48   2.6278 N  62  22.7668 W   2.1        2.1        5.0        8.7*      96.3 
090812  120119  48   2.6273 N  62  22.7666 W   2.1        2.1        5.0        8.7       96.3 
090812  120120  48   2.6267 N  62  22.7664 W   2.1        2.1        5.0        8.7       96.3 
090812  120121  48   2.6262 N  62  22.7662 W   2.1        2.1        5.0        8.7       95.5*
090812  120122  48   2.6256 N  62  22.7660 W   2.1        2.1        5.0        8.7       95.5 
090812  120123  48   2.6250 N  62  22.7658 W   2.1        2.1        5.0        9.2*      95.5 
090812  120124  48   2.6245 N  62  22.7657 W   2.1        2.1        5.0        9.2       95.5 
090812  120125  48   2.6239 N  62  22.7655 W   2.1        2.1        5.0        9.2       95.5 
090812  120126  48   2.6234 N  62  22.7653 W   2.1        2.1        5.0        9.2       95.5 
090812  120127  48   2.6228 N  62  22.7651 W   2.1        2.1        5.0        9.2       96.3*
090812  120128  48   2.6222 N  62  22.7649 W   2.1        2.1        5.0        9.2       96.3 
090812  120129  48   2.6217 N  62  22.7647 W   2.1        2.1        5.0        8.5*      96.3 
090812  120130  48   2.6211 N  62  22.7645 W   2.1        2.1        5.0        8.5       96.3 
090812  120131  48   2.6206 N  62  22.7643 W   2.1        2.1        5.0        8.5       96.3 
090812  120132  48   2.6200 N  62  22.7641 W   2.1        2.1        5.0        8.5       95.0*
090812  120133  48   2.6194 N  62  22.7640 W   2.1        2.1        5.0        8.5       95.0 
090812  120134  48   2.6189 N  62  22.7638 W   2.1        2.1        5.0        8.5*      95.0 
090812  120135  48   2.6183 N  62  22.7636 W   2.1        2.1        5.0        8.5       95.0 
090812  120136  48   2.6177 N  62  22.7634 W   2.1        2.1        5.0        8.5       95.0 
090812  120137  48   2.6172 N  62  22.7632 W   2.1        2.1*       5.0        8.5       95.0 
090812  120138  48   2.6166 N  62  22.7630 W   2.1        2.1        5.0        8.5       99.9*
090812  120139  48   2.6160 N  62  22.7628 W   2.1        2.1        5.0        8.6*      99.9 
090812  120140  48   2.6155 N  62  22.7626 W   2.1        2.1        5.0        8.6       99.9 
090812  120141  48   2.6149 N  62  22.7625 W   2.1        2.1        5.0        8.6       99.9 
090812  120142  48   2.6143 N  62  22.7623 W   2.1        2.1        5.0        8.6       99.9 
090812  120143  48   2.6138 N  62  22.7621 W   2.1        2.1        5.0        8.6       95.5*
090812  120144  48   2.6132 N  62  22.7619 W   2.1        2.1        5.0        8.6*      95.5 
090812  120145  48   2.6126 N  62  22.7617 W   2.1        2.1        5.0        8.6       95.5 
090812  120146  48   2.6121 N  62  22.7615 W   2.1        2.1        5.0        8.6       95.5 
090812  120147  48   2.6115 N  62  22.7613 W   2.1        2.1        5.0        8.6       95.5 
090812  120148  48   2.6109 N  62  22.7611 W   2.1        2.1        5.0        8.6       95.5 
090812  120149  48   2.6103 N  62  22.7609 W   2.1        2.1        5.0        8.6       95.9*
090812  120150  48   2.6098 N  62  22.7608 W   2.1        2.1        5.0       15.4*      95.9 
090812  120151  48   2.6092 N  62  22.7606 W   2.1        2.1        5.0       15.4       95.9 
090812  120152  48   2.6086 N  62  22.7604 W   2.1        2.1        5.0       15.4       95.9 
090812  120153  48   2.6080 N  62  22.7602 W   2.1        2.1        5.0       15.4       95.9 
090812  120154  48   2.6075 N  62  22.7600 W   2.1        2.1        5.0       15.4       96.3*
090812  120155  48   2.6069 N  62  22.7598 W   2.1        2.1        5.0        2.2*      96.3 
090812  120156  48   2.6064 N  62  22.7597 W   2.1        2.1        5.0        2.2       96.3 
090812  120157  48   2.6058 N  62  22.7595 W   2.1        2.1        5.0        2.2       96.3 
090812  120158  48   2.6052 N  62  22.7593 W   2.1        2.1        5.0        2.2       96.3 
090812  120159  48   2.6046 N  62  22.7592 W   2.1        2.1        5.0        2.2       96.3 
090812  120200  48   2.6041 N  62  22.7590 W   2.1        2.1        5.0        8.6*      94.6*
090812  120201  48   2.6035 N  62  22.7588 W   2.1        2.1        5.0        8.6       94.6 
090812  120202  48   2.6029 N  62  22.7586 W   2.1        2.1        5.0        8.6       94.6 
090812  120203  48   2.6024 N  62  22.7585 W   2.1        2.1        5.0        8.6       94.6 
090812  120204  48   2.6018 N  62  22.7583 W   2.1        2.1        5.0        8.6       94.6 
090812  120205  48   2.6012 N  62  22.7581 W   2.1        2.1        5.0        8.6       97.7*
090812  120206  48   2.6006 N  62  22.7579 W   2.1        2.1        5.0        9.1*      97.7 
090812  120207  48   2.6001 N  62  22.7578 W   2.1        2.1        5.0        9.1       97.7 
090812  120208  48   2.5995 N  62  22.7576 W   2.1        2.1        5.0        9.1       97.7 
090812  120209  48   2.5989 N  62  22.7574 W   2.1        2.1        5.0        9.1       97.7 
090812  120210  48   2.5983 N  62  22.7572 W   2.1        2.1        5.0        9.1       97.7 
090812  120211  48   2.5978 N  62  22.7571 W   2.1        2.1        5.0        8.7*      94.6*
090812  120212  48   2.5972 N  62  22.7569 W   2.1        2.1        5.0        8.7       94.6 
090812  120213  48   2.5966 N  62  22.7568 W   2.1        2.1        5.0        8.7       94.6 
090812  120214  48   2.5961 N  62  22.7566 W   2.1        2.1        5.0        8.7       94.6 
090812  120215  48   2.5955 N  62  22.7564 W   2.1        2.1        5.0        8.7       94.6 
090812  120216  48   2.5950 N  62  22.7562 W   2.1        2.1        5.0        8.7       99.9*
090812  120217  48   2.5944 N  62  22.7561 W   2.1        2.1        5.0        8.7       99.9 
090812  120218  48   2.5938 N  62  22.7559 W   2.1        2.1        5.0        8.7       99.9 
090812  120219  48   2.5933 N  62  22.7559 W   2.1        2.1        5.0        8.7       99.9 
090812  120220  48   2.5928 N  62  22.7557 W   2.1        2.1        5.0        8.7       99.9 
090812  120221  48   2.5922 N  62  22.7556 W   2.1        2.1        5.0        8.7       99.9 
090812  120222  48   2.5916 N  62  22.7554 W   2.1        2.1        5.0       82.1*      98.5*
090812  120223  48   2.5910 N  62  22.7553 W   2.1        2.1        5.0       82.1       98.5 
090812  120224  48   2.5905 N  62  22.7551 W   2.1        2.1        5.0       82.1       98.5 
090812  120225  48   2.5899 N  62  22.7549 W   2.1        2.1        5.0       82.1       98.5 
090812  120226  48   2.5894 N  62  22.7548 W   2.1        2.1        5.0       82.1       98.5 
090812  120227  48   2.5888 N  62  22.7546 W   2.1        2.1        5.0        3.4*      91.9*
090812  120228  48   2.5883 N  62  22.7545 W   2.1        2.1        5.0        3.4       91.9 
090812  120229  48   2.5877 N  62  22.7544 W   2.1        2.1        5.0        3.4       91.9 
090812  120230  48   2.5872 N  62  22.7542 W   2.1        2.1        5.0        3.4       91.9 
090812  120231  48   2.5867 N  62  22.7541 W   2.1        2.1        5.0        3.4       91.9 
090812  120232  48   2.5861 N  62  22.7539 W   2.1        2.1        5.0        9.1*      95.5*
090812  120233  48   2.5855 N  62  22.7538 W   2.1        2.1        5.0        9.1       95.5 
090812  120234  48   2.5850 N  62  22.7536 W   2.1        2.1        5.0        9.1       95.5 
090812  120235  48   2.5845 N  62  22.7535 W   2.0        2.1        5.0        9.1       95.5 
090812  120236  48   2.5840 N  62  22.7534 W   2.0        2.1        5.0        9.1       95.5 
090812  120237  48   2.5834 N  62  22.7532 W   2.0        2.1        5.0        9.1       95.5 
090812  120238  48   2.5830 N  62  22.7531 W   1.9        2.1        5.0       17.0*     117.0*
090812  120239  48   2.5826 N  62  22.7530 W   1.9        2.1        5.0       17.0      117.0 
090812  120240  48   2.5822 N  62  22.7529 W   1.8        2.1        5.0       17.0      117.0 
090812  120241  48   2.5819 N  62  22.7528 W   1.7        2.1        5.0       17.0      117.0 
090812  120242  48   2.5816 N  62  22.7527 W   1.6        2.1        5.0       17.0      117.0 
090812  120243  48   2.5813 N  62  22.7526 W   1.5        2.1        5.0       17.0      117.0 
090812  120244  48   2.5810 N  62  22.7525 W   1.5        2.1        5.0       17.0      117.0 
090812  120245  48   2.5808 N  62  22.7524 W   1.4        2.1        5.0       17.0      117.0 
090812  120246  48   2.5805 N  62  22.7523 W   1.3        2.1        5.0       17.0      117.0 
090812  120247  48   2.5803 N  62  22.7522 W   1.3        2.1        5.0       17.0      117.0 
090812  120248  48   2.5801 N  62  22.7521 W   1.2        2.1        5.0       17.0      117.0 
090812  120249  48   2.5799 N  62  22.7521 W   1.1        2.1        5.0       17.0      117.0 
090812  120250  48   2.5798 N  62  22.7521 W   1.0        2.1        5.0       17.0      117.0 
090812  120251  48   2.5796 N  62  22.7520 W   1.0        2.1        5.0       17.0      117.0 
090812  120252  48   2.5794 N  62  22.7520 W   0.9        2.1        5.0       17.0      117.0 
090812  120253  48   2.5794 N  62  22.7519 W   0.8        2.1        5.0        6.1*     117.0 
090812  120254  48   2.5792 N  62  22.7518 W   0.8        2.1        5.0        6.1      352.3*
090812  120255  48   2.5791 N  62  22.7518 W   0.7        2.1       13.3*       6.1      352.3 
090812  120256  48   2.5790 N  62  22.7517 W   0.7        2.1       13.3        6.1      352.3 
090812  120257  48   2.5789 N  62  22.7517 W   0.6        2.1       13.3        6.1      352.3 
090812  120258  48   2.5788 N  62  22.7516 W   0.6        2.1       13.3        6.1      352.3 
090812  120259  48   2.5787 N  62  22.7516 W   0.6        2.1       13.3        6.1      352.3 
090812  120300  48   2.5787 N  62  22.7515 W   0.5        2.1       13.3        6.1      352.3 
090812  120301  48   2.5786 N  62  22.7515 W   0.5        2.1       13.3        6.1      352.3 
090812  120302  48   2.5785 N  62  22.7514 W   0.5        2.1       13.3        6.1      352.3 
090812  120303  48   2.5785 N  62  22.7514 W   0.4        2.1       13.3        6.1      352.3 
090812  120304  48   2.5785 N  62  22.7513 W   0.4        2.1       13.3        6.1      352.3 
090812  120305  48   2.5784 N  62  22.7512 W   0.4        2.1       13.3        6.1      352.3 
090812  120306  48   2.5784 N  62  22.7512 W   0.3        2.1       13.3        6.1      352.3 
090812  120307  48   2.5784 N  62  22.7512 W   0.3        2.1       13.3        6.1      352.3 
090812  120308  48   2.5783 N  62  22.7511 W   0.3        2.1       13.3        6.1      352.3 
090812  120309  48   2.5783 N  62  22.7510 W   0.3        2.1       13.3        6.3*     352.3 
090812  120310  48   2.5783 N  62  22.7509 W   0.2        2.1       13.3        6.3      352.3 
090812  120311  48   2.5783 N  62  22.7508 W   0.2        2.1       13.3        6.3      112.6*
090812  120312  48   2.5783 N  62  22.7507 W   0.2        2.1       13.3        6.3      112.6 
090812  120313  48   2.5783 N  62  22.7507 W   0.2        2.1       13.3        6.3      112.6 
090812  120314  48   2.5783 N  62  22.7506 W   0.2        2.1       13.3        6.3      112.6 
090812  120315  48   2.5783 N  62  22.7506 W   0.2        2.1       13.3        6.3      112.6 
090812  120316  48   2.5784 N  62  22.7505 W   0.1        2.1       13.3        6.3      112.6 
090812  120317  48   2.5784 N  62  22.7505 W   0.1        2.1       13.3        6.3      112.6 
090812  120318  48   2.5784 N  62  22.7504 W   0.1        2.1       13.3        6.3      112.6 
090812  120319  48   2.5785 N  62  22.7504 W   0.1        2.1       13.3        6.3      112.6 
090812  120320  48   2.5785 N  62  22.7503 W   0.1        2.1       13.3        6.3      112.6 
090812  120321  48   2.5785 N  62  22.7503 W   0.1        2.1       13.3        6.3      112.6 
090812  120322  48   2.5786 N  62  22.7503 W   0.1        2.1       13.3        6.3      112.6 
090812  120323  48   2.5787 N  62  22.7503 W   0.1        2.1       13.3        6.3      112.6 
090812  120324  48   2.5787 N  62  22.7502 W   0.1        2.1       13.3        6.3      112.6 
090812  120325  48   2.5787 N  62  22.7502 W   0.1        2.1       13.3       14.8*     112.6 
090812  120326  48   2.5788 N  62  22.7502 W   0.1        2.1       13.3       14.8      112.6 
090812  120327  48   2.5788 N  62  22.7502 W   0.1        2.1       13.3       14.8      112.6 
090812  120328  48   2.5789 N  62  22.7501 W   0.1        2.1       13.3       14.8      112.6 
090812  120329  48   2.5789 N  62  22.7501 W   0.1        2.1       13.3       14.8      112.6 
090812  120330  48   2.5790 N  62  22.7500 W   0.1        2.1       13.3       14.8      112.6 
090812  120331  48   2.5790 N  62  22.7500 W   0.1        2.1       13.3       14.8      112.6 
090812  120332  48   2.5791 N  62  22.7500 W   0.1        2.1       13.3       14.8      112.6 
090812  120333  48   2.5791 N  62  22.7499 W   0.1        2.1       13.3       14.8      106.0*
090812  120334  48   2.5792 N  62  22.7498 W   0.2        2.1       13.3       14.8      106.0 
090812  120335  48   2.5792 N  62  22.7498 W   0.2        2.1       13.3       12.8*     106.0 
090812  120336  48   2.5793 N  62  22.7497 W   0.2        2.1       13.3       12.8      106.0 
090812  120337  48   2.5794 N  62  22.7496 W   0.2        2.1       13.3       12.8      106.0 
090812  120338  48   2.5794 N  62  22.7496 W   0.2        2.1       13.3       12.8      106.0 
090812  120339  48   2.5794 N  62  22.7496 W   0.2        2.1       13.3       12.8      106.0 
090812  120340  48   2.5794 N  62  22.7495 W   0.2        2.1       13.3       12.8      106.0 
090812  120341  48   2.5794 N  62  22.7495 W   0.2        2.1       13.3       12.8      106.0 
090812  120342  48   2.5795 N  62  22.7494 W   0.2        2.1       13.3       12.8      106.0 
090812  120343  48   2.5795 N  62  22.7493 W   0.2        2.1       13.3       12.8      106.0 
090812  120344  48   2.5796 N  62  22.7493 W   0.2        2.1       13.3       12.8      106.0 
090812  120345  48   2.5797 N  62  22.7493 W   0.2        2.1       13.3       12.8      106.0 
090812  120346  48   2.5797 N  62  22.7492 W   0.2        2.1       13.3       12.8      106.0 
090812  120347  48   2.5797 N  62  22.7492 W   0.2        2.1       13.3       12.8      106.0 
090812  120348  48   2.5797 N  62  22.7492 W   0.2        2.1       13.3       12.8      106.0 
090812  120349  48   2.5798 N  62  22.7491 W   0.2        2.1       13.3       12.8      106.0 
090812  120350  48   2.5798 N  62  22.7491 W   0.1        2.1       13.3       12.8      106.0 
090812  120351  48   2.5798 N  62  22.7490 W   0.1        2.1       13.3       12.8      106.0 
090812  120352  48   2.5798 N  62  22.7489 W   0.1        2.1       13.3       12.8      106.0 
090812  120353  48   2.5798 N  62  22.7489 W   0.1        2.1        6.0*      12.8      106.0 
090812  120354  48   2.5798 N  62  22.7489 W   0.1        2.1        6.0       12.8      106.0 
090812  120355  48   2.5798 N  62  22.7489 W   0.1        2.1        6.0       12.8      143.8*
090812  120356  48   2.5799 N  62  22.7488 W   0.1        2.1        6.0       12.8      143.8 
090812  120357  48   2.5799 N  62  22.7488 W   0.1        2.1        6.0       12.8      143.8 
090812  120358  48   2.5799 N  62  22.7487 W   0.1        2.1        6.0       12.8      143.8 
090812  120359  48   2.5799 N  62  22.7486 W   0.1        2.1        6.0       12.8      143.8 
090812  120400  48   2.5799 N  62  22.7485 W   0.1        6.4*       6.0       12.8      143.8 
090812  120401  48   2.5799 N  62  22.7485 W   0.1        6.4        6.0       12.8      143.8 
090812  120402  48   2.5799 N  62  22.7485 W   0.1        6.4        6.0       12.8      143.8 
090812  120403  48   2.5799 N  62  22.7485 W   0.1        6.4        6.0       12.8      143.8 
090812  120404  48   2.5799 N  62  22.7484 W   0.1        6.4        6.0       12.8      143.8 
090812  120405  48   2.5799 N  62  22.7483 W   0.1        6.4        6.0       12.8      143.8 
090812  120406  48   2.5800 N  62  22.7483 W   0.1        6.4        6.0       12.8      143.8 
090812  120407  48   2.5800 N  62  22.7482 W   0.1        6.4        6.0       12.8      143.8 
090812  120408  48   2.5800 N  62  22.7482 W   0.1        6.4        6.0       12.8      143.8 
090812  120409  48   2.5800 N  62  22.7482 W   0.1        6.4        6.0       12.8      143.8 
090812  120410  48   2.5800 N  62  22.7482 W   0.1        6.4        6.0       12.8      143.8 
090812  120411  48   2.5800 N  62  22.7482 W   0.1        6.4        6.0       12.8       91.1*
090812  120412  48   2.5800 N  62  22.7482 W   0.1        6.4        6.0       12.3*      91.1 
090812  120413  48   2.5800 N  62  22.7481 W   0.1        3.3*       6.0       12.3       91.1 
090812  120414  48   2.5800 N  62  22.7481 W   0.1        3.3        6.0       12.3       91.1 
090812  120415  48   2.5800 N  62  22.7481 W   0.1        3.3        6.0       12.3       91.1 
090812  120416  48   2.5800 N  62  22.7480 W   0.1        3.3        6.0       12.3       87.1*
090812  120417  48   2.5800 N  62  22.7479 W   0.1        3.3        6.0       12.3       87.1 
090812  120418  48   2.5800 N  62  22.7479 W   0.1        3.3        6.0       12.3       87.1 
090812  120419  48   2.5800 N  62  22.7479 W   0.1        3.3        6.0       12.3       87.1 
090812  120420  48   2.5799 N  62  22.7478 W   0.1        3.3        6.0       12.3       87.1 
090812  120421  48   2.5799 N  62  22.7478 W   0.1        3.3        6.0       12.3       87.1 
090812  120422  48   2.5799 N  62  22.7478 W   0.1        3.3        6.0        5.1*      69.5*
090812  120423  48   2.5798 N  62  22.7476 W   0.1        3.3        6.0        5.1       69.5 
090812  120424  48   2.5798 N  62  22.7476 W   0.1        3.3        6.0        5.1       69.5 
090812  120425  48   2.5798 N  62  22.7475 W   0.1        3.3        6.0        5.1       69.5 
090812  120426  48   2.5798 N  62  22.7475 W   0.1        3.3       12.8*       5.1       69.5 
090812  120427  48   2.5797 N  62  22.7474 W   0.1        3.3       12.8        5.0*      29.0*
090812  120428  48   2.5797 N  62  22.7474 W   0.1        3.3       12.8        5.0       29.0 
090812  120429  48   2.5797 N  62  22.7474 W   0.1        3.3       12.8        5.0       29.0 
090812  120430  48   2.5796 N  62  22.7473 W   0.1        3.3       12.8        5.0       29.0 
090812  120431  48   2.5796 N  62  22.7473 W   0.1        3.3       12.8        5.0       29.0 
090812  120432  48   2.5795 N  62  22.7472 W   0.1        3.3       12.8        5.0       73.0*
090812  120433  48   2.5795 N  62  22.7472 W   0.1        3.3       12.8        4.2*      73.0 
090812  120434  48   2.5794 N  62  22.7471 W   0.1        3.3       12.8        4.2       73.0 
090812  120435  48   2.5794 N  62  22.7471 W   0.1        3.3       12.8        4.2       73.0 
090812  120436  48   2.5794 N  62  22.7470 W   0.1        3.3       12.8        4.2       73.0 
090812  120437  48   2.5793 N  62  22.7470 W   0.2        3.3       12.8        4.2       73.0 
090812  120438  48   2.5793 N  62  22.7470 W   0.2        3.3       12.8        5.3*      64.2*
090812  120439  48   2.5793 N  62  22.7469 W   0.1        3.3       12.8        5.3       64.2 
090812  120440  48   2.5792 N  62  22.7468 W   0.2        3.3       12.8        5.3       64.2 
090812  120441  48   2.5792 N  62  22.7468 W   0.2        3.3       12.8        5.3       64.2 
090812  120442  48   2.5791 N  62  22.7467 W   0.2        3.3       12.8        5.3       64.2 
090812  120443  48   2.5791 N  62  22.7467 W   0.2        3.3       12.8        7.2*      64.2 
090812  120444  48   2.5790 N  62  22.7466 W   0.2        3.3       12.8        7.2       64.2 
090812  120445  48   2.5788 N  62  22.7465 W   0.2        3.3       12.8        7.2       64.2 
090812  120446  48   2.5787 N  62  22.7464 W   0.2        3.3       12.8        7.2       64.2 
090812  120447  48   2.5787 N  62  22.7464 W   0.2        3.3       12.8        7.2       64.2 
090812  120448  48   2.5786 N  62  22.7463 W   0.2        3.3       12.8        7.2       64.2 
