FileName: C:\DOCUME~1\NETMIND\DESKTOP\ZONE19~1\GP307.TXT
Local Time: Thu Jun 14 17:55:13 2007

Ship: Zone 19 trawl survey Trip: GP307 Tow: tow 14
Comments: Au large du Cap-Nord Zone 19
 Date    Time     Latitude       Longitude    Speed    Primary  Secondary DoorSpread      Depth 
070614  205514  47  18.2730 N  60  30.7670 W   3.1       13.0        2.3        6.2       26.8 
070614  205516  47  18.2730 N  60  30.7690 W   2.8       13.0        2.3        3.3       26.8 
070614  205518  47  18.2720 N  60  30.7720 W   3.1       13.0        2.3        3.3       26.8 
070614  205520  47  18.2720 N  60  30.7740 W   2.7       13.0        2.3        3.3       26.8 
070614  205522  47  18.2710 N  60  30.7760 W   2.6       13.0        2.3        2.8       26.8 
070614  205524  47  18.2710 N  60  30.7780 W   2.6       13.0        2.3        2.8       28.6 
070614  205526  47  18.2710 N  60  30.7810 W   2.7       13.0        2.5        2.8       28.6 
070614  205528  47  18.2700 N  60  30.7830 W   2.4       13.0        2.5        3.0       28.6 
070614  205530  47  18.2700 N  60  30.7850 W   2.9       13.0        2.5        3.0       49.7 
070614  205532  47  18.2690 N  60  30.7880 W   3.3        4.1        2.5        3.1       49.7 
070614  205534  47  18.2680 N  60  30.7910 W   4.2        4.1        2.5        3.1       28.2 
070614  205536  47  18.2670 N  60  30.7940 W   4.9        4.1        2.5        3.1       28.2 
070614  205538  47  18.2660 N  60  30.7980 W   5.4        4.1        2.5        3.1       28.2 
070614  205541  47  18.2640 N  60  30.8050 W   6.1        4.1        2.5        3.1       33.0 
070614  205542  47  18.2630 N  60  30.8070 W   6.3        4.1        2.5        3.1       33.0 
070614  205544  47  18.2620 N  60  30.8120 W   6.4        4.1        2.5        3.1       33.0 
070614  205546  47  18.2600 N  60  30.8160 W   6.6        3.4        2.5        3.1       29.5 
070614  205548  47  18.2580 N  60  30.8210 W   6.9        3.4        2.5        3.1       29.5 
070614  205550  47  18.2570 N  60  30.8270 W   7.3        3.4        2.5        3.1       29.5 
070614  205553  47  18.2540 N  60  30.8350 W   7.4        3.4        2.5        3.1       29.5 
070614  205554  47  18.2530 N  60  30.8370 W   7.4        3.4        2.5        3.1       29.5 
070614  205556  47  18.2510 N  60  30.8430 W   7.4        3.4        2.5        3.1       29.5 
070614  205559  47  18.2490 N  60  30.8510 W   7.4        3.4        2.5        3.1       29.5 
070614  205600  47  18.2480 N  60  30.8540 W   7.5        3.4        2.5        3.1       29.5 
070614  205602  47  18.2460 N  60  30.8600 W   7.8        3.4        2.5        3.1       29.5 
070614  205605  47  18.2440 N  60  30.8690 W   7.7        3.4        2.5        3.1       29.5 
070614  205606  47  18.2440 N  60  30.8720 W   7.7        3.4        2.5        3.1       29.5 
070614  205608  47  18.2420 N  60  30.8790 W   7.6        3.4        2.5        3.1       29.5 
070614  205611  47  18.2410 N  60  30.8880 W   7.7        3.4        2.5        3.1       29.5 
070614  205612  47  18.2400 N  60  30.8910 W   7.7        3.4        2.5        3.1       29.5 
070614  205614  47  18.2390 N  60  30.8970 W   7.9        3.4        2.5        3.1       29.5 
070614  205617  47  18.2370 N  60  30.9070 W   8.0        3.4        2.5        3.1       29.5 
070614  205618  47  18.2370 N  60  30.9100 W   7.8        3.4        2.5        3.1       29.5 
070614  205620  47  18.2360 N  60  30.9160 W   7.9        3.4        2.5        3.1       29.5 
070614  205623  47  18.2340 N  60  30.9260 W   7.6        3.4        2.5        3.1       29.5 
070614  205624  47  18.2340 N  60  30.9290 W   7.7        3.4        2.5        3.1       29.5 
070614  205626  47  18.2330 N  60  30.9350 W   8.0        3.4        2.5        3.1       29.5 
070614  205629  47  18.2320 N  60  30.9450 W   8.1        3.4        2.5        3.1       29.5 
070614  205630  47  18.2320 N  60  30.9490 W   7.8        3.4        2.5        3.1       29.5 
070614  205632  47  18.2310 N  60  30.9550 W   7.6        3.4        2.5        3.1       29.5 
070614  205635  47  18.2300 N  60  30.9640 W   8.0        3.4        2.5        3.1       29.5 
070614  205636  47  18.2290 N  60  30.9680 W   8.0        3.4        2.5        3.1       29.5 
070614  205638  47  18.2290 N  60  30.9740 W   7.9        3.4        2.5        3.1       29.5 
070614  205641  47  18.2270 N  60  30.9840 W   7.9        3.4        2.5        3.1       29.5 
070614  205642  47  18.2270 N  60  30.9870 W   7.9        3.4        2.5        3.1       29.5 
070614  205644  47  18.2260 N  60  30.9940 W   8.0        3.4        2.5        3.1       29.5 
070614  205647  47  18.2260 N  60  31.0040 W   8.1        3.4        2.5        3.1       29.5 
070614  205648  47  18.2250 N  60  31.0070 W   8.0        3.4        2.5        3.1       29.5 
070614  205650  47  18.2240 N  60  31.0140 W   7.9        3.4        2.5        3.1       29.5 
070614  205653  47  18.2230 N  60  31.0240 W   8.1        3.4        2.5        3.1       29.5 
070614  205654  47  18.2230 N  60  31.0270 W   8.1        3.4        2.5        3.1       29.5 
070614  205656  47  18.2220 N  60  31.0340 W   8.1        3.4        2.5        3.1       29.5 
070614  205659  47  18.2210 N  60  31.0430 W   7.8        3.4        2.5        3.1       29.5 
070614  205700  47  18.2210 N  60  31.0470 W   7.8        3.4        2.5        3.1       29.5 
070614  205702  47  18.2200 N  60  31.0530 W   7.9        3.4        2.5        3.1       29.5 
070614  205704  47  18.2190 N  60  31.0590 W   7.7        3.4        2.5        3.1       29.5 
070614  205706  47  18.2190 N  60  31.0650 W   7.1        3.4        2.5        3.1       29.5 
070614  205708  47  18.2180 N  60  31.0710 W   7.0        3.4        2.5        3.1       29.5 
070614  205711  47  18.2170 N  60  31.0800 W   6.8        3.4        2.5        3.1       67.3 
070614  205712  47  18.2160 N  60  31.0820 W   6.6        3.4        2.5        3.1       67.3 
070614  205714  47  18.2160 N  60  31.0880 W   6.3        2.1        2.5        3.1       67.3 
070614  205717  47  18.2140 N  60  31.0950 W   6.3        2.1        2.5        7.2       68.2 
070614  205718  47  18.2140 N  60  31.0980 W   6.2        2.1        2.5        7.2       68.2 
070614  205720  47  18.2140 N  60  31.1030 W   5.8        2.1        2.5        7.2       68.2 
070614  205723  47  18.2130 N  60  31.1090 W   4.9        2.1        2.5        7.2       69.5 
070614  205724  47  18.2130 N  60  31.1110 W   4.7        2.1        2.5        7.2       69.5 
070614  205726  47  18.2120 N  60  31.1150 W   4.2        2.1        2.5        7.2       69.5 
070614  205729  47  18.2120 N  60  31.1200 W   3.7        2.1        2.5       33.6       70.4 
070614  205730  47  18.2110 N  60  31.1210 W   3.5        2.1        2.5       33.6       70.4 
070614  205732  47  18.2110 N  60  31.1240 W   3.3        2.1        2.5        8.5       69.5 
070614  205735  47  18.2110 N  60  31.1280 W   2.8        2.1        2.5        8.5       69.5 
070614  205736  47  18.2110 N  60  31.1290 W   3.0        2.1        2.5        8.5       69.5 
070614  205738  47  18.2100 N  60  31.1320 W   2.8        2.1       10.8        7.7       61.6 
070614  205741  47  18.2100 N  60  31.1350 W   2.5        2.1       10.8        7.7       61.6 
070614  205742  47  18.2100 N  60  31.1360 W   2.5        2.1       10.8        7.7       61.6 
070614  205744  47  18.2100 N  60  31.1380 W   2.4        2.1       10.8       17.0       61.6 
070614  205747  47  18.2090 N  60  31.1410 W   2.2        2.1       10.8       17.0       61.6 
070614  205748  47  18.2090 N  60  31.1420 W   2.1        2.1       10.8       17.0       61.6 
070614  205750  47  18.2090 N  60  31.1440 W   2.3        2.1       11.8       17.0       61.6 
070614  205753  47  18.2090 N  60  31.1470 W   2.1        2.1       11.8       17.0       61.6 
070614  205754  47  18.2080 N  60  31.1480 W   2.0        2.1       11.8        6.5       61.6 
070614  205756  47  18.2080 N  60  31.1490 W   2.1        2.1       11.8        6.5       61.6 
070614  205759  47  18.2080 N  60  31.1520 W   2.0        2.1       11.8        7.1       61.6 
070614  205800  47  18.2080 N  60  31.1530 W   2.0        2.1       11.8        7.1       61.6 
070614  205802  47  18.2070 N  60  31.1540 W   1.9        2.1       11.8        7.1       61.6 
070614  205805  47  18.2070 N  60  31.1570 W   1.9        2.1       11.8        4.9       89.7 
070614  205806  47  18.2070 N  60  31.1580 W   2.0        2.1       11.8        4.9       89.7 
070614  205808  47  18.2070 N  60  31.1590 W   1.9        2.1       11.8        4.9       89.7 
070614  205811  47  18.2060 N  60  31.1610 W   1.8        2.1       11.8        8.9       63.3 
070614  205812  47  18.2060 N  60  31.1620 W   1.9        2.1       11.8        8.9       63.3 
070614  205814  47  18.2060 N  60  31.1640 W   1.9        2.1       11.3        2.0       63.3 
070614  205817  47  18.2050 N  60  31.1660 W   1.7        2.1       11.3        2.0       94.6 
070614  205818  47  18.2050 N  60  31.1670 W   1.8        2.1       11.3        2.0       94.6 
070614  205820  47  18.2040 N  60  31.1680 W   1.8        2.1        3.3        5.9       94.6 
070614  205823  47  18.2040 N  60  31.1710 W   2.1        2.1        3.3        5.9       98.1 
070614  205824  47  18.2040 N  60  31.1710 W   1.9        2.1        3.3        5.9       98.1 
070614  205826  47  18.2030 N  60  31.1730 W   2.0        4.4        3.3        6.1       98.1 
070614  205829  47  18.2030 N  60  31.1750 W   1.7        4.4        3.3        6.1       98.1 
070614  205830  47  18.2020 N  60  31.1760 W   1.9        4.4        3.3        5.6       98.1 
070614  205832  47  18.2020 N  60  31.1780 W   1.9        4.4        3.3        5.6       98.1 
070614  205835  47  18.2010 N  60  31.1800 W   2.2        4.4        3.3        5.6       98.1 
070614  205836  47  18.2010 N  60  31.1810 W   1.9        4.4        3.3       11.9       98.1 
070614  205838  47  18.2010 N  60  31.1820 W   1.9        4.4       12.3       11.9       91.5 
070614  205841  47  18.2000 N  60  31.1840 W   2.0        4.4       12.3        1.4       91.5 
070614  205842  47  18.2000 N  60  31.1850 W   2.1        4.4       12.3        1.4       95.5 
070614  205844  47  18.1990 N  60  31.1870 W   1.9        4.4        3.9        1.4       95.5 
070614  205847  47  18.1980 N  60  31.1890 W   1.9        4.4        3.9        7.6       95.5 
070614  205848  47  18.1980 N  60  31.1900 W   2.1        4.4        3.9        7.6       95.5 
070614  205850  47  18.1980 N  60  31.1910 W   1.9        4.4        3.9        7.6       95.5 
070614  205853  47  18.1970 N  60  31.1930 W   2.0        7.2        3.9        7.7       95.5 
070614  205854  47  18.1970 N  60  31.1940 W   2.0        7.2        3.9        7.7       97.7 
070614  205856  47  18.1960 N  60  31.1950 W   1.8        7.2        3.9        7.7       97.7 
070614  205859  47  18.1950 N  60  31.1980 W   2.0        7.2        3.9        8.0      100.3 
070614  205900  47  18.1950 N  60  31.1990 W   1.9        7.2        3.9        8.0      100.3 
070614  205902  47  18.1940 N  60  31.2000 W   1.9        7.2        3.9        7.5      100.3 
070614  205905  47  18.1940 N  60  31.2020 W   2.0        7.2       12.2        7.5      105.6 
070614  205906  47  18.1930 N  60  31.2030 W   2.0        7.2       12.2        7.5      105.6 
070614  205908  47  18.1930 N  60  31.2040 W   2.0        7.2       12.2       12.4      105.6 
070614  205911  47  18.1920 N  60  31.2070 W   2.1        7.2       12.2       12.4       91.5 
070614  205912  47  18.1920 N  60  31.2070 W   2.1        7.2       12.2        2.0       91.5 
070614  205914  47  18.1910 N  60  31.2090 W   1.9        7.2       12.2        2.0       91.5 
070614  205917  47  18.1900 N  60  31.2110 W   2.0        7.2       11.7        2.0      100.7 
070614  205918  47  18.1900 N  60  31.2120 W   1.8        7.2       11.7        7.0      100.7 
070614  205920  47  18.1890 N  60  31.2130 W   2.3        7.2       11.7        7.0      100.7 
070614  205923  47  18.1880 N  60  31.2160 W   2.1        7.2       11.7        7.0       97.7 
070614  205924  47  18.1880 N  60  31.2170 W   2.2        7.2       11.7       10.7       97.7 
070614  205926  47  18.1870 N  60  31.2180 W   2.1        7.2       11.7       10.7      103.8 
070614  205929  47  18.1860 N  60  31.2200 W   2.2        7.2       11.5        3.3      103.8 
070614  205930  47  18.1860 N  60  31.2210 W   2.3        7.2       11.5        3.3      103.8 
070614  205932  47  18.1850 N  60  31.2230 W   2.1        7.2       11.5        3.3      100.7 
070614  205935  47  18.1840 N  60  31.2250 W   2.2        7.2       11.5        8.8      100.7 
070614  205936  47  18.1840 N  60  31.2260 W   2.1        7.2       11.5        8.8      100.7 
070614  205938  47  18.1830 N  60  31.2280 W   2.1        7.2       11.5        8.8       99.9 
070614  205941  47  18.1820 N  60  31.2300 W   2.1        7.2       12.0        5.6       99.9 
070614  205942  47  18.1820 N  60  31.2310 W   2.1        7.2       12.0        5.6       98.5 
070614  205944  47  18.1810 N  60  31.2320 W   2.0        7.2       12.0        6.5       98.5 
070614  205947  47  18.1800 N  60  31.2340 W   2.0        7.2       12.0        6.5       98.5 
070614  205948  47  18.1800 N  60  31.2350 W   2.1        7.2       12.0        6.5      104.3 
070614  205950  47  18.1790 N  60  31.2370 W   2.1        7.2       12.0        7.2      104.3 
070614  205953  47  18.1780 N  60  31.2390 W   2.0        7.2       11.3        7.2      104.3 
070614  205954  47  18.1780 N  60  31.2400 W   2.0        7.2       11.3        6.5       98.1 
070614  205956  47  18.1780 N  60  31.2410 W   2.1        7.2       11.3        6.5       98.1 
070614  205959  47  18.1770 N  60  31.2440 W   2.1        7.2       11.3        6.5       98.1 
070614  210001  47  18.1760 N  60  31.2460 W   2.0        7.2       11.3        6.8      102.1 
070614  210002  47  18.1760 N  60  31.2460 W   2.0        7.2       11.3        6.8      102.1 
070614  210005  47  18.1750 N  60  31.2490 W   2.1        7.2       11.6        6.8      101.2 
070614  210006  47  18.1750 N  60  31.2500 W   2.0        7.2       11.6        7.1      101.2 
070614  210008  47  18.1750 N  60  31.2510 W   2.0        7.2       11.6        7.1      101.2 
070614  210011  47  18.1740 N  60  31.2540 W   1.8        7.2       11.6        6.2       99.4 
070614  210012  47  18.1740 N  60  31.2540 W   2.1        7.2       11.6        6.2       99.4 
070614  210014  47  18.1740 N  60  31.2560 W   2.0        7.2       11.6        6.2       99.4 
070614  210017  47  18.1730 N  60  31.2590 W   2.1        7.2       11.4        6.2      100.3 
070614  210018  47  18.1730 N  60  31.2590 W   1.8        7.2       11.4        6.2      100.3 
070614  210021  47  18.1720 N  60  31.2620 W   2.0        7.2       11.4        6.2      100.3 
070614  210023  47  18.1720 N  60  31.2630 W   2.0        7.2       11.4        6.2      100.3 
070614  210024  47  18.1720 N  60  31.2640 W   2.0        7.2       11.4        6.2      100.3 
070614  210026  47  18.1720 N  60  31.2660 W   1.8        7.2       11.4        6.2      100.3 
070614  210029  47  18.1710 N  60  31.2680 W   2.0        7.2       11.4        6.2      100.3 
070614  210030  47  18.1710 N  60  31.2690 W   2.0        7.2       11.4        6.2      100.3 
070614  210032  47  18.1710 N  60  31.2710 W   2.1        7.2       11.4        5.6      100.7 
070614  210035  47  18.1710 N  60  31.2730 W   1.9        7.2       11.4        5.6      100.7 
070614  210036  47  18.1700 N  60  31.2740 W   2.0        7.2       11.4        5.6      100.7 
070614  210038  47  18.1700 N  60  31.2750 W   1.8        7.2       11.4        5.6       99.9 
070614  210041  47  18.1700 N  60  31.2780 W   2.0        7.2       10.9        5.6       99.9 
070614  210042  47  18.1700 N  60  31.2790 W   1.9        7.2       10.9        5.9      101.6 
070614  210044  47  18.1700 N  60  31.2800 W   1.8        7.2       10.9        5.9      101.6 
070614  210047  47  18.1690 N  60  31.2830 W   1.9        7.2       10.9        5.9      101.6 
070614  210048  47  18.1690 N  60  31.2830 W   1.8        7.2       10.9        5.5      101.6 
070614  210050  47  18.1690 N  60  31.2850 W   2.0        7.2       10.9        5.5      101.6 
070614  210053  47  18.1690 N  60  31.2880 W   1.9        7.2       11.4        6.0      101.6 
070614  210054  47  18.1690 N  60  31.2880 W   2.0        7.2       11.4        6.0      103.4 
070614  210056  47  18.1690 N  60  31.2900 W   1.8        7.2       11.4        6.0      103.4 
070614  210059  47  18.1680 N  60  31.2930 W   2.1        7.2       11.4        6.4      103.4 
070614  210100  47  18.1680 N  60  31.2930 W   1.8        7.2       11.4        6.4       98.5 
070614  210103  47  18.1680 N  60  31.2960 W   2.1        7.2       11.4        6.4       98.5 
070614  210105  47  18.1680 N  60  31.2980 W   1.9        7.2       11.4        6.2      101.2 
070614  210106  47  18.1680 N  60  31.2980 W   2.0        7.2       11.4        6.2      101.2 
070614  210109  47  18.1670 N  60  31.3010 W   2.0        7.2       11.4       11.1      101.2 
070614  210111  47  18.1670 N  60  31.3030 W   1.9        7.2       11.4       11.1      103.4 
070614  210113  47  18.1670 N  60  31.3050 W   2.1        7.2       11.4       11.1      103.4 
070614  210115  47  18.1670 N  60  31.3060 W   2.0        7.2       11.4        2.0      103.4 
070614  210117  47  18.1670 N  60  31.3080 W   2.0        7.2       11.5        2.0      101.2 
070614  210119  47  18.1670 N  60  31.3100 W   2.0        7.2       11.5        6.5      101.2 
070614  210121  47  18.1660 N  60  31.3110 W   1.9        7.2       11.5        6.5      101.2 
070614  210123  47  18.1660 N  60  31.3130 W   2.2        7.2       11.5        6.5      100.7 
070614  210125  47  18.1660 N  60  31.3150 W   1.9        7.2       11.5        5.8      100.7 
070614  210127  47  18.1660 N  60  31.3160 W   2.0        7.2       11.5        5.8      101.6 
070614  210129  47  18.1650 N  60  31.3180 W   2.0        7.2       11.2        5.8      101.6 
070614  210131  47  18.1650 N  60  31.3200 W   2.0        7.2       11.2        6.2      101.6 
070614  210133  47  18.1650 N  60  31.3220 W   2.0        7.2       11.2        6.2      101.6 
070614  210135  47  18.1650 N  60  31.3230 W   1.9        7.2       11.2        6.2      101.6 
070614  210137  47  18.1640 N  60  31.3250 W   2.0        7.2       11.2        6.2      101.6 
070614  210139  47  18.1640 N  60  31.3270 W   2.0        7.2       11.2        6.2       99.4 
070614  210141  47  18.1640 N  60  31.3280 W   2.0        7.2       10.6        6.6       99.4 
070614  210143  47  18.1630 N  60  31.3300 W   2.0        7.2       10.6        6.6      102.9 
070614  210145  47  18.1630 N  60  31.3310 W   1.9        7.2       10.6        6.8      102.9 
070614  210147  47  18.1630 N  60  31.3330 W   1.9        7.2       10.6        6.8      102.9 
070614  210149  47  18.1620 N  60  31.3350 W   2.2        7.2       10.6        6.8      101.2 
070614  210151  47  18.1620 N  60  31.3360 W   1.8        7.2       10.6        7.4      101.2 
070614  210153  47  18.1620 N  60  31.3380 W   2.0        7.2       10.7        7.4      101.2 
070614  210154  47  18.1610 N  60  31.3390 W   1.9        7.2       10.7        7.4      102.1 
070614  210157  47  18.1610 N  60  31.3410 W   2.0        7.2       10.7        7.1      102.1 
070614  210159  47  18.1610 N  60  31.3430 W   2.0        7.2       10.7        7.1      102.1 
070614  210201  47  18.1600 N  60  31.3440 W   1.9        7.2       10.7        6.9      101.2 
070614  210203  47  18.1600 N  60  31.3460 W   1.9        7.2       10.7        6.9      101.2 
070614  210205  47  18.1600 N  60  31.3480 W   1.9        7.2       11.3        6.9      100.3 
070614  210207  47  18.1590 N  60  31.3490 W   1.9        7.2       11.3        7.0      100.3 
070614  210209  47  18.1590 N  60  31.3510 W   2.0        7.2       11.3        7.0      100.3 
070614  210211  47  18.1590 N  60  31.3530 W   1.9        7.2       11.3        7.0      101.6 
070614  210213  47  18.1580 N  60  31.3540 W   2.0        7.2       11.3        7.0      101.6 
070614  210215  47  18.1580 N  60  31.3560 W   1.9        7.2       11.3        7.0      101.6 
070614  210217  47  18.1580 N  60  31.3570 W   2.0        7.2       11.0        6.7      120.5 
070614  210219  47  18.1570 N  60  31.3590 W   1.9        7.2       11.0        6.7      120.5 
070614  210221  47  18.1570 N  60  31.3610 W   2.1        7.2       11.0        6.7      120.5 
070614  210223  47  18.1570 N  60  31.3620 W   2.0        7.2       11.0       13.8       82.7 
070614  210225  47  18.1560 N  60  31.3640 W   2.0        7.2       11.0       13.8       82.7 
070614  210227  47  18.1560 N  60  31.3660 W   2.0        7.2       11.0       13.8      100.7 
070614  210229  47  18.1560 N  60  31.3670 W   2.0        7.2       11.1       13.8      100.7 
070614  210231  47  18.1550 N  60  31.3690 W   1.9        7.2       11.1       13.8      100.7 
070614  210233  47  18.1550 N  60  31.3710 W   2.2        7.2       11.1        6.5      102.9 
070614  210234  47  18.1550 N  60  31.3720 W   2.2        7.2       11.1        6.5      102.9 
070614  210237  47  18.1550 N  60  31.3740 W   2.0        7.2       11.1        6.5      102.9 
070614  210239  47  18.1540 N  60  31.3760 W   2.0        7.2       11.1        6.4      101.6 
070614  210241  47  18.1540 N  60  31.3770 W   1.9        7.2       11.4        6.4      101.6 
070614  210243  47  18.1540 N  60  31.3790 W   2.2        7.2       11.4        6.4      101.6 
070614  210245  47  18.1530 N  60  31.3810 W   1.9        7.2       11.4        6.4      101.6 
070614  210247  47  18.1530 N  60  31.3830 W   2.0        7.2       11.4        6.4      101.6 
070614  210249  47  18.1530 N  60  31.3840 W   2.0        7.2       11.4        6.8      101.6 
070614  210251  47  18.1530 N  60  31.3860 W   1.9        7.2       11.4        6.8      101.6 
070614  210253  47  18.1520 N  60  31.3880 W   2.1        7.2       11.3        6.8      101.6 
070614  210255  47  18.1520 N  60  31.3890 W   1.8        7.2       11.3        6.9      102.9 
070614  210257  47  18.1520 N  60  31.3910 W   2.0        7.2       11.3        6.9      102.9 
070614  210259  47  18.1520 N  60  31.3930 W   1.9        7.2       11.3        7.0      102.9 
070614  210301  47  18.1510 N  60  31.3940 W   2.0        7.2       11.3        7.0      102.5 
070614  210303  47  18.1510 N  60  31.3960 W   1.9        7.2       11.3        7.0      102.5 
070614  210305  47  18.1510 N  60  31.3980 W   1.9        7.2       11.3        6.5      102.5 
070614  210307  47  18.1500 N  60  31.3990 W   2.0        7.2       11.3        6.5      102.5 
070614  210309  47  18.1500 N  60  31.4010 W   2.0        7.2       11.3        6.5      102.5 
070614  210311  47  18.1500 N  60  31.4030 W   1.9        7.2       11.3        7.2      101.2 
070614  210313  47  18.1500 N  60  31.4040 W   1.9        7.2       11.3        7.2      101.2 
070614  210315  47  18.1500 N  60  31.4060 W   2.1        7.2       11.3        7.5      101.2 
070614  210317  47  18.1490 N  60  31.4080 W   1.8        7.2       11.2        7.5      101.2 
070614  210319  47  18.1490 N  60  31.4100 W   2.1        7.2       11.2        7.5      101.2 
070614  210321  47  18.1490 N  60  31.4110 W   1.9        7.2       11.2        5.9      101.2 
070614  210323  47  18.1490 N  60  31.4130 W   2.0        7.2        2.3        5.9      100.7 
070614  210325  47  18.1480 N  60  31.4150 W   1.9        7.2        2.3        6.5      100.7 
070614  210327  47  18.1480 N  60  31.4160 W   2.0        7.2        2.3        6.5      103.4 
070614  210329  47  18.1480 N  60  31.4180 W   2.1        2.9        2.3        6.5      103.4 
070614  210331  47  18.1480 N  60  31.4200 W   1.9        2.9        2.3        6.7      103.4 
070614  210333  47  18.1480 N  60  31.4220 W   2.0        2.9        2.3        6.7      101.6 
070614  210335  47  18.1470 N  60  31.4230 W   1.9        2.9        2.3        6.7      101.6 
070614  210337  47  18.1470 N  60  31.4250 W   2.1        2.9        2.3        6.1      101.6 
070614  210339  47  18.1470 N  60  31.4270 W   1.9        2.9        2.3        6.1      103.8 
070614  210341  47  18.1470 N  60  31.4280 W   1.9        2.9       11.2        6.6      103.8 
070614  210343  47  18.1460 N  60  31.4300 W   2.0        2.9       11.2        6.6      101.6 
070614  210345  47  18.1460 N  60  31.4320 W   1.9        2.9       11.2        6.6      101.6 
070614  210347  47  18.1460 N  60  31.4340 W   1.9        2.9       11.2       15.7      101.6 
070614  210349  47  18.1460 N  60  31.4350 W   1.4        2.9       11.2       15.7      144.7 
070614  210351  47  18.1460 N  60  31.4360 W   1.5        2.9       11.2       15.7      144.7 
070614  210353  47  18.1460 N  60  31.4370 W   1.1        2.9       11.6        5.6      144.7 
070614  210355  47  18.1460 N  60  31.4390 W   1.3        2.9       11.6        5.6      139.9 
070614  210357  47  18.1460 N  60  31.4400 W   1.0        2.9       11.6        6.8      139.9 
070614  210359  47  18.1460 N  60  31.4410 W   1.0        2.9       11.6        6.8      139.9 
070614  210401  47  18.1460 N  60  31.4420 W   0.9        2.9       11.6        6.8       69.1 
070614  210403  47  18.1460 N  60  31.4420 W   0.9        2.9       11.6        4.1       69.1 
070614  210405  47  18.1460 N  60  31.4430 W   1.0        2.9       11.6        4.1      110.4 
070614  210407  47  18.1460 N  60  31.4440 W   0.7        2.9       11.6        4.1      110.4 
070614  210409  47  18.1460 N  60  31.4450 W   0.9        2.9       11.6       17.7      110.4 
070614  210411  47  18.1470 N  60  31.4460 W   0.7        2.9       11.6       17.7      110.4 
070614  210413  47  18.1470 N  60  31.4460 W   0.7        2.9       11.6       17.7      110.4 
070614  210415  47  18.1470 N  60  31.4470 W   0.8        2.9       11.6       17.7      110.4 
070614  210417  47  18.1470 N  60  31.4480 W   0.4        2.9       12.5       17.7      110.4 
070614  210419  47  18.1470 N  60  31.4480 W   0.5        2.9       12.5       14.0      110.4 
070614  210421  47  18.1470 N  60  31.4490 W   0.8        2.9       12.5       14.0      110.4 
070614  210423  47  18.1480 N  60  31.4490 W   0.8        2.9       12.5        4.0      110.4 
070614  210425  47  18.1480 N  60  31.4500 W   0.5        2.9       12.5        4.0      110.4 
070614  210427  47  18.1480 N  60  31.4500 W   0.5        2.9       12.5        4.0      110.4 
070614  210429  47  18.1480 N  60  31.4510 W   0.8        2.9       12.5        4.0      110.4 
070614  210431  47  18.1490 N  60  31.4510 W   0.3        2.9       12.5        4.0      110.4 
070614  210433  47  18.1490 N  60  31.4520 W   0.7        2.9       12.5        4.0      110.4 
070614  210435  47  18.1490 N  60  31.4520 W   0.3        2.9       12.5        4.0      110.4 
070614  210437  47  18.1490 N  60  31.4530 W   0.7        2.9       12.5        4.0      110.4 
070614  210439  47  18.1500 N  60  31.4530 W   0.7        2.9       12.5       11.4      110.4 
070614  210441  47  18.1500 N  60  31.4540 W   0.6        2.9       13.3       11.4      110.4 
070614  210443  47  18.1500 N  60  31.4540 W   0.7        2.9       13.3       11.4       74.3 
070614  210445  47  18.1500 N  60  31.4550 W   0.6        2.9       13.3        5.8       74.3 
070614  210447  47  18.1510 N  60  31.4550 W   0.7        2.9       13.3        5.8       74.3 
070614  210449  47  18.1510 N  60  31.4560 W   0.7        2.9       13.3        5.8      103.8 
070614  210451  47  18.1510 N  60  31.4560 W   0.4        2.9       13.3        5.9      103.8 
070614  210453  47  18.1510 N  60  31.4560 W   0.7        2.9       13.3        5.9      103.8 
070614  210455  47  18.1520 N  60  31.4570 W   0.6        2.9       13.3        5.9       90.6 
070614  210457  47  18.1520 N  60  31.4570 W   0.9        2.9       13.3        5.9       90.6 
070614  210459  47  18.1520 N  60  31.4580 W   0.6        2.9        4.4        5.9       90.6 
070614  210501  47  18.1530 N  60  31.4580 W   0.7        2.9        4.4        3.8       73.0 
070614  210503  47  18.1530 N  60  31.4590 W   0.5        2.9        4.4        3.8       73.0 
070614  210505  47  18.1530 N  60  31.4590 W   0.9        2.9        4.4        6.9       73.0 
070614  210507  47  18.1530 N  60  31.4600 W   0.6        2.1        4.4        6.9       73.0 
070614  210509  47  18.1540 N  60  31.4600 W   0.7        2.1        4.4        6.9       73.0 
070614  210511  47  18.1540 N  60  31.4600 W   0.8        2.1        4.4        2.3       73.0 
070614  210513  47  18.1540 N  60  31.4610 W   0.8        2.1        3.2        2.3       73.0 
070614  210515  47  18.1540 N  60  31.4610 W   0.8        2.1        3.2        2.3       73.0 
070614  210517  47  18.1550 N  60  31.4620 W   0.7        2.1        3.2       14.1       53.7 
070614  210519  47  18.1550 N  60  31.4620 W   0.9        8.3        3.2       14.1       53.7 
070614  210521  47  18.1550 N  60  31.4630 W   0.8        8.3        3.2        8.9      151.8 
070614  210523  47  18.1560 N  60  31.4630 W   0.6        8.3        3.2        8.9      151.8 
070614  210525  47  18.1560 N  60  31.4640 W   0.8        8.3        3.2        8.9      151.8 
070614  210527  47  18.1560 N  60  31.4640 W   0.9        8.3        3.2        8.9       84.5 
070614  210529  47  18.1560 N  60  31.4650 W   0.6        8.3        3.2        8.9       84.5 
070614  210531  47  18.1570 N  60  31.4650 W   1.1        8.3        3.2        5.1       84.5 
070614  210533  47  18.1570 N  60  31.4660 W   0.6        3.7        3.2        5.1       87.1 
070614  210535  47  18.1570 N  60  31.4660 W   0.8        3.7        3.2        5.1       87.1 
070614  210537  47  18.1580 N  60  31.4670 W   1.0        3.7        3.2        5.1       87.1 
070614  210539  47  18.1580 N  60  31.4680 W   1.0        3.7        3.2        5.1       25.5 
070614  210541  47  18.1580 N  60  31.4680 W   0.5        3.7        3.2        5.1       25.5 
070614  210543  47  18.1580 N  60  31.4690 W   1.0        3.7        3.2        5.5       80.1 
070614  210545  47  18.1590 N  60  31.4690 W   0.8        3.7        3.2        5.5       80.1 
070614  210547  47  18.1590 N  60  31.4700 W   1.1        3.7        3.2        5.9       80.1 
070614  210549  47  18.1590 N  60  31.4700 W   0.8        3.7        3.2        5.9       78.7 
070614  210551  47  18.1600 N  60  31.4710 W   0.9        3.7        2.1        5.9       78.7 
070614  210553  47  18.1600 N  60  31.4720 W   1.1        3.7        2.1        4.5       78.7 
070614  210555  47  18.1600 N  60  31.4720 W   0.9        3.7        2.1        4.5       69.9 
070614  210557  47  18.1610 N  60  31.4730 W   1.0        2.7        2.1        0.0       69.9 
070614  210559  47  18.1610 N  60  31.4740 W   1.0        2.7        2.1        0.0       39.6 
070614  210601  47  18.1610 N  60  31.4740 W   1.1        2.7        2.1        0.0       39.6 
070614  210603  47  18.1610 N  60  31.4750 W   1.7        2.7        2.1        3.8       39.6 
070614  210605  47  18.1620 N  60  31.4760 W   1.2        2.7        2.1        3.8       65.1 
070614  210607  47  18.1620 N  60  31.4770 W   1.7        2.7        2.1        3.8       65.1 
070614  210609  47  18.1620 N  60  31.4790 W   1.8        2.7        2.1        3.5       65.1 
070614  210611  47  18.1630 N  60  31.4800 W   1.9        3.7        2.1        3.5       61.6 
070614  210613  47  18.1630 N  60  31.4820 W   1.9        3.7        2.1        3.6       61.6 
070614  210615  47  18.1630 N  60  31.4830 W   1.7        3.7        2.1        3.6       59.8 
